0 0.7776442307692307 0.828125 0.055288461538461536 0.0673076923076923
0 0.5 0.9326923076923077 0.12860576923076922 0.13341346153846154
0 0.25240384615384615 0.6490384615384616 0.10096153846153846 0.07572115384615384
0 0.609375 0.7163461538461539 0.15384615384615385 0.10576923076923077
0 0.9290865384615384 0.6995192307692307 0.04447115384615385 0.051682692307692304
0 0.9362980769230769 0.3605769230769231 0.046875 0.11057692307692307
0 0.051682692307692304 0.1875 0.09495192307692307 0.07451923076923077
0 0.06610576923076923 0.28846153846153844 0.13221153846153846 0.11057692307692307
0 0.4170673076923077 0.6935096153846154 0.055288461538461536 0.04807692307692308
0 0.039663461538461536 0.020432692307692308 0.07932692307692307 0.040865384615384616
0 0.39903846153846156 0.9266826923076923 0.15504807692307693 0.109375
0 0.1045673076923077 0.7259615384615384 0.07572115384615384 0.06971153846153846
0 0.7259615384615384 0.578125 0.06009615384615385 0.05048076923076923
0 0.5985576923076923 0.265625 0.17307692307692307 0.16947115384615385
0 0.8545673076923077 0.5108173076923077 0.15504807692307693 0.1045673076923077
0 0.8461538461538461 0.16947115384615385 0.11778846153846154 0.16947115384615385
0 0.7584134615384616 0.22596153846153846 0.18028846153846154 0.13822115384615385
0 0.6742788461538461 0.8425480769230769 0.07091346153846154 0.04807692307692308
0 0.9302884615384616 0.7728365384615384 0.07572115384615384 0.09495192307692307
0 0.41947115384615385 0.22235576923076922 0.12259615384615384 0.14423076923076922
0 0.7620192307692307 0.6442307692307693 0.14903846153846154 0.07451923076923077
0 0.890625 0.4543269230769231 0.06370192307692307 0.06009615384615385
0 0.328125 0.8004807692307693 0.0733173076923077 0.07451923076923077
0 0.33774038461538464 0.7367788461538461 0.07451923076923077 0.038461538461538464
0 0.8473557692307693 0.3629807692307692 0.052884615384615384 0.052884615384615384