0 0.6021634615384616 0.23076923076923078 0.0625 0.04326923076923077
0 0.3449519230769231 0.4807692307692308 0.08653846153846154 0.07572115384615384
0 0.6274038461538461 0.9519230769230769 0.04927884615384615 0.0625
0 0.03365384615384615 0.45072115384615385 0.06490384615384616 0.03485576923076923
0 0.8677884615384616 0.8978365384615384 0.04807692307692308 0.039663461538461536
0 0.47596153846153844 0.9819711538461539 0.030048076923076924 0.03365384615384615
0 0.796875 0.49278846153846156 0.057692307692307696 0.06490384615384616
0 0.6033653846153846 0.018028846153846152 0.04447115384615385 0.03365384615384615
0 0.8798076923076923 0.8100961538461539 0.038461538461538464 0.03125
0 0.6598557692307693 0.37259615384615385 0.04927884615384615 0.06490384615384616
0 0.421875 0.078125 0.0733173076923077 0.06009615384615385
0 0.09495192307692307 0.5576923076923077 0.09134615384615384 0.03125
0 0.06971153846153846 0.9038461538461539 0.09014423076923077 0.06129807692307692
0 0.22956730769230768 0.4831730769230769 0.038461538461538464 0.056490384615384616
0 0.28365384615384615 0.10576923076923077 0.03365384615384615 0.07572115384615384
0 0.9891826923076923 0.7740384615384616 0.019230769230769232 0.0829326923076923
0 0.9675480769230769 0.9302884615384616 0.0625 0.040865384615384616
0 0.27283653846153844 0.015625 0.040865384615384616 0.03125
0 0.5108173076923077 0.7740384615384616 0.054086538461538464 0.11538461538461539
0 0.22596153846153846 0.9242788461538461 0.09134615384615384 0.13822115384615385
0 0.203125 0.6370192307692307 0.08653846153846154 0.08653846153846154
0 0.11778846153846154 0.23076923076923078 0.0889423076923077 0.042067307692307696
0 0.01201923076923077 0.5456730769230769 0.02403846153846154 0.0673076923076923
0 0.11177884615384616 0.4579326923076923 0.04326923076923077 0.06610576923076923
0 0.025240384615384616 0.28365384615384615 0.04927884615384615 0.04927884615384615
0 0.7836538461538461 0.5757211538461539 0.07572115384615384 0.09975961538461539
0 0.984375 0.43028846153846156 0.030048076923076924 0.06971153846153846
0 0.22596153846153846 0.5961538461538461 0.06009615384615385 0.028846153846153848
0 0.6538461538461539 0.028846153846153848 0.04807692307692308 0.055288461538461536
0 0.4230769230769231 0.8521634615384616 0.14903846153846154 0.054086538461538464
0 0.7536057692307693 0.27884615384615385 0.10817307692307693 0.11177884615384616
0 0.013221153846153846 0.47115384615384615 0.026442307692307692 0.06971153846153846
0 0.03245192307692308 0.17668269230769232 0.06490384615384616 0.038461538461538464
0 0.140625 0.8485576923076923 0.1466346153846154 0.055288461538461536
0 0.13822115384615385 0.1141826923076923 0.06009615384615385 0.06490384615384616
0 0.2860576923076923 0.39663461538461536 0.10096153846153846 0.06370192307692307
0 0.9362980769230769 0.0673076923076923 0.08052884615384616 0.07451923076923077
0 0.5096153846153846 0.20072115384615385 0.0733173076923077 0.07692307692307693
0 0.07932692307692307 0.8016826923076923 0.07572115384615384 0.05048076923076923
0 0.35096153846153844 0.16105769230769232 0.08052884615384616 0.028846153846153848
0 0.2980769230769231 0.8689903846153846 0.055288461538461536 0.046875
0 0.9735576923076923 0.609375 0.04927884615384615 0.03485576923076923
0 0.33533653846153844 0.28846153846153844 0.12139423076923077 0.042067307692307696
0 0.5757211538461539 0.35336538461538464 0.08052884615384616 0.11298076923076923
0 0.3858173076923077 0.40024038461538464 0.05889423076923077 0.028846153846153848
0 0.2512019230769231 0.5552884615384616 0.12740384615384615 0.04326923076923077
0 0.75 0.15625 0.02403846153846154 0.038461538461538464
0 0.78125 0.9927884615384616 0.08533653846153846 0.013221153846153846
0 0.75 0.22956730769230768 0.0673076923076923 0.03125
0 0.02283653846153846 0.7644230769230769 0.04447115384615385 0.03125
0 0.21754807692307693 0.057692307692307696 0.07932692307692307 0.11177884615384616
0 0.6670673076923077 0.5180288461538461 0.06971153846153846 0.046875
0 0.6069711538461539 0.7944711538461539 0.11177884615384616 0.0625
0 0.2704326923076923 0.35216346153846156 0.09495192307692307 0.06009615384615385
0 0.5709134615384616 0.5240384615384616 0.08052884615384616 0.037259615384615384
0 0.9074519230769231 0.8894230769230769 0.037259615384615384 0.036057692307692304
0 0.6117788461538461 0.9795673076923077 0.06490384615384616 0.03485576923076923
0 0.14903846153846154 0.9170673076923077 0.06971153846153846 0.08653846153846154
0 0.22596153846153846 0.12980769230769232 0.08653846153846154 0.036057692307692304
0 0.27163461538461536 0.8713942307692307 0.07211538461538461 0.05889423076923077
0 0.6586538461538461 0.08533653846153846 0.09495192307692307 0.06009615384615385
0 0.9122596153846154 0.27524038461538464 0.1466346153846154 0.078125
0 0.8617788461538461 0.6947115384615384 0.06009615384615385 0.04326923076923077
0 0.7151442307692307 0.06009615384615385 0.06009615384615385 0.08774038461538461
0 0.7896634615384616 0.0829326923076923 0.04567307692307692 0.06971153846153846
0 0.6454326923076923 0.15384615384615385 0.08413461538461539 0.09375
0 0.3798076923076923 0.8173076923076923 0.06129807692307692 0.042067307692307696
0 0.3641826923076923 0.6237980769230769 0.06971153846153846 0.02403846153846154
0 0.03245192307692308 0.45552884615384615 0.06490384615384616 0.046875
0 0.09735576923076923 0.7632211538461539 0.06129807692307692 0.08052884615384616
0 0.046875 0.71875 0.09375 0.04447115384615385
0 0.9122596153846154 0.43028846153846156 0.08653846153846154 0.11177884615384616
0 0.9423076923076923 0.22596153846153846 0.0733173076923077 0.03365384615384615
0 0.4411057692307692 0.9399038461538461 0.0673076923076923 0.09495192307692307
0 0.7584134615384616 0.7463942307692307 0.07692307692307693 0.06971153846153846
0 0.19230769230769232 0.8149038461538461 0.07572115384615384 0.03365384615384615
0 0.47716346153846156 0.42427884615384615 0.11899038461538461 0.04927884615384615