0 0.31971153846153844 0.07572115384615384 0.07451923076923077 0.1502403846153846
0 0.10336538461538461 0.7860576923076923 0.12740384615384615 0.09134615384615384
0 0.96875 0.19591346153846154 0.06129807692307692 0.12980769230769232
0 0.6213942307692307 0.04567307692307692 0.06129807692307692 0.09134615384615384
0 0.9507211538461539 0.4110576923076923 0.09615384615384616 0.11177884615384616
0 0.25240384615384615 0.2776442307692308 0.06971153846153846 0.08533653846153846
0 0.9242788461538461 0.484375 0.1310096153846154 0.06009615384615385
0 0.6742788461538461 0.29927884615384615 0.14783653846153846 0.04326923076923077
0 0.24158653846153846 0.6538461538461539 0.08413461538461539 0.10576923076923077
0 0.71875 0.08173076923076923 0.11538461538461539 0.16346153846153846
0 0.7584134615384616 0.17668269230769232 0.07932692307692307 0.12379807692307693
0 0.15865384615384615 0.6730769230769231 0.0625 0.0673076923076923
0 0.6454326923076923 0.4723557692307692 0.140625 0.109375
0 0.5973557692307693 0.33533653846153844 0.09254807692307693 0.09975961538461539
0 0.25961538461538464 0.057692307692307696 0.06971153846153846 0.11177884615384616
0 0.030048076923076924 0.47716346153846156 0.06009615384615385 0.08052884615384616
0 0.11899038461538461 0.5817307692307693 0.07692307692307693 0.11658653846153846
0 0.046875 0.02283653846153846 0.09014423076923077 0.04567307692307692
0 0.25721153846153844 0.9651442307692307 0.10697115384615384 0.06490384615384616
0 0.015625 0.8689903846153846 0.03125 0.11298076923076923
0 0.40024038461538464 0.8822115384615384 0.171875 0.11298076923076923
0 0.8918269230769231 0.5456730769230769 0.09615384615384616 0.10096153846153846
0 0.11899038461538461 0.9651442307692307 0.09014423076923077 0.06610576923076923
0 0.06370192307692307 0.734375 0.12740384615384615 0.08052884615384616
0 0.8233173076923077 0.9579326923076923 0.11538461538461539 0.07932692307692307