0 0.1466346153846154 0.2644230769230769 0.08052884615384616 0.07451923076923077
0 0.38822115384615385 0.25721153846153844 0.055288461538461536 0.08413461538461539
0 0.4879807692307692 0.23197115384615385 0.052884615384615384 0.18028846153846154
0 0.7920673076923077 0.14783653846153846 0.07572115384615384 0.1466346153846154
0 0.7067307692307693 0.29927884615384615 0.05889423076923077 0.11177884615384616
0 0.7463942307692307 0.3173076923076923 0.12259615384615384 0.0673076923076923
0 0.7740384615384616 0.39783653846153844 0.1935096153846154 0.12259615384615384
0 0.7307692307692307 0.21514423076923078 0.21153846153846154 0.06850961538461539
0 0.7067307692307693 0.18990384615384615 0.11778846153846154 0.16105769230769232
0 0.6899038461538461 0.14783653846153846 0.04326923076923077 0.051682692307692304
0 0.06490384615384616 0.07211538461538461 0.056490384615384616 0.12620192307692307
0 0.028846153846153848 0.018028846153846152 0.056490384615384616 0.03485576923076923
0 0.10336538461538461 0.016826923076923076 0.04326923076923077 0.03365384615384615
0 0.14903846153846154 0.030048076923076924 0.07451923076923077 0.06009615384615385
0 0.29447115384615385 0.04567307692307692 0.15144230769230768 0.09134615384615384
0 0.2644230769230769 0.10096153846153846 0.09975961538461539 0.08413461538461539
0 0.5204326923076923 0.1502403846153846 0.11778846153846154 0.16466346153846154
0 0.4110576923076923 0.13581730769230768 0.10216346153846154 0.056490384615384616
0 0.3858173076923077 0.0829326923076923 0.05048076923076923 0.10697115384615384
0 0.4675480769230769 0.019230769230769232 0.051682692307692304 0.038461538461538464
0 0.2860576923076923 0.15865384615384615 0.07572115384615384 0.07451923076923077
0 0.36778846153846156 0.20552884615384615 0.21153846153846154 0.08653846153846154
0 0.578125 0.33413461538461536 0.06850961538461539 0.09134615384615384
0 0.5456730769230769 0.3786057692307692 0.1814903846153846 0.10576923076923077
0 0.140625 0.47836538461538464 0.10697115384615384 0.25961538461538464
0 0.31009615384615385 0.6225961538461539 0.109375 0.06610576923076923
0 0.23317307692307693 0.6454326923076923 0.14302884615384615 0.2127403846153846
0 0.26802884615384615 0.7487980769230769 0.20072115384615385 0.13822115384615385
0 0.12740384615384615 0.7139423076923077 0.10576923076923077 0.17427884615384615
0 0.6622596153846154 0.13822115384615385 0.055288461538461536 0.08653846153846154
0 0.057692307692307696 0.921875 0.08653846153846154 0.14903846153846154
0 0.6911057692307693 0.8810096153846154 0.0985576923076923 0.09375
0 0.5985576923076923 0.9387019230769231 0.14903846153846154 0.04807692307692308
0 0.6237980769230769 0.9375 0.1310096153846154 0.12259615384615384
0 0.5853365384615384 0.9423076923076923 0.09615384615384616 0.11177884615384616
0 0.71875 0.9411057692307693 0.08653846153846154 0.038461538461538464
0 0.28846153846153844 0.875 0.11538461538461539 0.06009615384615385
0 0.38341346153846156 0.84375 0.12980769230769232 0.0829326923076923
0 0.7115384615384616 0.6322115384615384 0.11538461538461539 0.09134615384615384
0 0.7740384615384616 0.6069711538461539 0.03245192307692308 0.06490384615384616
0 0.8004807692307693 0.6322115384615384 0.06610576923076923 0.1310096153846154
0 0.796875 0.7115384615384616 0.13341346153846154 0.12139423076923077
0 0.7247596153846154 0.5132211538461539 0.15384615384615385 0.09615384615384616
0 0.4795673076923077 0.48197115384615385 0.1141826923076923 0.171875
0 0.46634615384615385 0.5961538461538461 0.12139423076923077 0.109375
0 0.6418269230769231 0.7920673076923077 0.203125 0.07572115384615384
0 0.6045673076923077 0.7475961538461539 0.23197115384615385 0.0625
0 0.5444711538461539 0.6165865384615384 0.06009615384615385 0.17548076923076922
0 0.9927884615384616 0.36177884615384615 0.013221153846153846 0.12139423076923077
0 0.9350961538461539 0.8497596153846154 0.12740384615384615 0.09615384615384616
0 0.9098557692307693 0.8088942307692307 0.08173076923076923 0.15264423076923078
0 0.8461538461538461 0.90625 0.06490384615384616 0.18629807692307693
0 0.9326923076923077 0.546875 0.09134615384615384 0.16947115384615385
0 0.9735576923076923 0.71875 0.04927884615384615 0.2091346153846154
0 0.39302884615384615 0.37740384615384615 0.09014423076923077 0.2439903846153846
0 0.35096153846153844 0.36538461538461536 0.06971153846153846 0.22596153846153846