0 0.7199519230769231 0.9795673076923077 0.06490384615384616 0.039663461538461536
0 0.5841346153846154 0.9855769230769231 0.0829326923076923 0.027644230769230768
0 0.9122596153846154 0.26802884615384615 0.08774038461538461 0.06490384615384616
0 0.921875 0.3786057692307692 0.056490384615384616 0.06129807692307692
0 0.028846153846153848 0.8377403846153846 0.056490384615384616 0.08052884615384616
0 0.6334134615384616 0.7536057692307693 0.0673076923076923 0.055288461538461536
0 0.28725961538461536 0.6358173076923077 0.057692307692307696 0.06850961538461539
0 0.0625 0.9471153846153846 0.054086538461538464 0.07932692307692307
0 0.35697115384615385 0.8798076923076923 0.054086538461538464 0.06490384615384616
0 0.9182692307692307 0.8545673076923077 0.06490384615384616 0.08052884615384616
0 0.2980769230769231 0.7860576923076923 0.08173076923076923 0.0829326923076923
0 0.17307692307692307 0.18389423076923078 0.0625 0.055288461538461536
0 0.10576923076923077 0.42908653846153844 0.06971153846153846 0.0733173076923077
0 0.8882211538461539 0.5336538461538461 0.06850961538461539 0.07451923076923077
0 0.46634615384615385 0.18629807692307693 0.0985576923076923 0.08413461538461539
0 0.41466346153846156 0.265625 0.07572115384615384 0.07572115384615384
0 0.7764423076923077 0.22235576923076922 0.08413461538461539 0.07692307692307693
0 0.4987980769230769 0.5925480769230769 0.11778846153846154 0.0829326923076923
0 0.7271634615384616 0.5492788461538461 0.06610576923076923 0.07692307692307693
0 0.8401442307692307 0.5288461538461539 0.052884615384615384 0.06971153846153846
0 0.23076923076923078 0.9819711538461539 0.06490384615384616 0.03365384615384615
0 0.4483173076923077 0.484375 0.06009615384615385 0.07692307692307693
0 0.5372596153846154 0.25600961538461536 0.07091346153846154 0.06490384615384616
0 0.375 0.14543269230769232 0.04807692307692308 0.04927884615384615
0 0.8641826923076923 0.7007211538461539 0.07572115384615384 0.09975961538461539
0 0.9290865384615384 0.7632211538461539 0.051682692307692304 0.0829326923076923
0 0.3942307692307692 0.44711538461538464 0.06370192307692307 0.09134615384615384
0 0.7896634615384616 0.5024038461538461 0.06490384615384616 0.10576923076923077
0 0.26802884615384615 0.35697115384615385 0.06370192307692307 0.08173076923076923
0 0.07932692307692307 0.6394230769230769 0.039663461538461536 0.10216346153846154
0 0.96875 0.7908653846153846 0.054086538461538464 0.05048076923076923
0 0.7379807692307693 0.3317307692307692 0.07091346153846154 0.07451923076923077
0 0.07451923076923077 0.35697115384615385 0.07091346153846154 0.08173076923076923
0 0.40625 0.5889423076923077 0.06009615384615385 0.07091346153846154
0 0.6526442307692307 0.026442307692307692 0.06610576923076923 0.052884615384615384
0 0.6490384615384616 0.6742788461538461 0.07091346153846154 0.07451923076923077
0 0.051682692307692304 0.4543269230769231 0.04807692307692308 0.055288461538461536
0 0.4951923076923077 0.8221153846153846 0.07451923076923077 0.06490384615384616
0 0.3449519230769231 0.796875 0.0733173076923077 0.11177884615384616
0 0.10817307692307693 0.1622596153846154 0.07091346153846154 0.056490384615384616
0 0.5516826923076923 0.16466346153846154 0.07692307692307693 0.07451923076923077
0 0.5204326923076923 0.3425480769230769 0.05889423076923077 0.055288461538461536
0 0.10216346153846154 0.5036057692307693 0.06971153846153846 0.08173076923076923
0 0.4483173076923077 0.12379807692307693 0.08052884615384616 0.07932692307692307
0 0.6141826923076923 0.26322115384615385 0.06850961538461539 0.0625
0 0.796875 0.33413461538461536 0.054086538461538464 0.055288461538461536
0 0.13942307692307693 0.5444711538461539 0.07091346153846154 0.06490384615384616
0 0.47115384615384615 0.9579326923076923 0.06610576923076923 0.06370192307692307
0 0.125 0.6129807692307693 0.04447115384615385 0.07572115384615384
0 0.8545673076923077 0.8197115384615384 0.06129807692307692 0.0673076923076923
0 0.25600961538461536 0.828125 0.07091346153846154 0.09134615384615384
0 0.4543269230769231 0.9723557692307693 0.06370192307692307 0.052884615384615384
0 0.46033653846153844 0.5552884615384616 0.07211538461538461 0.056490384615384616
0 0.8569711538461539 0.7451923076923077 0.08173076923076923 0.0733173076923077
0 0.22355769230769232 0.5961538461538461 0.08052884615384616 0.06490384615384616
0 0.2860576923076923 0.32091346153846156 0.038461538461538464 0.057692307692307696
0 0.21153846153846154 0.039663461538461536 0.056490384615384616 0.04927884615384615
0 0.9302884615384616 0.53125 0.056490384615384616 0.08173076923076923
0 0.2776442307692308 0.0985576923076923 0.0673076923076923 0.07572115384615384
0 0.31490384615384615 0.1778846153846154 0.054086538461538464 0.054086538461538464
0 0.04326923076923077 0.2764423076923077 0.06370192307692307 0.06009615384615385
0 0.02283653846153846 0.23918269230769232 0.04567307692307692 0.06490384615384616
0 0.3173076923076923 0.5240384615384616 0.07091346153846154 0.06129807692307692
0 0.7247596153846154 0.671875 0.07451923076923077 0.07091346153846154
0 0.22596153846153846 0.16346153846153846 0.0625 0.06370192307692307