0 0.5168269230769231 0.12980769230769232 0.05048076923076923 0.06610576923076923
0 0.3389423076923077 0.9435096153846154 0.08774038461538461 0.11177884615384616
0 0.5817307692307693 0.9603365384615384 0.06009615384615385 0.078125
0 0.6706730769230769 0.7451923076923077 0.10216346153846154 0.08052884615384616
0 0.43509615384615385 0.7860576923076923 0.0733173076923077 0.07572115384615384
0 0.6802884615384616 0.5240384615384616 0.12379807692307693 0.06971153846153846
0 0.8497596153846154 0.0829326923076923 0.08052884615384616 0.08653846153846154
0 0.6141826923076923 0.1971153846153846 0.057692307692307696 0.09134615384615384
0 0.4567307692307692 0.6237980769230769 0.06971153846153846 0.057692307692307696
0 0.28966346153846156 0.2920673076923077 0.09735576923076923 0.09134615384615384
0 0.578125 0.5949519230769231 0.07572115384615384 0.09735576923076923
0 0.8617788461538461 0.296875 0.08413461538461539 0.1201923076923077
0 0.6334134615384616 0.6358173076923077 0.07572115384615384 0.11538461538461539
0 0.22115384615384615 0.8125 0.06009615384615385 0.12259615384615384
0 0.9014423076923077 0.24639423076923078 0.1141826923076923 0.10096153846153846
0 0.37259615384615385 0.8677884615384616 0.08173076923076923 0.08653846153846154
0 0.40625 0.5132211538461539 0.06971153846153846 0.07091346153846154
0 0.7716346153846154 0.2860576923076923 0.06490384615384616 0.12980769230769232
0 0.8701923076923077 0.21754807692307693 0.07572115384615384 0.0625
0 0.5204326923076923 0.29447115384615385 0.06971153846153846 0.12139423076923077
0 0.34375 0.7103365384615384 0.07692307692307693 0.0673076923076923
0 0.6430288461538461 0.9699519230769231 0.07572115384615384 0.05889423076923077
0 0.8545673076923077 0.9735576923076923 0.11057692307692307 0.051682692307692304
0 0.19110576923076922 0.9807692307692307 0.038461538461538464 0.03125
0 0.40865384615384615 0.3125 0.08173076923076923 0.07692307692307693
0 0.7271634615384616 0.9663461538461539 0.09615384615384616 0.06490384615384616
0 0.5973557692307693 0.7367788461538461 0.07091346153846154 0.07572115384615384
0 0.7427884615384616 0.5709134615384616 0.07572115384615384 0.056490384615384616
0 0.2439903846153846 0.5144230769230769 0.06850961538461539 0.0625
0 0.29927884615384615 0.6478365384615384 0.05889423076923077 0.08774038461538461
0 0.040865384615384616 0.2439903846153846 0.057692307692307696 0.06009615384615385
0 0.4699519230769231 0.96875 0.07451923076923077 0.06129807692307692
0 0.6947115384615384 0.2920673076923077 0.0889423076923077 0.10096153846153846
0 0.21514423076923078 0.9435096153846154 0.06971153846153846 0.08173076923076923