0 0.9735576923076923 0.14903846153846154 0.04927884615384615 0.0733173076923077
0 0.6947115384615384 0.5480769230769231 0.06490384615384616 0.0673076923076923
0 0.5420673076923077 0.9579326923076923 0.0985576923076923 0.08173076923076923
0 0.019230769230769232 0.29447115384615385 0.038461538461538464 0.13701923076923078
0 0.46153846153846156 0.5673076923076923 0.052884615384615384 0.06009615384615385
0 0.4014423076923077 0.05048076923076923 0.08653846153846154 0.078125
0 0.9735576923076923 0.3449519230769231 0.04927884615384615 0.05048076923076923
0 0.37259615384615385 0.5612980769230769 0.05048076923076923 0.04927884615384615
0 0.4206730769230769 0.4230769230769231 0.11177884615384616 0.0673076923076923
0 0.7475961538461539 0.10576923076923077 0.18990384615384615 0.0829326923076923
0 0.0673076923076923 0.6346153846153846 0.057692307692307696 0.055288461538461536
0 0.5757211538461539 0.1935096153846154 0.09735576923076923 0.09134615384615384
0 0.9639423076923077 0.890625 0.06971153846153846 0.04567307692307692
0 0.6850961538461539 0.36538461538461536 0.08173076923076923 0.0829326923076923
0 0.4639423076923077 0.09254807692307693 0.0733173076923077 0.08533653846153846
0 0.5721153846153846 0.6850961538461539 0.09975961538461539 0.08052884615384616
0 0.6310096153846154 0.6225961538461539 0.10697115384615384 0.06490384615384616
0 0.6129807692307693 0.7692307692307693 0.15264423076923078 0.08052884615384616
0 0.1201923076923077 0.19230769230769232 0.09254807692307693 0.09014423076923077
0 0.3545673076923077 0.028846153846153848 0.140625 0.052884615384615384
0 0.6334134615384616 0.4579326923076923 0.09254807692307693 0.12259615384615384
0 0.9603365384615384 0.7091346153846154 0.07692307692307693 0.05889423076923077
0 0.23076923076923078 0.21754807692307693 0.07692307692307693 0.07572115384615384
0 0.2548076923076923 0.43028846153846156 0.057692307692307696 0.052884615384615384
0 0.19831730769230768 0.7728365384615384 0.06610576923076923 0.0673076923076923
0 0.6478365384615384 0.859375 0.10216346153846154 0.07572115384615384
0 0.13581730769230768 0.5564903846153846 0.056490384615384616 0.10216346153846154
0 0.9567307692307693 0.47115384615384615 0.08052884615384616 0.078125
0 0.7055288461538461 0.25721153846153844 0.11778846153846154 0.14423076923076922
0 0.5228365384615384 0.5240384615384616 0.10216346153846154 0.12259615384615384
0 0.10697115384615384 0.015625 0.1045673076923077 0.027644230769230768
0 0.08052884615384616 0.7704326923076923 0.0673076923076923 0.07211538461538461
0 0.26802884615384615 0.9086538461538461 0.08653846153846154 0.09615384615384616
0 0.04447115384615385 0.41346153846153844 0.07572115384615384 0.0673076923076923
0 0.3293269230769231 0.7788461538461539 0.12980769230769232 0.09735576923076923
0 0.7776442307692307 0.765625 0.14783653846153846 0.08774038461538461
0 0.2512019230769231 0.5769230769230769 0.11778846153846154 0.09014423076923077
0 0.9783653846153846 0.6045673076923077 0.042067307692307696 0.04567307692307692
0 0.1622596153846154 0.08653846153846154 0.06490384615384616 0.06490384615384616
0 0.7175480769230769 0.039663461538461536 0.18509615384615385 0.07572115384615384
0 0.3918269230769231 0.9302884615384616 0.11057692307692307 0.08774038461538461
0 0.18990384615384615 0.31009615384615385 0.06490384615384616 0.06971153846153846
0 0.3641826923076923 0.23677884615384615 0.09014423076923077 0.07572115384615384
0 0.15745192307692307 0.9507211538461539 0.11177884615384616 0.09615384615384616
0 0.038461538461538464 0.13942307692307693 0.07692307692307693 0.10576923076923077
0 0.9615384615384616 0.20552884615384615 0.07451923076923077 0.05048076923076923
0 0.7608173076923077 0.36899038461538464 0.08774038461538461 0.0673076923076923
0 0.03485576923076923 0.4831730769230769 0.06971153846153846 0.09735576923076923
0 0.33052884615384615 0.453125 0.07692307692307693 0.0625
0 0.0733173076923077 0.9182692307692307 0.07211538461538461 0.0673076923076923
0 0.9038461538461539 0.5504807692307693 0.12740384615384615 0.08173076923076923
0 0.7524038461538461 0.6730769230769231 0.08533653846153846 0.057692307692307696