0 0.8858173076923077 0.4050480769230769 0.14903846153846154 0.06850961538461539
0 0.40625 0.15985576923076922 0.04807692307692308 0.04927884615384615
0 0.0673076923076923 0.5685096153846154 0.09735576923076923 0.11298076923076923
0 0.06129807692307692 0.6766826923076923 0.10216346153846154 0.16706730769230768
0 0.7079326923076923 0.052884615384615384 0.20192307692307693 0.055288461538461536
0 0.8197115384615384 0.26802884615384615 0.10697115384615384 0.15625
0 0.20793269230769232 0.6009615384615384 0.0673076923076923 0.06490384615384616
0 0.4326923076923077 0.5576923076923077 0.038461538461538464 0.042067307692307696
0 0.19230769230769232 0.6634615384615384 0.04807692307692308 0.038461538461538464
0 0.9110576923076923 0.6033653846153846 0.14302884615384615 0.1310096153846154
0 0.37740384615384615 0.5036057692307693 0.07451923076923077 0.20072115384615385
0 0.3088942307692308 0.42908653846153844 0.06490384615384616 0.09134615384615384
0 0.7463942307692307 0.2704326923076923 0.07572115384615384 0.08653846153846154
0 0.5048076923076923 0.4326923076923077 0.054086538461538464 0.1935096153846154
0 0.5420673076923077 0.0889423076923077 0.06850961538461539 0.054086538461538464
0 0.4651442307692308 0.3016826923076923 0.0673076923076923 0.29927884615384615