0 0.6550480769230769 0.056490384615384616 0.03365384615384615 0.04927884615384615
0 0.6670673076923077 0.5516826923076923 0.054086538461538464 0.11658653846153846
0 0.5865384615384616 0.7427884615384616 0.06009615384615385 0.11538461538461539
0 0.8016826923076923 0.10336538461538461 0.07932692307692307 0.10817307692307693
0 0.09134615384615384 0.765625 0.11177884615384616 0.12740384615384615
0 0.4567307692307692 0.9675480769230769 0.07091346153846154 0.0625
0 0.40384615384615385 0.9795673076923077 0.06971153846153846 0.038461538461538464
0 0.9278846153846154 0.3557692307692308 0.06490384615384616 0.0625
0 0.10336538461538461 0.6983173076923077 0.07572115384615384 0.04807692307692308
0 0.6935096153846154 0.7139423076923077 0.06129807692307692 0.10336538461538461
0 0.6105769230769231 0.8353365384615384 0.054086538461538464 0.09134615384615384
0 0.6995192307692307 0.6310096153846154 0.09615384615384616 0.06009615384615385
0 0.7295673076923077 0.5060096153846154 0.055288461538461536 0.04927884615384615
0 0.8786057692307693 0.78125 0.052884615384615384 0.04927884615384615
0 0.0673076923076923 0.5697115384615384 0.13341346153846154 0.06370192307692307
0 0.9110576923076923 0.9002403846153846 0.06971153846153846 0.038461538461538464
0 0.8713942307692307 0.12620192307692307 0.04807692307692308 0.05889423076923077
0 0.7848557692307693 0.2800480769230769 0.09134615384615384 0.04447115384615385
0 0.9014423076923077 0.5384615384615384 0.06490384615384616 0.05048076923076923
0 0.3798076923076923 0.578125 0.09375 0.04927884615384615
0 0.5252403846153846 0.027644230769230768 0.052884615384615384 0.055288461538461536
0 0.3894230769230769 0.7572115384615384 0.055288461538461536 0.039663461538461536
0 0.26802884615384615 0.45552884615384615 0.07451923076923077 0.04927884615384615
0 0.42427884615384615 0.5216346153846154 0.0673076923076923 0.08653846153846154
0 0.8413461538461539 0.21394230769230768 0.09615384615384616 0.06850961538461539
0 0.7139423076923077 0.054086538461538464 0.04927884615384615 0.06129807692307692
0 0.5336538461538461 0.7536057692307693 0.08653846153846154 0.06009615384615385
0 0.24759615384615385 0.9411057692307693 0.09735576923076923 0.04807692307692308
0 0.3473557692307692 0.6225961538461539 0.10096153846153846 0.04447115384615385
0 0.2704326923076923 0.8846153846153846 0.05889423076923077 0.055288461538461536
0 0.49759615384615385 0.6322115384615384 0.06009615384615385 0.046875
0 0.6538461538461539 0.27403846153846156 0.04326923076923077 0.06009615384615385
0 0.052884615384615384 0.6538461538461539 0.1045673076923077 0.06009615384615385
0 0.19230769230769232 0.7620192307692307 0.09254807692307693 0.03485576923076923
0 0.9206730769230769 0.18990384615384615 0.06009615384615385 0.14423076923076922
0 0.484375 0.5168269230769231 0.057692307692307696 0.04807692307692308
0 0.5024038461538461 0.6802884615384616 0.06009615384615385 0.078125
0 0.20793269230769232 0.9074519230769231 0.039663461538461536 0.06490384615384616
0 0.9495192307692307 0.2980769230769231 0.09975961538461539 0.06129807692307692
0 0.29447115384615385 0.04927884615384615 0.03485576923076923 0.05889423076923077
0 0.18269230769230768 0.054086538461538464 0.0889423076923077 0.10697115384615384
0 0.046875 0.25 0.09375 0.18269230769230768
0 0.12379807692307693 0.9543269230769231 0.12379807692307693 0.06610576923076923
0 0.859375 0.9663461538461539 0.08173076923076923 0.06490384615384616
0 0.26802884615384615 0.03485576923076923 0.15384615384615385 0.06971153846153846
0 0.8389423076923077 0.171875 0.06370192307692307 0.054086538461538464
0 0.5432692307692307 0.8509615384615384 0.15384615384615385 0.18509615384615385
0 0.16346153846153846 0.734375 0.0625 0.04807692307692308
0 0.8725961538461539 0.5865384615384616 0.054086538461538464 0.056490384615384616
0 0.9038461538461539 0.8605769230769231 0.10697115384615384 0.06610576923076923
0 0.2764423076923077 0.7572115384615384 0.06129807692307692 0.040865384615384616
0 0.5132211538461539 0.25961538461538464 0.06490384615384616 0.06610576923076923
0 0.7956730769230769 0.3581730769230769 0.07572115384615384 0.046875
0 0.030048076923076924 0.8425480769230769 0.06009615384615385 0.15144230769230768
0 0.09134615384615384 0.44471153846153844 0.09254807692307693 0.07451923076923077
0 0.20673076923076922 0.3137019230769231 0.0625 0.06610576923076923
0 0.7932692307692307 0.5913461538461539 0.0625 0.09615384615384616
0 0.07451923076923077 0.9399038461538461 0.08653846153846154 0.038461538461538464
0 0.18389423076923078 0.12620192307692307 0.06971153846153846 0.20072115384615385
0 0.22956730769230768 0.8569711538461539 0.09134615384615384 0.057692307692307696
0 0.39302884615384615 0.31490384615384615 0.07572115384615384 0.04447115384615385
0 0.9735576923076923 0.21153846153846154 0.04927884615384615 0.04567307692307692
0 0.07211538461538461 0.6165865384615384 0.14302884615384615 0.04927884615384615
0 0.21875 0.9807692307692307 0.052884615384615384 0.036057692307692304