0 0.6983173076923077 0.018028846153846152 0.06009615384615385 0.03485576923076923
0 0.2776442307692308 0.5372596153846154 0.057692307692307696 0.078125
0 0.2920673076923077 0.2403846153846154 0.055288461538461536 0.06009615384615385
0 0.2932692307692308 0.3870192307692308 0.08653846153846154 0.051682692307692304
0 0.2548076923076923 0.9411057692307693 0.06009615384615385 0.11538461538461539
0 0.6382211538461539 0.19831730769230768 0.09495192307692307 0.07572115384615384
0 0.3798076923076923 0.038461538461538464 0.08653846153846154 0.07211538461538461
0 0.390625 0.6358173076923077 0.12139423076923077 0.12620192307692307
0 0.18990384615384615 0.4699519230769231 0.06009615384615385 0.0673076923076923
0 0.48197115384615385 0.3641826923076923 0.0829326923076923 0.08052884615384616
0 0.07572115384615384 0.5805288461538461 0.0625 0.08774038461538461
0 0.09735576923076923 0.13822115384615385 0.055288461538461536 0.0829326923076923
0 0.05048076923076923 0.33653846153846156 0.10096153846153846 0.1201923076923077
0 0.04447115384615385 0.1778846153846154 0.08774038461538461 0.08413461538461539
0 0.21875 0.6694711538461539 0.06129807692307692 0.078125
0 0.375 0.40865384615384615 0.0625 0.10576923076923077
0 0.9026442307692307 0.71875 0.07692307692307693 0.07692307692307693
0 0.6947115384615384 0.9615384615384616 0.09014423076923077 0.06009615384615385
0 0.78125 0.6490384615384616 0.06490384615384616 0.07692307692307693
0 0.9519230769230769 0.8870192307692307 0.08533653846153846 0.09495192307692307
0 0.5552884615384616 0.030048076923076924 0.11658653846153846 0.06009615384615385
0 0.4879807692307692 0.5024038461538461 0.09134615384615384 0.11298076923076923
0 0.10096153846153846 0.8221153846153846 0.07572115384615384 0.10216346153846154
0 0.31971153846153844 0.12139423076923077 0.07451923076923077 0.08533653846153846
0 0.6526442307692307 0.3425480769230769 0.04567307692307692 0.08052884615384616
0 0.9783653846153846 0.057692307692307696 0.042067307692307696 0.06610576923076923
0 0.5360576923076923 0.2956730769230769 0.06370192307692307 0.054086538461538464
0 0.7139423076923077 0.8100961538461539 0.06490384615384616 0.140625
0 0.5408653846153846 0.9038461538461539 0.0673076923076923 0.18990384615384615
0 0.5336538461538461 0.5769230769230769 0.04326923076923077 0.055288461538461536
0 0.38221153846153844 0.4891826923076923 0.08052884615384616 0.07451923076923077
0 0.4014423076923077 0.1502403846153846 0.08052884615384616 0.078125
0 0.8557692307692307 0.03485576923076923 0.078125 0.06971153846153846
0 0.09375 0.3870192307692308 0.08052884615384616 0.09495192307692307
0 0.140625 0.13581730769230768 0.07572115384615384 0.057692307692307696
0 0.7427884615384616 0.25721153846153844 0.0985576923076923 0.0985576923076923
0 0.8762019230769231 0.6213942307692307 0.078125 0.11778846153846154
0 0.5552884615384616 0.10336538461538461 0.07572115384615384 0.06610576923076923
0 0.40865384615384615 0.8293269230769231 0.07451923076923077 0.20432692307692307
0 0.5637019230769231 0.37740384615384615 0.078125 0.06971153846153846
0 0.6129807692307693 0.7295673076923077 0.09134615384615384 0.10697115384615384
0 0.8930288461538461 0.2704326923076923 0.057692307692307696 0.06610576923076923
0 0.9290865384615384 0.32572115384615385 0.0673076923076923 0.07451923076923077
0 0.6887019230769231 0.9026442307692307 0.07451923076923077 0.056490384615384616
0 0.796875 0.34975961538461536 0.06009615384615385 0.07572115384615384
0 0.6334134615384616 0.47115384615384615 0.0673076923076923 0.16947115384615385
0 0.9567307692307693 0.4050480769230769 0.07932692307692307 0.051682692307692304
0 0.8533653846153846 0.46274038461538464 0.07451923076923077 0.11778846153846154
0 0.16466346153846154 0.3629807692307692 0.10216346153846154 0.1201923076923077
0 0.8762019230769231 0.8978365384615384 0.0829326923076923 0.20192307692307693
0 0.20793269230769232 0.9759615384615384 0.08533653846153846 0.04447115384615385
0 0.8365384615384616 0.20072115384615385 0.06490384615384616 0.08413461538461539
0 0.4362980769230769 0.25240384615384615 0.10096153846153846 0.08173076923076923
0 0.5420673076923077 0.6887019230769231 0.07451923076923077 0.10096153846153846
0 0.9146634615384616 0.5420673076923077 0.06971153846153846 0.06610576923076923
0 0.18990384615384615 0.25841346153846156 0.08052884615384616 0.06370192307692307
0 0.6105769230769231 0.013221153846153846 0.0625 0.025240384615384616
0 0.31009615384615385 0.4483173076923077 0.04927884615384615 0.10096153846153846
0 0.359375 0.8257211538461539 0.057692307692307696 0.17548076923076922
0 0.2704326923076923 0.8233173076923077 0.07572115384615384 0.08173076923076923
0 0.7668269230769231 0.7632211538461539 0.11538461538461539 0.140625
0 0.9375 0.7920673076923077 0.0733173076923077 0.12259615384615384
0 0.10576923076923077 0.5108173076923077 0.12379807692307693 0.12379807692307693
0 0.15625 0.7355769230769231 0.055288461538461536 0.09495192307692307
0 0.16947115384615385 0.06850961538461539 0.08413461538461539 0.04326923076923077
0 0.21634615384615385 0.7259615384615384 0.09134615384615384 0.10817307692307693