0 0.3449519230769231 0.2824519230769231 0.06490384615384616 0.06971153846153846
0 0.78125 0.6298076923076923 0.12740384615384615 0.16105769230769232
0 0.8233173076923077 0.24278846153846154 0.14543269230769232 0.11778846153846154
0 0.046875 0.7536057692307693 0.07572115384615384 0.109375
0 0.8185096153846154 0.8677884615384616 0.11057692307692307 0.1875
0 0.5600961538461539 0.22355769230769232 0.08052884615384616 0.0889423076923077
0 0.018028846153846152 0.0733173076923077 0.03485576923076923 0.08052884615384616
0 0.8125 0.8617788461538461 0.20072115384615385 0.12259615384615384
0 0.2644230769230769 0.7307692307692307 0.07572115384615384 0.10096153846153846
0 0.9651442307692307 0.3016826923076923 0.0625 0.07451923076923077
0 0.49399038461538464 0.43149038461538464 0.14182692307692307 0.25240384615384615
0 0.6129807692307693 0.5432692307692307 0.20793269230769232 0.17067307692307693
0 0.025240384615384616 0.5336538461538461 0.05048076923076923 0.06490384615384616
0 0.07572115384615384 0.5913461538461539 0.05889423076923077 0.06610576923076923
0 0.1310096153846154 0.4807692307692308 0.07091346153846154 0.24519230769230768
0 0.9194711538461539 0.7163461538461539 0.14543269230769232 0.12139423076923077
0 0.2764423076923077 0.3449519230769231 0.07091346153846154 0.28125
0 0.016826923076923076 0.7211538461538461 0.03365384615384615 0.11298076923076923
0 0.34134615384615385 0.4831730769230769 0.08413461538461539 0.26802884615384615
0 0.47475961538461536 0.9435096153846154 0.07572115384615384 0.11177884615384616
0 0.6502403846153846 0.8990384615384616 0.06971153846153846 0.04447115384615385
0 0.8725961538461539 0.5228365384615384 0.09134615384615384 0.06009615384615385
0 0.13581730769230768 0.038461538461538464 0.042067307692307696 0.07692307692307693
0 0.546875 0.7451923076923077 0.08653846153846154 0.06971153846153846
0 0.22115384615384615 0.36778846153846156 0.06490384615384616 0.17427884615384615
0 0.1466346153846154 0.02283653846153846 0.1141826923076923 0.04567307692307692
0 0.7079326923076923 0.9399038461538461 0.04567307692307692 0.10697115384615384
0 0.7668269230769231 0.4014423076923077 0.1622596153846154 0.12740384615384615
0 0.7103365384615384 0.27524038461538464 0.040865384615384616 0.12379807692307693
0 0.18509615384615385 0.8497596153846154 0.054086538461538464 0.1778846153846154
0 0.5480769230769231 0.8701923076923077 0.1141826923076923 0.07211538461538461
0 0.25 0.07692307692307693 0.04807692307692308 0.15384615384615385
0 0.07572115384615384 0.4567307692307692 0.057692307692307696 0.055288461538461536
0 0.9314903846153846 0.20432692307692307 0.1310096153846154 0.06009615384615385