0 0.12860576923076922 0.8209134615384616 0.08413461538461539 0.08533653846153846
0 0.02283653846153846 0.8245192307692307 0.04447115384615385 0.08774038461538461
0 0.90625 0.06610576923076923 0.08653846153846154 0.08052884615384616
0 0.6322115384615384 0.4014423076923077 0.11177884615384616 0.08173076923076923
0 0.19591346153846154 0.2956730769230769 0.08173076923076923 0.09615384615384616
0 0.9182692307692307 0.9038461538461539 0.08653846153846154 0.08413461538461539
0 0.49399038461538464 0.8762019230769231 0.09735576923076923 0.0889423076923077
0 0.1201923076923077 0.43028846153846156 0.13581730769230768 0.109375
0 0.02283653846153846 0.28365384615384615 0.04567307692307692 0.078125
0 0.6923076923076923 0.16947115384615385 0.11778846153846154 0.16346153846153846
0 0.2860576923076923 0.9579326923076923 0.09014423076923077 0.08173076923076923
0 0.5396634615384616 0.6658653846153846 0.08653846153846154 0.12740384615384615
0 0.515625 0.33774038461538464 0.06009615384615385 0.07692307692307693
0 0.03245192307692308 0.0889423076923077 0.06490384615384616 0.0625
0 0.5552884615384616 0.13942307692307693 0.09735576923076923 0.10576923076923077
0 0.22716346153846154 0.8521634615384616 0.06971153846153846 0.08653846153846154
0 0.9759615384615384 0.28846153846153844 0.04567307692307692 0.09975961538461539
0 0.8497596153846154 0.9495192307692307 0.07572115384615384 0.09735576923076923
0 0.5853365384615384 0.4519230769230769 0.08173076923076923 0.04927884615384615
0 0.5252403846153846 0.2620192307692308 0.10336538461538461 0.0829326923076923
0 0.7788461538461539 0.019230769230769232 0.07451923076923077 0.038461538461538464
0 0.04447115384615385 0.3545673076923077 0.0889423076923077 0.08653846153846154
0 0.46875 0.6310096153846154 0.09254807692307693 0.08052884615384616
0 0.71875 0.31009615384615385 0.0889423076923077 0.08413461538461539
0 0.28125 0.8100961538461539 0.08052884615384616 0.10336538461538461
0 0.2644230769230769 0.06971153846153846 0.09735576923076923 0.07932692307692307