0 0.4050480769230769 0.18269230769230768 0.13822115384615385 0.12740384615384615
0 0.019230769230769232 0.47596153846153844 0.038461538461538464 0.055288461538461536
0 0.27524038461538464 0.32211538461538464 0.08052884615384616 0.11538461538461539
0 0.5961538461538461 0.7331730769230769 0.0625 0.09254807692307693
0 0.9399038461538461 0.9507211538461539 0.0625 0.04927884615384615
0 0.15625 0.7247596153846154 0.109375 0.14302884615384615
0 0.8798076923076923 0.3701923076923077 0.06009615384615385 0.051682692307692304
0 0.40865384615384615 0.7127403846153846 0.10096153846153846 0.09134615384615384
0 0.8725961538461539 0.42427884615384615 0.09495192307692307 0.06850961538461539
0 0.16346153846153846 0.19471153846153846 0.06971153846153846 0.08413461538461539
0 0.7367788461538461 0.42427884615384615 0.08413461538461539 0.046875
0 0.4807692307692308 0.6634615384615384 0.07692307692307693 0.12860576923076922
0 0.36658653846153844 0.9651442307692307 0.06850961538461539 0.06490384615384616
0 0.6237980769230769 0.6598557692307693 0.08653846153846154 0.07572115384615384
0 0.3004807692307692 0.9783653846153846 0.06610576923076923 0.042067307692307696
0 0.09615384615384616 0.3737980769230769 0.06490384615384616 0.12259615384615384
0 0.9819711538461539 0.2848557692307692 0.03365384615384615 0.06490384615384616
0 0.9326923076923077 0.38461538461538464 0.06370192307692307 0.0625
0 0.7415865384615384 0.6646634615384616 0.06610576923076923 0.09615384615384616
0 0.5420673076923077 0.48197115384615385 0.0889423076923077 0.07692307692307693
0 0.6358173076923077 0.37259615384615385 0.09735576923076923 0.07091346153846154
0 0.7980769230769231 0.5961538461538461 0.08173076923076923 0.10336538461538461
0 0.7512019230769231 0.46634615384615385 0.078125 0.04447115384615385
0 0.04447115384615385 0.38221153846153844 0.08774038461538461 0.08413461538461539
0 0.7211538461538461 0.9795673076923077 0.11538461538461539 0.039663461538461536
0 0.140625 0.38341346153846156 0.06009615384615385 0.08653846153846154
0 0.7980769230769231 0.421875 0.09134615384615384 0.055288461538461536
0 0.6334134615384616 0.8509615384615384 0.08173076923076923 0.07932692307692307
0 0.8533653846153846 0.5144230769230769 0.08173076923076923 0.054086538461538464
0 0.4891826923076923 0.4266826923076923 0.055288461538461536 0.06850961538461539
0 0.21634615384615385 0.9158653846153846 0.08774038461538461 0.0625
0 0.35096153846153844 0.4206730769230769 0.11658653846153846 0.14543269230769232