0 0.8701923076923077 0.042067307692307696 0.0733173076923077 0.07692307692307693
0 0.71875 0.0733173076923077 0.0829326923076923 0.08413461538461539
0 0.38221153846153844 0.8149038461538461 0.06850961538461539 0.056490384615384616
0 0.9302884615384616 0.4110576923076923 0.09134615384615384 0.04567307692307692
0 0.09375 0.5180288461538461 0.08173076923076923 0.04927884615384615
0 0.12139423076923077 0.7944711538461539 0.06490384615384616 0.04807692307692308
0 0.13581730769230768 0.17668269230769232 0.036057692307692304 0.06009615384615385
0 0.7055288461538461 0.140625 0.11778846153846154 0.055288461538461536
0 0.6153846153846154 0.8557692307692307 0.09134615384615384 0.04326923076923077
0 0.5216346153846154 0.7175480769230769 0.0673076923076923 0.025240384615384616
0 0.3545673076923077 0.3076923076923077 0.09134615384615384 0.08774038461538461
0 0.5432692307692307 0.41225961538461536 0.08774038461538461 0.054086538461538464
0 0.9627403846153846 0.3701923076923077 0.03125 0.04927884615384615
0 0.6730769230769231 0.10697115384615384 0.06610576923076923 0.05889423076923077
0 0.7788461538461539 0.6322115384615384 0.12620192307692307 0.140625
0 0.0625 0.75 0.125 0.042067307692307696
0 0.6298076923076923 0.39663461538461536 0.06129807692307692 0.09134615384615384
0 0.5 0.8461538461538461 0.052884615384615384 0.04326923076923077
0 0.016826923076923076 0.17427884615384615 0.03365384615384615 0.04567307692307692
0 0.9855769230769231 0.20552884615384615 0.027644230769230768 0.08052884615384616
0 0.15625 0.7163461538461539 0.11057692307692307 0.28725961538461536
0 0.8269230769230769 0.42788461538461536 0.05048076923076923 0.09134615384615384
0 0.24278846153846154 0.9050480769230769 0.11538461538461539 0.08052884615384616
0 0.2536057692307692 0.38461538461538464 0.12620192307692307 0.08173076923076923
0 0.036057692307692304 0.0985576923076923 0.07091346153846154 0.10216346153846154
0 0.9266826923076923 0.9302884615384616 0.06009615384615385 0.028846153846153848
0 0.9807692307692307 0.5600961538461539 0.037259615384615384 0.05048076923076923
0 0.39903846153846156 0.6310096153846154 0.10336538461538461 0.12259615384615384
0 0.7740384615384616 0.02283653846153846 0.052884615384615384 0.04567307692307692
0 0.40625 0.8725961538461539 0.10096153846153846 0.037259615384615384
0 0.5048076923076923 0.037259615384615384 0.04927884615384615 0.07451923076923077
0 0.5144230769230769 0.9579326923076923 0.06971153846153846 0.08052884615384616
0 0.7572115384615384 0.6598557692307693 0.08052884615384616 0.06850961538461539
0 0.06129807692307692 0.040865384615384616 0.11538461538461539 0.08173076923076923
0 0.04807692307692308 0.7992788461538461 0.06490384615384616 0.05048076923076923
0 0.9663461538461539 0.33533653846153844 0.04447115384615385 0.04447115384615385
0 0.6826923076923077 0.203125 0.07932692307692307 0.08052884615384616
0 0.9146634615384616 0.6742788461538461 0.09014423076923077 0.1045673076923077
0 0.5060096153846154 0.3161057692307692 0.03245192307692308 0.06971153846153846
0 0.5252403846153846 0.6911057692307693 0.15625 0.04447115384615385
0 0.7788461538461539 0.7860576923076923 0.05889423076923077 0.08052884615384616
0 0.53125 0.8329326923076923 0.11778846153846154 0.10336538461538461
0 0.8737980769230769 0.09014423076923077 0.08774038461538461 0.055288461538461536
0 0.41346153846153844 0.07451923076923077 0.09495192307692307 0.09375
0 0.6586538461538461 0.2956730769230769 0.1045673076923077 0.04326923076923077
0 0.6274038461538461 0.546875 0.11177884615384616 0.039663461538461536
0 0.9663461538461539 0.8846153846153846 0.054086538461538464 0.052884615384615384
0 0.49158653846153844 0.08413461538461539 0.13581730769230768 0.0733173076923077
0 0.1201923076923077 0.20552884615384615 0.06971153846153846 0.06490384615384616
0 0.7836538461538461 0.9711538461538461 0.04927884615384615 0.055288461538461536
0 0.29927884615384615 0.6790865384615384 0.08413461538461539 0.0625
0 0.875 0.38822115384615385 0.04567307692307692 0.13822115384615385
0 0.9495192307692307 0.20793269230769232 0.05048076923076923 0.07572115384615384
0 0.4230769230769231 0.12980769230769232 0.09014423076923077 0.0829326923076923
0 0.23197115384615385 0.7247596153846154 0.0733173076923077 0.038461538461538464
0 0.9867788461538461 0.6995192307692307 0.02403846153846154 0.03365384615384615
0 0.6346153846153846 0.515625 0.09014423076923077 0.04447115384615385
0 0.8834134615384616 0.22956730769230768 0.054086538461538464 0.078125
0 0.515625 0.6201923076923077 0.13822115384615385 0.1346153846153846
0 0.028846153846153848 0.4423076923076923 0.056490384615384616 0.04927884615384615
0 0.27524038461538464 0.5012019230769231 0.0733173076923077 0.051682692307692304
0 0.7103365384615384 0.7439903846153846 0.06610576923076923 0.08173076923076923
0 0.2512019230769231 0.15144230769230768 0.07091346153846154 0.046875
0 0.06971153846153846 0.27884615384615385 0.08173076923076923 0.06009615384615385
0 0.7115384615384616 0.44591346153846156 0.06610576923076923 0.08653846153846154
0 0.8509615384615384 0.6418269230769231 0.06490384615384616 0.06850961538461539
0 0.9627403846153846 0.051682692307692304 0.0733173076923077 0.054086538461538464