0 0.19951923076923078 0.45072115384615385 0.057692307692307696 0.08413461538461539
0 0.5649038461538461 0.9447115384615384 0.07091346153846154 0.057692307692307696
0 0.3016826923076923 0.7764423076923077 0.0889423076923077 0.0733173076923077
0 0.9867788461538461 0.7007211538461539 0.025240384615384616 0.037259615384615384
0 0.9206730769230769 0.7608173076923077 0.14302884615384615 0.07211538461538461
0 0.06009615384615385 0.5288461538461539 0.04447115384615385 0.046875
0 0.02403846153846154 0.3485576923076923 0.04807692307692308 0.09014423076923077
0 0.8425480769230769 0.34375 0.0625 0.06971153846153846
0 0.22115384615384615 0.07091346153846154 0.052884615384615384 0.04447115384615385
0 0.7391826923076923 0.41466346153846156 0.11538461538461539 0.09975961538461539
0 0.17067307692307693 0.5985576923076923 0.05889423076923077 0.04927884615384615
0 0.3473557692307692 0.10697115384615384 0.078125 0.0625
0 0.8209134615384616 0.27403846153846156 0.08413461538461539 0.06850961538461539
0 0.6430288461538461 0.6490384615384616 0.06610576923076923 0.04927884615384615
0 0.9723557692307693 0.8521634615384616 0.054086538461538464 0.054086538461538464
0 0.1141826923076923 0.4519230769230769 0.03365384615384615 0.038461538461538464
0 0.9567307692307693 0.625 0.057692307692307696 0.057692307692307696
0 0.7043269230769231 0.7175480769230769 0.08173076923076923 0.04567307692307692
0 0.7007211538461539 0.7860576923076923 0.07572115384615384 0.054086538461538464
0 0.35216346153846156 0.7740384615384616 0.051682692307692304 0.08052884615384616
0 0.04326923076923077 0.8149038461538461 0.06490384615384616 0.052884615384615384
0 0.06610576923076923 0.6899038461538461 0.06009615384615385 0.04326923076923077
0 0.3016826923076923 0.6189903846153846 0.1201923076923077 0.07211538461538461
0 0.9615384615384616 0.3173076923076923 0.07091346153846154 0.078125
0 0.9110576923076923 0.028846153846153848 0.07572115384615384 0.055288461538461536
0 0.5697115384615384 0.24278846153846154 0.07692307692307693 0.0625
0 0.7908653846153846 0.6274038461538461 0.10576923076923077 0.05048076923076923
0 0.6382211538461539 0.8701923076923077 0.07572115384615384 0.06129807692307692
0 0.4675480769230769 0.7992788461538461 0.0829326923076923 0.09735576923076923
0 0.3629807692307692 0.3076923076923077 0.06971153846153846 0.0829326923076923
0 0.45913461538461536 0.21754807692307693 0.09615384615384616 0.07451923076923077
0 0.18509615384615385 0.24278846153846154 0.055288461538461536 0.0625
0 0.4230769230769231 0.9435096153846154 0.09014423076923077 0.11177884615384616
0 0.9627403846153846 0.9242788461538461 0.07211538461538461 0.09735576923076923
0 0.421875 0.040865384615384616 0.10336538461538461 0.08173076923076923
0 0.8786057692307693 0.8918269230769231 0.13221153846153846 0.10817307692307693
0 0.4735576923076923 0.16346153846153846 0.06971153846153846 0.08413461538461539
0 0.10336538461538461 0.1875 0.07091346153846154 0.0673076923076923
0 0.8245192307692307 0.44711538461538464 0.06009615384615385 0.055288461538461536
0 0.9819711538461539 0.08052884615384616 0.03125 0.06490384615384616
0 0.8834134615384616 0.09375 0.07451923076923077 0.057692307692307696
0 0.08173076923076923 0.9134615384615384 0.09014423076923077 0.12259615384615384
0 0.8293269230769231 0.18990384615384615 0.06971153846153846 0.056490384615384616
0 0.5048076923076923 0.5564903846153846 0.12139423076923077 0.07932692307692307