0 0.4699519230769231 0.014423076923076924 0.03125 0.028846153846153848
0 0.5036057692307693 0.06370192307692307 0.0985576923076923 0.04927884615384615
0 0.5288461538461539 0.08774038461538461 0.057692307692307696 0.042067307692307696
0 0.5516826923076923 0.16346153846153846 0.04807692307692308 0.046875
0 0.5036057692307693 0.20552884615384615 0.038461538461538464 0.03125
0 0.5192307692307693 0.25721153846153844 0.055288461538461536 0.038461538461538464
0 0.4182692307692308 0.28125 0.055288461538461536 0.05889423076923077
0 0.2860576923076923 0.13822115384615385 0.028846153846153848 0.02283653846153846
0 0.3125 0.15264423076923078 0.1141826923076923 0.1346153846153846
0 0.3786057692307692 0.4014423076923077 0.038461538461538464 0.038461538461538464
0 0.33533653846153844 0.4110576923076923 0.04447115384615385 0.06129807692307692
0 0.006009615384615385 0.6694711538461539 0.01201923076923077 0.03125
0 0.9747596153846154 0.44591346153846156 0.03485576923076923 0.026442307692307692
0 0.9555288461538461 0.6286057692307693 0.028846153846153848 0.021634615384615384
0 0.8737980769230769 0.7007211538461539 0.19471153846153846 0.08052884615384616
0 0.9747596153846154 0.8581730769230769 0.04807692307692308 0.04927884615384615
0 0.9074519230769231 0.8665865384615384 0.09375 0.09254807692307693
0 0.5649038461538461 0.49759615384615385 0.078125 0.04447115384615385
0 0.4495192307692308 0.5084134615384616 0.0985576923076923 0.040865384615384616
0 0.5216346153846154 0.5612980769230769 0.09134615384615384 0.05889423076923077
0 0.4543269230769231 0.6274038461538461 0.051682692307692304 0.04567307692307692
0 0.4110576923076923 0.6742788461538461 0.052884615384615384 0.18629807692307693
0 0.44471153846153844 0.7632211538461539 0.09735576923076923 0.12379807692307693
0 0.5216346153846154 0.7451923076923077 0.07211538461538461 0.17067307692307693
0 0.37740384615384615 0.7680288461538461 0.039663461538461536 0.13822115384615385
0 0.27163461538461536 0.9867788461538461 0.054086538461538464 0.02403846153846154
0 0.32572115384615385 0.9567307692307693 0.0625 0.08413461538461539
0 0.36177884615384615 0.9483173076923077 0.03125 0.04807692307692308
0 0.1658653846153846 0.9627403846153846 0.03365384615384615 0.04807692307692308
0 0.2824519230769231 0.8677884615384616 0.078125 0.0733173076923077
0 0.31971153846153844 0.8701923076923077 0.04447115384615385 0.040865384615384616
0 0.2800480769230769 0.8076923076923077 0.078125 0.0829326923076923
0 0.27524038461538464 0.7331730769230769 0.125 0.11538461538461539
0 0.9819711538461539 0.2403846153846154 0.021634615384615384 0.02283653846153846
0 0.39663461538461536 0.8605769230769231 0.030048076923076924 0.051682692307692304
0 0.49759615384615385 0.1201923076923077 0.052884615384615384 0.04447115384615385