0 0.3545673076923077 0.3641826923076923 0.08653846153846154 0.0829326923076923
0 0.9483173076923077 0.2848557692307692 0.10096153846153846 0.06971153846153846
0 0.8605769230769231 0.8305288461538461 0.04807692307692308 0.07451923076923077
0 0.14903846153846154 0.8245192307692307 0.056490384615384616 0.055288461538461536
0 0.7608173076923077 0.36538461538461536 0.07091346153846154 0.08052884615384616
0 0.17067307692307693 0.4230769230769231 0.10096153846153846 0.07932692307692307
0 0.28365384615384615 0.7824519230769231 0.037259615384615384 0.03245192307692308
0 0.15865384615384615 0.36177884615384615 0.08173076923076923 0.06009615384615385
0 0.12980769230769232 0.6370192307692307 0.08653846153846154 0.09375
0 0.25841346153846156 0.8365384615384616 0.11778846153846154 0.06971153846153846
0 0.8257211538461539 0.234375 0.11778846153846154 0.12379807692307693
0 0.9831730769230769 0.7091346153846154 0.03245192307692308 0.057692307692307696
0 0.26802884615384615 0.12139423076923077 0.11298076923076923 0.17908653846153846
0 0.7091346153846154 0.38341346153846156 0.06610576923076923 0.042067307692307696
0 0.3317307692307692 0.6069711538461539 0.08653846153846154 0.0625
0 0.22956730769230768 0.390625 0.057692307692307696 0.055288461538461536
0 0.8918269230769231 0.3798076923076923 0.04807692307692308 0.06610576923076923
0 0.10336538461538461 0.4483173076923077 0.06370192307692307 0.06009615384615385
0 0.4375 0.390625 0.07572115384615384 0.09615384615384616
0 0.8569711538461539 0.6634615384615384 0.06490384615384616 0.06971153846153846
0 0.9795673076923077 0.3389423076923077 0.039663461538461536 0.07451923076923077
0 0.09134615384615384 0.34975961538461536 0.06129807692307692 0.06490384615384616
0 0.9711538461538461 0.4831730769230769 0.055288461538461536 0.05048076923076923
0 0.9867788461538461 0.8161057692307693 0.02403846153846154 0.07211538461538461
0 0.3737980769230769 0.140625 0.07572115384615384 0.07572115384615384
0 0.5384615384615384 0.41346153846153844 0.06850961538461539 0.07211538461538461
0 0.6189903846153846 0.1466346153846154 0.04447115384615385 0.09615384615384616
0 0.6923076923076923 0.171875 0.07932692307692307 0.07692307692307693
0 0.9759615384615384 0.8533653846153846 0.04447115384615385 0.04927884615384615
0 0.4831730769230769 0.6875 0.09615384615384616 0.08774038461538461
0 0.234375 0.22596153846153846 0.0673076923076923 0.0829326923076923
0 0.3954326923076923 0.25600961538461536 0.06129807692307692 0.0673076923076923
0 0.6153846153846154 0.24158653846153846 0.0985576923076923 0.06370192307692307
0 0.052884615384615384 0.18269230769230768 0.07572115384615384 0.08052884615384616
0 0.7427884615384616 0.19831730769230768 0.04807692307692308 0.0673076923076923
0 0.45552884615384615 0.8581730769230769 0.10336538461538461 0.06009615384615385
0 0.021634615384615384 0.06490384615384616 0.04326923076923077 0.12980769230769232
0 0.4807692307692308 0.3076923076923077 0.06009615384615385 0.054086538461538464
0 0.5889423076923077 0.7956730769230769 0.18509615384615385 0.10096153846153846
0 0.2644230769230769 0.6502403846153846 0.07932692307692307 0.06370192307692307
0 0.5216346153846154 0.35096153846153844 0.038461538461538464 0.06490384615384616
0 0.21394230769230768 0.10576923076923077 0.14302884615384615 0.21153846153846154
0 0.5240384615384616 0.21153846153846154 0.04807692307692308 0.07572115384615384
0 0.9423076923076923 0.7908653846153846 0.07932692307692307 0.04447115384615385
0 0.07572115384615384 0.2776442307692308 0.15144230769230768 0.06129807692307692
0 0.6274038461538461 0.3016826923076923 0.055288461538461536 0.06490384615384616
0 0.859375 0.78125 0.06971153846153846 0.08653846153846154
0 0.3425480769230769 0.8389423076923077 0.10096153846153846 0.06009615384615385
0 0.17908653846153846 0.21394230769230768 0.0673076923076923 0.09014423076923077
0 0.04927884615384615 0.24519230769230768 0.09134615384615384 0.06129807692307692
0 0.7980769230769231 0.8197115384615384 0.03245192307692308 0.04927884615384615
0 0.11778846153846154 0.13942307692307693 0.09134615384615384 0.10576923076923077
0 0.18870192307692307 0.8004807692307693 0.03125 0.038461538461538464
0 0.3870192307692308 0.2127403846153846 0.10697115384615384 0.0673076923076923
0 0.4387019230769231 0.18028846153846154 0.05048076923076923 0.06490384615384616