0 0.18509615384615385 0.21394230769230768 0.07932692307692307 0.08653846153846154
0 0.7584134615384616 0.8533653846153846 0.04927884615384615 0.04447115384615385
0 0.125 0.3389423076923077 0.08774038461538461 0.06009615384615385
0 0.1658653846153846 0.9699519230769231 0.04807692307692308 0.05889423076923077
0 0.3173076923076923 0.5625 0.1201923076923077 0.21995192307692307
0 0.8245192307692307 0.7992788461538461 0.14423076923076922 0.05889423076923077
0 0.8016826923076923 0.171875 0.1971153846153846 0.10096153846153846
0 0.2932692307692308 0.7115384615384616 0.06971153846153846 0.06009615384615385
0 0.7139423076923077 0.7055288461538461 0.06129807692307692 0.06971153846153846
0 0.3449519230769231 0.7884615384615384 0.07692307692307693 0.06610576923076923
0 0.3004807692307692 0.28846153846153844 0.09014423076923077 0.12860576923076922
0 0.9110576923076923 0.5757211538461539 0.16105769230769232 0.1814903846153846
0 0.09375 0.7079326923076923 0.1310096153846154 0.0889423076923077
0 0.9302884615384616 0.8822115384615384 0.06971153846153846 0.21153846153846154
0 0.7403846153846154 0.7956730769230769 0.13221153846153846 0.12980769230769232
0 0.71875 0.29086538461538464 0.052884615384615384 0.06370192307692307
0 0.6983173076923077 0.12620192307692307 0.1141826923076923 0.06971153846153846
0 0.22596153846153846 0.7692307692307693 0.046875 0.06490384615384616
0 0.5192307692307693 0.33653846153846156 0.06610576923076923 0.051682692307692304
0 0.13701923076923078 0.24639423076923078 0.07091346153846154 0.10697115384615384
0 0.9615384615384616 0.22115384615384615 0.07572115384615384 0.06129807692307692
0 0.32091346153846156 0.9278846153846154 0.055288461538461536 0.14182692307692307
0 0.10817307692307693 0.25841346153846156 0.040865384615384616 0.07091346153846154
0 0.5420673076923077 0.6814903846153846 0.08413461538461539 0.055288461538461536
0 0.3713942307692308 0.7007211538461539 0.054086538461538464 0.09014423076923077
0 0.2776442307692308 0.78125 0.06490384615384616 0.0733173076923077
0 0.17427884615384615 0.8990384615384616 0.054086538461538464 0.06370192307692307
0 0.5949519230769231 0.8305288461538461 0.15745192307692307 0.15745192307692307
0 0.890625 0.27163461538461536 0.0673076923076923 0.12139423076923077
0 0.026442307692307692 0.7944711538461539 0.052884615384615384 0.08052884615384616
0 0.21153846153846154 0.7151442307692307 0.040865384615384616 0.04447115384615385
0 0.12980769230769232 0.6334134615384616 0.06490384615384616 0.07091346153846154
0 0.6694711538461539 0.9651442307692307 0.08052884615384616 0.06850961538461539
0 0.59375 0.14543269230769232 0.10336538461538461 0.1466346153846154
0 0.9110576923076923 0.5048076923076923 0.15865384615384615 0.15865384615384615
0 0.609375 0.9254807692307693 0.06490384615384616 0.14783653846153846
0 0.8810096153846154 0.20072115384615385 0.06971153846153846 0.06490384615384616
0 0.5360576923076923 0.9699519230769231 0.06971153846153846 0.05889423076923077
0 0.8846153846153846 0.1201923076923077 0.09134615384615384 0.06850961538461539
0 0.5709134615384616 0.265625 0.08653846153846154 0.06129807692307692
0 0.9555288461538461 0.27283653846153844 0.04927884615384615 0.07572115384615384
0 0.7920673076923077 0.6850961538461539 0.07572115384615384 0.09134615384615384
0 0.9110576923076923 0.7259615384615384 0.16346153846153846 0.08533653846153846
0 0.7716346153846154 0.24158653846153846 0.06370192307692307 0.08533653846153846
0 0.9579326923076923 0.15264423076923078 0.08173076923076923 0.09375
0 0.9639423076923077 0.3629807692307692 0.06971153846153846 0.1141826923076923
0 0.24158653846153846 0.20072115384615385 0.11177884615384616 0.10216346153846154