0 0.37740384615384615 0.5829326923076923 0.08052884615384616 0.03485576923076923
0 0.4963942307692308 0.5649038461538461 0.056490384615384616 0.040865384615384616
0 0.75 0.5540865384615384 0.09134615384615384 0.04927884615384615
0 0.4639423076923077 0.96875 0.10096153846153846 0.04567307692307692
0 0.5036057692307693 0.7608173076923077 0.03365384615384615 0.11658653846153846
0 0.1310096153846154 0.1045673076923077 0.08533653846153846 0.09615384615384616
0 0.7632211538461539 0.6346153846153846 0.04927884615384615 0.03125
0 0.453125 0.5024038461538461 0.0625 0.025240384615384616
0 0.8016826923076923 0.8100961538461539 0.06009615384615385 0.08774038461538461
0 0.5600961538461539 0.46153846153846156 0.09615384615384616 0.03485576923076923
0 0.7379807692307693 0.859375 0.06129807692307692 0.04927884615384615
0 0.6911057692307693 0.05048076923076923 0.0733173076923077 0.052884615384615384
0 0.3858173076923077 0.8629807692307693 0.14182692307692307 0.05889423076923077
0 0.019230769230769232 0.4795673076923077 0.038461538461538464 0.04927884615384615
0 0.3713942307692308 0.5240384615384616 0.10576923076923077 0.037259615384615384
0 0.9555288461538461 0.6478365384615384 0.08052884615384616 0.052884615384615384
0 0.015625 0.41346153846153844 0.03125 0.04927884615384615
0 0.5060096153846154 0.43149038461538464 0.046875 0.06971153846153846
0 0.7019230769230769 0.7115384615384616 0.07451923076923077 0.06370192307692307
0 0.04447115384615385 0.734375 0.0889423076923077 0.038461538461538464
0 0.46153846153846156 0.703125 0.08052884615384616 0.08052884615384616
0 0.17427884615384615 0.625 0.07572115384615384 0.037259615384615384
0 0.22355769230769232 0.546875 0.1201923076923077 0.06129807692307692
0 0.6177884615384616 0.3641826923076923 0.06610576923076923 0.06971153846153846
0 0.42788461538461536 0.21754807692307693 0.04567307692307692 0.08052884615384616
0 0.9266826923076923 0.4519230769230769 0.038461538461538464 0.0829326923076923
0 0.3016826923076923 0.7235576923076923 0.13942307692307693 0.0889423076923077
0 0.051682692307692304 0.4639423076923077 0.02403846153846154 0.06971153846153846
0 0.9074519230769231 0.5384615384615384 0.037259615384615384 0.06490384615384616
0 0.1310096153846154 0.036057692307692304 0.07451923076923077 0.03365384615384615
0 0.39302884615384615 0.7848557692307693 0.1141826923076923 0.10697115384615384
0 0.5721153846153846 0.5024038461538461 0.08413461538461539 0.06971153846153846
0 0.4579326923076923 0.09735576923076923 0.0733173076923077 0.06971153846153846
0 0.43149038461538464 0.08653846153846154 0.13221153846153846 0.08533653846153846
0 0.3173076923076923 0.1971153846153846 0.06129807692307692 0.06129807692307692
0 0.7548076923076923 0.28966346153846156 0.0829326923076923 0.14423076923076922
0 0.65625 0.7319711538461539 0.07572115384615384 0.05048076923076923
0 0.12740384615384615 0.3545673076923077 0.12740384615384615 0.10697115384615384
0 0.421875 0.13701923076923078 0.09615384615384616 0.06129807692307692
0 0.9242788461538461 0.19471153846153846 0.08413461538461539 0.051682692307692304
0 0.22596153846153846 0.9110576923076923 0.09975961538461539 0.03365384615384615
0 0.9014423076923077 0.6430288461538461 0.11658653846153846 0.028846153846153848
0 0.5084134615384616 0.0889423076923077 0.07451923076923077 0.09495192307692307
0 0.6610576923076923 0.6598557692307693 0.06129807692307692 0.040865384615384616
0 0.1201923076923077 0.6754807692307693 0.06129807692307692 0.07211538461538461
0 0.4170673076923077 0.6322115384615384 0.054086538461538464 0.08052884615384616
0 0.09495192307692307 0.36778846153846156 0.078125 0.06850961538461539
0 0.08173076923076923 0.9134615384615384 0.08774038461538461 0.04447115384615385
0 0.27524038461538464 0.8629807692307693 0.056490384615384616 0.04447115384615385
0 0.05048076923076923 0.46274038461538464 0.02403846153846154 0.06971153846153846
0 0.8497596153846154 0.027644230769230768 0.08653846153846154 0.04447115384615385
0 0.8461538461538461 0.6069711538461539 0.0829326923076923 0.03485576923076923
0 0.025240384615384616 0.8737980769230769 0.04927884615384615 0.040865384615384616
0 0.6394230769230769 0.4266826923076923 0.07451923076923077 0.055288461538461536
0 0.6670673076923077 0.39903846153846156 0.046875 0.07091346153846154