0 0.7680288461538461 0.7043269230769231 0.052884615384615384 0.051682692307692304
0 0.7536057692307693 0.3545673076923077 0.06009615384615385 0.12620192307692307
0 0.08533653846153846 0.9194711538461539 0.13221153846153846 0.052884615384615384
0 0.49759615384615385 0.02283653846153846 0.09014423076923077 0.04567307692307692
0 0.1346153846153846 0.7980769230769231 0.07572115384615384 0.21634615384615385
0 0.109375 0.40384615384615385 0.21875 0.07572115384615384
0 0.38822115384615385 0.6069711538461539 0.18629807692307693 0.12139423076923077
0 0.06971153846153846 0.19591346153846154 0.08052884615384616 0.18990384615384615
0 0.6201923076923077 0.2091346153846154 0.09134615384615384 0.04567307692307692
0 0.31971153846153844 0.2764423076923077 0.1502403846153846 0.20552884615384615
0 0.9483173076923077 0.07211538461538461 0.10096153846153846 0.055288461538461536
0 0.20793269230769232 0.9290865384615384 0.28365384615384615 0.13942307692307693
0 0.027644230769230768 0.8798076923076923 0.055288461538461536 0.0625
0 0.5168269230769231 0.1346153846153846 0.14903846153846154 0.2692307692307692
0 0.59375 0.16105769230769232 0.09254807692307693 0.052884615384615384
0 0.020432692307692308 0.32091346153846156 0.040865384615384616 0.16105769230769232
0 0.4483173076923077 0.06850961538461539 0.05048076923076923 0.052884615384615384
0 0.6706730769230769 0.1346153846153846 0.16105769230769232 0.042067307692307696
0 0.2860576923076923 0.75 0.08653846153846154 0.1201923076923077
0 0.9302884615384616 0.17067307692307693 0.0625 0.046875
0 0.44591346153846156 0.4891826923076923 0.13942307692307693 0.07572115384615384
0 0.9735576923076923 0.390625 0.05048076923076923 0.06610576923076923
0 0.5336538461538461 0.22956730769230768 0.24759615384615385 0.109375
0 0.038461538461538464 0.40865384615384615 0.07572115384615384 0.11057692307692307
0 0.6634615384615384 0.9399038461538461 0.0625 0.11778846153846154
0 0.9302884615384616 0.027644230769230768 0.13822115384615385 0.055288461538461536
0 0.890625 0.3329326923076923 0.21634615384615385 0.11538461538461539
0 0.8990384615384616 0.11298076923076923 0.06850961538461539 0.08052884615384616
0 0.6598557692307693 0.8076923076923077 0.05889423076923077 0.07692307692307693
0 0.18028846153846154 0.20432692307692307 0.18028846153846154 0.19110576923076922
0 0.7403846153846154 0.9711538461538461 0.039663461538461536 0.055288461538461536
0 0.6754807692307693 0.7043269230769231 0.15504807692307693 0.07451923076923077
0 0.20793269230769232 0.6225961538461539 0.1201923076923077 0.046875
0 0.9579326923076923 0.7319711538461539 0.08052884615384616 0.2512019230769231
0 0.0625 0.765625 0.125 0.08173076923076923
0 0.578125 0.29927884615384615 0.055288461538461536 0.08413461538461539
0 0.27403846153846156 0.47716346153846156 0.055288461538461536 0.11899038461538461
0 0.23798076923076922 0.4579326923076923 0.03245192307692308 0.057692307692307696
0 0.16105769230769232 0.11177884615384616 0.1045673076923077 0.1466346153846154
0 0.5625 0.9783653846153846 0.06490384615384616 0.042067307692307696
0 0.6850961538461539 0.53125 0.11778846153846154 0.26322115384615385
0 0.3942307692307692 0.8076923076923077 0.037259615384615384 0.057692307692307696
0 0.359375 0.8954326923076923 0.13822115384615385 0.20673076923076922
0 0.328125 0.5240384615384616 0.09615384615384616 0.14903846153846154
0 0.015625 0.9495192307692307 0.03125 0.0985576923076923
0 0.38461538461538464 0.3954326923076923 0.04807692307692308 0.06971153846153846
0 0.9350961538461539 0.9326923076923077 0.12740384615384615 0.13221153846153846
0 0.4735576923076923 0.6262019230769231 0.0889423076923077 0.10096153846153846
0 0.5396634615384616 0.35216346153846156 0.07932692307692307 0.06009615384615385
0 0.4014423076923077 0.33533653846153844 0.12379807692307693 0.057692307692307696
0 0.44350961538461536 0.8028846153846154 0.11177884615384616 0.11778846153846154
0 0.6610576923076923 0.18269230769230768 0.14903846153846154 0.05048076923076923
0 0.171875 0.9350961538461539 0.055288461538461536 0.10697115384615384
0 0.7115384615384616 0.3125 0.06129807692307692 0.04927884615384615
0 0.203125 0.6730769230769231 0.12860576923076922 0.06971153846153846
0 0.30649038461538464 0.11899038461538461 0.19471153846153846 0.23798076923076922
0 0.9074519230769231 0.5805288461538461 0.11658653846153846 0.08653846153846154
0 0.9555288461538461 0.23918269230769232 0.042067307692307696 0.08533653846153846
0 0.9627403846153846 0.5180288461538461 0.07211538461538461 0.06850961538461539
0 0.8605769230769231 0.19110576923076922 0.15865384615384615 0.10697115384615384
0 0.30649038461538464 0.6262019230769231 0.056490384615384616 0.2247596153846154
0 0.46274038461538464 0.9194711538461539 0.14543269230769232 0.11778846153846154
0 0.6165865384615384 0.04326923076923077 0.07572115384615384 0.08653846153846154
0 0.5228365384615384 0.49038461538461536 0.08774038461538461 0.052884615384615384
0 0.9170673076923077 0.8125 0.06971153846153846 0.09014423076923077
0 0.23798076923076922 0.13581730769230768 0.09975961538461539 0.13942307692307693
0 0.8918269230769231 0.4098557692307692 0.057692307692307696 0.0673076923076923
0 0.7427884615384616 0.6045673076923077 0.14543269230769232 0.06009615384615385
0 0.6237980769230769 0.39663461538461536 0.0625 0.16346153846153846
0 0.08052884615384616 0.8689903846153846 0.0625 0.057692307692307696
0 0.07451923076923077 0.625 0.09615384615384616 0.038461538461538464
0 0.46153846153846156 0.9831730769230769 0.08052884615384616 0.03245192307692308
0 0.9110576923076923 0.7536057692307693 0.17427884615384615 0.13221153846153846
0 0.203125 0.2692307692307692 0.09975961538461539 0.13822115384615385
0 0.1141826923076923 0.3137019230769231 0.14903846153846154 0.06490384615384616
0 0.33653846153846156 0.9591346153846154 0.078125 0.07932692307692307
0 0.8581730769230769 0.390625 0.09615384615384616 0.07572115384615384
0 0.140625 0.47475961538461536 0.15264423076923078 0.15384615384615385
0 0.7415865384615384 0.6694711538461539 0.25721153846153844 0.0889423076923077
0 0.90625 0.6814903846153846 0.06009615384615385 0.13942307692307693
0 0.5060096153846154 0.1658653846153846 0.15384615384615385 0.07572115384615384
0 0.5841346153846154 0.4182692307692308 0.24519230769230768 0.09254807692307693
0 0.7668269230769231 0.9338942307692307 0.078125 0.1310096153846154
0 0.9747596153846154 0.11778846153846154 0.04807692307692308 0.0625