0 0.328125 0.6947115384615384 0.07932692307692307 0.10697115384615384
0 0.27403846153846156 0.6334134615384616 0.03245192307692308 0.11899038461538461
0 0.5540865384615384 0.640625 0.06490384615384616 0.09014423076923077
0 0.3713942307692308 0.5204326923076923 0.04326923076923077 0.04567307692307692
0 0.15504807692307693 0.5204326923076923 0.07451923076923077 0.07572115384615384
0 0.75 0.6069711538461539 0.06009615384615385 0.0625
0 0.7944711538461539 0.6213942307692307 0.027644230769230768 0.0733173076923077
0 0.8064903846153846 0.5733173076923077 0.03125 0.07572115384615384
0 0.7524038461538461 0.5516826923076923 0.054086538461538464 0.06370192307692307
0 0.7211538461538461 0.6334134615384616 0.05048076923076923 0.07572115384615384
0 0.5853365384615384 0.49399038461538464 0.025240384615384616 0.04447115384615385
0 0.10576923076923077 0.7007211538461539 0.04927884615384615 0.13341346153846154
0 0.046875 0.6634615384615384 0.055288461538461536 0.12139423076923077
0 0.0985576923076923 0.5240384615384616 0.02283653846153846 0.07451923076923077
0 0.4014423076923077 0.7091346153846154 0.07692307692307693 0.09495192307692307
0 0.42908653846153844 0.75 0.09254807692307693 0.06610576923076923
0 0.2127403846153846 0.7572115384615384 0.05048076923076923 0.09375
0 0.13942307692307693 0.8100961538461539 0.039663461538461536 0.07091346153846154
0 0.06490384615384616 0.39783653846153844 0.08774038461538461 0.13942307692307693
0 0.056490384615384616 0.3605769230769231 0.06971153846153846 0.06490384615384616
0 0.20072115384615385 0.3581730769230769 0.026442307692307692 0.06850961538461539
0 0.21514423076923078 0.2848557692307692 0.055288461538461536 0.06971153846153846
0 0.4026442307692308 0.359375 0.038461538461538464 0.04447115384615385
0 0.3389423076923077 0.2439903846153846 0.036057692307692304 0.09975961538461539
0 0.49278846153846156 0.28125 0.028846153846153848 0.0985576923076923
0 0.6814903846153846 0.33774038461538464 0.03365384615384615 0.14783653846153846
0 0.640625 0.3125 0.040865384615384616 0.14903846153846154
0 0.8016826923076923 0.25721153846153844 0.07572115384615384 0.06850961538461539
0 0.8557692307692307 0.36899038461538464 0.06490384615384616 0.10096153846153846
0 0.7884615384615384 0.3161057692307692 0.04567307692307692 0.04447115384615385
0 0.08052884615384616 0.16947115384615385 0.04326923076923077 0.08653846153846154
0 0.05889423076923077 0.09615384615384616 0.057692307692307696 0.05889423076923077
0 0.234375 0.1201923076923077 0.06129807692307692 0.04927884615384615
0 0.26802884615384615 0.040865384615384616 0.036057692307692304 0.08173076923076923
0 0.1875 0.04807692307692308 0.06490384615384616 0.09375
0 0.12379807692307693 0.038461538461538464 0.06370192307692307 0.0733173076923077
0 0.8197115384615384 0.14302884615384615 0.109375 0.042067307692307696
0 0.7788461538461539 0.038461538461538464 0.06129807692307692 0.07572115384615384
0 0.8810096153846154 0.036057692307692304 0.03245192307692308 0.07091346153846154
0 0.9651442307692307 0.046875 0.0673076923076923 0.09014423076923077
0 0.9074519230769231 0.4230769230769231 0.08052884615384616 0.06370192307692307
0 0.8233173076923077 0.8605769230769231 0.055288461538461536 0.11899038461538461
0 0.8629807692307693 0.8822115384615384 0.04927884615384615 0.09975961538461539
0 0.9771634615384616 0.8137019230769231 0.04326923076923077 0.06490384615384616
0 0.9350961538461539 0.6947115384615384 0.03485576923076923 0.06971153846153846
0 0.07932692307692307 0.9627403846153846 0.037259615384615384 0.07211538461538461
0 0.16706730769230768 0.9735576923076923 0.042067307692307696 0.051682692307692304
0 0.8305288461538461 0.7367788461538461 0.037259615384615384 0.06971153846153846
0 0.9807692307692307 0.4170673076923077 0.036057692307692304 0.03485576923076923
0 0.7043269230769231 0.04447115384615385 0.06971153846153846 0.08774038461538461
0 0.9507211538461539 0.8966346153846154 0.040865384615384616 0.02403846153846154
0 0.9495192307692307 0.8401442307692307 0.030048076923076924 0.036057692307692304
0 0.9134615384615384 0.8641826923076923 0.028846153846153848 0.039663461538461536
0 0.9819711538461539 0.8737980769230769 0.03365384615384615 0.07692307692307693
0 0.9471153846153846 0.7415865384615384 0.06129807692307692 0.08653846153846154
0 0.8882211538461539 0.17668269230769232 0.055288461538461536 0.038461538461538464
0 0.9098557692307693 0.6598557692307693 0.036057692307692304 0.040865384615384616
0 0.7451923076923077 0.09134615384615384 0.06009615384615385 0.06490384615384616