0 0.9350961538461539 0.6141826923076923 0.05889423076923077 0.07091346153846154
0 0.171875 0.4110576923076923 0.08653846153846154 0.08653846153846154
0 0.054086538461538464 0.37259615384615385 0.10817307692307693 0.10336538461538461
0 0.38100961538461536 0.6322115384615384 0.11658653846153846 0.07692307692307693
0 0.6274038461538461 0.4639423076923077 0.23677884615384615 0.10817307692307693
0 0.7788461538461539 0.625 0.06009615384615385 0.10817307692307693
0 0.4387019230769231 0.8197115384615384 0.06009615384615385 0.06971153846153846
0 0.08052884615384616 0.11899038461538461 0.078125 0.046875
0 0.36778846153846156 0.7283653846153846 0.07091346153846154 0.057692307692307696
0 0.265625 0.3389423076923077 0.11057692307692307 0.0673076923076923
0 0.7067307692307693 0.7271634615384616 0.0829326923076923 0.2536057692307692
0 0.4411057692307692 0.26322115384615385 0.08173076923076923 0.052884615384615384
0 0.5552884615384616 0.3125 0.10336538461538461 0.06971153846153846
0 0.12740384615384615 0.7740384615384616 0.11298076923076923 0.07091346153846154
0 0.6646634615384616 0.9651442307692307 0.13221153846153846 0.0673076923076923
0 0.9326923076923077 0.02283653846153846 0.12259615384615384 0.04567307692307692
0 0.8088942307692307 0.28966346153846156 0.0673076923076923 0.09014423076923077
0 0.36538461538461536 0.055288461538461536 0.0985576923076923 0.08173076923076923
0 0.4891826923076923 0.06009615384615385 0.055288461538461536 0.05889423076923077
0 0.038461538461538464 0.08653846153846154 0.07572115384615384 0.08052884615384616
0 0.9399038461538461 0.40024038461538464 0.11778846153846154 0.07572115384615384
0 0.8701923076923077 0.48197115384615385 0.16105769230769232 0.140625
0 0.29927884615384615 0.5372596153846154 0.05048076923076923 0.04807692307692308
0 0.1875 0.6225961538461539 0.14302884615384615 0.05889423076923077
0 0.4110576923076923 0.16105769230769232 0.10697115384615384 0.06490384615384616
0 0.015625 0.8365384615384616 0.030048076923076924 0.06370192307692307
0 0.3112980769230769 0.24158653846153846 0.078125 0.15264423076923078
0 0.9579326923076923 0.5492788461538461 0.07451923076923077 0.06009615384615385
0 0.38221153846153844 0.4567307692307692 0.15745192307692307 0.08052884615384616
0 0.7259615384615384 0.09134615384615384 0.0985576923076923 0.125
0 0.2247596153846154 0.5216346153846154 0.10576923076923077 0.08533653846153846
0 0.9447115384615384 0.7632211538461539 0.109375 0.13341346153846154
0 0.515625 0.4483173076923077 0.07692307692307693 0.11177884615384616
0 0.17908653846153846 0.08052884615384616 0.06971153846153846 0.09615384615384616
0 0.3858173076923077 0.8509615384615384 0.07932692307692307 0.13822115384615385
0 0.578125 0.020432692307692308 0.08533653846153846 0.039663461538461536
0 0.6430288461538461 0.15865384615384615 0.0829326923076923 0.0733173076923077
0 0.14903846153846154 0.6959134615384616 0.06009615384615385 0.09735576923076923
0 0.6045673076923077 0.59375 0.13221153846153846 0.05889423076923077
0 0.30288461538461536 0.8978365384615384 0.0733173076923077 0.20192307692307693
0 0.6826923076923077 0.4206730769230769 0.09134615384615384 0.24278846153846154
0 0.8677884615384616 0.22115384615384615 0.078125 0.09254807692307693
0 0.9086538461538461 0.8966346153846154 0.16346153846153846 0.140625
0 0.9459134615384616 0.0985576923076923 0.10697115384615384 0.06971153846153846