0 0.3641826923076923 0.7512019230769231 0.05889423076923077 0.15985576923076922
0 0.49399038461538464 0.7824519230769231 0.0733173076923077 0.08052884615384616
0 0.30288461538461536 0.8088942307692307 0.06971153846153846 0.13581730769230768
0 0.6117788461538461 0.8076923076923077 0.02403846153846154 0.07091346153846154
0 0.6838942307692307 0.7932692307692307 0.036057692307692304 0.07211538461538461
0 0.7764423076923077 0.6766826923076923 0.036057692307692304 0.054086538461538464
0 0.625 0.6346153846153846 0.0625 0.09014423076923077
0 0.7391826923076923 0.6394230769230769 0.030048076923076924 0.07451923076923077
0 0.8713942307692307 0.6370192307692307 0.038461538461538464 0.06009615384615385
0 0.5492788461538461 0.9110576923076923 0.06610576923076923 0.09495192307692307
0 0.7439903846153846 0.9579326923076923 0.055288461538461536 0.04927884615384615
0 0.9194711538461539 0.9086538461538461 0.038461538461538464 0.08413461538461539
0 0.35697115384615385 0.9290865384615384 0.054086538461538464 0.09134615384615384
0 0.22956730769230768 0.7752403846153846 0.05889423076923077 0.06009615384615385
0 0.026442307692307692 0.7211538461538461 0.037259615384615384 0.16346153846153846
0 0.015625 0.6177884615384616 0.02403846153846154 0.06490384615384616
0 0.2127403846153846 0.6658653846153846 0.04326923076923077 0.08774038461538461
0 0.31490384615384615 0.5540865384615384 0.040865384615384616 0.10096153846153846
0 0.04807692307692308 0.46274038461538464 0.09134615384615384 0.10336538461538461
0 0.17548076923076922 0.4519230769230769 0.025240384615384616 0.07211538461538461
0 0.14302884615384615 0.4026442307692308 0.026442307692307692 0.14423076923076922
0 0.2956730769230769 0.4326923076923077 0.07932692307692307 0.1346153846153846
0 0.41225961538461536 0.46274038461538464 0.08413461538461539 0.12980769230769232
0 0.3798076923076923 0.4326923076923077 0.06009615384615385 0.12379807692307693
0 0.36778846153846156 0.49278846153846156 0.05889423076923077 0.13822115384615385
0 0.4807692307692308 0.546875 0.028846153846153848 0.04447115384615385
0 0.5625 0.46153846153846156 0.06009615384615385 0.078125
0 0.7007211538461539 0.4423076923076923 0.037259615384615384 0.07091346153846154
0 0.6850961538461539 0.33533653846153844 0.07932692307692307 0.11658653846153846
0 0.8064903846153846 0.2848557692307692 0.04447115384615385 0.10336538461538461
0 0.8858173076923077 0.5372596153846154 0.042067307692307696 0.04447115384615385
0 0.359375 0.265625 0.054086538461538464 0.12259615384615384
0 0.5853365384615384 0.17307692307692307 0.04447115384615385 0.11057692307692307
0 0.9723557692307693 0.5516826923076923 0.05048076923076923 0.19831730769230768
0 0.9411057692307693 0.7151442307692307 0.06009615384615385 0.13221153846153846
0 0.9903846153846154 0.90625 0.018028846153846152 0.06129807692307692
0 0.45552884615384615 0.06370192307692307 0.06009615384615385 0.12740384615384615
0 0.25961538461538464 0.07932692307692307 0.06009615384615385 0.15865384615384615
0 0.8365384615384616 0.07451923076923077 0.038461538461538464 0.09615384615384616
0 0.8990384615384616 0.2403846153846154 0.04326923076923077 0.10576923076923077
0 0.9651442307692307 0.16466346153846154 0.056490384615384616 0.11778846153846154
0 0.078125 0.17427884615384615 0.07451923076923077 0.11057692307692307
0 0.34975961538461536 0.140625 0.06490384615384616 0.10697115384615384
0 0.5793269230769231 0.05889423076923077 0.04447115384615385 0.09254807692307693
0 0.6141826923076923 0.026442307692307692 0.028846153846153848 0.04447115384615385
0 0.6478365384615384 0.4110576923076923 0.04567307692307692 0.08653846153846154
0 0.9723557692307693 0.046875 0.03245192307692308 0.0889423076923077
0 0.7139423076923077 0.09254807692307693 0.028846153846153848 0.055288461538461536
0 0.12980769230769232 0.27283653846153844 0.037259615384615384 0.06610576923076923
0 0.18870192307692307 0.5504807692307693 0.03485576923076923 0.06490384615384616
0 0.6658653846153846 0.5877403846153846 0.046875 0.040865384615384616
0 0.8221153846153846 0.7560096153846154 0.038461538461538464 0.078125
0 0.796875 0.9807692307692307 0.037259615384615384 0.028846153846153848
0 0.4050480769230769 0.7896634615384616 0.038461538461538464 0.06009615384615385
0 0.6346153846153846 0.08533653846153846 0.04927884615384615 0.11778846153846154
0 0.9819711538461539 0.33774038461538464 0.03365384615384615 0.10576923076923077
0 0.9483173076923077 0.5961538461538461 0.028846153846153848 0.03485576923076923
0 0.5673076923076923 0.6706730769230769 0.06009615384615385 0.025240384615384616
0 0.5985576923076923 0.33052884615384615 0.03365384615384615 0.10096153846153846
0 0.18990384615384615 0.59375 0.04447115384615385 0.057692307692307696