0 0.3605769230769231 0.7235576923076923 0.08653846153846154 0.07692307692307693
0 0.6009615384615384 0.4519230769230769 0.11658653846153846 0.06971153846153846
0 0.9122596153846154 0.6225961538461539 0.08173076923076923 0.06490384615384616
0 0.05889423076923077 0.9170673076923077 0.08052884615384616 0.16346153846153846
0 0.7740384615384616 0.9615384615384616 0.125 0.06971153846153846
0 0.0985576923076923 0.4951923076923077 0.18509615384615385 0.07692307692307693
0 0.5757211538461539 0.6742788461538461 0.10336538461538461 0.15985576923076922
0 0.125 0.453125 0.15985576923076922 0.06971153846153846
0 0.11177884615384616 0.5985576923076923 0.11177884615384616 0.08413461538461539
0 0.8918269230769231 0.5733173076923077 0.08052884615384616 0.09615384615384616
0 0.8954326923076923 0.17307692307692307 0.12740384615384615 0.08653846153846154
0 0.7283653846153846 0.25240384615384615 0.07572115384615384 0.06490384615384616
0 0.7692307692307693 0.8052884615384616 0.09975961538461539 0.14903846153846154
0 0.11177884615384616 0.20673076923076922 0.11177884615384616 0.09134615384615384
0 0.234375 0.7752403846153846 0.07091346153846154 0.1141826923076923
0 0.84375 0.5192307692307693 0.07692307692307693 0.11177884615384616
0 0.22115384615384615 0.5360576923076923 0.125 0.08774038461538461
0 0.02283653846153846 0.1935096153846154 0.04567307692307692 0.0985576923076923
0 0.46274038461538464 0.7163461538461539 0.09134615384615384 0.15144230769230768
0 0.03245192307692308 0.13341346153846154 0.06490384615384616 0.10576923076923077
0 0.7740384615384616 0.296875 0.12139423076923077 0.09014423076923077
0 0.8497596153846154 0.6862980769230769 0.10697115384615384 0.08413461538461539
0 0.6021634615384616 0.35096153846153844 0.09014423076923077 0.0733173076923077
0 0.6165865384615384 0.6947115384615384 0.06490384615384616 0.08533653846153846
0 0.6622596153846154 0.8942307692307693 0.08774038461538461 0.1045673076923077
0 0.7740384615384616 0.037259615384615384 0.10096153846153846 0.07091346153846154