0 0.41346153846153844 0.4831730769230769 0.06009615384615385 0.05048076923076923
0 0.7596153846153846 0.9362980769230769 0.03485576923076923 0.055288461538461536
0 0.17668269230769232 0.9302884615384616 0.06129807692307692 0.07572115384615384
0 0.0673076923076923 0.9302884615384616 0.038461538461538464 0.05048076923076923
0 0.9278846153846154 0.3016826923076923 0.09134615384615384 0.07572115384615384
0 0.030048076923076924 0.9567307692307693 0.06009615384615385 0.07692307692307693
0 0.3713942307692308 0.32572115384615385 0.06009615384615385 0.04807692307692308
0 0.5084134615384616 0.796875 0.09495192307692307 0.08173076923076923
0 0.030048076923076924 0.4254807692307692 0.06009615384615385 0.06129807692307692
0 0.019230769230769232 0.8269230769230769 0.038461538461538464 0.04927884615384615
0 0.31971153846153844 0.6466346153846154 0.10697115384615384 0.06610576923076923
0 0.3233173076923077 0.921875 0.07692307692307693 0.1502403846153846
0 0.9495192307692307 0.4110576923076923 0.09975961538461539 0.09134615384615384
0 0.6298076923076923 0.8317307692307693 0.09254807692307693 0.08052884615384616
0 0.6346153846153846 0.8882211538461539 0.04326923076923077 0.03125
0 0.07692307692307693 0.3401442307692308 0.051682692307692304 0.056490384615384616
0 0.375 0.2512019230769231 0.042067307692307696 0.038461538461538464
0 0.890625 0.41586538461538464 0.06370192307692307 0.07091346153846154
0 0.7884615384615384 0.39302884615384615 0.1778846153846154 0.054086538461538464
0 0.5180288461538461 0.4206730769230769 0.1658653846153846 0.09615384615384616
0 0.10216346153846154 0.9735576923076923 0.04567307692307692 0.051682692307692304
0 0.6622596153846154 0.22235576923076922 0.0673076923076923 0.04447115384615385
0 0.9483173076923077 0.24278846153846154 0.10096153846153846 0.07211538461538461
0 0.390625 0.3329326923076923 0.06009615384615385 0.08052884615384616
0 0.609375 0.9867788461538461 0.04927884615384615 0.02403846153846154
0 0.6201923076923077 0.49399038461538464 0.03485576923076923 0.03365384615384615
0 0.53125 0.22716346153846154 0.09134615384615384 0.0889423076923077
0 0.7644230769230769 0.2668269230769231 0.12860576923076922 0.07932692307692307
0 0.7980769230769231 0.7331730769230769 0.06129807692307692 0.06490384615384616
0 0.65625 0.2620192307692308 0.11057692307692307 0.08413461538461539
0 0.9879807692307693 0.9146634615384616 0.021634615384615384 0.03245192307692308
0 0.453125 0.46153846153846156 0.06129807692307692 0.06850961538461539
0 0.24759615384615385 0.7644230769230769 0.07451923076923077 0.08533653846153846
0 0.8810096153846154 0.036057692307692304 0.04447115384615385 0.06009615384615385
0 0.8353365384615384 0.057692307692307696 0.08653846153846154 0.056490384615384616
0 0.042067307692307696 0.7487980769230769 0.06850961538461539 0.11778846153846154
0 0.8425480769230769 0.18028846153846154 0.11177884615384616 0.07572115384615384
0 0.8509615384615384 0.4879807692307692 0.1466346153846154 0.0733173076923077
0 0.20072115384615385 0.546875 0.07572115384615384 0.1045673076923077
0 0.22956730769230768 0.90625 0.06129807692307692 0.1201923076923077