0 0.7872596153846154 0.9735576923076923 0.11057692307692307 0.051682692307692304
0 0.25240384615384615 0.13581730769230768 0.140625 0.12139423076923077
0 0.3629807692307692 0.9002403846153846 0.09375 0.09134615384615384
0 0.6658653846153846 0.8605769230769231 0.12139423076923077 0.11778846153846154
0 0.33052884615384615 0.6334134615384616 0.10697115384615384 0.12980769230769232
0 0.08533653846153846 0.7620192307692307 0.08533653846153846 0.10096153846153846
0 0.7391826923076923 0.12740384615384615 0.13822115384615385 0.09495192307692307
0 0.10697115384615384 0.09735576923076923 0.12620192307692307 0.16706730769230768
0 0.5829326923076923 0.03245192307692308 0.15144230769230768 0.06490384615384616
0 0.9350961538461539 0.5372596153846154 0.12740384615384615 0.10576923076923077
0 0.9723557692307693 0.9795673076923077 0.054086538461538464 0.038461538461538464
0 0.671875 0.4074519230769231 0.07572115384615384 0.09375
0 0.1935096153846154 0.6478365384615384 0.09735576923076923 0.09254807692307693
0 0.7055288461538461 0.46634615384615385 0.07692307692307693 0.07211538461538461
0 0.5949519230769231 0.96875 0.11899038461538461 0.06009615384615385
0 0.20793269230769232 0.7800480769230769 0.12980769230769232 0.10216346153846154
0 0.9326923076923077 0.2620192307692308 0.1045673076923077 0.1310096153846154
0 0.96875 0.7680288461538461 0.06009615384615385 0.09735576923076923
0 0.5108173076923077 0.08774038461538461 0.09615384615384616 0.08052884615384616
0 0.23918269230769232 0.5889423076923077 0.09134615384615384 0.09014423076923077
0 0.36177884615384615 0.2536057692307692 0.06610576923076923 0.14543269230769232
0 0.22716346153846154 0.9375 0.09375 0.10096153846153846
0 0.7764423076923077 0.23798076923076922 0.13221153846153846 0.06971153846153846
0 0.20552884615384615 0.2980769230769231 0.05889423076923077 0.13822115384615385
0 0.8161057692307693 0.3605769230769231 0.14903846153846154 0.08413461538461539