0 0.53125 0.12740384615384615 0.06129807692307692 0.08653846153846154
0 0.24278846153846154 0.4579326923076923 0.09615384615384616 0.10336538461538461
0 0.8088942307692307 0.5324519230769231 0.0733173076923077 0.0829326923076923
0 0.35697115384615385 0.3016826923076923 0.09014423076923077 0.0829326923076923
0 0.59375 0.3293269230769231 0.055288461538461536 0.06490384615384616
0 0.8737980769230769 0.5841346153846154 0.06971153846153846 0.078125
0 0.7319711538461539 0.21754807692307693 0.08774038461538461 0.09254807692307693
0 0.46875 0.5889423076923077 0.04927884615384615 0.039663461538461536
0 0.5973557692307693 0.2091346153846154 0.0829326923076923 0.07451923076923077
0 0.5288461538461539 0.6646634615384616 0.046875 0.057692307692307696
0 0.9759615384615384 0.8341346153846154 0.04447115384615385 0.06971153846153846
0 0.7079326923076923 0.32091346153846156 0.06850961538461539 0.052884615384615384
0 0.6105769230769231 0.9615384615384616 0.07211538461538461 0.07451923076923077
0 0.4230769230769231 0.4699519230769231 0.09375 0.0985576923076923
0 0.8786057692307693 0.71875 0.046875 0.06490384615384616
0 0.3173076923076923 0.53125 0.09014423076923077 0.10216346153846154
0 0.7115384615384616 0.5444711538461539 0.07451923076923077 0.08052884615384616
0 0.6009615384615384 0.7007211538461539 0.08774038461538461 0.11177884615384616
0 0.1875 0.03365384615384615 0.14903846153846154 0.06610576923076923
0 0.016826923076923076 0.9134615384615384 0.03365384615384615 0.1141826923076923
0 0.19110576923076922 0.7259615384615384 0.09134615384615384 0.10336538461538461