0 0.38341346153846156 0.0673076923076923 0.0625 0.06009615384615385
0 0.8942307692307693 0.9579326923076923 0.06850961538461539 0.08052884615384616
0 0.45072115384615385 0.38341346153846156 0.1310096153846154 0.14543269230769232
0 0.7524038461538461 0.7872596153846154 0.12860576923076922 0.15504807692307693
0 0.96875 0.53125 0.06009615384615385 0.09495192307692307
0 0.5697115384615384 0.3786057692307692 0.04447115384615385 0.06490384615384616
0 0.4951923076923077 0.47596153846153844 0.056490384615384616 0.046875
0 0.49278846153846156 0.9543269230769231 0.05889423076923077 0.0889423076923077
0 0.08052884615384616 0.056490384615384616 0.07211538461538461 0.08774038461538461
0 0.36177884615384615 0.96875 0.14302884615384615 0.05889423076923077
0 0.8173076923076923 0.6274038461538461 0.12740384615384615 0.078125
0 0.06850961538461539 0.796875 0.09134615384615384 0.14543269230769232
0 0.5096153846153846 0.703125 0.09134615384615384 0.23197115384615385
0 0.6262019230769231 0.4495192307692308 0.06610576923076923 0.11899038461538461
0 0.7764423076923077 0.5288461538461539 0.12259615384615384 0.18509615384615385
0 0.609375 0.8545673076923077 0.0985576923076923 0.14783653846153846
0 0.055288461538461536 0.38461538461538464 0.109375 0.13221153846153846
0 0.6009615384615384 0.7115384615384616 0.09615384615384616 0.15384615384615385
0 0.44711538461538464 0.7175480769230769 0.15384615384615385 0.22235576923076922
0 0.453125 0.078125 0.12980769230769232 0.15625
0 0.7920673076923077 0.7992788461538461 0.13341346153846154 0.18028846153846154
0 0.6670673076923077 0.36177884615384615 0.06129807692307692 0.0889423076923077
0 0.23918269230769232 0.3016826923076923 0.11057692307692307 0.19831730769230768
0 0.8677884615384616 0.4098557692307692 0.08173076923076923 0.051682692307692304
0 0.1658653846153846 0.6995192307692307 0.07932692307692307 0.10336538461538461
0 0.36778846153846156 0.171875 0.10576923076923077 0.056490384615384616
0 0.8100961538461539 0.20673076923076922 0.16826923076923078 0.18028846153846154
0 0.5528846153846154 0.16826923076923078 0.10817307692307693 0.06009615384615385
0 0.27163461538461536 0.7451923076923077 0.06009615384615385 0.08653846153846154
0 0.1502403846153846 0.14903846153846154 0.19110576923076922 0.09495192307692307
0 0.3485576923076923 0.5324519230769231 0.06370192307692307 0.13942307692307693
0 0.6033653846153846 0.6586538461538461 0.109375 0.2620192307692308
0 0.65625 0.25961538461538464 0.02403846153846154 0.04447115384615385
0 0.25961538461538464 0.8978365384615384 0.06850961538461539 0.07091346153846154
0 0.29927884615384615 0.32572115384615385 0.054086538461538464 0.038461538461538464
0 0.8774038461538461 0.8461538461538461 0.19110576923076922 0.19951923076923078
0 0.59375 0.27163461538461536 0.039663461538461536 0.09134615384615384
0 0.9423076923076923 0.27524038461538464 0.11177884615384616 0.06490384615384616
0 0.5408653846153846 0.4495192307692308 0.04927884615384615 0.07572115384615384