0 0.30408653846153844 0.11658653846153846 0.04567307692307692 0.10576923076923077
0 0.03485576923076923 0.7043269230769231 0.06971153846153846 0.08173076923076923
0 0.38461538461538464 0.6490384615384616 0.057692307692307696 0.0673076923076923
0 0.5192307692307693 0.28846153846153844 0.04447115384615385 0.07692307692307693
0 0.6274038461538461 0.3798076923076923 0.038461538461538464 0.08052884615384616
0 0.265625 0.019230769230769232 0.03245192307692308 0.038461538461538464
0 0.8689903846153846 0.030048076923076924 0.040865384615384616 0.06009615384615385
0 0.4375 0.6790865384615384 0.04807692307692308 0.06971153846153846
0 0.21514423076923078 0.7211538461538461 0.04807692307692308 0.06971153846153846
0 0.7151442307692307 0.03125 0.04927884615384615 0.06129807692307692
0 0.34375 0.921875 0.06490384615384616 0.036057692307692304
0 0.4074519230769231 0.028846153846153848 0.039663461538461536 0.056490384615384616
0 0.19591346153846154 0.375 0.06490384615384616 0.06850961538461539
0 0.34134615384615385 0.9110576923076923 0.06971153846153846 0.054086538461538464
0 0.8329326923076923 0.2860576923076923 0.057692307692307696 0.08774038461538461
0 0.051682692307692304 0.9627403846153846 0.06129807692307692 0.04447115384615385
0 0.6634615384615384 0.23557692307692307 0.04807692307692308 0.11538461538461539
0 0.35216346153846156 0.19831730769230768 0.07211538461538461 0.0889423076923077
0 0.5552884615384616 0.02283653846153846 0.04807692307692308 0.04567307692307692
0 0.7175480769230769 0.35336538461538464 0.05048076923076923 0.0829326923076923
0 0.7319711538461539 0.3269230769230769 0.06009615384615385 0.08413461538461539
0 0.5276442307692307 0.15865384615384615 0.055288461538461536 0.11057692307692307
0 0.8966346153846154 0.9711538461538461 0.055288461538461536 0.054086538461538464
0 0.7680288461538461 0.6069711538461539 0.04927884615384615 0.0733173076923077
0 0.765625 0.20552884615384615 0.02403846153846154 0.06490384615384616
0 0.7175480769230769 0.15625 0.04447115384615385 0.0985576923076923
0 0.6382211538461539 0.9615384615384616 0.06009615384615385 0.0733173076923077
0 0.8894230769230769 0.8737980769230769 0.051682692307692304 0.06370192307692307
0 0.25841346153846156 0.9795673076923077 0.04326923076923077 0.038461538461538464
0 0.056490384615384616 0.3641826923076923 0.0733173076923077 0.09134615384615384
0 0.2800480769230769 0.6201923076923077 0.07572115384615384 0.06370192307692307
0 0.9086538461538461 0.46274038461538464 0.06370192307692307 0.11177884615384616
0 0.03125 0.5913461538461539 0.06129807692307692 0.055288461538461536
0 0.7283653846153846 0.4098557692307692 0.04447115384615385 0.0733173076923077
0 0.17908653846153846 0.8485576923076923 0.08052884615384616 0.09495192307692307
0 0.0733173076923077 0.14783653846153846 0.06850961538461539 0.11778846153846154
0 0.14543269230769232 0.6153846153846154 0.06971153846153846 0.0829326923076923
0 0.20072115384615385 0.32572115384615385 0.08052884615384616 0.10096153846153846
0 0.6826923076923077 0.030048076923076924 0.039663461538461536 0.057692307692307696
0 0.04927884615384615 0.2403846153846154 0.051682692307692304 0.0829326923076923
0 0.5829326923076923 0.6033653846153846 0.06129807692307692 0.06971153846153846
0 0.36538461538461536 0.3641826923076923 0.05048076923076923 0.07572115384615384
0 0.24879807692307693 0.42427884615384615 0.05048076923076923 0.08052884615384616
0 0.7043269230769231 0.6069711538461539 0.054086538461538464 0.08052884615384616
0 0.8858173076923077 0.6778846153846154 0.055288461538461536 0.0889423076923077
0 0.2548076923076923 0.6526442307692307 0.04567307692307692 0.06971153846153846
0 0.7980769230769231 0.057692307692307696 0.046875 0.0985576923076923
0 0.9795673076923077 0.8305288461538461 0.037259615384615384 0.07451923076923077
0 0.06490384615384616 0.6322115384615384 0.056490384615384616 0.07572115384615384
0 0.22355769230769232 0.546875 0.051682692307692304 0.08052884615384616
0 0.15625 0.5108173076923077 0.055288461538461536 0.09134615384615384
0 0.4483173076923077 0.10096153846153846 0.09134615384615384 0.0625
0 0.5913461538461539 0.14182692307692307 0.057692307692307696 0.11778846153846154
0 0.12980769230769232 0.7283653846153846 0.04807692307692308 0.07091346153846154
0 0.056490384615384616 0.32572115384615385 0.08052884615384616 0.0733173076923077
0 0.43509615384615385 0.2848557692307692 0.055288461538461536 0.10576923076923077
0 0.6862980769230769 0.4519230769230769 0.046875 0.07572115384615384
0 0.0985576923076923 0.5961538461538461 0.0733173076923077 0.1310096153846154
0 0.9795673076923077 0.019230769230769232 0.03485576923076923 0.038461538461538464
0 0.8052884615384616 0.9651442307692307 0.057692307692307696 0.06490384615384616
0 0.6670673076923077 0.9038461538461539 0.0625 0.08413461538461539
0 0.6129807692307693 0.027644230769230768 0.040865384615384616 0.052884615384615384
0 0.375 0.9795673076923077 0.051682692307692304 0.038461538461538464
0 0.22355769230769232 0.020432692307692308 0.04447115384615385 0.040865384615384616
0 0.41346153846153844 0.5949519230769231 0.028846153846153848 0.06490384615384616
0 0.7127403846153846 0.06370192307692307 0.037259615384615384 0.09615384615384616
0 0.3329326923076923 0.7367788461538461 0.03485576923076923 0.06850961538461539
0 0.6514423076923077 0.3401442307692308 0.06490384615384616 0.07211538461538461
0 0.6322115384615384 0.5661057692307693 0.056490384615384616 0.0829326923076923
0 0.3076923076923077 0.515625 0.052884615384615384 0.08052884615384616
0 0.09375 0.9663461538461539 0.0829326923076923 0.06370192307692307
0 0.6141826923076923 0.5901442307692307 0.05889423076923077 0.10697115384615384
0 0.27524038461538464 0.7043269230769231 0.057692307692307696 0.06971153846153846
0 0.23197115384615385 0.9158653846153846 0.06370192307692307 0.06490384615384616
0 0.5060096153846154 0.3245192307692308 0.04807692307692308 0.09134615384615384