0 0.020432692307692308 0.11778846153846154 0.039663461538461536 0.056490384615384616
0 0.04927884615384615 0.046875 0.09735576923076923 0.0673076923076923
0 0.12259615384615384 0.109375 0.015625 0.042067307692307696
0 0.20072115384615385 0.06490384615384616 0.025240384615384616 0.08533653846153846
0 0.17548076923076922 0.11057692307692307 0.02283653846153846 0.036057692307692304
0 0.3088942307692308 0.04927884615384615 0.030048076923076924 0.08052884615384616
0 0.34134615384615385 0.08052884615384616 0.04447115384615385 0.02403846153846154
0 0.39903846153846156 0.09375 0.051682692307692304 0.03365384615384615
0 0.203125 0.16706730769230768 0.0733173076923077 0.028846153846153848
0 0.25 0.08413461538461539 0.06971153846153846 0.0733173076923077
0 0.21875 0.3317307692307692 0.040865384615384616 0.10216346153846154
0 0.19230769230769232 0.27524038461538464 0.026442307692307692 0.056490384615384616
0 0.171875 0.20552884615384615 0.06009615384615385 0.08774038461538461
0 0.21153846153846154 0.41947115384615385 0.037259615384615384 0.040865384615384616
0 0.19230769230769232 0.4519230769230769 0.027644230769230768 0.055288461538461536
0 0.078125 0.421875 0.055288461538461536 0.057692307692307696
0 0.13341346153846154 0.4338942307692308 0.05889423076923077 0.02403846153846154
0 0.1346153846153846 0.5276442307692307 0.0673076923076923 0.03125
0 0.0829326923076923 0.5913461538461539 0.0673076923076923 0.06490384615384616
0 0.16346153846153846 0.5492788461538461 0.018028846153846152 0.013221153846153846
0 0.19471153846153846 0.5697115384615384 0.03485576923076923 0.04927884615384615
0 0.23677884615384615 0.6189903846153846 0.04927884615384615 0.046875
0 0.33052884615384615 0.5300480769230769 0.02403846153846154 0.056490384615384616
0 0.3545673076923077 0.44591346153846156 0.036057692307692304 0.0733173076923077
0 0.2608173076923077 0.40865384615384615 0.025240384615384616 0.018028846153846152
0 0.296875 0.4014423076923077 0.028846153846153848 0.036057692307692304
0 0.2848557692307692 0.34134615384615385 0.020432692307692308 0.027644230769230768
0 0.2608173076923077 0.35216346153846156 0.013221153846153846 0.013221153846153846
0 0.36778846153846156 0.31490384615384615 0.025240384615384616 0.03245192307692308
0 0.18269230769230768 0.6153846153846154 0.06370192307692307 0.02403846153846154
0 0.07932692307692307 0.6790865384615384 0.09495192307692307 0.028846153846153848
0 0.18870192307692307 0.7235576923076923 0.02283653846153846 0.03365384615384615
0 0.16706730769230768 0.7331730769230769 0.03485576923076923 0.03245192307692308
0 0.24879807692307693 0.7211538461538461 0.018028846153846152 0.04927884615384615
0 0.21033653846153846 0.6838942307692307 0.028846153846153848 0.026442307692307692
0 0.22355769230769232 0.49399038461538464 0.028846153846153848 0.038461538461538464
0 0.19230769230769232 0.3798076923076923 0.015625 0.008413461538461538
0 0.40384615384615385 0.38461538461538464 0.07692307692307693 0.018028846153846152
0 0.453125 0.375 0.02403846153846154 0.013221153846153846
0 0.484375 0.42427884615384615 0.057692307692307696 0.02403846153846154
0 0.43028846153846156 0.5516826923076923 0.07932692307692307 0.057692307692307696
0 0.3762019230769231 0.6177884615384616 0.07451923076923077 0.04447115384615385
0 0.3954326923076923 0.6310096153846154 0.030048076923076924 0.046875
0 0.4230769230769231 0.6862980769230769 0.042067307692307696 0.055288461538461536
0 0.040865384615384616 0.9110576923076923 0.08173076923076923 0.0625
0 0.027644230769230768 0.8257211538461539 0.055288461538461536 0.021634615384615384
0 0.14423076923076922 0.9038461538461539 0.07451923076923077 0.03485576923076923
0 0.328125 0.8918269230769231 0.051682692307692304 0.037259615384615384
0 0.28966346153846156 0.9194711538461539 0.042067307692307696 0.030048076923076924
0 0.38341346153846156 0.9182692307692307 0.057692307692307696 0.09254807692307693
0 0.4182692307692308 0.7860576923076923 0.02403846153846154 0.08533653846153846
0 0.3701923076923077 0.7379807692307693 0.02403846153846154 0.04447115384615385
0 0.39783653846153844 0.8353365384615384 0.056490384615384616 0.06850961538461539
0 0.23317307692307693 0.8641826923076923 0.08052884615384616 0.019230769230769232
0 0.2283653846153846 0.8605769230769231 0.052884615384615384 0.0829326923076923
0 0.19471153846153846 0.9362980769230769 0.015625 0.04567307692307692
0 0.15144230769230768 0.2920673076923077 0.020432692307692308 0.042067307692307696
0 0.8653846153846154 0.02403846153846154 0.030048076923076924 0.03485576923076923
0 0.9134615384615384 0.026442307692307692 0.04447115384615385 0.038461538461538464
0 0.9110576923076923 0.08653846153846154 0.02283653846153846 0.03125
0 0.8870192307692307 0.11658653846153846 0.025240384615384616 0.020432692307692308
0 0.7007211538461539 0.27403846153846156 0.030048076923076924 0.0889423076923077
0 0.6850961538461539 0.34615384615384615 0.055288461538461536 0.04326923076923077
0 0.8822115384615384 0.24639423076923078 0.03365384615384615 0.04927884615384615
0 0.8473557692307693 0.2091346153846154 0.038461538461538464 0.04807692307692308
0 0.8545673076923077 0.23197115384615385 0.030048076923076924 0.038461538461538464
0 0.9795673076923077 0.23918269230769232 0.03365384615384615 0.06129807692307692
0 0.8701923076923077 0.296875 0.07572115384615384 0.04807692307692308
0 0.9651442307692307 0.31971153846153844 0.027644230769230768 0.052884615384615384
0 0.8028846153846154 0.34975961538461536 0.04927884615384615 0.036057692307692304
0 0.8713942307692307 0.38221153846153844 0.056490384615384616 0.04927884615384615
0 0.9447115384615384 0.40625 0.03485576923076923 0.02403846153846154
0 0.9471153846153846 0.44591346153846156 0.03485576923076923 0.02403846153846154
0 0.9663461538461539 0.5649038461538461 0.06129807692307692 0.038461538461538464
0 0.9038461538461539 0.6778846153846154 0.025240384615384616 0.02403846153846154
0 0.8978365384615384 0.7548076923076923 0.04447115384615385 0.04447115384615385
0 0.953125 0.7524038461538461 0.03245192307692308 0.08413461538461539
0 0.9735576923076923 0.9326923076923077 0.04807692307692308 0.10096153846153846
0 0.7512019230769231 0.8822115384615384 0.038461538461538464 0.021634615384615384
0 0.6923076923076923 0.9266826923076923 0.078125 0.030048076923076924
0 0.6947115384615384 0.9723557692307693 0.038461538461538464 0.038461538461538464
0 0.8064903846153846 0.9711538461538461 0.021634615384615384 0.03485576923076923
0 0.8533653846153846 0.9663461538461539 0.028846153846153848 0.04447115384615385
0 0.9206730769230769 0.9579326923076923 0.06490384615384616 0.06610576923076923
0 0.6189903846153846 0.7079326923076923 0.06971153846153846 0.04567307692307692
0 0.4855769230769231 0.7548076923076923 0.10216346153846154 0.039663461538461536
0 0.6826923076923077 0.7932692307692307 0.057692307692307696 0.05048076923076923
0 0.6382211538461539 0.7920673076923077 0.038461538461538464 0.02403846153846154
0 0.7319711538461539 0.8112980769230769 0.02403846153846154 0.016826923076923076
0 0.671875 0.6382211538461539 0.04927884615384615 0.018028846153846152
0 0.8173076923076923 0.7824519230769231 0.04447115384615385 0.042067307692307696
0 0.8641826923076923 0.6706730769230769 0.026442307692307692 0.07451923076923077
0 0.8221153846153846 0.7319711538461539 0.027644230769230768 0.052884615384615384
0 0.6478365384615384 0.90625 0.0625 0.052884615384615384
0 0.8221153846153846 0.9146634615384616 0.036057692307692304 0.020432692307692308
0 0.8040865384615384 0.5492788461538461 0.04567307692307692 0.07572115384615384
0 0.9783653846153846 0.6706730769230769 0.036057692307692304 0.021634615384615384
0 0.8125 0.8365384615384616 0.051682692307692304 0.06971153846153846
0 0.8473557692307693 0.8942307692307693 0.036057692307692304 0.040865384615384616
0 0.8990384615384616 0.8569711538461539 0.06971153846153846 0.057692307692307696
0 0.7632211538461539 0.4423076923076923 0.08413461538461539 0.03125
0 0.8076923076923077 0.4879807692307692 0.051682692307692304 0.06009615384615385
0 0.9435096153846154 0.4951923076923077 0.028846153846153848 0.0673076923076923
0 0.9230769230769231 0.3485576923076923 0.03125 0.018028846153846152
0 0.9122596153846154 0.38822115384615385 0.025240384615384616 0.028846153846153848
0 0.9326923076923077 0.21153846153846154 0.038461538461538464 0.11177884615384616
0 0.9819711538461539 0.453125 0.03245192307692308 0.039663461538461536
0 0.9783653846153846 0.4879807692307692 0.03485576923076923 0.013221153846153846
0 0.2283653846153846 0.9350961538461539 0.02403846153846154 0.10576923076923077
0 0.20793269230769232 0.9567307692307693 0.016826923076923076 0.06971153846153846
0 0.8004807692307693 0.609375 0.027644230769230768 0.019230769230769232
0 0.11778846153846154 0.49759615384615385 0.02403846153846154 0.019230769230769232
0 0.08774038461538461 0.5516826923076923 0.028846153846153848 0.027644230769230768
0 0.109375 0.8834134615384616 0.04567307692307692 0.02283653846153846
0 0.7896634615384616 0.8461538461538461 0.02403846153846154 0.042067307692307696
0 0.828125 0.9735576923076923 0.020432692307692308 0.03245192307692308
0 0.8677884615384616 0.1935096153846154 0.019230769230769232 0.015625
0 0.3233173076923077 0.052884615384615384 0.019230769230769232 0.039663461538461536
0 0.12740384615384615 0.9254807692307693 0.028846153846153848 0.014423076923076924
0 0.14903846153846154 0.12860576923076922 0.014423076923076924 0.019230769230769232