0 0.021634615384615384 0.5757211538461539 0.04326923076923077 0.06610576923076923
0 0.6899038461538461 0.3954326923076923 0.06610576923076923 0.10216346153846154
0 0.5384615384615384 0.46875 0.056490384615384616 0.052884615384615384
0 0.8473557692307693 0.32091346153846156 0.09014423076923077 0.09014423076923077
0 0.13221153846153846 0.4795673076923077 0.12379807692307693 0.07572115384615384
0 0.953125 0.4495192307692308 0.07692307692307693 0.06610576923076923
0 0.9807692307692307 0.14783653846153846 0.037259615384615384 0.06009615384615385
0 0.9855769230769231 0.18870192307692307 0.026442307692307692 0.04927884615384615
0 0.5372596153846154 0.22115384615384615 0.057692307692307696 0.10096153846153846
0 0.21754807692307693 0.9771634615384616 0.057692307692307696 0.04447115384615385
0 0.06971153846153846 0.23677884615384615 0.10576923076923077 0.11778846153846154
0 0.15264423076923078 0.6081730769230769 0.07451923076923077 0.0829326923076923
0 0.5480769230769231 0.890625 0.06490384615384616 0.078125
0 0.4014423076923077 0.3076923076923077 0.14903846153846154 0.06009615384615385
0 0.9723557692307693 0.9615384615384616 0.054086538461538464 0.07572115384615384
0 0.4050480769230769 0.8365384615384616 0.04927884615384615 0.056490384615384616
0 0.36658653846153844 0.859375 0.039663461538461536 0.036057692307692304
0 0.46274038461538464 0.203125 0.10096153846153846 0.09375
0 0.6826923076923077 0.6802884615384616 0.1045673076923077 0.06971153846153846
0 0.20192307692307693 0.3125 0.09014423076923077 0.07932692307692307
0 0.8365384615384616 0.2439903846153846 0.08774038461538461 0.052884615384615384
0 0.53125 0.3798076923076923 0.09254807692307693 0.07692307692307693
0 0.2824519230769231 0.9266826923076923 0.0985576923076923 0.056490384615384616
0 0.5132211538461539 0.8185096153846154 0.056490384615384616 0.051682692307692304
0 0.7427884615384616 0.055288461538461536 0.06009615384615385 0.04927884615384615
0 0.6009615384615384 0.7752403846153846 0.1310096153846154 0.078125
0 0.5348557692307693 0.2956730769230769 0.09014423076923077 0.057692307692307696
0 0.09014423076923077 0.7427884615384616 0.06490384615384616 0.08653846153846154
0 0.5372596153846154 0.5564903846153846 0.06971153846153846 0.08173076923076923
0 0.46274038461538464 0.7680288461538461 0.05889423076923077 0.042067307692307696
0 0.6694711538461539 0.7379807692307693 0.10697115384615384 0.0673076923076923
0 0.8870192307692307 0.8461538461538461 0.06129807692307692 0.15985576923076922
0 0.65625 0.5096153846153846 0.0673076923076923 0.054086538461538464
0 0.2668269230769231 0.6033653846153846 0.109375 0.109375