0 0.3870192307692308 0.45072115384615385 0.06490384615384616 0.06610576923076923
0 0.7536057692307693 0.18629807692307693 0.057692307692307696 0.1141826923076923
0 0.42908653846153844 0.7632211538461539 0.040865384615384616 0.07932692307692307
0 0.9086538461538461 0.8569711538461539 0.09134615384615384 0.04927884615384615
0 0.8100961538461539 0.3016826923076923 0.04927884615384615 0.0625
0 0.13942307692307693 0.46153846153846156 0.125 0.04326923076923077
0 0.84375 0.12740384615384615 0.0673076923076923 0.09254807692307693
0 0.8173076923076923 0.39783653846153844 0.055288461538461536 0.09014423076923077
0 0.4831730769230769 0.2956730769230769 0.04447115384615385 0.05889423076923077
0 0.1346153846153846 0.18269230769230768 0.21514423076923078 0.1466346153846154
0 0.46634615384615385 0.9555288461538461 0.0985576923076923 0.08653846153846154
0 0.1814903846153846 0.5180288461538461 0.12740384615384615 0.037259615384615384
0 0.9615384615384616 0.27524038461538464 0.04927884615384615 0.06490384615384616
0 0.4639423076923077 0.45072115384615385 0.11778846153846154 0.037259615384615384
0 0.7944711538461539 0.8317307692307693 0.04326923076923077 0.0625
0 0.7307692307692307 0.49278846153846156 0.040865384615384616 0.125
0 0.3173076923076923 0.5997596153846154 0.10216346153846154 0.11778846153846154
0 0.8641826923076923 0.18509615384615385 0.06971153846153846 0.06850961538461539
0 0.4723557692307692 0.4098557692307692 0.09254807692307693 0.06009615384615385
0 0.07572115384615384 0.016826923076923076 0.06971153846153846 0.03365384615384615
0 0.055288461538461536 0.7704326923076923 0.08052884615384616 0.09134615384615384
0 0.9603365384615384 0.7740384615384616 0.07692307692307693 0.07211538461538461
0 0.6862980769230769 0.5420673076923077 0.10817307692307693 0.0889423076923077
0 0.8629807692307693 0.9591346153846154 0.06490384615384616 0.07932692307692307
0 0.8617788461538461 0.5012019230769231 0.037259615384615384 0.06971153846153846
0 0.3798076923076923 0.7788461538461539 0.09615384615384616 0.03245192307692308
0 0.9242788461538461 0.24879807692307693 0.05048076923076923 0.09615384615384616
0 0.09615384615384616 0.8257211538461539 0.08413461538461539 0.06009615384615385
0 0.3713942307692308 0.037259615384615384 0.07572115384615384 0.0733173076923077
0 0.8689903846153846 0.546875 0.12259615384615384 0.04567307692307692
0 0.6899038461538461 0.24759615384615385 0.16466346153846154 0.1346153846153846
0 0.13221153846153846 0.4891826923076923 0.10576923076923077 0.039663461538461536
0 0.8173076923076923 0.6177884615384616 0.07692307692307693 0.0733173076923077
0 0.22596153846153846 0.9507211538461539 0.1141826923076923 0.0625
0 0.4735576923076923 0.038461538461538464 0.03365384615384615 0.07211538461538461
0 0.40865384615384615 0.9254807692307693 0.056490384615384616 0.05889423076923077
0 0.1658653846153846 0.02403846153846154 0.05048076923076923 0.04447115384615385
0 0.8233173076923077 0.5877403846153846 0.038461538461538464 0.038461538461538464
0 0.5745192307692307 0.7764423076923077 0.10697115384615384 0.09615384615384616
0 0.11899038461538461 0.5588942307692307 0.13942307692307693 0.09134615384615384
0 0.578125 0.29086538461538464 0.08653846153846154 0.08052884615384616
0 0.020432692307692308 0.36177884615384615 0.040865384615384616 0.03365384615384615
0 0.921875 0.5733173076923077 0.07091346153846154 0.046875
0 0.22956730769230768 0.10096153846153846 0.10336538461538461 0.20192307692307693
0 0.5504807692307693 0.23677884615384615 0.055288461538461536 0.03365384615384615
0 0.3581730769230769 0.4014423076923077 0.037259615384615384 0.09615384615384616
0 0.027644230769230768 0.40384615384615385 0.055288461538461536 0.057692307692307696
0 0.8076923076923077 0.4795673076923077 0.08774038461538461 0.08774038461538461
0 0.27283653846153844 0.8858173076923077 0.07932692307692307 0.04807692307692308
0 0.028846153846153848 0.6622596153846154 0.057692307692307696 0.038461538461538464
0 0.21033653846153846 0.6057692307692307 0.07692307692307693 0.08413461538461539
0 0.03125 0.96875 0.038461538461538464 0.06129807692307692
0 0.9134615384615384 0.6141826923076923 0.03485576923076923 0.11057692307692307
0 0.5625 0.6634615384615384 0.051682692307692304 0.08653846153846154
0 0.0889423076923077 0.11298076923076923 0.057692307692307696 0.06971153846153846
0 0.25 0.59375 0.06971153846153846 0.04927884615384615
0 0.3798076923076923 0.6454326923076923 0.07692307692307693 0.052884615384615384
0 0.19951923076923078 0.9350961538461539 0.14783653846153846 0.052884615384615384
0 0.5228365384615384 0.3016826923076923 0.04447115384615385 0.07692307692307693
0 0.9771634615384616 0.90625 0.04447115384615385 0.16105769230769232
0 0.6971153846153846 0.026442307692307692 0.046875 0.04326923076923077
0 0.9110576923076923 0.9375 0.04447115384615385 0.12259615384615384
0 0.5805288461538461 0.4110576923076923 0.14903846153846154 0.04927884615384615
0 0.8137019230769231 0.875 0.09975961538461539 0.05889423076923077
0 0.8725961538461539 0.6983173076923077 0.055288461538461536 0.036057692307692304
0 0.390625 0.234375 0.06971153846153846 0.09254807692307693
0 0.3401442307692308 0.859375 0.1346153846153846 0.056490384615384616
0 0.49158653846153844 0.5913461538461539 0.09134615384615384 0.06971153846153846
0 0.5444711538461539 0.22115384615384615 0.06009615384615385 0.028846153846153848
0 0.42427884615384615 0.23557692307692307 0.11057692307692307 0.052884615384615384
0 0.5072115384615384 0.49278846153846156 0.08052884615384616 0.06610576923076923
0 0.6538461538461539 0.96875 0.046875 0.06009615384615385
0 0.6189903846153846 0.9146634615384616 0.06610576923076923 0.16826923076923078
0 0.7764423076923077 0.9747596153846154 0.052884615384615384 0.04807692307692308
0 0.12980769230769232 0.09975961538461539 0.054086538461538464 0.16105769230769232
0 0.4423076923076923 0.5228365384615384 0.10336538461538461 0.07211538461538461
0 0.20432692307692307 0.9723557692307693 0.054086538461538464 0.052884615384615384
0 0.9459134615384616 0.6802884615384616 0.055288461538461536 0.051682692307692304