0 0.6887019230769231 0.42908653846153844 0.07572115384615384 0.07451923076923077
0 0.04447115384615385 0.9026442307692307 0.078125 0.07572115384615384
0 0.7355769230769231 0.2800480769230769 0.109375 0.09134615384615384
0 0.6598557692307693 0.0889423076923077 0.0829326923076923 0.06129807692307692
0 0.7355769230769231 0.6466346153846154 0.06490384615384616 0.054086538461538464
0 0.84375 0.8425480769230769 0.07572115384615384 0.078125
0 0.5721153846153846 0.5649038461538461 0.09134615384615384 0.0889423076923077
0 0.36778846153846156 0.6526442307692307 0.07932692307692307 0.06490384615384616
0 0.9543269230769231 0.5973557692307693 0.07211538461538461 0.09254807692307693
0 0.040865384615384616 0.6177884615384616 0.08173076923076923 0.11538461538461539
0 0.8737980769230769 0.3016826923076923 0.07572115384615384 0.0829326923076923
0 0.8341346153846154 0.5396634615384616 0.07572115384615384 0.06129807692307692
0 0.6358173076923077 0.9579326923076923 0.09495192307692307 0.08052884615384616
0 0.5564903846153846 0.34134615384615385 0.1045673076923077 0.1045673076923077
0 0.30649038461538464 0.390625 0.07932692307692307 0.06490384615384616
0 0.5805288461538461 0.7367788461538461 0.10096153846153846 0.09615384615384616
0 0.5901442307692307 0.0673076923076923 0.06971153846153846 0.04927884615384615
0 0.1502403846153846 0.9579326923076923 0.09975961538461539 0.0829326923076923
0 0.38822115384615385 0.13701923076923078 0.109375 0.09375
0 0.20793269230769232 0.6586538461538461 0.11658653846153846 0.1201923076923077
0 0.9038461538461539 0.4362980769230769 0.12139423076923077 0.10096153846153846
0 0.44471153846153844 0.5961538461538461 0.15504807692307693 0.08413461538461539
0 0.6983173076923077 0.546875 0.06129807692307692 0.09375
0 0.29447115384615385 0.9663461538461539 0.09975961538461539 0.06610576923076923
0 0.71875 0.7211538461538461 0.09975961538461539 0.07932692307692307
0 0.6670673076923077 0.875 0.0889423076923077 0.06370192307692307
0 0.11778846153846154 0.45913461538461536 0.09735576923076923 0.09615384615384616
0 0.1045673076923077 0.32572115384615385 0.09134615384615384 0.08653846153846154
0 0.5204326923076923 0.19591346153846154 0.07572115384615384 0.09014423076923077
0 0.0733173076923077 0.12860576923076922 0.1141826923076923 0.0889423076923077
0 0.5108173076923077 0.037259615384615384 0.07572115384615384 0.06009615384615385
0 0.4723557692307692 0.7584134615384616 0.06850961538461539 0.0673076923076923