0 0.042067307692307696 0.0829326923076923 0.08413461538461539 0.10697115384615384
0 0.49278846153846156 0.41346153846153844 0.09134615384615384 0.11057692307692307
0 0.47115384615384615 0.28365384615384615 0.1310096153846154 0.1971153846153846
0 0.9110576923076923 0.5168269230769231 0.10697115384615384 0.1935096153846154
0 0.6670673076923077 0.8774038461538461 0.12620192307692307 0.16826923076923078
0 0.6358173076923077 0.4831730769230769 0.06370192307692307 0.078125
0 0.4519230769230769 0.8870192307692307 0.12860576923076922 0.11778846153846154
0 0.6286057692307693 0.37740384615384615 0.1466346153846154 0.10336538461538461
0 0.15625 0.9627403846153846 0.054086538461538464 0.0733173076923077
0 0.2403846153846154 0.41466346153846156 0.15384615384615385 0.09375
0 0.12620192307692307 0.7788461538461539 0.16346153846153846 0.040865384615384616
0 0.3786057692307692 0.7139423076923077 0.14783653846153846 0.08173076923076923
0 0.2704326923076923 0.3076923076923077 0.13341346153846154 0.17668269230769232
0 0.2644230769230769 0.9615384615384616 0.12259615384615384 0.07572115384615384
0 0.30528846153846156 0.6201923076923077 0.051682692307692304 0.15504807692307693
0 0.38461538461538464 0.19591346153846154 0.06971153846153846 0.08173076923076923
0 0.23557692307692307 0.4855769230769231 0.17067307692307693 0.06490384615384616
0 0.25 0.7752403846153846 0.15745192307692307 0.10697115384615384
0 0.2548076923076923 0.7223557692307693 0.11538461538461539 0.1778846153846154
0 0.38461538461538464 0.5264423076923077 0.09495192307692307 0.0889423076923077
0 0.28966346153846156 0.5264423076923077 0.08653846153846154 0.06971153846153846
0 0.3894230769230769 0.7427884615384616 0.16947115384615385 0.1141826923076923
0 0.3125 0.6430288461538461 0.1141826923076923 0.0889423076923077
0 0.4014423076923077 0.4074519230769231 0.078125 0.06610576923076923
0 0.5841346153846154 0.31850961538461536 0.028846153846153848 0.05048076923076923
0 0.5697115384615384 0.6935096153846154 0.07091346153846154 0.05048076923076923
0 0.734375 0.2800480769230769 0.09375 0.11298076923076923
0 0.015625 0.3076923076923077 0.030048076923076924 0.08052884615384616
0 0.40024038461538464 0.4375 0.12379807692307693 0.11658653846153846
0 0.5048076923076923 0.5204326923076923 0.1466346153846154 0.10096153846153846
0 0.22235576923076922 0.6574519230769231 0.11899038461538461 0.21875
0 0.9026442307692307 0.8052884615384616 0.19230769230769232 0.07932692307692307
0 0.3918269230769231 0.359375 0.12139423076923077 0.0733173076923077
0 0.8978365384615384 0.7427884615384616 0.13341346153846154 0.11177884615384616
0 0.11899038461538461 0.8293269230769231 0.1466346153846154 0.07451923076923077
0 0.0829326923076923 0.9302884615384616 0.12379807692307693 0.13822115384615385
0 0.8004807692307693 0.10576923076923077 0.10096153846153846 0.09375