0 0.8149038461538461 0.9350961538461539 0.05889423076923077 0.054086538461538464
0 0.2127403846153846 0.3389423076923077 0.08052884615384616 0.11778846153846154
0 0.9050480769230769 0.28846153846153844 0.07451923076923077 0.06850961538461539
0 0.7620192307692307 0.48197115384615385 0.03485576923076923 0.03365384615384615
0 0.3112980769230769 0.6742788461538461 0.051682692307692304 0.07692307692307693
0 0.04326923076923077 0.484375 0.0733173076923077 0.056490384615384616
0 0.0673076923076923 0.578125 0.07572115384615384 0.11177884615384616
0 0.5793269230769231 0.8052884615384616 0.07572115384615384 0.08173076923076923
0 0.8665865384615384 0.5625 0.06370192307692307 0.054086538461538464
0 0.6045673076923077 0.21875 0.06850961538461539 0.10096153846153846
0 0.9663461538461539 0.24879807692307693 0.06490384615384616 0.0673076923076923
0 0.8725961538461539 0.09254807692307693 0.07211538461538461 0.07572115384615384
0 0.8677884615384616 0.7644230769230769 0.078125 0.09014423076923077
0 0.6586538461538461 0.5865384615384616 0.11899038461538461 0.14182692307692307
0 0.36538461538461536 0.3233173076923077 0.06850961538461539 0.13942307692307693
0 0.9723557692307693 0.7632211538461539 0.054086538461538464 0.05048076923076923
0 0.5276442307692307 0.22596153846153846 0.06610576923076923 0.052884615384615384
0 0.1778846153846154 0.9026442307692307 0.0733173076923077 0.08413461538461539
0 0.6706730769230769 0.18870192307692307 0.06490384615384616 0.06009615384615385
0 0.019230769230769232 0.6947115384615384 0.038461538461538464 0.09014423076923077
0 0.296875 0.8725961538461539 0.078125 0.06009615384615385
0 0.16346153846153846 0.6838942307692307 0.036057692307692304 0.03245192307692308
0 0.4987980769230769 0.3786057692307692 0.057692307692307696 0.056490384615384616
0 0.0985576923076923 0.9050480769230769 0.06009615384615385 0.07692307692307693
0 0.47475961538461536 0.5456730769230769 0.07572115384615384 0.14543269230769232
0 0.5084134615384616 0.030048076923076924 0.06009615384615385 0.054086538461538464
0 0.11778846153846154 0.3137019230769231 0.06971153846153846 0.057692307692307696
0 0.8677884615384616 0.4495192307692308 0.08052884615384616 0.11298076923076923
0 0.1814903846153846 0.5576923076923077 0.054086538461538464 0.06490384615384616
0 0.2692307692307692 0.5853365384615384 0.06009615384615385 0.09254807692307693
0 0.6033653846153846 0.05048076923076923 0.08052884615384616 0.06490384615384616
0 0.921875 0.6322115384615384 0.07692307692307693 0.07211538461538461
0 0.09014423076923077 0.8221153846153846 0.04447115384615385 0.039663461538461536
0 0.6165865384615384 0.7379807692307693 0.19951923076923078 0.11177884615384616
0 0.7019230769230769 0.04326923076923077 0.08533653846153846 0.08653846153846154
0 0.4206730769230769 0.6730769230769231 0.07572115384615384 0.05889423076923077
0 0.013221153846153846 0.5745192307692307 0.026442307692307692 0.12740384615384615
0 0.4795673076923077 0.8641826923076923 0.10817307692307693 0.06490384615384616
0 0.6069711538461539 0.6838942307692307 0.0625 0.04567307692307692
0 0.046875 0.11298076923076923 0.06490384615384616 0.07692307692307693
0 0.5516826923076923 0.6586538461538461 0.06370192307692307 0.054086538461538464
0 0.5697115384615384 0.45072115384615385 0.07572115384615384 0.08774038461538461
0 0.20072115384615385 0.4362980769230769 0.1141826923076923 0.05889423076923077
0 0.5372596153846154 0.33052884615384615 0.057692307692307696 0.09375
0 0.796875 0.8617788461538461 0.08052884615384616 0.056490384615384616
0 0.640625 0.33774038461538464 0.1045673076923077 0.08173076923076923
0 0.36778846153846156 0.05889423076923077 0.08533653846153846 0.11778846153846154
0 0.21875 0.7860576923076923 0.0733173076923077 0.07211538461538461
0 0.9375 0.2127403846153846 0.042067307692307696 0.04447115384615385
0 0.30408653846153844 0.30528846153846156 0.056490384615384616 0.07572115384615384
0 0.4639423076923077 0.27403846153846156 0.09014423076923077 0.04927884615384615
0 0.6923076923076923 0.9362980769230769 0.08052884615384616 0.06850961538461539
0 0.15865384615384615 0.8389423076923077 0.05889423076923077 0.04447115384615385