0 0.8413461538461539 0.17668269230769232 0.019230769230769232 0.03125
0 0.8677884615384616 0.10817307692307693 0.052884615384615384 0.042067307692307696
0 0.9314903846153846 0.0733173076923077 0.055288461538461536 0.06850961538461539
0 0.8269230769230769 0.2283653846153846 0.06009615384615385 0.054086538461538464
0 0.7668269230769231 0.23798076923076922 0.04927884615384615 0.04326923076923077
0 0.9387019230769231 0.027644230769230768 0.10576923076923077 0.052884615384615384
0 0.8521634615384616 0.025240384615384616 0.05048076923076923 0.04927884615384615
0 0.7259615384615384 0.008413461538461538 0.046875 0.016826923076923076
0 0.5540865384615384 0.039663461538461536 0.0829326923076923 0.04567307692307692
0 0.6298076923076923 0.203125 0.030048076923076924 0.02283653846153846
0 0.6694711538461539 0.2403846153846154 0.040865384615384616 0.055288461538461536
0 0.5252403846153846 0.15745192307692307 0.04807692307692308 0.06610576923076923
0 0.7451923076923077 0.34375 0.038461538461538464 0.03365384615384615
0 0.7415865384615384 0.3076923076923077 0.055288461538461536 0.05048076923076923
0 0.703125 0.2920673076923077 0.051682692307692304 0.08052884615384616
0 0.6947115384615384 0.35216346153846156 0.051682692307692304 0.040865384615384616
0 0.48197115384615385 0.328125 0.013221153846153846 0.030048076923076924
0 0.2848557692307692 0.018028846153846152 0.013221153846153846 0.03365384615384615
0 0.24158653846153846 0.07091346153846154 0.03245192307692308 0.0673076923076923
0 0.21754807692307693 0.03245192307692308 0.042067307692307696 0.057692307692307696
0 0.1814903846153846 0.02283653846153846 0.05048076923076923 0.04567307692307692
0 0.12740384615384615 0.10817307692307693 0.06009615384615385 0.078125
0 0.22235576923076922 0.16105769230769232 0.039663461538461536 0.06610576923076923
0 0.2439903846153846 0.018028846153846152 0.027644230769230768 0.03485576923076923
0 0.028846153846153848 0.13822115384615385 0.057692307692307696 0.0889423076923077
0 0.01201923076923077 0.20793269230769232 0.02403846153846154 0.04567307692307692
0 0.018028846153846152 0.3954326923076923 0.021634615384615384 0.028846153846153848
0 0.06129807692307692 0.37740384615384615 0.0673076923076923 0.038461538461538464
0 0.08052884615384616 0.35336538461538464 0.0625 0.046875
0 0.21634615384615385 0.4891826923076923 0.04567307692307692 0.04326923076923077
0 0.2920673076923077 0.27884615384615385 0.04927884615384615 0.054086538461538464
0 0.2824519230769231 0.35336538461538464 0.040865384615384616 0.04567307692307692
0 0.3088942307692308 0.4963942307692308 0.042067307692307696 0.04447115384615385
0 0.2824519230769231 0.4326923076923077 0.055288461538461536 0.054086538461538464
0 0.6947115384615384 0.3954326923076923 0.05048076923076923 0.04927884615384615
0 0.6875 0.4375 0.06009615384615385 0.05048076923076923
0 0.6622596153846154 0.49158653846153844 0.036057692307692304 0.036057692307692304
0 0.38822115384615385 0.5456730769230769 0.07692307692307693 0.06009615384615385
0 0.43028846153846156 0.31971153846153844 0.052884615384615384 0.055288461538461536
0 0.3233173076923077 0.6105769230769231 0.030048076923076924 0.038461538461538464
0 0.24519230769230768 0.5769230769230769 0.04447115384615385 0.03365384615384615
0 0.2403846153846154 0.6081730769230769 0.040865384615384616 0.026442307692307692
0 0.1201923076923077 0.6394230769230769 0.03245192307692308 0.03245192307692308
0 0.17908653846153846 0.6790865384615384 0.030048076923076924 0.028846153846153848
0 0.16706730769230768 0.6574519230769231 0.027644230769230768 0.03365384615384615
0 0.6875 0.6105769230769231 0.05048076923076923 0.038461538461538464
0 0.6262019230769231 0.6586538461538461 0.037259615384615384 0.04807692307692308
0 0.6237980769230769 0.7235576923076923 0.07451923076923077 0.057692307692307696
0 0.5649038461538461 0.7283653846153846 0.04927884615384615 0.056490384615384616
0 0.6838942307692307 0.7956730769230769 0.08052884615384616 0.055288461538461536
0 0.6850961538461539 0.8894230769230769 0.05048076923076923 0.05048076923076923
0 0.875 0.5769230769230769 0.04567307692307692 0.04927884615384615
0 0.9771634615384616 0.5733173076923077 0.04326923076923077 0.05048076923076923
0 0.9975961538461539 0.6694711538461539 0.002403846153846154 0.03365384615384615
0 0.8822115384615384 0.6274038461538461 0.03125 0.028846153846153848
0 0.9555288461538461 0.6382211538461539 0.051682692307692304 0.03245192307692308
0 0.8786057692307693 0.6610576923076923 0.07572115384615384 0.04807692307692308
0 0.9819711538461539 0.7271634615384616 0.03485576923076923 0.052884615384615384
0 0.9891826923076923 0.7956730769230769 0.020432692307692308 0.04927884615384615
0 0.984375 0.8822115384615384 0.030048076923076924 0.04326923076923077
0 0.9266826923076923 0.8786057692307693 0.04927884615384615 0.055288461538461536
0 0.9074519230769231 0.7992788461538461 0.056490384615384616 0.04807692307692308
0 0.8882211538461539 0.9254807692307693 0.04927884615384615 0.03245192307692308
0 0.9507211538461539 0.9423076923076923 0.07932692307692307 0.06610576923076923
0 0.5276442307692307 0.9098557692307693 0.039663461538461536 0.036057692307692304
0 0.5516826923076923 0.9435096153846154 0.03245192307692308 0.052884615384615384
0 0.9038461538461539 0.9663461538461539 0.055288461538461536 0.04567307692307692
0 0.6298076923076923 0.9759615384615384 0.028846153846153848 0.038461538461538464
0 0.9158653846153846 0.8377403846153846 0.057692307692307696 0.037259615384615384
0 0.4795673076923077 0.984375 0.040865384615384616 0.028846153846153848
0 0.3545673076923077 0.9831730769230769 0.052884615384615384 0.03245192307692308
0 0.6706730769230769 0.9266826923076923 0.06009615384615385 0.036057692307692304
0 0.703125 0.9711538461538461 0.04927884615384615 0.055288461538461536
0 0.1778846153846154 0.9158653846153846 0.030048076923076924 0.037259615384615384
0 0.20793269230769232 0.875 0.039663461538461536 0.028846153846153848
0 0.2247596153846154 0.7367788461538461 0.056490384615384616 0.04927884615384615
0 0.17908653846153846 0.7584134615384616 0.046875 0.04326923076923077
0 0.19230769230769232 0.828125 0.04447115384615385 0.04326923076923077
0 0.09495192307692307 0.7644230769230769 0.07572115384615384 0.05048076923076923
0 0.09975961538461539 0.8209134615384616 0.10576923076923077 0.08052884615384616
0 0.006009615384615385 0.8461538461538461 0.01201923076923077 0.057692307692307696
0 0.020432692307692308 0.8858173076923077 0.028846153846153848 0.036057692307692304
0 0.07932692307692307 0.8834134615384616 0.038461538461538464 0.04326923076923077
0 0.12259615384615384 0.8737980769230769 0.03485576923076923 0.046875
0 0.040865384615384616 0.9411057692307693 0.04567307692307692 0.040865384615384616
0 0.06610576923076923 0.9951923076923077 0.02403846153846154 0.007211538461538462
0 0.6382211538461539 0.8858173076923077 0.04447115384615385 0.04807692307692308