0 0.5877403846153846 0.1310096153846154 0.04447115384615385 0.04927884615384615
0 0.5913461538461539 0.2127403846153846 0.05048076923076923 0.06971153846153846
0 0.359375 0.21995192307692307 0.0829326923076923 0.07932692307692307
0 0.27283653846153844 0.13581730769230768 0.055288461538461536 0.038461538461538464
0 0.5108173076923077 0.1875 0.10817307692307693 0.08653846153846154
0 0.3581730769230769 0.09375 0.0829326923076923 0.06850961538461539
0 0.5072115384615384 0.10697115384615384 0.04326923076923077 0.04326923076923077
0 0.5793269230769231 0.12620192307692307 0.038461538461538464 0.021634615384615384
0 0.6875 0.19951923076923078 0.027644230769230768 0.06610576923076923
0 0.7307692307692307 0.16346153846153846 0.038461538461538464 0.055288461538461536
0 0.7680288461538461 0.2439903846153846 0.06009615384615385 0.06490384615384616
0 0.9543269230769231 0.2512019230769231 0.054086538461538464 0.06129807692307692
0 0.90625 0.2980769230769231 0.036057692307692304 0.030048076923076924
0 0.953125 0.34134615384615385 0.057692307692307696 0.038461538461538464
0 0.8930288461538461 0.5012019230769231 0.028846153846153848 0.052884615384615384
0 0.9110576923076923 0.5588942307692307 0.013221153846153846 0.02283653846153846
0 0.8677884615384616 0.5637019230769231 0.051682692307692304 0.0829326923076923
0 0.8665865384615384 0.5084134615384616 0.02403846153846154 0.02403846153846154
0 0.7211538461538461 0.5072115384615384 0.037259615384615384 0.055288461538461536
0 0.765625 0.5288461538461539 0.042067307692307696 0.06009615384615385
0 0.41947115384615385 0.12139423076923077 0.025240384615384616 0.040865384615384616
0 0.6598557692307693 0.24759615384615385 0.028846153846153848 0.037259615384615384
0 0.5853365384615384 0.28725961538461536 0.046875 0.028846153846153848
0 0.640625 0.3125 0.06850961538461539 0.04807692307692308
0 0.5913461538461539 0.25721153846153844 0.03365384615384615 0.030048076923076924
0 0.59375 0.234375 0.027644230769230768 0.03245192307692308
0 0.5504807692307693 0.31850961538461536 0.12620192307692307 0.08052884615384616
0 0.5480769230769231 0.3016826923076923 0.054086538461538464 0.039663461538461536
0 0.3641826923076923 0.3016826923076923 0.03125 0.018028846153846152
0 0.3701923076923077 0.28966346153846156 0.06370192307692307 0.027644230769230768
0 0.15625 0.2608173076923077 0.14543269230769232 0.026442307692307692
0 0.28725961538461536 0.33774038461538464 0.06129807692307692 0.039663461538461536
0 0.34375 0.39903846153846156 0.07572115384615384 0.04567307692307692
0 0.22956730769230768 0.3425480769230769 0.028846153846153848 0.02403846153846154
0 0.23677884615384615 0.4050480769230769 0.03485576923076923 0.009615384615384616
0 0.3269230769230769 0.4362980769230769 0.027644230769230768 0.025240384615384616
0 0.3641826923076923 0.48197115384615385 0.057692307692307696 0.04447115384615385
0 0.578125 0.4735576923076923 0.08653846153846154 0.027644230769230768
0 0.6862980769230769 0.42908653846153844 0.03485576923076923 0.03125
0 0.5576923076923077 0.8485576923076923 0.052884615384615384 0.039663461538461536
0 0.5649038461538461 0.7920673076923077 0.046875 0.019230769230769232
0 0.328125 0.8257211538461539 0.057692307692307696 0.019230769230769232
0 0.5877403846153846 0.953125 0.06009615384615385 0.030048076923076924
0 0.7451923076923077 0.921875 0.030048076923076924 0.03125
0 0.4735576923076923 0.7403846153846154 0.06490384615384616 0.019230769230769232
0 0.8858173076923077 0.9074519230769231 0.055288461538461536 0.04326923076923077
0 0.9579326923076923 0.7980769230769231 0.016826923076923076 0.021634615384615384
0 0.7704326923076923 0.8137019230769231 0.026442307692307692 0.030048076923076924
0 0.8233173076923077 0.7379807692307693 0.026442307692307692 0.036057692307692304
0 0.8858173076923077 0.6658653846153846 0.02403846153846154 0.05048076923076923
0 0.828125 0.6802884615384616 0.055288461538461536 0.02403846153846154
0 0.9158653846153846 0.6021634615384616 0.04567307692307692 0.04447115384615385
0 0.9615384615384616 0.6646634615384616 0.039663461538461536 0.04807692307692308
0 0.6862980769230769 0.7427884615384616 0.04927884615384615 0.028846153846153848
0 0.6911057692307693 0.6598557692307693 0.06009615384615385 0.02403846153846154
0 0.2127403846153846 0.8533653846153846 0.07572115384615384 0.018028846153846152
0 0.10697115384615384 0.8882211538461539 0.1045673076923077 0.019230769230769232
0 0.3449519230769231 0.6778846153846154 0.109375 0.04447115384615385
0 0.06490384615384616 0.6418269230769231 0.08052884615384616 0.0625
0 0.09375 0.7019230769230769 0.07572115384615384 0.02283653846153846
0 0.07572115384615384 0.71875 0.04326923076923077 0.01201923076923077
0 0.234375 0.6778846153846154 0.05889423076923077 0.07932692307692307
0 0.21514423076923078 0.8028846153846154 0.08413461538461539 0.05889423076923077
0 0.6009615384615384 0.6875 0.078125 0.02283653846153846
0 0.6274038461538461 0.7175480769230769 0.06490384615384616 0.025240384615384616
0 0.5745192307692307 0.9182692307692307 0.03365384615384615 0.03245192307692308
0 0.15625 0.4254807692307692 0.1141826923076923 0.11778846153846154
0 0.09735576923076923 0.453125 0.09134615384615384 0.04447115384615385
0 0.15625 0.4951923076923077 0.08774038461538461 0.042067307692307696
0 0.1778846153846154 0.5180288461538461 0.03245192307692308 0.015625
0 0.12259615384615384 0.5144230769230769 0.06490384615384616 0.019230769230769232
0 0.1971153846153846 0.5480769230769231 0.06971153846153846 0.038461538461538464
0 0.203125 0.5036057692307693 0.09134615384615384 0.07451923076923077
0 0.23918269230769232 0.5552884615384616 0.018028846153846152 0.015625
0 0.28846153846153844 0.5901442307692307 0.0625 0.03365384615384615
0 0.36177884615384615 0.5168269230769231 0.09134615384615384 0.06850961538461539
0 0.4543269230769231 0.5745192307692307 0.08173076923076923 0.028846153846153848
0 0.5420673076923077 0.5600961538461539 0.07572115384615384 0.038461538461538464
0 0.4206730769230769 0.5925480769230769 0.06490384615384616 0.018028846153846152
0 0.38822115384615385 0.5192307692307693 0.016826923076923076 0.014423076923076924
0 0.2091346153846154 0.6033653846153846 0.08653846153846154 0.0673076923076923
0 0.29447115384615385 0.6177884615384616 0.015625 0.002403846153846154
0 0.31850961538461536 0.6358173076923077 0.08173076923076923 0.026442307692307692
0 0.36538461538461536 0.578125 0.056490384615384616 0.015625
0 0.3557692307692308 0.5901442307692307 0.04447115384615385 0.039663461538461536
0 0.38100961538461536 0.6334134615384616 0.02283653846153846 0.019230769230769232
0 0.484375 0.6622596153846154 0.0673076923076923 0.013221153846153846
0 0.9266826923076923 0.7043269230769231 0.028846153846153848 0.025240384615384616
0 0.96875 0.7115384615384616 0.025240384615384616 0.03125
0 0.10576923076923077 0.6502403846153846 0.05048076923076923 0.02403846153846154
0 0.15625 0.671875 0.04447115384615385 0.013221153846153846
0 0.109375 0.7427884615384616 0.0733173076923077 0.03365384615384615
0 0.0733173076923077 0.5637019230769231 0.038461538461538464 0.027644230769230768
0 0.6009615384615384 0.5528846153846154 0.03485576923076923 0.046875
0 0.6442307692307693 0.5564903846153846 0.03125 0.028846153846153848
0 0.6778846153846154 0.5949519230769231 0.04927884615384615 0.028846153846153848
0 0.6081730769230769 0.5829326923076923 0.019230769230769232 0.016826923076923076
0 0.38461538461538464 0.36658653846153844 0.056490384615384616 0.028846153846153848
0 0.5528846153846154 0.18269230769230768 0.06009615384615385 0.06971153846153846
0 0.0625 0.7367788461538461 0.016826923076923076 0.02283653846153846
0 0.13822115384615385 0.5745192307692307 0.05889423076923077 0.03485576923076923
0 0.12980769230769232 0.59375 0.06971153846153846 0.03245192307692308
0 0.18389423076923078 0.01201923076923077 0.06610576923076923 0.02403846153846154
0 0.47475961538461536 0.14302884615384615 0.055288461538461536 0.055288461538461536