0 0.04807692307692308 0.08533653846153846 0.09615384615384616 0.06850961538461539
0 0.055288461538461536 0.12860576923076922 0.08653846153846154 0.037259615384615384
0 0.1141826923076923 0.19831730769230768 0.09134615384615384 0.06971153846153846
0 0.13341346153846154 0.25600961538461536 0.10216346153846154 0.04927884615384615
0 0.3858173076923077 0.18028846153846154 0.1141826923076923 0.05048076923076923
0 0.31009615384615385 0.11177884615384616 0.14302884615384615 0.0673076923076923
0 0.06370192307692307 0.2692307692307692 0.09134615384615384 0.040865384615384616
0 0.29447115384615385 0.2764423076923077 0.06971153846153846 0.08052884615384616
0 0.6310096153846154 0.2920673076923077 0.06370192307692307 0.04447115384615385
0 0.6382211538461539 0.2608173076923077 0.046875 0.038461538461538464
0 0.5757211538461539 0.3449519230769231 0.040865384615384616 0.039663461538461536
0 0.5480769230769231 0.3329326923076923 0.06009615384615385 0.06850961538461539
0 0.5540865384615384 0.4411057692307692 0.055288461538461536 0.04927884615384615
0 0.9771634615384616 0.2247596153846154 0.04447115384615385 0.055288461538461536
0 0.027644230769230768 0.78125 0.055288461538461536 0.046875
0 0.11177884615384616 0.7668269230769231 0.11057692307692307 0.06610576923076923
0 0.18028846153846154 0.6466346153846154 0.04567307692307692 0.0673076923076923
0 0.36177884615384615 0.6370192307692307 0.08413461538461539 0.04447115384615385
0 0.009615384615384616 0.9927884615384616 0.018028846153846152 0.013221153846153846
0 0.16706730769230768 0.9579326923076923 0.039663461538461536 0.08052884615384616
0 0.18269230769230768 0.8257211538461539 0.06370192307692307 0.08774038461538461
0 0.19951923076923078 0.84375 0.08653846153846154 0.08653846153846154
0 0.2668269230769231 0.8894230769230769 0.06009615384615385 0.04447115384615385
0 0.453125 0.7307692307692307 0.042067307692307696 0.025240384615384616
0 0.46634615384615385 0.7560096153846154 0.03485576923076923 0.03365384615384615
0 0.4014423076923077 0.9423076923076923 0.10576923076923077 0.1141826923076923
0 0.5612980769230769 0.6706730769230769 0.037259615384615384 0.06009615384615385
0 0.5649038461538461 0.8533653846153846 0.04447115384615385 0.057692307692307696
0 0.6141826923076923 0.8389423076923077 0.039663461538461536 0.07572115384615384
0 0.6911057692307693 0.8016826923076923 0.05048076923076923 0.07091346153846154
0 0.5625 0.9867788461538461 0.055288461538461536 0.02403846153846154
0 0.6766826923076923 0.9615384615384616 0.07692307692307693 0.07572115384615384
0 0.7632211538461539 0.9579326923076923 0.054086538461538464 0.08173076923076923
0 0.7860576923076923 0.8461538461538461 0.042067307692307696 0.04567307692307692
0 0.7608173076923077 0.8822115384615384 0.07091346153846154 0.08653846153846154
0 0.8930288461538461 0.8185096153846154 0.052884615384615384 0.07932692307692307
0 0.9819711538461539 0.8665865384615384 0.03485576923076923 0.057692307692307696
0 0.65625 0.5180288461538461 0.06971153846153846 0.051682692307692304
0 0.47115384615384615 0.5276442307692307 0.055288461538461536 0.06009615384615385
0 0.5444711538461539 0.5228365384615384 0.037259615384615384 0.04927884615384615
0 0.9411057692307693 0.4579326923076923 0.06009615384615385 0.04567307692307692
0 0.8725961538461539 0.5024038461538461 0.038461538461538464 0.051682692307692304
0 0.5072115384615384 0.4735576923076923 0.04567307692307692 0.036057692307692304