0 0.6887019230769231 0.6538461538461539 0.11177884615384616 0.055288461538461536
0 0.4855769230769231 0.125 0.07572115384615384 0.08533653846153846
0 0.5384615384615384 0.4987980769230769 0.12259615384615384 0.12740384615384615
0 0.27884615384615385 0.16826923076923078 0.15144230769230768 0.06490384615384616
0 0.9338942307692307 0.22956730769230768 0.1310096153846154 0.09134615384615384
0 0.5516826923076923 0.7391826923076923 0.07211538461538461 0.09615384615384616
0 0.44591346153846156 0.8930288461538461 0.038461538461538464 0.06610576923076923
0 0.6382211538461539 0.039663461538461536 0.0889423076923077 0.07692307692307693
0 0.3942307692307692 0.6298076923076923 0.07572115384615384 0.15504807692307693
0 0.6790865384615384 0.36778846153846156 0.06009615384615385 0.054086538461538464
0 0.1045673076923077 0.5192307692307693 0.10096153846153846 0.10817307692307693
0 0.27163461538461536 0.2668269230769231 0.07091346153846154 0.08413461538461539
0 0.21514423076923078 0.04326923076923077 0.15144230769230768 0.08653846153846154
0 0.4362980769230769 0.8052884615384616 0.10817307692307693 0.10817307692307693
0 0.23677884615384615 0.6586538461538461 0.10336538461538461 0.10697115384615384
0 0.19471153846153846 0.11658653846153846 0.06971153846153846 0.08774038461538461
0 0.890625 0.06490384615384616 0.07572115384615384 0.09134615384615384
0 0.9555288461538461 0.5588942307692307 0.08413461538461539 0.07932692307692307
0 0.1310096153846154 0.9699519230769231 0.09735576923076923 0.055288461538461536
0 0.44711538461538464 0.3125 0.09975961538461539 0.09615384615384616
0 0.3173076923076923 0.4651442307692308 0.12259615384615384 0.07572115384615384
0 0.02403846153846154 0.4987980769230769 0.04807692307692308 0.1201923076923077
0 0.41346153846153844 0.3918269230769231 0.11899038461538461 0.12740384615384615
0 0.13341346153846154 0.6165865384615384 0.07091346153846154 0.0625
0 0.29447115384615385 0.3870192307692308 0.1141826923076923 0.08413461538461539
0 0.3004807692307692 0.5132211538461539 0.11658653846153846 0.06009615384615385
0 0.3293269230769231 0.07091346153846154 0.19471153846153846 0.09134615384615384
0 0.8521634615384616 0.296875 0.09495192307692307 0.09134615384615384
0 0.9519230769230769 0.30528846153846156 0.09495192307692307 0.08413461538461539
0 0.9146634615384616 0.9194711538461539 0.14302884615384615 0.10096153846153846