0 0.8028846153846154 0.20072115384615385 0.03125 0.09375
0 0.8052884615384616 0.1310096153846154 0.06610576923076923 0.05048076923076923
0 0.8605769230769231 0.22355769230769232 0.057692307692307696 0.030048076923076924
0 0.8293269230769231 0.2536057692307692 0.0733173076923077 0.03485576923076923
0 0.8689903846153846 0.3245192307692308 0.04927884615384615 0.055288461538461536
0 0.9074519230769231 0.34615384615384615 0.037259615384615384 0.08052884615384616
0 0.9375 0.3233173076923077 0.06610576923076923 0.06129807692307692
0 0.7632211538461539 0.29927884615384615 0.02283653846153846 0.07932692307692307
0 0.7259615384615384 0.28725961538461536 0.04326923076923077 0.07692307692307693
0 0.7151442307692307 0.3293269230769231 0.03365384615384615 0.056490384615384616
0 0.8617788461538461 0.16706730769230768 0.04447115384615385 0.030048076923076924
0 0.6598557692307693 0.24639423076923078 0.036057692307692304 0.04447115384615385
0 0.6129807692307693 0.2920673076923077 0.046875 0.03245192307692308
0 0.6165865384615384 0.1971153846153846 0.036057692307692304 0.036057692307692304
0 0.48197115384615385 0.31490384615384615 0.04447115384615385 0.052884615384615384
0 0.5168269230769231 0.2776442307692308 0.046875 0.02283653846153846
0 0.4831730769230769 0.24759615384615385 0.0673076923076923 0.02403846153846154
0 0.2127403846153846 0.10096153846153846 0.03365384615384615 0.06490384615384616
0 0.37740384615384615 0.33653846153846156 0.052884615384615384 0.027644230769230768
0 0.31971153846153844 0.23557692307692307 0.03485576923076923 0.042067307692307696
0 0.20793269230769232 0.2860576923076923 0.078125 0.03365384615384615
0 0.16105769230769232 0.21394230769230768 0.026442307692307692 0.057692307692307696
0 0.25600961538461536 0.16826923076923078 0.03365384615384615 0.052884615384615384
0 0.24759615384615385 0.22355769230769232 0.046875 0.028846153846153848
0 0.2620192307692308 0.21033653846153846 0.04567307692307692 0.028846153846153848
0 0.039663461538461536 0.21634615384615385 0.037259615384615384 0.039663461538461536
0 0.29927884615384615 0.35697115384615385 0.026442307692307692 0.08653846153846154
0 0.109375 0.2860576923076923 0.021634615384615384 0.04447115384615385
0 0.4951923076923077 0.46274038461538464 0.039663461538461536 0.07211538461538461
0 0.9314903846153846 0.5949519230769231 0.0829326923076923 0.038461538461538464
0 0.7704326923076923 0.5901442307692307 0.0829326923076923 0.040865384615384616
0 0.7716346153846154 0.6358173076923077 0.06009615384615385 0.07932692307692307
0 0.7103365384615384 0.6129807692307693 0.06009615384615385 0.08774038461538461
0 0.6850961538461539 0.6586538461538461 0.055288461538461536 0.046875
0 0.5805288461538461 0.65625 0.0733173076923077 0.04447115384615385
0 0.5264423076923077 0.6514423076923077 0.038461538461538464 0.04927884615384615
0 0.48677884615384615 0.6850961538461539 0.08052884615384616 0.03365384615384615
0 0.5096153846153846 0.6165865384615384 0.04447115384615385 0.027644230769230768
0 0.2980769230769231 0.6670673076923077 0.020432692307692308 0.06129807692307692
0 0.36177884615384615 0.6899038461538461 0.038461538461538464 0.08774038461538461
0 0.40625 0.6394230769230769 0.06610576923076923 0.03125
0 0.4375 0.5985576923076923 0.057692307692307696 0.03485576923076923
0 0.39783653846153844 0.578125 0.042067307692307696 0.039663461538461536
0 0.31971153846153844 0.5600961538461539 0.109375 0.03125
0 0.06971153846153846 0.7451923076923077 0.04447115384615385 0.07451923076923077
0 0.052884615384615384 0.7103365384615384 0.0829326923076923 0.03245192307692308
0 0.0889423076923077 0.6153846153846154 0.02403846153846154 0.03245192307692308
0 0.0985576923076923 0.5661057692307693 0.038461538461538464 0.028846153846153848
0 0.12259615384615384 0.5264423076923077 0.03485576923076923 0.039663461538461536
0 0.2704326923076923 0.9230769230769231 0.06610576923076923 0.038461538461538464
0 0.22956730769230768 0.8858173076923077 0.055288461538461536 0.030048076923076924
0 0.20673076923076922 0.9122596153846154 0.057692307692307696 0.030048076923076924
0 0.1045673076923077 0.875 0.03245192307692308 0.051682692307692304
0 0.7692307692307693 0.8028846153846154 0.028846153846153848 0.042067307692307696
0 0.42788461538461536 0.7367788461538461 0.03365384615384615 0.05889423076923077
0 0.7379807692307693 0.8990384615384616 0.036057692307692304 0.06971153846153846
0 0.4855769230769231 0.8990384615384616 0.026442307692307692 0.08774038461538461
0 0.9495192307692307 0.8677884615384616 0.04447115384615385 0.038461538461538464
0 0.5552884615384616 0.9170673076923077 0.026442307692307692 0.036057692307692304
0 0.5865384615384616 0.9170673076923077 0.03485576923076923 0.038461538461538464
0 0.6225961538461539 0.9254807692307693 0.027644230769230768 0.019230769230769232
0 0.45072115384615385 0.21153846153846154 0.02403846153846154 0.02403846153846154
0 0.5649038461538461 0.21754807692307693 0.016826923076923076 0.02403846153846154
0 0.7752403846153846 0.4879807692307692 0.04807692307692308 0.08173076923076923
0 0.9447115384615384 0.7043269230769231 0.028846153846153848 0.12139423076923077
0 0.8557692307692307 0.6502403846153846 0.08774038461538461 0.06370192307692307
0 0.078125 0.4855769230769231 0.03365384615384615 0.03365384615384615
0 0.9507211538461539 0.8233173076923077 0.013221153846153846 0.03485576923076923
0 0.9435096153846154 0.8377403846153846 0.038461538461538464 0.014423076923076924
0 0.9603365384615384 0.7608173076923077 0.02403846153846154 0.036057692307692304
0 0.8798076923076923 0.7055288461538461 0.03245192307692308 0.04447115384615385
0 0.4170673076923077 0.6646634615384616 0.02283653846153846 0.016826923076923076
0 0.27163461538461536 0.2403846153846154 0.042067307692307696 0.038461538461538464
0 0.5709134615384616 0.2512019230769231 0.028846153846153848 0.02403846153846154
0 0.6538461538461539 0.19831730769230768 0.018028846153846152 0.021634615384615384
0 0.9014423076923077 0.18389423076923078 0.037259615384615384 0.042067307692307696
0 0.2932692307692308 0.03125 0.01201923076923077 0.010817307692307692
0 0.09975961538461539 0.19230769230769232 0.026442307692307692 0.018028846153846152
0 0.3605769230769231 0.265625 0.025240384615384616 0.028846153846153848
0 0.057692307692307696 0.5673076923076923 0.039663461538461536 0.030048076923076924
0 0.39903846153846156 0.6189903846153846 0.018028846153846152 0.015625
0 0.02283653846153846 0.8389423076923077 0.018028846153846152 0.018028846153846152
0 0.9350961538461539 0.35096153846153844 0.028846153846153848 0.054086538461538464
0 0.8930288461538461 0.984375 0.04447115384615385 0.028846153846153848
0 0.8605769230769231 0.9855769230769231 0.037259615384615384 0.026442307692307692
0 0.6754807692307693 0.9867788461538461 0.040865384615384616 0.02403846153846154
0 0.6550480769230769 0.21514423076923078 0.04326923076923077 0.019230769230769232