0 0.056490384615384616 0.47475961538461536 0.09375 0.09375
0 0.7139423076923077 0.4254807692307692 0.0985576923076923 0.21153846153846154
0 0.2536057692307692 0.9651442307692307 0.11778846153846154 0.06850961538461539
0 0.05048076923076923 0.8521634615384616 0.10096153846153846 0.06490384615384616
0 0.04807692307692308 0.9387019230769231 0.09615384615384616 0.08052884615384616
0 0.7524038461538461 0.8966346153846154 0.11057692307692307 0.15264423076923078
0 0.11658653846153846 0.08653846153846154 0.1971153846153846 0.16947115384615385
0 0.9627403846153846 0.3786057692307692 0.07211538461538461 0.16105769230769232
0 0.9423076923076923 0.9471153846153846 0.11298076923076923 0.10216346153846154
0 0.14543269230769232 0.5180288461538461 0.0625 0.0889423076923077
0 0.18389423076923078 0.6129807692307693 0.09254807692307693 0.14543269230769232
0 0.29447115384615385 0.49399038461538464 0.09014423076923077 0.11177884615384616
0 0.6875 0.9819711538461539 0.06971153846153846 0.03365384615384615
0 0.4098557692307692 0.453125 0.07932692307692307 0.11778846153846154
0 0.25 0.6899038461538461 0.09014423076923077 0.06971153846153846
0 0.04807692307692308 0.23076923076923078 0.09615384615384616 0.1778846153846154
0 0.5889423076923077 0.875 0.06370192307692307 0.12379807692307693
0 0.3737980769230769 0.8990384615384616 0.10096153846153846 0.12740384615384615
0 0.5444711538461539 0.8930288461538461 0.13822115384615385 0.2127403846153846
0 0.9543269230769231 0.0889423076923077 0.0889423076923077 0.1778846153846154
0 0.19471153846153846 0.9387019230769231 0.09134615384615384 0.08052884615384616
0 0.06009615384615385 0.0673076923076923 0.1201923076923077 0.13341346153846154
0 0.3641826923076923 0.9675480769230769 0.0829326923076923 0.06370192307692307
0 0.08413461538461539 0.2644230769230769 0.16826923076923078 0.1346153846153846
0 0.9350961538461539 0.7740384615384616 0.09375 0.1622596153846154
0 0.27884615384615385 0.06850961538461539 0.11057692307692307 0.13701923076923078