0 0.12139423076923077 0.055288461538461536 0.04447115384615385 0.03485576923076923
0 0.15745192307692307 0.13581730769230768 0.052884615384615384 0.03365384615384615
0 0.15384615384615385 0.11538461538461539 0.04326923076923077 0.02403846153846154
0 0.28365384615384615 0.12139423076923077 0.06009615384615385 0.03485576923076923
0 0.27283653846153844 0.1935096153846154 0.04807692307692308 0.026442307692307692
0 0.27163461538461536 0.15985576923076922 0.09615384615384616 0.042067307692307696
0 0.1935096153846154 0.17668269230769232 0.06971153846153846 0.04447115384615385
0 0.0625 0.27283653846153844 0.04927884615384615 0.03245192307692308
0 0.052884615384615384 0.26322115384615385 0.042067307692307696 0.027644230769230768
0 0.09014423076923077 0.32091346153846156 0.06370192307692307 0.07091346153846154
0 0.14543269230769232 0.3233173076923077 0.04567307692307692 0.039663461538461536
0 0.0829326923076923 0.45072115384615385 0.057692307692307696 0.05048076923076923
0 0.027644230769230768 0.5625 0.054086538461538464 0.06610576923076923
0 0.13822115384615385 0.4987980769230769 0.04927884615384615 0.052884615384615384
0 0.1875 0.43990384615384615 0.03365384615384615 0.037259615384615384
0 0.2548076923076923 0.42908653846153844 0.04927884615384615 0.05048076923076923
0 0.2920673076923077 0.47716346153846156 0.03365384615384615 0.05048076923076923
0 0.3076923076923077 0.23317307692307693 0.06971153846153846 0.026442307692307692
0 0.31490384615384615 0.2644230769230769 0.046875 0.042067307692307696
0 0.3605769230769231 0.2548076923076923 0.06971153846153846 0.06490384615384616
0 0.2620192307692308 0.3401442307692308 0.04567307692307692 0.04326923076923077
0 0.4014423076923077 0.3701923076923077 0.028846153846153848 0.018028846153846152
0 0.4170673076923077 0.38221153846153844 0.03365384615384615 0.03485576923076923
0 0.49278846153846156 0.41346153846153844 0.028846153846153848 0.02403846153846154
0 0.3918269230769231 0.41947115384615385 0.028846153846153848 0.03125
0 0.39663461538461536 0.46033653846153844 0.03365384615384615 0.030048076923076924
0 0.45913461538461536 0.4519230769230769 0.04326923076923077 0.03365384615384615
0 0.49399038461538464 0.4795673076923077 0.04326923076923077 0.042067307692307696
0 0.45913461538461536 0.49158653846153844 0.039663461538461536 0.03365384615384615
0 0.45913461538461536 0.5324519230769231 0.037259615384615384 0.039663461538461536
0 0.31850961538461536 0.5564903846153846 0.04447115384615385 0.07451923076923077
0 0.39302884615384615 0.5805288461538461 0.052884615384615384 0.06850961538461539
0 0.5709134615384616 0.5793269230769231 0.04567307692307692 0.040865384615384616
0 0.47475961538461536 0.6117788461538461 0.040865384615384616 0.04927884615384615
0 0.48677884615384615 0.6875 0.046875 0.09615384615384616
0 0.4423076923076923 0.6862980769230769 0.03365384615384615 0.06009615384615385
0 0.47596153846153844 0.8004807692307693 0.03365384615384615 0.04927884615384615
0 0.6225961538461539 0.7764423076923077 0.03485576923076923 0.04927884615384615
0 0.7367788461538461 0.8233173076923077 0.06971153846153846 0.038461538461538464
0 0.7007211538461539 0.8413461538461539 0.036057692307692304 0.042067307692307696
0 0.5384615384615384 0.84375 0.042067307692307696 0.06850961538461539
0 0.5600961538461539 0.8653846153846154 0.03365384615384615 0.046875
0 0.4326923076923077 0.9146634615384616 0.04807692307692308 0.08413461538461539
0 0.1658653846153846 0.8125 0.0829326923076923 0.0829326923076923
0 0.14783653846153846 0.859375 0.06009615384615385 0.15745192307692307
0 0.3293269230769231 0.9711538461538461 0.039663461538461536 0.052884615384615384
0 0.33052884615384615 0.8822115384615384 0.03125 0.05048076923076923
0 0.48197115384615385 0.9783653846153846 0.028846153846153848 0.038461538461538464
0 0.026442307692307692 0.6225961538461539 0.051682692307692304 0.04807692307692308
0 0.08774038461538461 0.6201923076923077 0.06490384615384616 0.056490384615384616
0 0.4423076923076923 0.17427884615384615 0.05048076923076923 0.055288461538461536
0 0.6574519230769231 0.23317307692307693 0.04927884615384615 0.05048076923076923
0 0.734375 0.2127403846153846 0.028846153846153848 0.026442307692307692
0 0.7043269230769231 0.23317307692307693 0.03485576923076923 0.030048076923076924
0 0.7475961538461539 0.2776442307692308 0.028846153846153848 0.03365384615384615
0 0.6971153846153846 0.3425480769230769 0.04447115384615385 0.040865384615384616
0 0.7115384615384616 0.5384615384615384 0.04927884615384615 0.04326923076923077
0 0.8052884615384616 0.5841346153846154 0.046875 0.040865384615384616
0 0.8617788461538461 0.5661057692307693 0.03365384615384615 0.028846153846153848
0 0.8954326923076923 0.5180288461538461 0.04447115384615385 0.03365384615384615
0 0.8990384615384616 0.5576923076923077 0.03485576923076923 0.040865384615384616
0 0.8040865384615384 0.5024038461538461 0.03125 0.03245192307692308
0 0.8365384615384616 0.5060096153846154 0.03125 0.03125
0 0.7800480769230769 0.390625 0.03125 0.042067307692307696
0 0.8557692307692307 0.34134615384615385 0.028846153846153848 0.03245192307692308
0 0.8930288461538461 0.3545673076923077 0.025240384615384616 0.028846153846153848
0 0.8353365384615384 0.19831730769230768 0.040865384615384616 0.046875
0 0.6622596153846154 0.10216346153846154 0.046875 0.038461538461538464
0 0.6959134615384616 0.15985576923076922 0.026442307692307692 0.027644230769230768
0 0.7992788461538461 0.08052884615384616 0.03365384615384615 0.030048076923076924
0 0.8389423076923077 0.1141826923076923 0.030048076923076924 0.025240384615384616
0 0.9278846153846154 0.1875 0.037259615384615384 0.03245192307692308
0 0.9375 0.27403846153846156 0.04326923076923077 0.04326923076923077
0 0.9375 0.3112980769230769 0.039663461538461536 0.027644230769230768
0 0.9447115384615384 0.34615384615384615 0.037259615384615384 0.03365384615384615
0 0.9399038461538461 0.06610576923076923 0.03365384615384615 0.028846153846153848
0 0.65625 0.8052884615384616 0.030048076923076924 0.03485576923076923
0 0.8413461538461539 0.7259615384615384 0.046875 0.04326923076923077
0 0.890625 0.7235576923076923 0.056490384615384616 0.038461538461538464
0 0.8894230769230769 0.7632211538461539 0.052884615384615384 0.03365384615384615
0 0.8677884615384616 0.7704326923076923 0.046875 0.038461538461538464
0 0.9807692307692307 0.6887019230769231 0.03485576923076923 0.03125
0 0.96875 0.7716346153846154 0.054086538461538464 0.03485576923076923
0 0.9507211538461539 0.8209134615384616 0.055288461538461536 0.038461538461538464
0 0.9411057692307693 0.8653846153846154 0.057692307692307696 0.039663461538461536
0 0.9771634615384616 0.9903846153846154 0.04447115384615385 0.016826923076923076
0 0.9026442307692307 0.9855769230769231 0.03365384615384615 0.026442307692307692
0 0.9459134615384616 0.921875 0.046875 0.05048076923076923
0 0.984375 0.8978365384615384 0.026442307692307692 0.06971153846153846
0 0.01201923076923077 0.47596153846153844 0.02403846153846154 0.04326923076923077
0 0.35697115384615385 0.5120192307692307 0.03125 0.04326923076923077
0 0.8894230769230769 0.20673076923076922 0.03245192307692308 0.03125
0 0.8341346153846154 0.0625 0.028846153846153848 0.030048076923076924
0 0.703125 0.18028846153846154 0.02283653846153846 0.018028846153846152
0 0.28125 0.06129807692307692 0.06490384615384616 0.03365384615384615
0 0.28846153846153844 0.10216346153846154 0.09254807692307693 0.042067307692307696
0 0.12860576923076922 0.09134615384615384 0.07572115384615384 0.02403846153846154