0 0.7908653846153846 0.26802884615384615 0.046875 0.055288461538461536
0 0.5288461538461539 0.6742788461538461 0.06850961538461539 0.04447115384615385
0 0.2127403846153846 0.171875 0.04927884615384615 0.07091346153846154
0 0.8365384615384616 0.71875 0.07451923076923077 0.08533653846153846
0 0.9759615384615384 0.9603365384615384 0.046875 0.04447115384615385
0 0.7451923076923077 0.5408653846153846 0.052884615384615384 0.051682692307692304
0 0.5180288461538461 0.09615384615384616 0.0625 0.08052884615384616
0 0.21754807692307693 0.23317307692307693 0.08052884615384616 0.054086538461538464
0 0.4675480769230769 0.515625 0.12379807692307693 0.06009615384615385
0 0.6634615384615384 0.03365384615384615 0.0889423076923077 0.04927884615384615
0 0.578125 0.5360576923076923 0.09375 0.052884615384615384
0 0.21514423076923078 0.6153846153846154 0.10096153846153846 0.06490384615384616
0 0.7668269230769231 0.9194711538461539 0.055288461538461536 0.04447115384615385
0 0.5829326923076923 0.96875 0.06971153846153846 0.04927884615384615
0 0.25961538461538464 0.4495192307692308 0.05889423076923077 0.06971153846153846
0 0.890625 0.41947115384615385 0.09134615384615384 0.05889423076923077
0 0.5985576923076923 0.7716346153846154 0.0673076923076923 0.051682692307692304
0 0.03245192307692308 0.7163461538461539 0.06490384615384616 0.05048076923076923
0 0.43990384615384615 0.3125 0.06610576923076923 0.057692307692307696
0 0.3942307692307692 0.6322115384615384 0.05889423076923077 0.055288461538461536
0 0.6069711538461539 0.6514423076923077 0.11057692307692307 0.0673076923076923
0 0.6141826923076923 0.7427884615384616 0.030048076923076924 0.0733173076923077
0 0.27524038461538464 0.013221153846153846 0.07572115384615384 0.025240384615384616
0 0.5552884615384616 0.019230769230769232 0.07572115384615384 0.036057692307692304
0 0.06610576923076923 0.44711538461538464 0.055288461538461536 0.08052884615384616
0 0.8653846153846154 0.7764423076923077 0.04927884615384615 0.06009615384615385
0 0.038461538461538464 0.2692307692307692 0.07692307692307693 0.056490384615384616
0 0.7524038461538461 0.6610576923076923 0.055288461538461536 0.05048076923076923
0 0.23557692307692307 0.08774038461538461 0.07451923076923077 0.0625
0 0.5084134615384616 0.6418269230769231 0.06370192307692307 0.039663461538461536
0 0.36899038461538464 0.6971153846153846 0.11658653846153846 0.05048076923076923
0 0.9795673076923077 0.47475961538461536 0.038461538461538464 0.04927884615384615
0 0.3329326923076923 0.6634615384615384 0.06009615384615385 0.038461538461538464
0 0.41947115384615385 0.23197115384615385 0.1141826923076923 0.06490384615384616
0 0.34615384615384615 0.6021634615384616 0.0625 0.04807692307692308
0 0.34615384615384615 0.7704326923076923 0.06610576923076923 0.037259615384615384
0 0.6490384615384616 0.6334134615384616 0.07451923076923077 0.042067307692307696
0 0.2668269230769231 0.037259615384615384 0.06490384615384616 0.03365384615384615
0 0.20432692307692307 0.5673076923076923 0.06129807692307692 0.028846153846153848
0 0.5300480769230769 0.5805288461538461 0.06971153846153846 0.038461538461538464
0 0.5216346153846154 0.9134615384615384 0.13221153846153846 0.06850961538461539
0 0.5276442307692307 0.6201923076923077 0.0625 0.039663461538461536
0 0.734375 0.7908653846153846 0.09254807692307693 0.0733173076923077
0 0.5516826923076923 0.4951923076923077 0.11778846153846154 0.07692307692307693
0 0.4807692307692308 0.859375 0.0625 0.07692307692307693
0 0.7487980769230769 0.8653846153846154 0.04447115384615385 0.040865384615384616
0 0.10576923076923077 0.25961538461538464 0.06129807692307692 0.04326923076923077
0 0.48677884615384615 0.22235576923076922 0.042067307692307696 0.046875
0 0.9447115384615384 0.36538461538461536 0.04927884615384615 0.08653846153846154
0 0.3629807692307692 0.7427884615384616 0.09254807692307693 0.04326923076923077
0 0.2920673076923077 0.19471153846153846 0.07932692307692307 0.08173076923076923
0 0.6105769230769231 0.3125 0.07572115384615384 0.04447115384615385
0 0.8774038461538461 0.6862980769230769 0.042067307692307696 0.04807692307692308
0 0.6947115384615384 0.8305288461538461 0.06610576923076923 0.056490384615384616
0 0.13701923076923078 0.14182692307692307 0.04447115384615385 0.03485576923076923
0 0.6105769230769231 0.019230769230769232 0.028846153846153848 0.038461538461538464
0 0.46875 0.453125 0.06129807692307692 0.06971153846153846
0 0.051682692307692304 0.16105769230769232 0.06370192307692307 0.051682692307692304
0 0.9362980769230769 0.5084134615384616 0.055288461538461536 0.08173076923076923
0 0.1045673076923077 0.4891826923076923 0.07572115384615384 0.05048076923076923
0 0.7680288461538461 0.5180288461538461 0.09014423076923077 0.051682692307692304