0 0.31850961538461536 0.5997596153846154 0.07572115384615384 0.054086538461538464
0 0.8713942307692307 0.09975961538461539 0.04326923076923077 0.046875
0 0.6971153846153846 0.8786057692307693 0.0673076923076923 0.07211538461538461
0 0.8233173076923077 0.7103365384615384 0.07211538461538461 0.08533653846153846
0 0.31971153846153844 0.5420673076923077 0.055288461538461536 0.06129807692307692
0 0.19591346153846154 0.36177884615384615 0.06009615384615385 0.0625
0 0.23197115384615385 0.17067307692307693 0.038461538461538464 0.055288461538461536
0 0.33413461538461536 0.40625 0.0673076923076923 0.051682692307692304
0 0.8725961538461539 0.4050480769230769 0.04326923076923077 0.038461538461538464
0 0.6790865384615384 0.030048076923076924 0.0673076923076923 0.06009615384615385
0 0.7716346153846154 0.6237980769230769 0.0673076923076923 0.056490384615384616
0 0.8798076923076923 0.296875 0.09495192307692307 0.09495192307692307
0 0.08052884615384616 0.18269230769230768 0.06971153846153846 0.08533653846153846
0 0.6322115384615384 0.765625 0.036057692307692304 0.06370192307692307
0 0.8629807692307693 0.5528846153846154 0.078125 0.06129807692307692
0 0.7728365384615384 0.051682692307692304 0.05889423076923077 0.04807692307692308
0 0.7668269230769231 0.1141826923076923 0.04927884615384615 0.03485576923076923
0 0.7548076923076923 0.9711538461538461 0.07091346153846154 0.056490384615384616
0 0.11298076923076923 0.36177884615384615 0.03245192307692308 0.046875
0 0.9795673076923077 0.17427884615384615 0.039663461538461536 0.06971153846153846
0 0.3317307692307692 0.037259615384615384 0.06490384615384616 0.06971153846153846
0 0.9194711538461539 0.71875 0.09254807692307693 0.09134615384615384
0 0.17668269230769232 0.13822115384615385 0.04447115384615385 0.054086538461538464