0 0.8641826923076923 0.10576923076923077 0.1141826923076923 0.09134615384615384
0 0.8930288461538461 0.2536057692307692 0.09975961538461539 0.09615384615384616
0 0.8016826923076923 0.021634615384615384 0.055288461538461536 0.04326923076923077
0 0.2512019230769231 0.6033653846153846 0.11778846153846154 0.0985576923076923
0 0.96875 0.953125 0.06009615384615385 0.09254807692307693
0 0.3858173076923077 0.78125 0.14302884615384615 0.16346153846153846
0 0.46875 0.3858173076923077 0.10096153846153846 0.09134615384615384
0 0.025240384615384616 0.057692307692307696 0.05048076923076923 0.10096153846153846
0 0.027644230769230768 0.21033653846153846 0.055288461538461536 0.09375
0 0.34375 0.33774038461538464 0.09495192307692307 0.11298076923076923
0 0.5709134615384616 0.6442307692307693 0.13581730769230768 0.11538461538461539
0 0.9699519230769231 0.5288461538461539 0.05889423076923077 0.07692307692307693
0 0.7151442307692307 0.6346153846153846 0.07451923076923077 0.10817307692307693
0 0.7932692307692307 0.5793269230769231 0.08774038461538461 0.08653846153846154
0 0.8185096153846154 0.9519230769230769 0.10817307692307693 0.09375
0 0.24278846153846154 0.19471153846153846 0.08774038461538461 0.0733173076923077
0 0.9795673076923077 0.7211538461538461 0.038461538461538464 0.09735576923076923
0 0.08533653846153846 0.8233173076923077 0.07091346153846154 0.11057692307692307
0 0.37259615384615385 0.18028846153846154 0.0985576923076923 0.15264423076923078
0 0.5865384615384616 0.8112980769230769 0.13701923076923078 0.09615384615384616
0 0.030048076923076924 0.8810096153846154 0.056490384615384616 0.12860576923076922