0 0.71875 0.24278846153846154 0.125 0.09615384615384616
0 0.5396634615384616 0.45072115384615385 0.14903846153846154 0.109375
0 0.2512019230769231 0.49038461538461536 0.12259615384615384 0.14783653846153846
0 0.4014423076923077 0.9266826923076923 0.11177884615384616 0.07572115384615384
0 0.5480769230769231 0.6995192307692307 0.09975961538461539 0.11057692307692307
0 0.6610576923076923 0.8257211538461539 0.1045673076923077 0.09134615384615384
0 0.4639423076923077 0.8485576923076923 0.0829326923076923 0.13701923076923078
0 0.12259615384615384 0.8329326923076923 0.06009615384615385 0.07091346153846154
0 0.8425480769230769 0.0985576923076923 0.09254807692307693 0.07211538461538461
0 0.4795673076923077 0.7644230769230769 0.07091346153846154 0.10216346153846154
0 0.24879807692307693 0.390625 0.08653846153846154 0.17908653846153846
0 0.29927884615384615 0.6838942307692307 0.08052884615384616 0.11658653846153846
0 0.9038461538461539 0.9591346153846154 0.0985576923076923 0.06971153846153846
0 0.2403846153846154 0.9146634615384616 0.09615384615384616 0.07451923076923077
0 0.8485576923076923 0.171875 0.10336538461538461 0.09495192307692307
0 0.47836538461538464 0.65625 0.1466346153846154 0.10817307692307693
0 0.19951923076923078 0.8052884615384616 0.10697115384615384 0.09615384615384616
0 0.9663461538461539 0.9086538461538461 0.06610576923076923 0.06610576923076923
0 0.21995192307692307 0.27884615384615385 0.12740384615384615 0.1045673076923077
0 0.9723557692307693 0.29447115384615385 0.052884615384615384 0.08052884615384616