0 0.6009615384615384 0.37259615384615385 0.06850961538461539 0.06490384615384616
0 0.27403846153846156 0.30528846153846156 0.07451923076923077 0.06009615384615385
0 0.703125 0.10216346153846154 0.07692307692307693 0.08413461538461539
0 0.6670673076923077 0.7439903846153846 0.11177884615384616 0.07451923076923077
0 0.2668269230769231 0.4891826923076923 0.08052884615384616 0.07692307692307693
0 0.9567307692307693 0.3449519230769231 0.07091346153846154 0.06971153846153846
0 0.11778846153846154 0.5576923076923077 0.05889423076923077 0.06850961538461539
0 0.5901442307692307 0.7980769230769231 0.06971153846153846 0.0985576923076923
0 0.18629807692307693 0.5649038461538461 0.09735576923076923 0.0625
0 0.8269230769230769 0.5757211538461539 0.06490384615384616 0.078125
0 0.8569711538461539 0.7487980769230769 0.04927884615384615 0.04447115384615385
0 0.4543269230769231 0.9663461538461539 0.10697115384615384 0.06490384615384616
0 0.3173076923076923 0.12740384615384615 0.07091346153846154 0.0733173076923077
0 0.9711538461538461 0.9675480769230769 0.055288461538461536 0.06370192307692307
0 0.24639423076923078 0.8485576923076923 0.06009615384615385 0.10697115384615384
0 0.042067307692307696 0.5757211538461539 0.0625 0.07572115384615384
0 0.5817307692307693 0.052884615384615384 0.0673076923076923 0.09615384615384616
0 0.5288461538461539 0.6947115384615384 0.10096153846153846 0.07451923076923077
0 0.15985576923076922 0.47716346153846156 0.06850961538461539 0.06129807692307692
0 0.7355769230769231 0.8858173076923077 0.09975961538461539 0.07091346153846154
0 0.7115384615384616 0.5480769230769231 0.09615384615384616 0.06490384615384616
0 0.42427884615384615 0.5661057692307693 0.06610576923076923 0.07451923076923077
0 0.75 0.22956730769230768 0.08533653846153846 0.0733173076923077
0 0.9254807692307693 0.29086538461538464 0.07091346153846154 0.07091346153846154
0 0.5240384615384616 0.9615384615384616 0.06009615384615385 0.0625
0 0.1622596153846154 0.640625 0.05048076923076923 0.04567307692307692
0 0.48677884615384615 0.24519230769230768 0.06009615384615385 0.06009615384615385
0 0.03125 0.21754807692307693 0.05889423076923077 0.06971153846153846
0 0.6983173076923077 0.6129807692307693 0.06490384615384616 0.06971153846153846
0 0.14182692307692307 0.29447115384615385 0.0889423076923077 0.06490384615384616
0 0.7920673076923077 0.5180288461538461 0.057692307692307696 0.06490384615384616
0 0.71875 0.46875 0.07572115384615384 0.09134615384615384
0 0.8389423076923077 0.0889423076923077 0.07091346153846154 0.06129807692307692
0 0.9471153846153846 0.7896634615384616 0.06850961538461539 0.07091346153846154
0 0.5060096153846154 0.078125 0.07091346153846154 0.0829326923076923