0 0.5504807692307693 0.054086538461538464 0.0673076923076923 0.10697115384615384
0 0.171875 0.4807692307692308 0.12740384615384615 0.08413461538461539
0 0.9254807692307693 0.5961538461538461 0.08653846153846154 0.06610576923076923
0 0.328125 0.48197115384615385 0.055288461538461536 0.09134615384615384
0 0.6826923076923077 0.8846153846153846 0.12259615384615384 0.07572115384615384
0 0.7704326923076923 0.609375 0.057692307692307696 0.07932692307692307
0 0.25 0.13942307692307693 0.10576923076923077 0.12259615384615384
0 0.9711538461538461 0.6274038461538461 0.055288461538461536 0.08052884615384616
0 0.7644230769230769 0.0625 0.051682692307692304 0.0625
0 0.03365384615384615 0.7752403846153846 0.06490384615384616 0.057692307692307696
0 0.46033653846153844 0.2764423076923077 0.09254807692307693 0.11899038461538461
0 0.8677884615384616 0.24639423076923078 0.0889423076923077 0.056490384615384616
0 0.7319711538461539 0.1971153846153846 0.10096153846153846 0.05048076923076923
0 0.5889423076923077 0.6778846153846154 0.04927884615384615 0.057692307692307696
0 0.8377403846153846 0.1502403846153846 0.09975961538461539 0.078125
0 0.1971153846153846 0.2608173076923077 0.11298076923076923 0.0673076923076923
0 0.08533653846153846 0.46033653846153844 0.16947115384615385 0.08052884615384616
0 0.1045673076923077 0.8449519230769231 0.051682692307692304 0.057692307692307696
0 0.8774038461538461 0.03245192307692308 0.06370192307692307 0.06490384615384616
0 0.19951923076923078 0.32572115384615385 0.1141826923076923 0.08653846153846154
0 0.8485576923076923 0.4855769230769231 0.040865384615384616 0.0673076923076923
0 0.8858173076923077 0.3389423076923077 0.10096153846153846 0.0829326923076923
0 0.8377403846153846 0.5504807692307693 0.0985576923076923 0.051682692307692304
0 0.3269230769230769 0.8846153846153846 0.06009615384615385 0.10336538461538461
0 0.8137019230769231 0.24278846153846154 0.055288461538461536 0.13221153846153846
0 0.5180288461538461 0.8641826923076923 0.056490384615384616 0.11177884615384616
0 0.42427884615384615 0.8930288461538461 0.046875 0.0985576923076923
0 0.5540865384615384 0.234375 0.028846153846153848 0.040865384615384616
0 0.27884615384615385 0.06009615384615385 0.10336538461538461 0.0889423076923077
0 0.23918269230769232 0.8088942307692307 0.07932692307692307 0.13341346153846154
0 0.8930288461538461 0.8233173076923077 0.10697115384615384 0.07692307692307693
0 0.8942307692307693 0.6694711538461539 0.1346153846153846 0.09615384615384616
0 0.7920673076923077 0.3858173076923077 0.04447115384615385 0.05048076923076923
0 0.27884615384615385 0.9459134615384616 0.0985576923076923 0.06009615384615385
0 0.8473557692307693 0.8569711538461539 0.078125 0.05048076923076923
0 0.6045673076923077 0.2091346153846154 0.02403846153846154 0.046875
0 0.4675480769230769 0.375 0.057692307692307696 0.055288461538461536
0 0.30528846153846156 0.9711538461538461 0.07572115384615384 0.05048076923076923
0 0.8173076923076923 0.1045673076923077 0.09134615384615384 0.09254807692307693