0 0.5168269230769231 0.5757211538461539 0.0673076923076923 0.09254807692307693
0 0.04326923076923077 0.6213942307692307 0.08653846153846154 0.1045673076923077
0 0.040865384615384616 0.9362980769230769 0.06610576923076923 0.12620192307692307
0 0.8533653846153846 0.7415865384615384 0.04927884615384615 0.06129807692307692
0 0.12259615384615384 0.25240384615384615 0.10697115384615384 0.08413461538461539
0 0.4735576923076923 0.8894230769230769 0.09134615384615384 0.21995192307692307
0 0.8257211538461539 0.2608173076923077 0.0733173076923077 0.07091346153846154
0 0.21995192307692307 0.9206730769230769 0.1466346153846154 0.15745192307692307
0 0.5697115384615384 0.5576923076923077 0.09735576923076923 0.08653846153846154
0 0.7319711538461539 0.15144230769230768 0.06009615384615385 0.10576923076923077
0 0.4362980769230769 0.7139423076923077 0.06370192307692307 0.051682692307692304
0 0.4567307692307692 0.5264423076923077 0.07091346153846154 0.04927884615384615
0 0.625 0.4254807692307692 0.14903846153846154 0.109375
0 0.8762019230769231 0.5625 0.06490384615384616 0.24278846153846154
0 0.4735576923076923 0.2980769230769231 0.0985576923076923 0.10216346153846154
0 0.8112980769230769 0.025240384615384616 0.10096153846153846 0.04927884615384615
0 0.16466346153846154 0.11658653846153846 0.11057692307692307 0.07091346153846154
0 0.4735576923076923 0.48197115384615385 0.055288461538461536 0.055288461538461536
0 0.14543269230769232 0.06610576923076923 0.06490384615384616 0.030048076923076924
0 0.8966346153846154 0.7427884615384616 0.09134615384615384 0.05048076923076923
0 0.04567307692307692 0.054086538461538464 0.09134615384615384 0.06971153846153846
0 0.5600961538461539 0.9567307692307693 0.06490384615384616 0.08413461538461539
0 0.6286057692307693 0.3088942307692308 0.06610576923076923 0.12740384615384615
0 0.7415865384615384 0.53125 0.1201923076923077 0.09495192307692307
0 0.6802884615384616 0.1778846153846154 0.08653846153846154 0.1658653846153846
0 0.15384615384615385 0.3713942307692308 0.12259615384615384 0.052884615384615384
0 0.15985576923076922 0.65625 0.06971153846153846 0.0673076923076923
0 0.054086538461538464 0.375 0.10697115384615384 0.05889423076923077
0 0.3269230769230769 0.17067307692307693 0.12980769230769232 0.0733173076923077
0 0.5204326923076923 0.6923076923076923 0.09975961538461539 0.0829326923076923
0 0.8076923076923077 0.9002403846153846 0.08653846153846154 0.14903846153846154
0 0.34615384615384615 0.8473557692307693 0.09134615384615384 0.25961538461538464
0 0.34615384615384615 0.08533653846153846 0.11899038461538461 0.08533653846153846
0 0.734375 0.07932692307692307 0.06971153846153846 0.054086538461538464
0 0.65625 0.6911057692307693 0.12139423076923077 0.07572115384615384
0 0.33653846153846156 0.45552884615384615 0.09735576923076923 0.15745192307692307