0 0.06009615384615385 0.3317307692307692 0.0889423076923077 0.08653846153846154
0 0.29447115384615385 0.3858173076923077 0.08173076923076923 0.13701923076923078
0 0.7560096153846154 0.8677884615384616 0.19230769230769232 0.20192307692307693
0 0.9074519230769231 0.10697115384615384 0.0733173076923077 0.13942307692307693
0 0.8617788461538461 0.6959134615384616 0.11538461538461539 0.07572115384615384
0 0.38221153846153844 0.859375 0.08413461538461539 0.06009615384615385
0 0.6021634615384616 0.17067307692307693 0.15384615384615385 0.10817307692307693
0 0.08533653846153846 0.96875 0.17067307692307693 0.057692307692307696
0 0.12139423076923077 0.17548076923076922 0.0829326923076923 0.08533653846153846
0 0.9735576923076923 0.03245192307692308 0.04927884615384615 0.06490384615384616
0 0.4483173076923077 0.15745192307692307 0.09254807692307693 0.18990384615384615
0 0.6646634615384616 0.47836538461538464 0.12259615384615384 0.1814903846153846
0 0.43149038461538464 0.4891826923076923 0.09375 0.12740384615384615
0 0.23197115384615385 0.7524038461538461 0.1935096153846154 0.078125
0 0.49399038461538464 0.4014423076923077 0.11538461538461539 0.11658653846153846
0 0.042067307692307696 0.9002403846153846 0.08413461538461539 0.09495192307692307
0 0.33413461538461536 0.3581730769230769 0.07932692307692307 0.11778846153846154
0 0.25721153846153844 0.7139423076923077 0.10817307692307693 0.08052884615384616
0 0.0889423076923077 0.2644230769230769 0.06129807692307692 0.10096153846153846
0 0.11177884615384616 0.4891826923076923 0.06850961538461539 0.08173076923076923
0 0.9747596153846154 0.15865384615384615 0.04927884615384615 0.1346153846153846
0 0.671875 0.3088942307692308 0.1141826923076923 0.08173076923076923
0 0.8052884615384616 0.051682692307692304 0.11778846153846154 0.09975961538461539
0 0.09134615384615384 0.06490384615384616 0.14783653846153846 0.12980769230769232
0 0.46153846153846156 0.19110576923076922 0.1814903846153846 0.055288461538461536
0 0.7175480769230769 0.3329326923076923 0.13341346153846154 0.1971153846153846