0 0.9711538461538461 0.8016826923076923 0.055288461538461536 0.04326923076923077
0 0.8737980769230769 0.9014423076923077 0.09014423076923077 0.06129807692307692
0 0.7752403846153846 0.9495192307692307 0.04807692307692308 0.055288461538461536
0 0.8016826923076923 0.21033653846153846 0.1201923076923077 0.0889423076923077
0 0.5697115384615384 0.6418269230769231 0.04326923076923077 0.046875
0 0.24519230769230768 0.4098557692307692 0.06009615384615385 0.04326923076923077
0 0.203125 0.052884615384615384 0.08653846153846154 0.06971153846153846
0 0.025240384615384616 0.22596153846153846 0.04927884615384615 0.10817307692307693
0 0.28846153846153844 0.18990384615384615 0.04567307692307692 0.06971153846153846
0 0.7007211538461539 0.7115384615384616 0.078125 0.03125
0 0.8701923076923077 0.16466346153846154 0.042067307692307696 0.04807692307692308
0 0.8317307692307693 0.4423076923076923 0.06490384615384616 0.06129807692307692
0 0.13822115384615385 0.8810096153846154 0.04927884615384615 0.04927884615384615
0 0.9110576923076923 0.20673076923076922 0.051682692307692304 0.06009615384615385
0 0.7271634615384616 0.8629807692307693 0.055288461538461536 0.0829326923076923
0 0.7608173076923077 0.056490384615384616 0.057692307692307696 0.038461538461538464
0 0.8413461538461539 0.9555288461538461 0.046875 0.04447115384615385
0 0.5793269230769231 0.8665865384615384 0.04927884615384615 0.040865384615384616
0 0.037259615384615384 0.8317307692307693 0.07451923076923077 0.052884615384615384
0 0.29086538461538464 0.44591346153846156 0.13581730769230768 0.09134615384615384
0 0.09254807692307693 0.3545673076923077 0.06370192307692307 0.06971153846153846
0 0.6862980769230769 0.29086538461538464 0.07572115384615384 0.056490384615384616
0 0.8293269230769231 0.3641826923076923 0.08774038461538461 0.04326923076923077
0 0.5264423076923077 0.06129807692307692 0.07572115384615384 0.051682692307692304
0 0.2848557692307692 0.8930288461538461 0.0673076923076923 0.06610576923076923
0 0.734375 0.7704326923076923 0.04447115384615385 0.04326923076923077
0 0.20793269230769232 0.7548076923076923 0.054086538461538464 0.028846153846153848
0 0.1310096153846154 0.9831730769230769 0.11057692307692307 0.03245192307692308
0 0.6694711538461539 0.16466346153846154 0.04326923076923077 0.03365384615384615
0 0.9411057692307693 0.4326923076923077 0.11658653846153846 0.04447115384615385
0 0.7932692307692307 0.7836538461538461 0.06370192307692307 0.042067307692307696
0 0.4362980769230769 0.4266826923076923 0.052884615384615384 0.07572115384615384
0 0.057692307692307696 0.7548076923076923 0.051682692307692304 0.05889423076923077
0 0.6141826923076923 0.8641826923076923 0.028846153846153848 0.042067307692307696
0 0.8858173076923077 0.8329326923076923 0.037259615384615384 0.04567307692307692
0 0.8257211538461539 0.30649038461538464 0.07572115384615384 0.0673076923076923
0 0.90625 0.28846153846153844 0.046875 0.03365384615384615
0 0.9350961538461539 0.890625 0.09014423076923077 0.055288461538461536
0 0.3329326923076923 0.7716346153846154 0.09254807692307693 0.04927884615384615
0 0.5144230769230769 0.5396634615384616 0.08052884615384616 0.06610576923076923
0 0.296875 0.3798076923076923 0.04807692307692308 0.04927884615384615
0 0.06610576923076923 0.26322115384615385 0.13221153846153846 0.08052884615384616
0 0.4795673076923077 0.9423076923076923 0.054086538461538464 0.06490384615384616
0 0.11899038461538461 0.4170673076923077 0.07572115384615384 0.039663461538461536
0 0.12860576923076922 0.703125 0.04447115384615385 0.04326923076923077
0 0.25721153846153844 0.028846153846153848 0.06129807692307692 0.056490384615384616
0 0.0673076923076923 0.11899038461538461 0.08173076923076923 0.055288461538461536
0 0.9735576923076923 0.30528846153846156 0.05048076923076923 0.04807692307692308
0 0.8774038461538461 0.9326923076923077 0.09134615384615384 0.042067307692307696
0 0.3737980769230769 0.796875 0.037259615384615384 0.03365384615384615
0 0.5576923076923077 0.35336538461538464 0.04927884615384615 0.0625
0 0.8137019230769231 0.8173076923076923 0.06610576923076923 0.051682692307692304
0 0.8569711538461539 0.7908653846153846 0.11298076923076923 0.039663461538461536
0 0.4326923076923077 0.9423076923076923 0.055288461538461536 0.04807692307692308
0 0.1622596153846154 0.5288461538461539 0.06490384615384616 0.038461538461538464
0 0.8978365384615384 0.33653846153846156 0.0733173076923077 0.04927884615384615
0 0.5757211538461539 0.7596153846153846 0.09375 0.03245192307692308
0 0.6875 0.30528846153846156 0.10697115384615384 0.0985576923076923
0 0.6081730769230769 0.9675480769230769 0.054086538461538464 0.06370192307692307
0 0.3629807692307692 0.010817307692307692 0.06971153846153846 0.021634615384615384
0 0.6213942307692307 0.8197115384615384 0.04447115384615385 0.04807692307692308
0 0.6766826923076923 0.04567307692307692 0.0829326923076923 0.04567307692307692
0 0.16466346153846154 0.4387019230769231 0.055288461538461536 0.05048076923076923
0 0.17427884615384615 0.30528846153846156 0.04927884615384615 0.07451923076923077
0 0.6514423076923077 0.12740384615384615 0.03365384615384615 0.04567307692307692
0 0.6201923076923077 0.3389423076923077 0.057692307692307696 0.05889423076923077
0 0.6923076923076923 0.65625 0.08052884615384616 0.052884615384615384
0 0.3485576923076923 0.9074519230769231 0.021634615384615384 0.040865384615384616
0 0.13581730769230768 0.015625 0.06490384615384616 0.03125
0 0.46153846153846156 0.234375 0.04326923076923077 0.06370192307692307
0 0.4699519230769231 0.3545673076923077 0.04807692307692308 0.04927884615384615
0 0.0889423076923077 0.02283653846153846 0.09615384615384616 0.04567307692307692
0 0.7211538461538461 0.7331730769230769 0.09615384615384616 0.06490384615384616
0 0.42908653846153844 0.9038461538461539 0.07572115384615384 0.03485576923076923
0 0.9411057692307693 0.26322115384615385 0.11658653846153846 0.06850961538461539
0 0.6911057692307693 0.859375 0.06009615384615385 0.08533653846153846
0 0.5192307692307693 0.796875 0.06490384615384616 0.03245192307692308
0 0.7127403846153846 0.9555288461538461 0.04447115384615385 0.06009615384615385
0 0.5745192307692307 0.8076923076923077 0.06850961538461539 0.07572115384615384
0 0.6225961538461539 0.3918269230769231 0.04807692307692308 0.038461538461538464
0 0.9362980769230769 0.31490384615384615 0.046875 0.046875
0 0.02283653846153846 0.43509615384615385 0.04567307692307692 0.052884615384615384
0 0.9591346153846154 0.1045673076923077 0.07932692307692307 0.04927884615384615
0 0.9338942307692307 0.8473557692307693 0.09254807692307693 0.04807692307692308
0 0.8401442307692307 0.09735576923076923 0.10576923076923077 0.0733173076923077
0 0.5625 0.02283653846153846 0.06129807692307692 0.04567307692307692
0 0.1045673076923077 0.8185096153846154 0.042067307692307696 0.04567307692307692
0 0.7992788461538461 0.9651442307692307 0.05889423076923077 0.06850961538461539