0 0.17427884615384615 0.0889423076923077 0.33052884615384615 0.056490384615384616
0 0.0733173076923077 0.12259615384615384 0.12980769230769232 0.12139423076923077
0 0.03125 0.25 0.04567307692307692 0.051682692307692304
0 0.04927884615384615 0.30649038461538464 0.039663461538461536 0.02403846153846154
0 0.14543269230769232 0.23677884615384615 0.037259615384615384 0.03245192307692308
0 0.15144230769230768 0.2668269230769231 0.02283653846153846 0.03365384615384615
0 0.12139423076923077 0.29086538461538464 0.056490384615384616 0.02403846153846154
0 0.19110576923076922 0.11538461538461539 0.07572115384615384 0.015625
0 0.15264423076923078 0.06610576923076923 0.0625 0.055288461538461536
0 0.22596153846153846 0.25721153846153844 0.027644230769230768 0.025240384615384616
0 0.18509615384615385 0.24639423076923078 0.018028846153846152 0.015625
0 0.11298076923076923 0.3425480769230769 0.01201923076923077 0.019230769230769232
0 0.25240384615384615 0.27884615384615385 0.078125 0.03365384615384615
0 0.27884615384615385 0.24519230769230768 0.07211538461538461 0.02403846153846154
0 0.2776442307692308 0.19951923076923078 0.1045673076923077 0.037259615384615384
0 0.21754807692307693 0.3329326923076923 0.10697115384615384 0.042067307692307696
0 0.14302884615384615 0.3786057692307692 0.054086538461538464 0.038461538461538464
0 0.1971153846153846 0.4254807692307692 0.030048076923076924 0.055288461538461536
0 0.3581730769230769 0.15865384615384615 0.020432692307692308 0.11057692307692307
0 0.38341346153846156 0.2127403846153846 0.028846153846153848 0.0829326923076923
0 0.4567307692307692 0.2247596153846154 0.054086538461538464 0.07932692307692307
0 0.5036057692307693 0.24278846153846154 0.057692307692307696 0.05048076923076923
0 0.5612980769230769 0.1045673076923077 0.0673076923076923 0.06971153846153846
0 0.6177884615384616 0.13581730769230768 0.027644230769230768 0.0733173076923077
0 0.6766826923076923 0.078125 0.02403846153846154 0.026442307692307692
0 0.703125 0.13341346153846154 0.036057692307692304 0.027644230769230768
0 0.6634615384615384 0.14302884615384615 0.03245192307692308 0.025240384615384616
0 0.7007211538461539 0.16105769230769232 0.038461538461538464 0.026442307692307692
0 0.7007211538461539 0.042067307692307696 0.02283653846153846 0.02283653846153846
0 0.8978365384615384 0.04447115384615385 0.06370192307692307 0.046875
0 0.9206730769230769 0.078125 0.03245192307692308 0.028846153846153848
0 0.9194711538461539 0.09014423076923077 0.03365384615384615 0.02403846153846154
0 0.8882211538461539 0.11778846153846154 0.08774038461538461 0.037259615384615384
0 0.8810096153846154 0.15865384615384615 0.11177884615384616 0.037259615384615384
0 0.7235576923076923 0.18870192307692307 0.036057692307692304 0.040865384615384616
0 0.6826923076923077 0.23197115384615385 0.0829326923076923 0.04567307692307692
0 0.703125 0.25600961538461536 0.05048076923076923 0.018028846153846152
0 0.5348557692307693 0.27884615384615385 0.02283653846153846 0.038461538461538464
0 0.6009615384615384 0.3004807692307692 0.038461538461538464 0.025240384615384616
0 0.6213942307692307 0.2932692307692308 0.019230769230769232 0.021634615384615384
0 0.6670673076923077 0.3173076923076923 0.07091346153846154 0.03365384615384615
0 0.8617788461538461 0.27884615384615385 0.10216346153846154 0.02403846153846154
0 0.8677884615384616 0.43509615384615385 0.10216346153846154 0.021634615384615384
0 0.8629807692307693 0.5492788461538461 0.052884615384615384 0.07091346153846154
0 0.75 0.3786057692307692 0.06490384615384616 0.03245192307692308
0 0.6430288461538461 0.4110576923076923 0.040865384615384616 0.04447115384615385
0 0.7427884615384616 0.42427884615384615 0.04927884615384615 0.038461538461538464
0 0.5180288461538461 0.359375 0.025240384615384616 0.11177884615384616
0 0.6826923076923077 0.4266826923076923 0.02403846153846154 0.04447115384615385
0 0.6670673076923077 0.4651442307692308 0.020432692307692308 0.038461538461538464
0 0.6947115384615384 0.484375 0.03365384615384615 0.03125
0 0.5961538461538461 0.4579326923076923 0.037259615384615384 0.04927884615384615
0 0.6995192307692307 0.5252403846153846 0.03125 0.030048076923076924
0 0.7043269230769231 0.546875 0.016826923076923076 0.013221153846153846
0 0.6346153846153846 0.515625 0.025240384615384616 0.06129807692307692
0 0.6358173076923077 0.5480769230769231 0.046875 0.027644230769230768
0 0.7295673076923077 0.5552884615384616 0.010817307692307692 0.008413461538461538
0 0.7259615384615384 0.6201923076923077 0.026442307692307692 0.014423076923076924
0 0.9302884615384616 0.6274038461538461 0.04807692307692308 0.018028846153846152
0 0.7367788461538461 0.6983173076923077 0.027644230769230768 0.039663461538461536
0 0.6742788461538461 0.7295673076923077 0.03365384615384615 0.046875
0 0.8533653846153846 0.8305288461538461 0.04567307692307692 0.11778846153846154
0 0.8774038461538461 0.8137019230769231 0.11538461538461539 0.12860576923076922
0 0.9495192307692307 0.8918269230769231 0.028846153846153848 0.027644230769230768
0 0.7944711538461539 0.9338942307692307 0.02403846153846154 0.03365384615384615
0 0.859375 0.9471153846153846 0.026442307692307692 0.052884615384615384
0 0.5685096153846154 0.8485576923076923 0.037259615384615384 0.08173076923076923
0 0.35697115384615385 0.6838942307692307 0.016826923076923076 0.04326923076923077
0 0.16826923076923078 0.6262019230769231 0.02283653846153846 0.018028846153846152
0 0.25240384615384615 0.5973557692307693 0.025240384615384616 0.018028846153846152
0 0.28966346153846156 0.609375 0.018028846153846152 0.014423076923076924
0 0.23197115384615385 0.7139423076923077 0.08653846153846154 0.04927884615384615
0 0.25721153846153844 0.7295673076923077 0.028846153846153848 0.06850961538461539
0 0.5360576923076923 0.6754807692307693 0.03365384615384615 0.027644230769230768
0 0.53125 0.5721153846153846 0.027644230769230768 0.026442307692307692
0 0.4891826923076923 0.5588942307692307 0.02283653846153846 0.046875
0 0.42908653846153844 0.6081730769230769 0.037259615384615384 0.039663461538461536
0 0.44350961538461536 0.8233173076923077 0.020432692307692308 0.040865384615384616
0 0.42427884615384615 0.8317307692307693 0.018028846153846152 0.018028846153846152
0 0.3942307692307692 0.8822115384615384 0.014423076923076924 0.06490384615384616
0 0.0673076923076923 0.9399038461538461 0.11778846153846154 0.02283653846153846
0 0.1045673076923077 0.5192307692307693 0.038461538461538464 0.02403846153846154
0 0.35336538461538464 0.48197115384615385 0.03485576923076923 0.04447115384615385
0 0.3317307692307692 0.5144230769230769 0.06009615384615385 0.028846153846153848
0 0.0673076923076923 0.6646634615384616 0.11778846153846154 0.027644230769230768
0 0.03125 0.6502403846153846 0.03245192307692308 0.014423076923076924
0 0.08774038461538461 0.7103365384615384 0.15745192307692307 0.039663461538461536
0 0.057692307692307696 0.5420673076923077 0.020432692307692308 0.0733173076923077
0 0.17908653846153846 0.7319711538461539 0.008413461538461538 0.013221153846153846
0 0.5913461538461539 0.8161057692307693 0.021634615384615384 0.06009615384615385
0 0.7043269230769231 0.5564903846153846 0.027644230769230768 0.015625