0 0.8665865384615384 0.6862980769230769 0.10817307692307693 0.05889423076923077
0 0.7944711538461539 0.84375 0.11899038461538461 0.06971153846153846
0 0.2403846153846154 0.23557692307692307 0.14302884615384615 0.09495192307692307
0 0.5456730769230769 0.4050480769230769 0.11057692307692307 0.05889423076923077
0 0.43028846153846156 0.49158653846153844 0.06009615384615385 0.040865384615384616
0 0.515625 0.8701923076923077 0.13701923076923078 0.054086538461538464
0 0.9230769230769231 0.1935096153846154 0.08413461538461539 0.057692307692307696
0 0.5709134615384616 0.22235576923076922 0.09375 0.07451923076923077
0 0.640625 0.29086538461538464 0.06129807692307692 0.09134615384615384
0 0.5204326923076923 0.6670673076923077 0.12379807692307693 0.09014423076923077
0 0.8137019230769231 0.9651442307692307 0.1778846153846154 0.06850961538461539
0 0.11177884615384616 0.9615384615384616 0.171875 0.052884615384615384
0 0.8713942307692307 0.12139423076923077 0.08173076923076923 0.10096153846153846
0 0.9074519230769231 0.08533653846153846 0.037259615384615384 0.04807692307692308
0 0.4951923076923077 0.6766826923076923 0.055288461538461536 0.04447115384615385
0 0.6105769230769231 0.7860576923076923 0.09615384615384616 0.037259615384615384
0 0.47716346153846156 0.22716346153846154 0.06850961538461539 0.05048076923076923
0 0.31490384615384615 0.20793269230769232 0.1658653846153846 0.10697115384615384
0 0.1141826923076923 0.9026442307692307 0.12139423076923077 0.055288461538461536
0 0.046875 0.6454326923076923 0.09134615384615384 0.03125
0 0.15985576923076922 0.6045673076923077 0.17668269230769232 0.039663461538461536
0 0.9507211538461539 0.9050480769230769 0.09615384615384616 0.18629807692307693
0 0.6742788461538461 0.2536057692307692 0.12740384615384615 0.036057692307692304
0 0.04326923076923077 0.013221153846153846 0.07572115384615384 0.02403846153846154
0 0.2800480769230769 0.32091346153846156 0.06850961538461539 0.018028846153846152
0 0.7524038461538461 0.4831730769230769 0.10697115384615384 0.0733173076923077
0 0.6646634615384616 0.5877403846153846 0.1622596153846154 0.08653846153846154
0 0.9711538461538461 0.5733173076923077 0.056490384615384616 0.030048076923076924
0 0.8245192307692307 0.10096153846153846 0.16346153846153846 0.07692307692307693
0 0.19591346153846154 0.051682692307692304 0.14903846153846154 0.046875
0 0.21394230769230768 0.8569711538461539 0.1201923076923077 0.037259615384615384
0 0.35096153846153844 0.9699519230769231 0.14543269230769232 0.057692307692307696
0 0.5709134615384616 0.22355769230769232 0.09375 0.07451923076923077
0 0.2512019230769231 0.7860576923076923 0.18389423076923078 0.05889423076923077
0 0.06850961538461539 0.2692307692307692 0.13221153846153846 0.0673076923076923
0 0.038461538461538464 0.9663461538461539 0.07692307692307693 0.06490384615384616
0 0.9579326923076923 0.7992788461538461 0.06971153846153846 0.08774038461538461
0 0.7115384615384616 0.6610576923076923 0.08173076923076923 0.06370192307692307
0 0.5384615384615384 0.8966346153846154 0.06610576923076923 0.09735576923076923
0 0.2548076923076923 0.5516826923076923 0.1658653846153846 0.08774038461538461
0 0.7872596153846154 0.7608173076923077 0.04567307692307692 0.09134615384615384
0 0.9387019230769231 0.8653846153846154 0.12139423076923077 0.07211538461538461
0 0.84375 0.5961538461538461 0.04447115384615385 0.09615384615384616
0 0.41346153846153844 0.5673076923076923 0.037259615384615384 0.07692307692307693
0 0.03245192307692308 0.056490384615384616 0.06490384615384616 0.03365384615384615
0 0.17067307692307693 0.12139423076923077 0.18028846153846154 0.04927884615384615
0 0.30288461538461536 0.8665865384615384 0.1346153846153846 0.0889423076923077
0 0.8016826923076923 0.36899038461538464 0.14182692307692307 0.0625
0 0.10216346153846154 0.1658653846153846 0.09735576923076923 0.04326923076923077
0 0.53125 0.13942307692307693 0.15384615384615385 0.06490384615384616
0 0.5528846153846154 0.05889423076923077 0.04326923076923077 0.109375
0 0.25841346153846156 0.9278846153846154 0.15625 0.03485576923076923
0 0.859375 0.90625 0.11778846153846154 0.04567307692307692
0 0.6057692307692307 0.7295673076923077 0.11298076923076923 0.06971153846153846
0 0.24879807692307693 0.9555288461538461 0.10216346153846154 0.08653846153846154
0 0.11899038461538461 0.8221153846153846 0.21514423076923078 0.051682692307692304
0 0.06490384615384616 0.4362980769230769 0.12740384615384615 0.055288461538461536
0 0.03485576923076923 0.90625 0.06971153846153846 0.0625
0 0.22956730769230768 0.3016826923076923 0.12379807692307693 0.036057692307692304
0 0.6538461538461539 0.08173076923076923 0.04807692307692308 0.02283653846153846
0 0.6165865384615384 0.4182692307692308 0.12740384615384615 0.03245192307692308
0 0.3449519230769231 0.109375 0.07451923076923077 0.040865384615384616
0 0.53125 0.2776442307692308 0.11538461538461539 0.03365384615384615
0 0.1141826923076923 0.016826923076923076 0.039663461538461536 0.03365384615384615
0 0.6586538461538461 0.6274038461538461 0.09735576923076923 0.11778846153846154
0 0.7524038461538461 0.8725961538461539 0.0733173076923077 0.037259615384615384
0 0.7872596153846154 0.17548076923076922 0.10096153846153846 0.12259615384615384
0 0.9483173076923077 0.051682692307692304 0.10216346153846154 0.04447115384615385
0 0.30528846153846156 0.4423076923076923 0.1778846153846154 0.078125
0 0.4735576923076923 0.18629807692307693 0.11538461538461539 0.03485576923076923
0 0.11538461538461539 0.9038461538461539 0.12139423076923077 0.056490384615384616
0 0.328125 0.3557692307692308 0.10096153846153846 0.08653846153846154
0 0.5588942307692307 0.4831730769230769 0.16706730769230768 0.07211538461538461
0 0.36899038461538464 0.7524038461538461 0.08052884615384616 0.07211538461538461
0 0.8269230769230769 0.6382211538461539 0.06850961538461539 0.078125
0 0.3173076923076923 0.16105769230769232 0.12259615384615384 0.04326923076923077
0 0.24759615384615385 0.5853365384615384 0.12139423076923077 0.036057692307692304
0 0.2800480769230769 0.8197115384615384 0.08653846153846154 0.038461538461538464