0 0.07211538461538461 0.03245192307692308 0.12860576923076922 0.06490384615384616
0 0.5901442307692307 0.5829326923076923 0.056490384615384616 0.055288461538461536
0 0.4362980769230769 0.4831730769230769 0.06490384615384616 0.09375
0 0.44350961538461536 0.2091346153846154 0.0673076923076923 0.05048076923076923
0 0.36899038461538464 0.15865384615384615 0.057692307692307696 0.040865384615384616
0 0.15384615384615385 0.3918269230769231 0.07451923076923077 0.057692307692307696
0 0.46274038461538464 0.48677884615384615 0.09615384615384616 0.09615384615384616
0 0.9747596153846154 0.9495192307692307 0.04807692307692308 0.054086538461538464
0 0.7235576923076923 0.8533653846153846 0.11899038461538461 0.06129807692307692
0 0.06370192307692307 0.13341346153846154 0.055288461538461536 0.04567307692307692
0 0.7271634615384616 0.33653846153846156 0.09134615384615384 0.037259615384615384
0 0.8088942307692307 0.53125 0.15264423076923078 0.10817307692307693
0 0.78125 0.7175480769230769 0.08653846153846154 0.04326923076923077
0 0.5216346153846154 0.3245192307692308 0.07572115384615384 0.07211538461538461
0 0.5853365384615384 0.6598557692307693 0.055288461538461536 0.055288461538461536
0 0.6165865384615384 0.11177884615384616 0.0673076923076923 0.05889423076923077
0 0.46033653846153844 0.7560096153846154 0.06850961538461539 0.04807692307692308
0 0.7644230769230769 0.7764423076923077 0.06610576923076923 0.054086538461538464
0 0.47836538461538464 0.84375 0.08533653846153846 0.04447115384615385
0 0.6538461538461539 0.3137019230769231 0.07211538461538461 0.07932692307692307
0 0.02283653846153846 0.06850961538461539 0.04447115384615385 0.06009615384615385
0 0.5192307692307693 0.9591346153846154 0.12259615384615384 0.06009615384615385
0 0.49759615384615385 0.7728365384615384 0.040865384615384616 0.039663461538461536
0 0.8088942307692307 0.9855769230769231 0.125 0.027644230769230768
0 0.6947115384615384 0.4254807692307692 0.0985576923076923 0.04326923076923077
0 0.7367788461538461 0.6430288461538461 0.12259615384615384 0.055288461538461536
0 0.9735576923076923 0.7139423076923077 0.051682692307692304 0.04927884615384615
0 0.0733173076923077 0.38100961538461536 0.06129807692307692 0.04807692307692308
0 0.39783653846153844 0.6274038461538461 0.06490384615384616 0.055288461538461536
0 0.08413461538461539 0.9026442307692307 0.08774038461538461 0.07572115384615384
0 0.109375 0.6538461538461539 0.08052884615384616 0.06971153846153846
0 0.6442307692307693 0.6189903846153846 0.038461538461538464 0.051682692307692304
0 0.5805288461538461 0.3858173076923077 0.08173076923076923 0.04807692307692308
0 0.29447115384615385 0.8100961538461539 0.06971153846153846 0.07572115384615384
0 0.8221153846153846 0.10576923076923077 0.14302884615384615 0.07091346153846154
0 0.7752403846153846 0.4519230769230769 0.09495192307692307 0.06490384615384616
0 0.53125 0.051682692307692304 0.0733173076923077 0.051682692307692304
0 0.7259615384615384 0.890625 0.17548076923076922 0.056490384615384616
0 0.6105769230769231 0.9495192307692307 0.0625 0.08052884615384616
0 0.19471153846153846 0.9242788461538461 0.11899038461538461 0.12740384615384615
0 0.6225961538461539 0.054086538461538464 0.0733173076923077 0.04927884615384615
0 0.9459134615384616 0.03125 0.09014423076923077 0.055288461538461536
0 0.20072115384615385 0.7836538461538461 0.08413461538461539 0.08413461538461539
0 0.04807692307692308 0.4795673076923077 0.07211538461538461 0.08052884615384616