0 0.7860576923076923 0.31971153846153844 0.09134615384615384 0.04927884615384615
0 0.13701923076923078 0.020432692307692308 0.042067307692307696 0.040865384615384616
0 0.6875 0.8521634615384616 0.1875 0.13221153846153846
0 0.0625 0.875 0.055288461538461536 0.04447115384615385
0 0.43990384615384615 0.5877403846153846 0.07572115384615384 0.09254807692307693
0 0.8197115384615384 0.8978365384615384 0.04326923076923077 0.057692307692307696
0 0.9399038461538461 0.46274038461538464 0.11899038461538461 0.17427884615384615
0 0.14543269230769232 0.07692307692307693 0.0733173076923077 0.13942307692307693
0 0.14423076923076922 0.3954326923076923 0.11658653846153846 0.08413461538461539
0 0.3449519230769231 0.2644230769230769 0.10336538461538461 0.06850961538461539
0 0.6959134615384616 0.9254807692307693 0.09014423076923077 0.06971153846153846
0 0.30408653846153844 0.5961538461538461 0.07091346153846154 0.06850961538461539
0 0.9615384615384616 0.3942307692307692 0.07451923076923077 0.0673076923076923
0 0.0733173076923077 0.16105769230769232 0.06009615384615385 0.06610576923076923
0 0.5997596153846154 0.04927884615384615 0.08653846153846154 0.06971153846153846
0 0.0889423076923077 0.8293269230769231 0.13942307692307693 0.10096153846153846
0 0.10817307692307693 0.0673076923076923 0.04447115384615385 0.06009615384615385
0 0.84375 0.39663461538461536 0.06971153846153846 0.06971153846153846
0 0.171875 0.2644230769230769 0.08533653846153846 0.0673076923076923
0 0.9579326923076923 0.3088942307692308 0.05048076923076923 0.07692307692307693
0 0.28125 0.17307692307692307 0.08774038461538461 0.06610576923076923
0 0.04927884615384615 0.28725961538461536 0.09615384615384616 0.06610576923076923
0 0.03245192307692308 0.9399038461538461 0.04447115384615385 0.04927884615384615
0 0.055288461538461536 0.40865384615384615 0.11057692307692307 0.05889423076923077
0 0.8389423076923077 0.28125 0.09615384615384616 0.055288461538461536
0 0.2644230769230769 0.4831730769230769 0.06370192307692307 0.09014423076923077
0 0.7163461538461539 0.3173076923076923 0.07572115384615384 0.06490384615384616
0 0.15384615384615385 0.7800480769230769 0.0733173076923077 0.10817307692307693
0 0.6670673076923077 0.9795673076923077 0.051682692307692304 0.036057692307692304
0 0.5240384615384616 0.09134615384615384 0.08413461538461539 0.07451923076923077
0 0.6358173076923077 0.20432692307692307 0.09375 0.09254807692307693
0 0.7692307692307693 0.9399038461538461 0.10096153846153846 0.05889423076923077
0 0.7331730769230769 0.9759615384615384 0.08173076923076923 0.046875
0 0.21875 0.06490384615384616 0.06009615384615385 0.12860576923076922
0 0.9350961538461539 0.14302884615384615 0.08173076923076923 0.14423076923076922
0 0.3004807692307692 0.8185096153846154 0.057692307692307696 0.046875
0 0.4639423076923077 0.10096153846153846 0.04447115384615385 0.054086538461538464
0 0.3088942307692308 0.0625 0.1045673076923077 0.12379807692307693
0 0.24879807692307693 0.3485576923076923 0.08533653846153846 0.06971153846153846
0 0.16706730769230768 0.8557692307692307 0.08052884615384616 0.055288461538461536
0 0.21995192307692307 0.7980769230769231 0.07572115384615384 0.08052884615384616
0 0.4795673076923077 0.9639423076923077 0.04447115384615385 0.038461538461538464
0 0.7067307692307693 0.47115384615384615 0.06971153846153846 0.11177884615384616
0 0.09735576923076923 0.9338942307692307 0.08173076923076923 0.109375
0 0.8425480769230769 0.14543269230769232 0.057692307692307696 0.09134615384615384
0 0.02403846153846154 0.05889423076923077 0.046875 0.11778846153846154
0 0.16947115384615385 0.9254807692307693 0.051682692307692304 0.06490384615384616
0 0.2548076923076923 0.9086538461538461 0.055288461538461536 0.09735576923076923
0 0.8425480769230769 0.8774038461538461 0.12259615384615384 0.0889423076923077
0 0.9543269230769231 0.8245192307692307 0.054086538461538464 0.0829326923076923
0 0.6189903846153846 0.9435096153846154 0.052884615384615384 0.04447115384615385
0 0.5132211538461539 0.17307692307692307 0.06610576923076923 0.11298076923076923
0 0.04567307692307692 0.33653846153846156 0.0829326923076923 0.056490384615384616
0 0.375 0.9314903846153846 0.042067307692307696 0.038461538461538464
0 0.5252403846153846 0.8966346153846154 0.13701923076923078 0.11658653846153846