0 0.265625 0.24879807692307693 0.04927884615384615 0.05048076923076923
0 0.3125 0.18990384615384615 0.051682692307692304 0.052884615384615384
0 0.38221153846153844 0.26322115384615385 0.046875 0.055288461538461536
0 0.8629807692307693 0.31490384615384615 0.07572115384615384 0.07211538461538461
0 0.796875 0.2980769230769231 0.0625 0.06009615384615385
0 0.8269230769230769 0.14783653846153846 0.06370192307692307 0.07572115384615384
0 0.5649038461538461 0.0733173076923077 0.07211538461538461 0.0889423076923077
0 0.35697115384615385 0.09254807692307693 0.06971153846153846 0.06971153846153846
0 0.3545673076923077 0.1502403846153846 0.046875 0.039663461538461536
0 0.4699519230769231 0.1201923076923077 0.028846153846153848 0.07572115384615384
0 0.40625 0.026442307692307692 0.057692307692307696 0.051682692307692304
0 0.7007211538461539 0.90625 0.08413461538461539 0.07932692307692307
0 0.4170673076923077 0.7920673076923077 0.054086538461538464 0.051682692307692304
0 0.44350961538461536 0.9014423076923077 0.05889423076923077 0.11778846153846154
0 0.3701923076923077 0.6923076923076923 0.051682692307692304 0.06009615384615385
0 0.2704326923076923 0.5396634615384616 0.0673076923076923 0.051682692307692304
0 0.8689903846153846 0.6310096153846154 0.08173076923076923 0.057692307692307696
0 0.796875 0.6586538461538461 0.04927884615384615 0.04567307692307692
0 0.38221153846153844 0.5300480769230769 0.08533653846153846 0.055288461538461536
0 0.421875 0.5625 0.051682692307692304 0.04927884615384615
0 0.40865384615384615 0.5877403846153846 0.08653846153846154 0.06370192307692307
0 0.8317307692307693 0.8485576923076923 0.06610576923076923 0.06370192307692307
0 0.90625 0.8557692307692307 0.055288461538461536 0.06971153846153846
0 0.037259615384615384 0.6983173076923077 0.04927884615384615 0.04447115384615385
0 0.7259615384615384 0.7235576923076923 0.039663461538461536 0.055288461538461536
0 0.8990384615384616 0.5769230769230769 0.04567307692307692 0.04326923076923077
0 0.8834134615384616 0.5 0.03485576923076923 0.03365384615384615
0 0.7331730769230769 0.46875 0.04927884615384615 0.04927884615384615
0 0.03365384615384615 0.9795673076923077 0.06610576923076923 0.038461538461538464
0 0.45552884615384615 0.9423076923076923 0.06610576923076923 0.07211538461538461
0 0.7704326923076923 0.9230769230769231 0.055288461538461536 0.04807692307692308
0 0.8076923076923077 0.8978365384615384 0.052884615384615384 0.04447115384615385
0 0.7608173076923077 0.2800480769230769 0.038461538461538464 0.0673076923076923
0 0.7764423076923077 0.1778846153846154 0.05048076923076923 0.05048076923076923
0 0.9002403846153846 0.13701923076923078 0.056490384615384616 0.042067307692307696
0 0.0985576923076923 0.41586538461538464 0.030048076923076924 0.03245192307692308
0 0.47596153846153844 0.6069711538461539 0.04567307692307692 0.055288461538461536
0 0.4326923076923077 0.5072115384615384 0.055288461538461536 0.04447115384615385
0 0.40384615384615385 0.859375 0.056490384615384616 0.04807692307692308
0 0.8930288461538461 0.9867788461538461 0.06490384615384616 0.02403846153846154
0 0.9471153846153846 0.9855769230769231 0.0673076923076923 0.027644230769230768
0 0.8918269230769231 0.9158653846153846 0.0889423076923077 0.10216346153846154
0 0.8641826923076923 0.6802884615384616 0.0985576923076923 0.04927884615384615
0 0.008413461538461538 0.7632211538461539 0.016826923076923076 0.06370192307692307
0 0.020432692307692308 0.8629807692307693 0.040865384615384616 0.055288461538461536
0 0.039663461538461536 0.6201923076923077 0.07932692307692307 0.09975961538461539
0 0.8569711538461539 0.5264423076923077 0.04567307692307692 0.03365384615384615
0 0.7956730769230769 0.5060096153846154 0.039663461538461536 0.037259615384615384
0 0.49158653846153844 0.8497596153846154 0.042067307692307696 0.04447115384615385
0 0.46274038461538464 0.10336538461538461 0.054086538461538464 0.09375
0 0.5012019230769231 0.11538461538461539 0.039663461538461536 0.07932692307692307
0 0.7788461538461539 0.14302884615384615 0.042067307692307696 0.03245192307692308
0 0.7596153846153846 0.6526442307692307 0.046875 0.04326923076923077
0 0.125 0.8725961538461539 0.026442307692307692 0.027644230769230768
0 0.2644230769230769 0.20552884615384615 0.046875 0.046875