0 0.6213942307692307 0.6550480769230769 0.10216346153846154 0.08774038461538461
0 0.35697115384615385 0.0985576923076923 0.0673076923076923 0.07692307692307693
0 0.23317307692307693 0.42788461538461536 0.140625 0.09134615384615384
0 0.014423076923076924 0.31009615384615385 0.028846153846153848 0.11658653846153846
0 0.5216346153846154 0.24879807692307693 0.10697115384615384 0.09495192307692307
0 0.20793269230769232 0.25 0.11778846153846154 0.08413461538461539
0 0.9819711538461539 0.7463942307692307 0.03365384615384615 0.08052884615384616
0 0.96875 0.35336538461538464 0.06009615384615385 0.08533653846153846
0 0.8076923076923077 0.41586538461538464 0.11658653846153846 0.08653846153846154
0 0.7139423076923077 0.9387019230769231 0.14543269230769232 0.09615384615384616
0 0.3858173076923077 0.5384615384615384 0.10697115384615384 0.14302884615384615
0 0.5625 0.3581730769230769 0.06971153846153846 0.078125
0 0.7788461538461539 0.11658653846153846 0.06610576923076923 0.09014423076923077
0 0.5360576923076923 0.8221153846153846 0.10697115384615384 0.1310096153846154
0 0.038461538461538464 0.1971153846153846 0.07572115384615384 0.09375
0 0.042067307692307696 0.5108173076923077 0.0829326923076923 0.09134615384615384
0 0.6358173076923077 0.45913461538461536 0.10216346153846154 0.09254807692307693
0 0.9435096153846154 0.056490384615384616 0.07091346153846154 0.06850961538461539
0 0.6694711538461539 0.6298076923076923 0.08413461538461539 0.07572115384615384
0 0.2704326923076923 0.03365384615384615 0.1045673076923077 0.06490384615384616
0 0.109375 0.38221153846153844 0.15504807692307693 0.10336538461538461
0 0.1310096153846154 0.8221153846153846 0.18269230769230768 0.078125