0 0.4254807692307692 0.12139423076923077 0.055288461538461536 0.06370192307692307
0 0.3233173076923077 0.16706730769230768 0.04927884615384615 0.04927884615384615
0 0.11778846153846154 0.06971153846153846 0.10096153846153846 0.04927884615384615
0 0.2860576923076923 0.31850961538461536 0.042067307692307696 0.03245192307692308
0 0.19591346153846154 0.38461538461538464 0.1045673076923077 0.040865384615384616
0 0.1466346153846154 0.30649038461538464 0.07572115384615384 0.04567307692307692
0 0.5733173076923077 0.3269230769230769 0.06009615384615385 0.05048076923076923
0 0.5961538461538461 0.38341346153846156 0.02403846153846154 0.03485576923076923
0 0.6682692307692307 0.390625 0.04807692307692308 0.051682692307692304
0 0.328125 0.4375 0.04447115384615385 0.037259615384615384
0 0.28846153846153844 0.44591346153846156 0.038461538461538464 0.02403846153846154
0 0.21875 0.46634615384615385 0.0733173076923077 0.03485576923076923
0 0.37259615384615385 0.41346153846153844 0.028846153846153848 0.04807692307692308
0 0.5865384615384616 0.5348557692307693 0.04447115384615385 0.05889423076923077
0 0.6923076923076923 0.578125 0.06370192307692307 0.038461538461538464
0 0.22956730769230768 0.5709134615384616 0.028846153846153848 0.03485576923076923
0 0.2764423076923077 0.6634615384615384 0.07932692307692307 0.06610576923076923
0 0.19230769230769232 0.6766826923076923 0.08533653846153846 0.038461538461538464
0 0.055288461538461536 0.5240384615384616 0.08413461538461539 0.025240384615384616
0 0.20793269230769232 0.4987980769230769 0.03245192307692308 0.03365384615384615
0 0.03485576923076923 0.75 0.06971153846153846 0.042067307692307696
0 0.1466346153846154 0.7355769230769231 0.056490384615384616 0.03125
0 0.1814903846153846 0.7403846153846154 0.052884615384615384 0.05889423076923077
0 0.7608173076923077 0.6959134615384616 0.051682692307692304 0.056490384615384616
0 0.24519230769230768 0.8389423076923077 0.04326923076923077 0.055288461538461536
0 0.026442307692307692 0.7367788461538461 0.051682692307692304 0.026442307692307692
0 0.4987980769230769 0.052884615384615384 0.06129807692307692 0.04567307692307692
0 0.4170673076923077 0.37259615384615385 0.03365384615384615 0.03365384615384615
0 0.48197115384615385 0.47596153846153844 0.036057692307692304 0.03365384615384615
0 0.0889423076923077 0.9134615384615384 0.038461538461538464 0.025240384615384616
0 0.5504807692307693 0.9795673076923077 0.06129807692307692 0.039663461538461536
0 0.37259615384615385 0.9387019230769231 0.054086538461538464 0.0625
0 0.35216346153846156 0.9951923076923077 0.057692307692307696 0.007211538461538462
0 0.5180288461538461 0.8004807692307693 0.056490384615384616 0.04326923076923077
0 0.578125 0.7632211538461539 0.06129807692307692 0.03485576923076923
0 0.5420673076923077 0.7199519230769231 0.04447115384615385 0.05048076923076923
0 0.5528846153846154 0.6550480769230769 0.03365384615384615 0.028846153846153848
0 0.5685096153846154 0.6201923076923077 0.06370192307692307 0.051682692307692304
0 0.41947115384615385 0.6274038461538461 0.038461538461538464 0.03365384615384615
0 0.3737980769230769 0.6754807692307693 0.04447115384615385 0.038461538461538464