0 0.31850961538461536 0.01201923076923077 0.03365384615384615 0.02403846153846154
0 0.41947115384615385 0.018028846153846152 0.051682692307692304 0.03245192307692308
0 0.140625 0.07091346153846154 0.06850961538461539 0.04567307692307692
0 0.26802884615384615 0.1346153846153846 0.09615384615384616 0.054086538461538464
0 0.421875 0.17067307692307693 0.07572115384615384 0.04447115384615385
0 0.07451923076923077 0.3161057692307692 0.14903846153846154 0.13581730769230768
0 0.2091346153846154 0.28966346153846156 0.055288461538461536 0.1141826923076923
0 0.328125 0.27283653846153844 0.042067307692307696 0.06610576923076923
0 0.37740384615384615 0.2704326923076923 0.056490384615384616 0.08533653846153846
0 0.5132211538461539 0.19591346153846154 0.057692307692307696 0.056490384615384616
0 0.5588942307692307 0.23076923076923078 0.0733173076923077 0.06610576923076923
0 0.5805288461538461 0.17427884615384615 0.037259615384615384 0.10697115384615384
0 0.6502403846153846 0.22596153846153846 0.04447115384615385 0.06971153846153846
0 0.7307692307692307 0.25961538461538464 0.04447115384615385 0.04447115384615385
0 0.8365384615384616 0.25240384615384615 0.04807692307692308 0.06850961538461539
0 0.9230769230769231 0.3173076923076923 0.04567307692307692 0.054086538461538464
0 0.6959134615384616 0.10817307692307693 0.054086538461538464 0.054086538461538464
0 0.6887019230769231 0.15745192307692307 0.05048076923076923 0.056490384615384616
0 0.8329326923076923 0.14903846153846154 0.12139423076923077 0.06610576923076923
0 0.9158653846153846 0.1201923076923077 0.04567307692307692 0.042067307692307696
0 0.9615384615384616 0.040865384615384616 0.014423076923076924 0.013221153846153846
0 0.9807692307692307 0.16105769230769232 0.036057692307692304 0.055288461538461536
0 0.14302884615384615 0.5168269230769231 0.04807692307692308 0.038461538461538464
0 0.14182692307692307 0.5757211538461539 0.03365384615384615 0.038461538461538464
0 0.078125 0.5612980769230769 0.038461538461538464 0.04447115384615385
0 0.34615384615384615 0.6274038461538461 0.042067307692307696 0.038461538461538464
0 0.03245192307692308 0.7463942307692307 0.06490384615384616 0.09375
0 0.06490384615384616 0.6995192307692307 0.03365384615384615 0.057692307692307696
0 0.15865384615384615 0.6959134615384616 0.04447115384615385 0.06850961538461539
0 0.21634615384615385 0.7103365384615384 0.04567307692307692 0.04807692307692308
0 0.3016826923076923 0.7223557692307693 0.038461538461538464 0.04807692307692308
0 0.22596153846153846 0.7764423076923077 0.05889423076923077 0.06971153846153846
0 0.18629807692307693 0.8149038461538461 0.03365384615384615 0.04807692307692308
0 0.27283653846153844 0.8317307692307693 0.039663461538461536 0.037259615384615384
0 0.2439903846153846 0.7175480769230769 0.026442307692307692 0.038461538461538464
0 0.4230769230769231 0.8185096153846154 0.0733173076923077 0.0625
0 0.13221153846153846 0.8882211538461539 0.06850961538461539 0.09735576923076923
0 0.1201923076923077 0.8725961538461539 0.0673076923076923 0.12139423076923077
0 0.3581730769230769 0.9579326923076923 0.054086538461538464 0.08052884615384616
0 0.96875 0.8353365384615384 0.051682692307692304 0.07932692307692307
0 0.7151442307692307 0.37740384615384615 0.06490384615384616 0.052884615384615384
0 0.5661057692307693 0.7451923076923077 0.06129807692307692 0.08052884615384616
0 0.6322115384615384 0.7355769230769231 0.10697115384615384 0.046875
0 0.6418269230769231 0.7091346153846154 0.03245192307692308 0.03485576923076923
0 0.6370192307692307 0.8822115384615384 0.055288461538461536 0.06009615384615385
0 0.7235576923076923 0.84375 0.04807692307692308 0.040865384615384616
0 0.6538461538461539 0.6262019230769231 0.03485576923076923 0.03365384615384615
0 0.7283653846153846 0.7487980769230769 0.06009615384615385 0.037259615384615384
0 0.8882211538461539 0.8966346153846154 0.14903846153846154 0.17668269230769232
0 0.9302884615384616 0.6153846153846154 0.13822115384615385 0.0625
0 0.9819711538461539 0.7223557692307693 0.03365384615384615 0.03485576923076923
0 0.6802884615384616 0.8545673076923077 0.06009615384615385 0.046875