0 0.35697115384615385 0.22115384615384615 0.14423076923076922 0.09375
0 0.9447115384615384 0.765625 0.10697115384615384 0.12259615384615384
0 0.021634615384615384 0.06009615384615385 0.04326923076923077 0.1201923076923077
0 0.0889423076923077 0.08052884615384616 0.07692307692307693 0.11177884615384616
0 0.1502403846153846 0.765625 0.125 0.09014423076923077
0 0.8569711538461539 0.22115384615384615 0.10096153846153846 0.10336538461538461
0 0.17307692307692307 0.025240384615384616 0.04807692307692308 0.04927884615384615
0 0.06610576923076923 0.6262019230769231 0.13221153846153846 0.12740384615384615
0 0.34134615384615385 0.6935096153846154 0.07091346153846154 0.08533653846153846
0 0.45552884615384615 0.33653846153846156 0.2091346153846154 0.12740384615384615
0 0.17908653846153846 0.19110576923076922 0.07451923076923077 0.08173076923076923
0 0.5408653846153846 0.4951923076923077 0.08173076923076923 0.17067307692307693
0 0.9627403846153846 0.08533653846153846 0.07211538461538461 0.15384615384615385
0 0.23317307692307693 0.7055288461538461 0.07932692307692307 0.07451923076923077
0 0.051682692307692304 0.43990384615384615 0.06490384615384616 0.14423076923076922
0 0.7704326923076923 0.9639423076923077 0.08774038461538461 0.06971153846153846
0 0.43509615384615385 0.9278846153846154 0.11177884615384616 0.07692307692307693
0 0.47115384615384615 0.09375 0.07572115384615384 0.09975961538461539
0 0.4074519230769231 0.8293269230769231 0.15865384615384615 0.10216346153846154
0 0.6646634615384616 0.14423076923076922 0.06850961538461539 0.06129807692307692
0 0.5841346153846154 0.453125 0.1045673076923077 0.09615384615384616
0 0.6490384615384616 0.6153846153846154 0.11538461538461539 0.11899038461538461
0 0.6923076923076923 0.5697115384615384 0.1141826923076923 0.15504807692307693
0 0.6358173076923077 0.22115384615384615 0.1346153846153846 0.125
0 0.6526442307692307 0.7259615384615384 0.14423076923076922 0.10096153846153846
0 0.5552884615384616 0.8762019230769231 0.125 0.07692307692307693
0 0.16466346153846154 0.3233173076923077 0.13822115384615385 0.13581730769230768
0 0.9122596153846154 0.9399038461538461 0.0889423076923077 0.11298076923076923
0 0.7704326923076923 0.5144230769230769 0.10697115384615384 0.1622596153846154
0 0.6658653846153846 0.016826923076923076 0.0673076923076923 0.03365384615384615
0 0.5480769230769231 0.14302884615384615 0.07091346153846154 0.08413461538461539
0 0.7427884615384616 0.015625 0.051682692307692304 0.030048076923076924
0 0.7980769230769231 0.6478365384615384 0.08413461538461539 0.12259615384615384