0 0.4266826923076923 0.7836538461538461 0.06129807692307692 0.0733173076923077
0 0.34615384615384615 0.13701923076923078 0.05889423076923077 0.06850961538461539
0 0.125 0.34375 0.06850961538461539 0.0889423076923077
0 0.3293269230769231 0.02283653846153846 0.052884615384615384 0.04567307692307692
0 0.7752403846153846 0.7908653846153846 0.052884615384615384 0.0733173076923077
0 0.02403846153846154 0.6213942307692307 0.046875 0.04927884615384615
0 0.53125 0.8545673076923077 0.057692307692307696 0.056490384615384616
0 0.11177884615384616 0.8377403846153846 0.11778846153846154 0.08052884615384616
0 0.7524038461538461 0.12860576923076922 0.07211538461538461 0.06009615384615385
0 0.25721153846153844 0.2860576923076923 0.08653846153846154 0.07211538461538461
0 0.8930288461538461 0.14543269230769232 0.06129807692307692 0.046875
0 0.5300480769230769 0.6766826923076923 0.052884615384615384 0.057692307692307696
0 0.3004807692307692 0.6177884615384616 0.057692307692307696 0.04447115384615385
0 0.12740384615384615 0.5336538461538461 0.109375 0.06129807692307692
0 0.12860576923076922 0.2860576923076923 0.037259615384615384 0.038461538461538464
0 0.265625 0.8545673076923077 0.10697115384615384 0.08052884615384616
0 0.15264423076923078 0.2692307692307692 0.08052884615384616 0.04567307692307692
0 0.640625 0.9867788461538461 0.055288461538461536 0.02403846153846154
0 0.5360576923076923 0.21754807692307693 0.1045673076923077 0.0673076923076923
0 0.9663461538461539 0.3173076923076923 0.06009615384615385 0.042067307692307696
0 0.4423076923076923 0.46634615384615385 0.06009615384615385 0.05889423076923077
0 0.9170673076923077 0.20673076923076922 0.0889423076923077 0.07572115384615384
0 0.038461538461538464 0.028846153846153848 0.042067307692307696 0.04927884615384615
0 0.49158653846153844 0.7247596153846154 0.12139423076923077 0.1778846153846154
0 0.5228365384615384 0.9338942307692307 0.0889423076923077 0.08413461538461539
0 0.9134615384615384 0.6838942307692307 0.06850961538461539 0.04447115384615385
0 0.5829326923076923 0.9675480769230769 0.04447115384615385 0.06009615384615385
0 0.8774038461538461 0.2824519230769231 0.11778846153846154 0.07211538461538461
0 0.7235576923076923 0.3389423076923077 0.07211538461538461 0.06610576923076923
0 0.9795673076923077 0.421875 0.039663461538461536 0.08052884615384616
0 0.1310096153846154 0.09615384615384616 0.056490384615384616 0.051682692307692304
0 0.2620192307692308 0.49759615384615385 0.08413461538461539 0.0625
0 0.4675480769230769 0.039663461538461536 0.05889423076923077 0.07091346153846154
0 0.6153846153846154 0.18269230769230768 0.054086538461538464 0.05889423076923077
0 0.7235576923076923 0.18990384615384615 0.06971153846153846 0.055288461538461536
0 0.33052884615384615 0.6526442307692307 0.04807692307692308 0.03485576923076923
0 0.984375 0.04807692307692308 0.028846153846153848 0.03125
0 0.9711538461538461 0.3737980769230769 0.055288461538461536 0.04447115384615385
0 0.6490384615384616 0.07692307692307693 0.06610576923076923 0.078125
0 0.37259615384615385 0.7307692307692307 0.055288461538461536 0.06490384615384616
0 0.6911057692307693 0.5985576923076923 0.08052884615384616 0.1045673076923077
0 0.5552884615384616 0.3557692307692308 0.11177884615384616 0.15144230769230768
0 0.7704326923076923 0.8389423076923077 0.0673076923076923 0.038461538461538464
0 0.23557692307692307 0.7944711538461539 0.078125 0.06009615384615385
0 0.9507211538461539 0.7067307692307693 0.08774038461538461 0.09735576923076923
0 0.8125 0.7091346153846154 0.06971153846153846 0.04927884615384615
0 0.19831730769230768 0.9050480769230769 0.06370192307692307 0.07692307692307693
0 0.019230769230769232 0.9471153846153846 0.037259615384615384 0.09975961538461539
0 0.8125 0.6418269230769231 0.18509615384615385 0.06971153846153846
0 0.46875 0.9399038461538461 0.06129807692307692 0.056490384615384616
0 0.20793269230769232 0.7247596153846154 0.052884615384615384 0.04447115384615385
0 0.07572115384615384 0.5132211538461539 0.05889423076923077 0.03365384615384615
0 0.04447115384615385 0.7403846153846154 0.04927884615384615 0.054086538461538464
0 0.04447115384615385 0.0625 0.04927884615384615 0.038461538461538464
0 0.9579326923076923 0.5913461538461539 0.07692307692307693 0.046875