0 0.9879807692307693 0.8449519230769231 0.02283653846153846 0.025240384615384616
0 0.13822115384615385 0.25 0.06129807692307692 0.09134615384615384
0 0.0889423076923077 0.4387019230769231 0.08052884615384616 0.04927884615384615
0 0.10216346153846154 0.49759615384615385 0.04447115384615385 0.04567307692307692
0 0.03245192307692308 0.515625 0.039663461538461536 0.03365384615384615
0 0.03485576923076923 0.5865384615384616 0.06971153846153846 0.057692307692307696
0 0.09735576923076923 0.6418269230769231 0.03365384615384615 0.028846153846153848
0 0.027644230769230768 0.6622596153846154 0.055288461538461536 0.07932692307692307
0 0.2692307692307692 0.6826923076923077 0.04807692307692308 0.07572115384615384
0 0.171875 0.6550480769230769 0.042067307692307696 0.04326923076923077
0 0.24759615384615385 0.6105769230769231 0.046875 0.07932692307692307
0 0.3894230769230769 0.4254807692307692 0.06490384615384616 0.0625
0 0.3786057692307692 0.5300480769230769 0.039663461538461536 0.040865384615384616
0 0.3125 0.5516826923076923 0.04927884615384615 0.054086538461538464
0 0.44711538461538464 0.6225961538461539 0.04807692307692308 0.06009615384615385
0 0.40865384615384615 0.6790865384615384 0.04447115384615385 0.056490384615384616
0 0.4206730769230769 0.7199519230769231 0.038461538461538464 0.07211538461538461
0 0.47596153846153844 0.7019230769230769 0.055288461538461536 0.0625
0 0.5384615384615384 0.8461538461538461 0.055288461538461536 0.05889423076923077
0 0.5649038461538461 0.5384615384615384 0.052884615384615384 0.037259615384615384
0 0.6298076923076923 0.5360576923076923 0.04807692307692308 0.042067307692307696
0 0.5985576923076923 0.6057692307692307 0.04447115384615385 0.046875
0 0.6875 0.5865384615384616 0.04447115384615385 0.038461538461538464
0 0.7367788461538461 0.5492788461538461 0.06490384615384616 0.052884615384615384
0 0.7632211538461539 0.7644230769230769 0.04447115384615385 0.04447115384615385
0 0.9098557692307693 0.6983173076923077 0.06971153846153846 0.04927884615384615
0 0.7896634615384616 0.6225961538461539 0.07211538461538461 0.07572115384615384
0 0.8449519230769231 0.6129807692307693 0.038461538461538464 0.055288461538461536
0 0.9326923076923077 0.6430288461538461 0.07211538461538461 0.0625
0 0.9759615384615384 0.5949519230769231 0.04567307692307692 0.055288461538461536
0 0.8617788461538461 0.5685096153846154 0.038461538461538464 0.0625
0 0.9302884615384616 0.5048076923076923 0.06971153846153846 0.08653846153846154
0 0.30528846153846156 0.9903846153846154 0.026442307692307692 0.016826923076923076
0 0.6911057692307693 0.6802884615384616 0.051682692307692304 0.04326923076923077
0 0.7379807692307693 0.6875 0.056490384615384616 0.07692307692307693