0 0.9459134615384616 0.040865384615384616 0.10697115384615384 0.08173076923076923
0 0.9555288461538461 0.09014423076923077 0.08774038461538461 0.07091346153846154
0 0.9230769230769231 0.03125 0.04447115384615385 0.0625
0 0.9495192307692307 0.1466346153846154 0.0985576923076923 0.06971153846153846
0 0.9350961538461539 0.18629807692307693 0.12860576923076922 0.09134615384615384
0 0.9014423076923077 0.21995192307692307 0.14182692307692307 0.04447115384615385
0 0.7572115384615384 0.09375 0.0985576923076923 0.06370192307692307
0 0.7728365384615384 0.12860576923076922 0.07211538461538461 0.07091346153846154
0 0.6586538461538461 0.14423076923076922 0.07572115384615384 0.028846153846153848
0 0.41466346153846156 0.18028846153846154 0.16947115384615385 0.07211538461538461
0 0.14302884615384615 0.11057692307692307 0.0733173076923077 0.055288461538461536
0 0.8894230769230769 0.3557692307692308 0.21995192307692307 0.08774038461538461
0 0.7259615384615384 0.34375 0.12259615384615384 0.16706730769230768
0 0.47716346153846156 0.33774038461538464 0.18389423076923078 0.14903846153846154
0 0.31850961538461536 0.24879807692307693 0.12259615384615384 0.07692307692307693
0 0.43028846153846156 0.3581730769230769 0.20552884615384615 0.13822115384615385
0 0.38221153846153844 0.28365384615384615 0.15985576923076922 0.1201923076923077
0 0.6514423076923077 0.46274038461538464 0.16706730769230768 0.10817307692307693
0 0.46875 0.546875 0.14783653846153846 0.09134615384615384
0 0.6730769230769231 0.5264423076923077 0.203125 0.07572115384615384
0 0.8076923076923077 0.5480769230769231 0.20793269230769232 0.16826923076923078
0 0.7524038461538461 0.6310096153846154 0.12259615384615384 0.08533653846153846
0 0.47596153846153844 0.6045673076923077 0.07211538461538461 0.04807692307692308
0 0.2800480769230769 0.6117788461538461 0.12379807692307693 0.0733173076923077
0 0.5300480769230769 0.44471153846153844 0.07572115384615384 0.04927884615384615
0 0.9795673076923077 0.4483173076923077 0.038461538461538464 0.042067307692307696
0 0.9591346153846154 0.5192307692307693 0.07932692307692307 0.06009615384615385
0 0.025240384615384616 0.5625 0.04927884615384615 0.052884615384615384
0 0.36658653846153844 0.5985576923076923 0.03365384615384615 0.03365384615384615
0 0.4338942307692308 0.6983173076923077 0.06490384615384616 0.019230769230769232
0 0.6923076923076923 0.6634615384615384 0.12980769230769232 0.055288461538461536
0 0.8774038461538461 0.7944711538461539 0.15504807692307693 0.0733173076923077
0 0.9543269230769231 0.7295673076923077 0.0625 0.03485576923076923
0 0.30528846153846156 0.9519230769230769 0.16947115384615385 0.09014423076923077
0 0.9326923076923077 0.9639423076923077 0.10576923076923077 0.07091346153846154
0 0.9591346153846154 0.9326923076923077 0.07932692307692307 0.07932692307692307
0 0.44471153846153844 0.9879807692307693 0.12620192307692307 0.02283653846153846
0 0.96875 0.5913461538461539 0.06009615384615385 0.057692307692307696