0 0.8545673076923077 0.8858173076923077 0.03365384615384615 0.04447115384615385
0 0.2512019230769231 0.65625 0.07211538461538461 0.04927884615384615
0 0.31971153846153844 0.3016826923076923 0.051682692307692304 0.04927884615384615
0 0.9074519230769231 0.2860576923076923 0.05889423076923077 0.038461538461538464
0 0.13822115384615385 0.5288461538461539 0.05889423076923077 0.06610576923076923
0 0.43149038461538464 0.9735576923076923 0.06490384615384616 0.051682692307692304
0 0.9290865384615384 0.6117788461538461 0.06971153846153846 0.046875
0 0.8557692307692307 0.8052884615384616 0.05048076923076923 0.046875
0 0.31490384615384615 0.4423076923076923 0.09615384615384616 0.06610576923076923
0 0.9290865384615384 0.8137019230769231 0.07211538461538461 0.07091346153846154
0 0.6346153846153846 0.13341346153846154 0.14423076923076922 0.11177884615384616
0 0.5516826923076923 0.1971153846153846 0.056490384615384616 0.055288461538461536
0 0.6526442307692307 0.5961538461538461 0.0733173076923077 0.028846153846153848
0 0.9711538461538461 0.42427884615384615 0.055288461538461536 0.04567307692307692
0 0.042067307692307696 0.02403846153846154 0.08413461538461539 0.046875
0 0.5805288461538461 0.7932692307692307 0.08533653846153846 0.054086538461538464
0 0.11899038461538461 0.23918269230769232 0.05889423076923077 0.04567307692307692