0 0.31490384615384615 0.796875 0.08774038461538461 0.15865384615384615
0 0.9411057692307693 0.9507211538461539 0.11538461538461539 0.09735576923076923
0 0.390625 0.9230769230769231 0.14903846153846154 0.078125
0 0.06971153846153846 0.7259615384615384 0.13822115384615385 0.12740384615384615
0 0.7259615384615384 0.26802884615384615 0.09615384615384616 0.125
0 0.27403846153846156 0.03485576923076923 0.14543269230769232 0.06971153846153846
0 0.6334134615384616 0.9831730769230769 0.11057692307692307 0.030048076923076924
0 0.17307692307692307 0.9819711538461539 0.09254807692307693 0.03365384615384615
0 0.9735576923076923 0.2980769230769231 0.04927884615384615 0.10216346153846154
0 0.34375 0.11177884615384616 0.078125 0.14783653846153846
0 0.5420673076923077 0.07692307692307693 0.17908653846153846 0.15384615384615385
0 0.44350961538461536 0.7115384615384616 0.08774038461538461 0.22115384615384615
0 0.04807692307692308 0.03485576923076923 0.08413461538461539 0.06610576923076923
0 0.8197115384615384 0.3088942307692308 0.09254807692307693 0.11778846153846154
0 0.01201923076923077 0.43028846153846156 0.02403846153846154 0.03485576923076923
0 0.7055288461538461 0.44711538461538464 0.1310096153846154 0.18509615384615385
0 0.8413461538461539 0.20673076923076922 0.19230769230769232 0.09495192307692307
0 0.9026442307692307 0.0889423076923077 0.19230769230769232 0.17307692307692307
0 0.40865384615384615 0.9663461538461539 0.15865384615384615 0.0625
0 0.9555288461538461 0.7151442307692307 0.08774038461538461 0.09134615384615384
0 0.5492788461538461 0.9711538461538461 0.13581730769230768 0.052884615384615384
0 0.15264423076923078 0.026442307692307692 0.07451923076923077 0.04927884615384615
0 0.5 0.7872596153846154 0.07692307692307693 0.13942307692307693
0 0.056490384615384616 0.8713942307692307 0.09615384615384616 0.21995192307692307
0 0.39903846153846156 0.8112980769230769 0.15504807692307693 0.09375
0 0.4182692307692308 0.1201923076923077 0.14903846153846154 0.23918269230769232