0 0.10817307692307693 0.22716346153846154 0.10697115384615384 0.055288461538461536
0 0.7379807692307693 0.17427884615384615 0.028846153846153848 0.039663461538461536
0 0.25240384615384615 0.3798076923076923 0.03485576923076923 0.037259615384615384
0 0.5552884615384616 0.4014423076923077 0.04927884615384615 0.03365384615384615
0 0.21995192307692307 0.6598557692307693 0.025240384615384616 0.037259615384615384
0 0.046875 0.7199519230769231 0.020432692307692308 0.03125
0 0.015625 0.7127403846153846 0.020432692307692308 0.03485576923076923
0 0.41346153846153844 0.9483173076923077 0.057692307692307696 0.10216346153846154
0 0.5588942307692307 0.9591346153846154 0.046875 0.036057692307692304
0 0.6478365384615384 0.7379807692307693 0.04807692307692308 0.03245192307692308
0 0.9399038461538461 0.6766826923076923 0.0829326923076923 0.13822115384615385
0 0.9134615384615384 0.8185096153846154 0.054086538461538464 0.038461538461538464
0 0.046875 0.7512019230769231 0.015625 0.02403846153846154
0 0.45072115384615385 0.9411057692307693 0.03485576923076923 0.036057692307692304
0 0.11778846153846154 0.6658653846153846 0.018028846153846152 0.039663461538461536
0 0.15144230769230768 0.9939903846153846 0.026442307692307692 0.010817307692307692
0 0.32572115384615385 0.6490384615384616 0.018028846153846152 0.025240384615384616