0 0.3545673076923077 0.39903846153846156 0.0889423076923077 0.12620192307692307
0 0.9326923076923077 0.6694711538461539 0.13221153846153846 0.109375
0 0.8269230769230769 0.20552884615384615 0.125 0.23197115384615385
0 0.45913461538461536 0.38822115384615385 0.08653846153846154 0.08413461538461539
0 0.6298076923076923 0.38221153846153844 0.1778846153846154 0.12379807692307693
0 0.8870192307692307 0.9375 0.2247596153846154 0.0829326923076923
0 0.31009615384615385 0.19591346153846154 0.12139423076923077 0.051682692307692304
0 0.4795673076923077 0.828125 0.14903846153846154 0.1658653846153846
0 0.5360576923076923 0.21153846153846154 0.09495192307692307 0.203125
0 0.19951923076923078 0.046875 0.08774038461538461 0.06490384615384616
0 0.5721153846153846 0.3389423076923077 0.109375 0.1201923076923077
0 0.8545673076923077 0.06490384615384616 0.16706730769230768 0.12860576923076922
0 0.6009615384615384 0.7451923076923077 0.2692307692307692 0.15865384615384615
0 0.2704326923076923 0.2956730769230769 0.14903846153846154 0.11778846153846154
0 0.4206730769230769 0.07572115384615384 0.11778846153846154 0.1502403846153846
0 0.18269230769230768 0.4266826923076923 0.17908653846153846 0.13822115384615385
0 0.9543269230769231 0.28846153846153844 0.09014423076923077 0.21394230769230768
0 0.055288461538461536 0.054086538461538464 0.10697115384615384 0.10697115384615384
0 0.41466346153846156 0.5420673076923077 0.14903846153846154 0.13822115384615385
0 0.22596153846153846 0.6899038461538461 0.09375 0.08653846153846154
0 0.36778846153846156 0.9098557692307693 0.11298076923076923 0.11538461538461539