0 0.38822115384615385 0.6947115384615384 0.08052884615384616 0.028846153846153848
0 0.03485576923076923 0.6262019230769231 0.06971153846153846 0.07932692307692307
0 0.6730769230769231 0.06850961538461539 0.06490384615384616 0.054086538461538464
0 0.5432692307692307 0.2776442307692308 0.06850961538461539 0.08413461538461539
0 0.4675480769230769 0.40625 0.08774038461538461 0.04447115384615385
0 0.421875 0.5408653846153846 0.08173076923076923 0.037259615384615384
0 0.25841346153846156 0.36778846153846156 0.09254807692307693 0.0625
0 0.5625 0.45072115384615385 0.06009615384615385 0.078125
0 0.4014423076923077 0.8557692307692307 0.055288461538461536 0.06009615384615385
0 0.9795673076923077 0.41947115384615385 0.03125 0.09134615384615384
0 0.6850961538461539 0.9290865384615384 0.05048076923076923 0.08653846153846154
0 0.4423076923076923 0.7439903846153846 0.07932692307692307 0.038461538461538464
0 0.3473557692307692 0.6670673076923077 0.10817307692307693 0.08533653846153846
0 0.4963942307692308 0.7487980769230769 0.039663461538461536 0.0733173076923077
0 0.0733173076923077 0.3401442307692308 0.09134615384615384 0.08052884615384616
0 0.15865384615384615 0.09495192307692307 0.07211538461538461 0.03125
0 0.23076923076923078 0.53125 0.03365384615384615 0.036057692307692304
0 0.8425480769230769 0.09615384615384616 0.054086538461538464 0.08052884615384616
0 0.18269230769230768 0.5576923076923077 0.06971153846153846 0.03245192307692308
0 0.04326923076923077 0.421875 0.08653846153846154 0.036057692307692304
0 0.09375 0.14302884615384615 0.09975961538461539 0.027644230769230768
0 0.8882211538461539 0.1778846153846154 0.09014423076923077 0.025240384615384616
0 0.6598557692307693 0.3737980769230769 0.13341346153846154 0.109375
0 0.9711538461538461 0.8221153846153846 0.036057692307692304 0.03125
0 0.75 0.3112980769230769 0.05048076923076923 0.06009615384615385
0 0.9302884615384616 0.13221153846153846 0.03245192307692308 0.057692307692307696
0 0.038461538461538464 0.9807692307692307 0.07692307692307693 0.03365384615384615
0 0.5516826923076923 0.5661057692307693 0.040865384615384616 0.038461538461538464
0 0.40865384615384615 0.5204326923076923 0.057692307692307696 0.02403846153846154
0 0.359375 0.11899038461538461 0.057692307692307696 0.051682692307692304
0 0.6081730769230769 0.7668269230769231 0.039663461538461536 0.06971153846153846
0 0.026442307692307692 0.04927884615384615 0.052884615384615384 0.08173076923076923
0 0.30288461538461536 0.018028846153846152 0.03365384615384615 0.03365384615384615
0 0.1875 0.18990384615384615 0.057692307692307696 0.03365384615384615
0 0.7956730769230769 0.9627403846153846 0.078125 0.037259615384615384
0 0.9867788461538461 0.18389423076923078 0.02403846153846154 0.07932692307692307
0 0.24639423076923078 0.04927884615384615 0.07211538461538461 0.05048076923076923
0 0.49158653846153844 0.9699519230769231 0.06129807692307692 0.025240384615384616
0 0.3449519230769231 0.3786057692307692 0.06971153846153846 0.052884615384615384
0 0.6081730769230769 0.9759615384615384 0.0733173076923077 0.02283653846153846
0 0.5853365384615384 0.9050480769230769 0.06009615384615385 0.09134615384615384
0 0.1971153846153846 0.8209134615384616 0.055288461538461536 0.037259615384615384
0 0.36658653846153844 0.7572115384615384 0.07211538461538461 0.03485576923076923
0 0.8317307692307693 0.7439903846153846 0.039663461538461536 0.038461538461538464
0 0.6382211538461539 0.055288461538461536 0.040865384615384616 0.09735576923076923
0 0.17427884615384615 0.49399038461538464 0.03485576923076923 0.06490384615384616
0 0.2283653846153846 0.07932692307692307 0.0673076923076923 0.06370192307692307
0 0.11658653846153846 0.5997596153846154 0.04927884615384615 0.04927884615384615
0 0.9110576923076923 0.7680288461538461 0.028846153846153848 0.052884615384615384
0 0.28365384615384615 0.8064903846153846 0.16947115384615385 0.06850961538461539
0 0.9855769230769231 0.7139423076923077 0.027644230769230768 0.0673076923076923
0 0.6274038461538461 0.14783653846153846 0.054086538461538464 0.07451923076923077
0 0.7548076923076923 0.7680288461538461 0.026442307692307692 0.0625
0 0.4266826923076923 0.14182692307692307 0.04447115384615385 0.052884615384615384
0 0.8389423076923077 0.40625 0.054086538461538464 0.08774038461538461
0 0.7379807692307693 0.8137019230769231 0.08413461538461539 0.04807692307692308
0 0.1346153846153846 0.515625 0.038461538461538464 0.06009615384615385
0 0.9639423076923077 0.7379807692307693 0.06370192307692307 0.039663461538461536
0 0.41225961538461536 0.7235576923076923 0.0733173076923077 0.02283653846153846
0 0.5877403846153846 0.31971153846153844 0.09254807692307693 0.10576923076923077
0 0.1201923076923077 0.6790865384615384 0.042067307692307696 0.055288461538461536
0 0.40865384615384615 0.31971153846153844 0.109375 0.06850961538461539
0 0.9819711538461539 0.3088942307692308 0.03125 0.07211538461538461