0 0.03125 0.12740384615384615 0.06129807692307692 0.14783653846153846
0 0.9675480769230769 0.078125 0.0625 0.15504807692307693
0 0.8185096153846154 0.7596153846153846 0.17668269230769232 0.10216346153846154
0 0.5036057692307693 0.25721153846153844 0.11177884615384616 0.11778846153846154
0 0.9326923076923077 0.9615384615384616 0.08052884615384616 0.06971153846153846
0 0.7836538461538461 0.44350961538461536 0.18028846153846154 0.08653846153846154
0 0.9387019230769231 0.7752403846153846 0.12139423076923077 0.11298076923076923
0 0.6153846153846154 0.3473557692307692 0.06009615384615385 0.06971153846153846
0 0.78125 0.46875 0.13341346153846154 0.2824519230769231
0 0.3076923076923077 0.5661057692307693 0.11658653846153846 0.20552884615384615
0 0.6646634615384616 0.7692307692307693 0.10096153846153846 0.06009615384615385
0 0.7536057692307693 0.7115384615384616 0.22115384615384615 0.10096153846153846
0 0.7992788461538461 0.0733173076923077 0.2439903846153846 0.1466346153846154
0 0.5264423076923077 0.9615384615384616 0.08533653846153846 0.07572115384615384
0 0.3762019230769231 0.875 0.11778846153846154 0.18629807692307693
0 0.38221153846153844 0.6862980769230769 0.07572115384615384 0.12379807692307693
0 0.90625 0.1141826923076923 0.18509615384615385 0.14543269230769232
0 0.27283653846153844 0.8305288461538461 0.0673076923076923 0.07451923076923077
0 0.052884615384615384 0.23557692307692307 0.10576923076923077 0.07211538461538461
0 0.7704326923076923 0.8858173076923077 0.07091346153846154 0.109375
0 0.21153846153846154 0.40024038461538464 0.140625 0.14302884615384615
0 0.8677884615384616 0.48677884615384615 0.13701923076923078 0.057692307692307696
0 0.6610576923076923 0.02403846153846154 0.07572115384615384 0.04567307692307692