0 0.7524038461538461 0.2644230769230769 0.0625 0.028846153846153848
0 0.17908653846153846 0.3088942307692308 0.12379807692307693 0.0733173076923077
0 0.7403846153846154 0.4495192307692308 0.12980769230769232 0.036057692307692304
0 0.8329326923076923 0.5841346153846154 0.11658653846153846 0.04927884615384615
0 0.9615384615384616 0.47836538461538464 0.07572115384615384 0.027644230769230768
0 0.16947115384615385 0.5408653846153846 0.12259615384615384 0.04447115384615385
0 0.10096153846153846 0.06009615384615385 0.1502403846153846 0.09014423076923077
0 0.7848557692307693 0.2548076923076923 0.09615384615384616 0.06129807692307692
0 0.71875 0.35697115384615385 0.0625 0.04807692307692308
0 0.5144230769230769 0.15504807692307693 0.13822115384615385 0.09615384615384616
0 0.9591346153846154 0.9326923076923077 0.07932692307692307 0.051682692307692304
0 0.3473557692307692 0.3918269230769231 0.10697115384615384 0.04326923076923077
0 0.7331730769230769 0.7271634615384616 0.07692307692307693 0.019230769230769232
0 0.31850961538461536 0.28725961538461536 0.09014423076923077 0.027644230769230768
0 0.6887019230769231 0.25721153846153844 0.109375 0.06971153846153846
0 0.953125 0.4110576923076923 0.09254807692307693 0.03245192307692308
0 0.9146634615384616 0.07572115384615384 0.12139423076923077 0.055288461538461536
0 0.6105769230769231 0.7728365384615384 0.09615384615384616 0.039663461538461536
0 0.027644230769230768 0.07091346153846154 0.055288461538461536 0.06610576923076923
0 0.7451923076923077 0.055288461538461536 0.0985576923076923 0.06009615384615385
0 0.33533653846153844 0.9891826923076923 0.07932692307692307 0.019230769230769232
0 0.10697115384615384 0.7536057692307693 0.12259615384615384 0.037259615384615384
0 0.06009615384615385 0.984375 0.11658653846153846 0.02403846153846154
0 0.3425480769230769 0.7439903846153846 0.14903846153846154 0.038461538461538464
0 0.4411057692307692 0.2620192307692308 0.0985576923076923 0.0673076923076923
0 0.9471153846153846 0.7776442307692307 0.1045673076923077 0.055288461538461536
0 0.10697115384615384 0.15384615384615385 0.14903846153846154 0.078125
0 0.28725961538461536 0.35216346153846156 0.09975961538461539 0.04326923076923077
0 0.5528846153846154 0.5973557692307693 0.06490384615384616 0.09014423076923077
0 0.4074519230769231 0.03365384615384615 0.1045673076923077 0.05048076923076923
0 0.078125 0.5829326923076923 0.11778846153846154 0.07091346153846154
0 0.9086538461538461 0.43509615384615385 0.078125 0.055288461538461536
0 0.9170673076923077 0.3737980769230769 0.11778846153846154 0.03365384615384615
0 0.04326923076923077 0.35697115384615385 0.08653846153846154 0.055288461538461536
0 0.13822115384615385 0.5889423076923077 0.038461538461538464 0.0733173076923077
0 0.5456730769230769 0.1875 0.12740384615384615 0.06490384615384616
0 0.1466346153846154 0.3329326923076923 0.1141826923076923 0.07091346153846154
0 0.24519230769230768 0.09134615384615384 0.06370192307692307 0.055288461538461536
0 0.9579326923076923 0.859375 0.07091346153846154 0.06490384615384616
0 0.19230769230769232 0.5096153846153846 0.10817307692307693 0.038461538461538464
0 0.78125 0.22596153846153846 0.0829326923076923 0.03365384615384615
0 0.9663461538461539 0.44711538461538464 0.06490384615384616 0.030048076923076924
0 0.6983173076923077 0.375 0.08413461538461539 0.07091346153846154
0 0.5985576923076923 0.4423076923076923 0.11177884615384616 0.028846153846153848
0 0.7980769230769231 0.055288461538461536 0.1466346153846154 0.06850961538461539
0 0.5685096153846154 0.31850961538461536 0.09735576923076923 0.06610576923076923
0 0.75 0.6887019230769231 0.11057692307692307 0.0673076923076923
0 0.13341346153846154 0.7055288461538461 0.21634615384615385 0.07572115384615384
0 0.4951923076923077 0.6887019230769231 0.15504807692307693 0.07572115384615384
0 0.2091346153846154 0.7439903846153846 0.12980769230769232 0.04567307692307692
0 0.921875 0.11899038461538461 0.14302884615384615 0.06850961538461539
0 0.6141826923076923 0.7367788461538461 0.11778846153846154 0.056490384615384616
0 0.8305288461538461 0.12980769230769232 0.09615384615384616 0.04567307692307692
0 0.8425480769230769 0.8665865384615384 0.0673076923076923 0.08052884615384616
0 0.3894230769230769 0.16105769230769232 0.0829326923076923 0.040865384615384616
0 0.6634615384615384 0.015625 0.046875 0.030048076923076924
0 0.859375 0.9086538461538461 0.07211538461538461 0.055288461538461536
0 0.31490384615384615 0.4579326923076923 0.19110576923076922 0.09615384615384616
0 0.27884615384615385 0.18389423076923078 0.09254807692307693 0.04447115384615385