0 0.9603365384615384 0.46875 0.0625 0.08653846153846154
0 0.47475961538461536 0.8725961538461539 0.0985576923076923 0.06971153846153846
0 0.8557692307692307 0.7896634615384616 0.06610576923076923 0.07932692307692307
0 0.38822115384615385 0.9867788461538461 0.0733173076923077 0.02403846153846154
0 0.8954326923076923 0.7800480769230769 0.0733173076923077 0.06971153846153846
0 0.8389423076923077 0.578125 0.10336538461538461 0.11177884615384616
0 0.8954326923076923 0.5637019230769231 0.0733173076923077 0.0733173076923077
0 0.7560096153846154 0.7379807692307693 0.09615384615384616 0.054086538461538464
0 0.4266826923076923 0.22956730769230768 0.09495192307692307 0.1502403846153846
0 0.6346153846153846 0.6057692307692307 0.06971153846153846 0.04807692307692308
0 0.19230769230769232 0.016826923076923076 0.07692307692307693 0.03365384615384615
0 0.4831730769230769 0.4230769230769231 0.09134615384615384 0.07091346153846154
0 0.03365384615384615 0.15504807692307693 0.06610576923076923 0.0829326923076923
0 0.9615384615384616 0.15745192307692307 0.07572115384615384 0.08653846153846154
0 0.28365384615384615 0.0889423076923077 0.11899038461538461 0.08052884615384616
0 0.3293269230769231 0.16105769230769232 0.10576923076923077 0.12620192307692307
0 0.054086538461538464 0.5264423076923077 0.06009615384615385 0.08774038461538461
0 0.9158653846153846 0.18269230769230768 0.07091346153846154 0.0985576923076923
0 0.7860576923076923 0.5697115384615384 0.07091346153846154 0.09735576923076923
0 0.9314903846153846 0.5360576923076923 0.07451923076923077 0.08173076923076923
0 0.35216346153846156 0.5384615384615384 0.09615384615384616 0.09495192307692307
0 0.4230769230769231 0.8088942307692307 0.09495192307692307 0.06129807692307692
0 0.042067307692307696 0.9122596153846154 0.08052884615384616 0.06490384615384616
0 0.34375 0.6225961538461539 0.08533653846153846 0.06490384615384616
0 0.5901442307692307 0.2091346153846154 0.10697115384615384 0.09134615384615384
0 0.19471153846153846 0.3137019230769231 0.07572115384615384 0.078125
0 0.7091346153846154 0.1201923076923077 0.06610576923076923 0.09134615384615384
0 0.3942307692307692 0.49278846153846156 0.1141826923076923 0.06009615384615385
0 0.8173076923076923 0.19951923076923078 0.06971153846153846 0.09134615384615384
0 0.6658653846153846 0.8353365384615384 0.07211538461538461 0.06129807692307692
0 0.12620192307692307 0.6514423076923077 0.14903846153846154 0.057692307692307696
0 0.5360576923076923 0.6334134615384616 0.09615384615384616 0.055288461538461536
0 0.4795673076923077 0.11658653846153846 0.0733173076923077 0.11899038461538461
0 0.953125 0.3701923076923077 0.07932692307692307 0.0733173076923077
0 0.6033653846153846 0.19591346153846154 0.07932692307692307 0.06370192307692307
0 0.046875 0.953125 0.08413461538461539 0.06370192307692307
0 0.5024038461538461 0.9807692307692307 0.12379807692307693 0.036057692307692304
0 0.16105769230769232 0.5769230769230769 0.0673076923076923 0.04326923076923077
0 0.9471153846153846 0.9507211538461539 0.0733173076923077 0.038461538461538464
0 0.7091346153846154 0.9615384615384616 0.10096153846153846 0.0733173076923077
0 0.5853365384615384 0.9699519230769231 0.11778846153846154 0.057692307692307696
0 0.6358173076923077 0.6838942307692307 0.08653846153846154 0.051682692307692304
0 0.3125 0.23197115384615385 0.08413461538461539 0.07932692307692307
0 0.7572115384615384 0.44350961538461536 0.07211538461538461 0.07692307692307693
0 0.7764423076923077 0.7740384615384616 0.06971153846153846 0.08413461538461539
0 0.4110576923076923 0.1935096153846154 0.06971153846153846 0.06971153846153846
0 0.125 0.9507211538461539 0.12379807692307693 0.0625
0 0.8653846153846154 0.16706730769230768 0.08052884615384616 0.11298076923076923
0 0.23076923076923078 0.24639423076923078 0.109375 0.08173076923076923
0 0.40625 0.14783653846153846 0.10216346153846154 0.08774038461538461
0 0.640625 0.546875 0.07451923076923077 0.07692307692307693
0 0.5108173076923077 0.4110576923076923 0.1141826923076923 0.0985576923076923
0 0.1971153846153846 0.7295673076923077 0.08413461538461539 0.06850961538461539
0 0.15504807692307693 0.4951923076923077 0.07932692307692307 0.0985576923076923
0 0.44471153846153844 0.78125 0.06971153846153846 0.03365384615384615
0 0.19471153846153846 0.9026442307692307 0.08173076923076923 0.05048076923076923
0 0.7608173076923077 0.8545673076923077 0.07572115384615384 0.08052884615384616
0 0.8449519230769231 0.17427884615384615 0.057692307692307696 0.06971153846153846
0 0.11298076923076923 0.21634615384615385 0.0985576923076923 0.08052884615384616
0 0.9074519230769231 0.25961538461538464 0.07572115384615384 0.08533653846153846
0 0.16105769230769232 0.08533653846153846 0.10697115384615384 0.09615384615384616
0 0.04927884615384615 0.6899038461538461 0.0985576923076923 0.04447115384615385
0 0.09254807692307693 0.515625 0.11778846153846154 0.05048076923076923
0 0.05889423076923077 0.14302884615384615 0.08052884615384616 0.08052884615384616
0 0.026442307692307692 0.6466346153846154 0.05048076923076923 0.030048076923076924
0 0.6225961538461539 0.29447115384615385 0.078125 0.04807692307692308
0 0.28365384615384615 0.8762019230769231 0.12139423076923077 0.08653846153846154
0 0.027644230769230768 0.28365384615384615 0.055288461538461536 0.04807692307692308
0 0.20072115384615385 0.5024038461538461 0.08052884615384616 0.06129807692307692