0 0.15264423076923078 0.2403846153846154 0.037259615384615384 0.054086538461538464
0 0.3894230769230769 0.22956730769230768 0.019230769230769232 0.052884615384615384
0 0.4879807692307692 0.2668269230769231 0.042067307692307696 0.039663461538461536
0 0.43509615384615385 0.25240384615384615 0.026442307692307692 0.040865384615384616
0 0.6057692307692307 0.2247596153846154 0.03485576923076923 0.03125
0 0.6117788461538461 0.27403846153846156 0.051682692307692304 0.04447115384615385
0 0.7247596153846154 0.171875 0.051682692307692304 0.06009615384615385
0 0.5024038461538461 0.34615384615384615 0.056490384615384616 0.040865384615384616
0 0.33052884615384615 0.34615384615384615 0.03365384615384615 0.051682692307692304
0 0.7115384615384616 0.10336538461538461 0.05048076923076923 0.03365384615384615
0 0.5973557692307693 0.013221153846153846 0.027644230769230768 0.026442307692307692
0 0.6213942307692307 0.036057692307692304 0.07932692307692307 0.06129807692307692
0 0.46274038461538464 0.0625 0.040865384615384616 0.06490384615384616
0 0.34975961538461536 0.09014423076923077 0.09134615384615384 0.0733173076923077
0 0.1346153846153846 0.055288461538461536 0.04567307692307692 0.040865384615384616
0 0.078125 0.056490384615384616 0.04447115384615385 0.07091346153846154
0 0.47596153846153844 0.6634615384615384 0.056490384615384616 0.038461538461538464
0 0.609375 0.6262019230769231 0.04927884615384615 0.036057692307692304
0 0.421875 0.7836538461538461 0.03125 0.04927884615384615
0 0.6742788461538461 0.7463942307692307 0.056490384615384616 0.036057692307692304
0 0.7620192307692307 0.4951923076923077 0.06009615384615385 0.037259615384615384
0 0.5396634615384616 0.5144230769230769 0.04567307692307692 0.07572115384615384
0 0.31971153846153844 0.5108173076923077 0.02403846153846154 0.05889423076923077
0 0.14182692307692307 0.9447115384615384 0.08052884615384616 0.06490384615384616
0 0.30408653846153844 0.9819711538461539 0.040865384615384616 0.03125
0 0.25721153846153844 0.875 0.038461538461538464 0.036057692307692304
0 0.5240384615384616 0.875 0.055288461538461536 0.051682692307692304
0 0.5576923076923077 0.8954326923076923 0.03245192307692308 0.030048076923076924
0 0.22115384615384615 0.9711538461538461 0.03485576923076923 0.04326923076923077
0 0.7067307692307693 0.9314903846153846 0.06490384615384616 0.027644230769230768
0 0.7463942307692307 0.8677884615384616 0.08653846153846154 0.02403846153846154
0 0.8774038461538461 0.9723557692307693 0.13221153846153846 0.052884615384615384
0 0.7415865384615384 0.8149038461538461 0.04567307692307692 0.038461538461538464
0 0.6526442307692307 0.17427884615384615 0.018028846153846152 0.025240384615384616
0 0.6502403846153846 0.45072115384615385 0.052884615384615384 0.025240384615384616
0 0.7103365384615384 0.4326923076923077 0.028846153846153848 0.018028846153846152
0 0.3473557692307692 0.3858173076923077 0.027644230769230768 0.04326923076923077
0 0.34375 0.6274038461538461 0.015625 0.057692307692307696