0 0.7692307692307693 0.007211538461538462 0.09134615384615384 0.013221153846153846
0 0.29927884615384615 0.015625 0.027644230769230768 0.021634615384615384
0 0.17668269230769232 0.007211538461538462 0.11177884615384616 0.014423076923076924
0 0.22596153846153846 0.12740384615384615 0.037259615384615384 0.08533653846153846
0 0.10817307692307693 0.08173076923076923 0.1141826923076923 0.16346153846153846
0 0.056490384615384616 0.20192307692307693 0.06009615384615385 0.25240384615384615
0 0.36177884615384615 0.16346153846153846 0.19110576923076922 0.12620192307692307
0 0.6983173076923077 0.265625 0.014423076923076924 0.04807692307692308
0 0.6550480769230769 0.15504807692307693 0.11177884615384616 0.11778846153846154
0 0.8329326923076923 0.2704326923076923 0.07572115384615384 0.07692307692307693
0 0.5877403846153846 0.3233173076923077 0.06610576923076923 0.04927884615384615
0 0.5228365384615384 0.25600961538461536 0.07572115384615384 0.13581730769230768
0 0.33413461538461536 0.43028846153846156 0.019230769230769232 0.013221153846153846
0 0.25600961538461536 0.38822115384615385 0.04927884615384615 0.040865384615384616
0 0.15504807692307693 0.4375 0.02283653846153846 0.014423076923076924
0 0.18870192307692307 0.46875 0.10336538461538461 0.04807692307692308
0 0.21995192307692307 0.5060096153846154 0.042067307692307696 0.046875
0 0.25 0.5240384615384616 0.04567307692307692 0.03485576923076923
0 0.15865384615384615 0.5384615384615384 0.07091346153846154 0.04927884615384615
0 0.0625 0.5757211538461539 0.07211538461538461 0.06610576923076923
0 0.046875 0.53125 0.040865384615384616 0.08413461538461539
0 0.203125 0.6935096153846154 0.021634615384615384 0.036057692307692304
0 0.03125 0.6766826923076923 0.009615384615384616 0.040865384615384616
0 0.10697115384615384 0.6201923076923077 0.015625 0.015625
0 0.71875 0.5649038461538461 0.04807692307692308 0.03125
0 0.8257211538461539 0.6165865384615384 0.1466346153846154 0.06971153846153846
0 0.859375 0.6742788461538461 0.08533653846153846 0.039663461538461536
0 0.46634615384615385 0.6177884615384616 0.09615384615384616 0.037259615384615384
0 0.4375 0.7139423076923077 0.15384615384615385 0.08052884615384616
0 0.46033653846153844 0.7668269230769231 0.04807692307692308 0.06850961538461539
0 0.6286057692307693 0.8725961538461539 0.10576923076923077 0.125
0 0.7848557692307693 0.9350961538461539 0.07211538461538461 0.12620192307692307
0 0.5432692307692307 0.9615384615384616 0.055288461538461536 0.07451923076923077
0 0.5673076923076923 0.984375 0.11057692307692307 0.028846153846153848
0 0.33533653846153844 0.9963942307692307 0.08413461538461539 0.006009615384615385
0 0.3004807692307692 0.828125 0.09615384615384616 0.039663461538461536
0 0.12139423076923077 0.90625 0.18990384615384615 0.09014423076923077