0 0.65625 0.8052884615384616 0.09615384615384616 0.09735576923076923
0 0.8449519230769231 0.8064903846153846 0.06490384615384616 0.10817307692307693
0 0.9471153846153846 0.5973557692307693 0.1045673076923077 0.09615384615384616
0 0.9579326923076923 0.7740384615384616 0.08173076923076923 0.12379807692307693
0 0.7175480769230769 0.2956730769230769 0.20072115384615385 0.08774038461538461
0 0.953125 0.30649038461538464 0.09134615384615384 0.10817307692307693
0 0.8557692307692307 0.46153846153846156 0.10576923076923077 0.11778846153846154
0 0.34615384615384615 0.6334134615384616 0.07211538461538461 0.13822115384615385
0 0.7007211538461539 0.11899038461538461 0.09735576923076923 0.09735576923076923
0 0.6418269230769231 0.5096153846153846 0.08052884615384616 0.09975961538461539
0 0.8581730769230769 0.8641826923076923 0.09134615384615384 0.06370192307692307
0 0.765625 0.7932692307692307 0.09254807692307693 0.14302884615384615
0 0.7067307692307693 0.6081730769230769 0.15384615384615385 0.07211538461538461
0 0.056490384615384616 0.265625 0.11298076923076923 0.08173076923076923
0 0.5432692307692307 0.8521634615384616 0.06490384615384616 0.0733173076923077
0 0.7091346153846154 0.4230769230769231 0.13942307692307693 0.07692307692307693