0 0.140625 0.05048076923076923 0.08533653846153846 0.036057692307692304
0 0.2824519230769231 0.03365384615384615 0.018028846153846152 0.04807692307692308
0 0.43990384615384615 0.12379807692307693 0.052884615384615384 0.03485576923076923
0 0.5913461538461539 0.10817307692307693 0.05889423076923077 0.03485576923076923
0 0.4951923076923077 0.13221153846153846 0.03125 0.04927884615384615
0 0.3004807692307692 0.11538461538461539 0.06490384615384616 0.052884615384615384
0 0.0889423076923077 0.20432692307692307 0.07451923076923077 0.025240384615384616
0 0.0889423076923077 0.2620192307692308 0.08653846153846154 0.036057692307692304
0 0.4423076923076923 0.3545673076923077 0.06610576923076923 0.03125
0 0.2608173076923077 0.4387019230769231 0.04447115384615385 0.07091346153846154
0 0.4326923076923077 0.5745192307692307 0.06009615384615385 0.07692307692307693
0 0.03365384615384615 0.609375 0.0673076923076923 0.036057692307692304
0 0.46153846153846156 0.7055288461538461 0.06129807692307692 0.028846153846153848
0 0.030048076923076924 0.7307692307692307 0.06009615384615385 0.055288461538461536
0 0.24519230769230768 0.7740384615384616 0.03245192307692308 0.056490384615384616
0 0.31490384615384615 0.8221153846153846 0.02403846153846154 0.04927884615384615
0 0.40625 0.8521634615384616 0.038461538461538464 0.06490384615384616
0 0.24759615384615385 0.8810096153846154 0.027644230769230768 0.03365384615384615
0 0.08653846153846154 0.984375 0.06009615384615385 0.030048076923076924
0 0.4387019230769231 0.9819711538461539 0.039663461538461536 0.03365384615384615
0 0.2764423076923077 0.5745192307692307 0.03125 0.038461538461538464
0 0.16105769230769232 0.10697115384615384 0.03125 0.027644230769230768
0 0.38100961538461536 0.02283653846153846 0.03365384615384615 0.04567307692307692
0 0.09134615384615384 0.5132211538461539 0.03365384615384615 0.025240384615384616
0 0.4387019230769231 0.6382211538461539 0.03125 0.021634615384615384
0 0.018028846153846152 0.8353365384615384 0.036057692307692304 0.02283653846153846
0 0.41466346153846156 0.18509615384615385 0.027644230769230768 0.025240384615384616
0 0.23798076923076922 0.8076923076923077 0.03245192307692308 0.037259615384615384