0 0.04567307692307692 0.3112980769230769 0.04807692307692308 0.13701923076923078
0 0.8257211538461539 0.22956730769230768 0.203125 0.12620192307692307
0 0.3737980769230769 0.41466346153846156 0.23798076923076922 0.11778846153846154
0 0.453125 0.4050480769230769 0.15745192307692307 0.1778846153846154
0 0.10576923076923077 0.8846153846153846 0.11778846153846154 0.0625
0 0.18269230769230768 0.9002403846153846 0.23798076923076922 0.1971153846153846
0 0.32211538461538464 0.078125 0.18389423076923078 0.15625
0 0.5204326923076923 0.02283653846153846 0.06850961538461539 0.04447115384615385
0 0.7752403846153846 0.008413461538461538 0.0889423076923077 0.016826923076923076
0 0.6862980769230769 0.026442307692307692 0.08653846153846154 0.052884615384615384
0 0.7944711538461539 0.03365384615384615 0.08774038461538461 0.03365384615384615
0 0.9795673076923077 0.02403846153846154 0.039663461538461536 0.046875
0 0.9579326923076923 0.06971153846153846 0.08052884615384616 0.052884615384615384
0 0.3076923076923077 0.19951923076923078 0.13341346153846154 0.04447115384615385
0 0.42908653846153844 0.14423076923076922 0.19951923076923078 0.08173076923076923
0 0.7788461538461539 0.12620192307692307 0.08653846153846154 0.06009615384615385
0 0.8509615384615384 0.1622596153846154 0.078125 0.09134615384615384
0 0.9158653846153846 0.12259615384615384 0.1658653846153846 0.09735576923076923
0 0.7079326923076923 0.2848557692307692 0.06370192307692307 0.07451923076923077
0 0.014423076923076924 0.19951923076923078 0.028846153846153848 0.06971153846153846
0 0.07211538461538461 0.22716346153846154 0.06490384615384616 0.16346153846153846
0 0.16466346153846154 0.2439903846153846 0.0673076923076923 0.08052884615384616
0 0.9158653846153846 0.265625 0.16706730769230768 0.054086538461538464
0 0.7475961538461539 0.33533653846153844 0.14423076923076922 0.04326923076923077
0 0.8701923076923077 0.32211538461538464 0.15985576923076922 0.08173076923076923
0 0.7487980769230769 0.47115384615384615 0.09735576923076923 0.08052884615384616
0 0.6262019230769231 0.4338942307692308 0.22716346153846154 0.07091346153846154
0 0.33052884615384615 0.6201923076923077 0.09014423076923077 0.0985576923076923
0 0.2548076923076923 0.5492788461538461 0.09375 0.08774038461538461
0 0.3004807692307692 0.4375 0.11538461538461539 0.15384615384615385
0 0.5252403846153846 0.40024038461538464 0.18990384615384615 0.18389423076923078
0 0.5997596153846154 0.5 0.0673076923076923 0.27884615384615385
0 0.4795673076923077 0.5564903846153846 0.22355769230769232 0.11057692307692307
0 0.8954326923076923 0.5709134615384616 0.11057692307692307 0.038461538461538464
0 0.9543269230769231 0.5600961538461539 0.02403846153846154 0.05889423076923077
0 0.9711538461538461 0.6057692307692307 0.056490384615384616 0.18028846153846154
0 0.8774038461538461 0.6610576923076923 0.14543269230769232 0.07572115384615384
0 0.609375 0.6899038461538461 0.0985576923076923 0.055288461538461536
0 0.5120192307692307 0.7403846153846154 0.06009615384615385 0.03485576923076923
0 0.46274038461538464 0.78125 0.2776442307692308 0.08653846153846154
0 0.65625 0.859375 0.1141826923076923 0.2548076923076923
0 0.9338942307692307 0.9867788461538461 0.10697115384615384 0.02403846153846154
0 0.9819711538461539 0.9591346153846154 0.03365384615384615 0.06370192307692307
0 0.08774038461538461 0.6899038461538461 0.09495192307692307 0.14302884615384615
0 0.06610576923076923 0.7608173076923077 0.13221153846153846 0.07932692307692307
0 0.18509615384615385 0.8786057692307693 0.12259615384615384 0.24158653846153846
0 0.25600961538461536 0.9146634615384616 0.11177884615384616 0.14903846153846154
0 0.33774038461538464 0.9795673076923077 0.039663461538461536 0.038461538461538464
0 0.14423076923076922 0.9675480769230769 0.0673076923076923 0.06370192307692307
0 0.019230769230769232 0.8954326923076923 0.038461538461538464 0.040865384615384616
0 0.021634615384615384 0.9711538461538461 0.04326923076923077 0.055288461538461536
0 0.018028846153846152 0.39903846153846156 0.03485576923076923 0.038461538461538464
0 0.3786057692307692 0.8209134615384616 0.06610576923076923 0.14182692307692307