0 0.9447115384615384 0.8161057692307693 0.06610576923076923 0.0673076923076923
0 0.6875 0.859375 0.07091346153846154 0.0733173076923077
0 0.4879807692307692 0.2668269230769231 0.11057692307692307 0.12379807692307693
0 0.8497596153846154 0.8197115384615384 0.09254807692307693 0.07451923076923077
0 0.2980769230769231 0.5036057692307693 0.08173076923076923 0.08774038461538461
0 0.17908653846153846 0.8076923076923077 0.09735576923076923 0.13221153846153846
0 0.9747596153846154 0.7019230769230769 0.04807692307692308 0.09615384615384616
0 0.7211538461538461 0.4879807692307692 0.10697115384615384 0.07932692307692307
0 0.46634615384615385 0.8016826923076923 0.10697115384615384 0.14182692307692307
0 0.6454326923076923 0.9206730769230769 0.07572115384615384 0.09495192307692307
0 0.7548076923076923 0.9507211538461539 0.055288461538461536 0.0889423076923077
0 0.6117788461538461 0.2692307692307692 0.0829326923076923 0.10817307692307693
0 0.5132211538461539 0.90625 0.14543269230769232 0.1201923076923077
0 0.08533653846153846 0.8858173076923077 0.11057692307692307 0.16706730769230768
0 0.8329326923076923 0.9098557692307693 0.04567307692307692 0.0673076923076923
0 0.5348557692307693 0.48197115384615385 0.0889423076923077 0.09975961538461539
0 0.03365384615384615 0.11658653846153846 0.06610576923076923 0.08653846153846154
0 0.34375 0.9603365384615384 0.13701923076923078 0.07572115384615384
0 0.17668269230769232 0.8954326923076923 0.06009615384615385 0.07211538461538461
0 0.7367788461538461 0.9170673076923077 0.06971153846153846 0.0889423076923077
0 0.8641826923076923 0.6778846153846154 0.14302884615384615 0.14423076923076922
0 0.33533653846153844 0.8257211538461539 0.07091346153846154 0.09495192307692307
0 0.2980769230769231 0.6526442307692307 0.12139423076923077 0.17548076923076922
0 0.7908653846153846 0.2091346153846154 0.125 0.10576923076923077
0 0.5757211538461539 0.21514423076923078 0.0625 0.12980769230769232
0 0.4567307692307692 0.9759615384615384 0.078125 0.046875
0 0.08413461538461539 0.3004807692307692 0.07572115384615384 0.07091346153846154