0 0.48197115384615385 0.06009615384615385 0.04927884615384615 0.07692307692307693
0 0.3870192307692308 0.42908653846153844 0.03245192307692308 0.025240384615384616
0 0.7548076923076923 0.41466346153846156 0.03125 0.030048076923076924
0 0.7283653846153846 0.46274038461538464 0.03485576923076923 0.018028846153846152
0 0.8762019230769231 0.296875 0.08653846153846154 0.06850961538461539
0 0.8894230769230769 0.3798076923076923 0.08052884615384616 0.09254807692307693
0 0.7367788461538461 0.13822115384615385 0.06850961538461539 0.03365384615384615
0 0.4495192307692308 0.4254807692307692 0.07451923076923077 0.06850961538461539
0 0.23918269230769232 0.4495192307692308 0.055288461538461536 0.08413461538461539
0 0.17067307692307693 0.4831730769230769 0.11899038461538461 0.0673076923076923
0 0.43149038461538464 0.014423076923076924 0.03125 0.028846153846153848
0 0.3161057692307692 0.48197115384615385 0.03125 0.03485576923076923
0 0.5072115384615384 0.5745192307692307 0.026442307692307692 0.03125
0 0.4855769230769231 0.5264423076923077 0.1310096153846154 0.04807692307692308
0 0.9074519230769231 0.5204326923076923 0.036057692307692304 0.030048076923076924
0 0.9326923076923077 0.5444711538461539 0.04927884615384615 0.030048076923076924
0 0.8858173076923077 0.6766826923076923 0.051682692307692304 0.21394230769230768
0 0.6995192307692307 0.8100961538461539 0.04927884615384615 0.039663461538461536
0 0.2800480769230769 0.671875 0.030048076923076924 0.04326923076923077
0 0.3389423076923077 0.8485576923076923 0.030048076923076924 0.04567307692307692
0 0.08052884615384616 0.5588942307692307 0.09615384615384616 0.04447115384615385
0 0.02403846153846154 0.7716346153846154 0.040865384615384616 0.02403846153846154
0 0.026442307692307692 0.6069711538461539 0.02403846153846154 0.016826923076923076
0 0.09014423076923077 0.9723557692307693 0.03485576923076923 0.052884615384615384
0 0.14783653846153846 0.9927884615384616 0.030048076923076924 0.013221153846153846
0 0.2536057692307692 0.9891826923076923 0.06129807692307692 0.020432692307692308
0 0.9591346153846154 0.9399038461538461 0.07932692307692307 0.11057692307692307
0 0.5721153846153846 0.6598557692307693 0.026442307692307692 0.025240384615384616
0 0.9891826923076923 0.3233173076923077 0.018028846153846152 0.04326923076923077