0 0.45552884615384615 0.39783653846153844 0.06370192307692307 0.12740384615384615
0 0.21634615384615385 0.33774038461538464 0.09134615384615384 0.07091346153846154
0 0.515625 0.16706730769230768 0.19230769230769232 0.18028846153846154
0 0.8197115384615384 0.29447115384615385 0.24639423076923078 0.109375
0 0.1502403846153846 0.640625 0.11298076923076923 0.057692307692307696
0 0.6033653846153846 0.36538461538461536 0.06009615384615385 0.052884615384615384
0 0.33774038461538464 0.5516826923076923 0.09495192307692307 0.11538461538461539
0 0.06490384615384616 0.2127403846153846 0.12980769230769232 0.09375
0 0.6454326923076923 0.18389423076923078 0.0829326923076923 0.13822115384615385
0 0.9206730769230769 0.5961538461538461 0.078125 0.08774038461538461
0 0.7223557692307693 0.8485576923076923 0.1045673076923077 0.11298076923076923
0 0.1814903846153846 0.5096153846153846 0.05048076923076923 0.07932692307692307
0 0.042067307692307696 0.7788461538461539 0.0829326923076923 0.08052884615384616
0 0.9495192307692307 0.7524038461538461 0.0985576923076923 0.18028846153846154
0 0.296875 0.6201923076923077 0.12860576923076922 0.14903846153846154
0 0.9014423076923077 0.6610576923076923 0.0625 0.06129807692307692
0 0.17307692307692307 0.5588942307692307 0.07211538461538461 0.08533653846153846
0 0.6995192307692307 0.042067307692307696 0.08413461538461539 0.08173076923076923
0 0.5793269230769231 0.7692307692307693 0.09615384615384616 0.11177884615384616
0 0.21875 0.03365384615384615 0.0673076923076923 0.052884615384615384
0 0.9194711538461539 0.49038461538461536 0.07451923076923077 0.08413461538461539
0 0.46153846153846156 0.16947115384615385 0.09615384615384616 0.07572115384615384
0 0.2848557692307692 0.06129807692307692 0.06490384615384616 0.12259615384615384
0 0.4411057692307692 0.10697115384615384 0.09134615384615384 0.08052884615384616
0 0.35697115384615385 0.46875 0.06850961538461539 0.09615384615384616
0 0.9507211538461539 0.10697115384615384 0.09375 0.09975961538461539
0 0.020432692307692308 0.6802884615384616 0.040865384615384616 0.051682692307692304
0 0.8762019230769231 0.1141826923076923 0.11538461538461539 0.06370192307692307
0 0.9699519230769231 0.24759615384615385 0.05889423076923077 0.056490384615384616
0 0.11057692307692307 0.3016826923076923 0.09134615384615384 0.07572115384615384
0 0.9038461538461539 0.84375 0.18990384615384615 0.08413461538461539
0 0.578125 0.29447115384615385 0.15745192307692307 0.1935096153846154
0 0.765625 0.953125 0.09375 0.09134615384615384