0 0.7608173076923077 0.59375 0.0733173076923077 0.07572115384615384
0 0.49759615384615385 0.35697115384615385 0.054086538461538464 0.056490384615384616
0 0.3389423076923077 0.6730769230769231 0.06009615384615385 0.055288461538461536
0 0.03485576923076923 0.3894230769230769 0.06971153846153846 0.0625
0 0.24278846153846154 0.9507211538461539 0.06610576923076923 0.06490384615384616
0 0.921875 0.14182692307692307 0.06971153846153846 0.06009615384615385
0 0.8257211538461539 0.8449519230769231 0.09134615384615384 0.06009615384615385
0 0.8653846153846154 0.9182692307692307 0.06129807692307692 0.057692307692307696
0 0.13942307692307693 0.4639423076923077 0.0625 0.0625
0 0.5060096153846154 0.1141826923076923 0.055288461538461536 0.06009615384615385
0 0.2776442307692308 0.46875 0.04567307692307692 0.06009615384615385
0 0.8269230769230769 0.4795673076923077 0.06971153846153846 0.056490384615384616
0 0.2608173076923077 0.8161057692307693 0.1201923076923077 0.08052884615384616
0 0.30408653846153844 0.2692307692307692 0.078125 0.06009615384615385
0 0.15865384615384615 0.20192307692307693 0.0625 0.06009615384615385
0 0.8641826923076923 0.6947115384615384 0.06009615384615385 0.0625
0 0.26322115384615385 0.4326923076923077 0.04927884615384615 0.04807692307692308
0 0.36778846153846156 0.47836538461538464 0.06610576923076923 0.04326923076923077
0 0.890625 0.5829326923076923 0.05889423076923077 0.09495192307692307
0 0.5372596153846154 0.921875 0.05889423076923077 0.08052884615384616
0 0.7355769230769231 0.9086538461538461 0.0625 0.08774038461538461
0 0.8846153846153846 0.39783653846153844 0.054086538461538464 0.052884615384615384
0 0.055288461538461536 0.8365384615384616 0.0985576923076923 0.054086538461538464
0 0.6394230769230769 0.31850961538461536 0.055288461538461536 0.06971153846153846
0 0.8221153846153846 0.5564903846153846 0.052884615384615384 0.06129807692307692
0 0.2283653846153846 0.6826923076923077 0.07572115384615384 0.04927884615384615
0 0.7836538461538461 0.9771634615384616 0.06850961538461539 0.04326923076923077
0 0.5420673076923077 0.7680288461538461 0.06129807692307692 0.08653846153846154
0 0.109375 0.7620192307692307 0.12379807692307693 0.06490384615384616
0 0.43509615384615385 0.6153846153846154 0.07211538461538461 0.04927884615384615
0 0.5661057692307693 0.38221153846153844 0.06009615384615385 0.06009615384615385
0 0.29447115384615385 0.49759615384615385 0.0733173076923077 0.06370192307692307
0 0.9591346153846154 0.6177884615384616 0.056490384615384616 0.06490384615384616
0 0.4831730769230769 0.8100961538461539 0.06129807692307692 0.0673076923076923
0 0.39903846153846156 0.42427884615384615 0.0673076923076923 0.05048076923076923
0 0.07932692307692307 0.5168269230769231 0.05048076923076923 0.051682692307692304
0 0.5516826923076923 0.8209134615384616 0.054086538461538464 0.054086538461538464
0 0.7920673076923077 0.31009615384615385 0.08413461538461539 0.051682692307692304
0 0.8137019230769231 0.4026442307692308 0.04927884615384615 0.07091346153846154
0 0.29447115384615385 0.8569711538461539 0.08052884615384616 0.05889423076923077
0 0.46875 0.7463942307692307 0.06370192307692307 0.06009615384615385
0 0.4699519230769231 0.08173076923076923 0.0733173076923077 0.06971153846153846
0 0.0673076923076923 0.20673076923076922 0.06009615384615385 0.05889423076923077
0 0.5276442307692307 0.6117788461538461 0.06009615384615385 0.08052884615384616
0 0.6670673076923077 0.5889423076923077 0.0673076923076923 0.1141826923076923
0 0.4182692307692308 0.36899038461538464 0.06490384615384616 0.05889423076923077
0 0.4266826923076923 0.9266826923076923 0.06370192307692307 0.07932692307692307
0 0.2668269230769231 0.3545673076923077 0.07451923076923077 0.07932692307692307
0 0.7271634615384616 0.5336538461538461 0.06490384615384616 0.055288461538461536
0 0.1201923076923077 0.051682692307692304 0.08653846153846154 0.07932692307692307
0 0.9014423076923077 0.057692307692307696 0.0733173076923077 0.07572115384615384
0 0.9567307692307693 0.953125 0.08173076923076923 0.0889423076923077
0 0.3485576923076923 0.3473557692307692 0.054086538461538464 0.0625
0 0.9447115384615384 0.35096153846153844 0.06490384615384616 0.06129807692307692
0 0.609375 0.4639423076923077 0.06370192307692307 0.057692307692307696
0 0.7319711538461539 0.30649038461538464 0.055288461538461536 0.04326923076923077