0 0.07091346153846154 0.24158653846153846 0.14182692307692307 0.13701923076923078
0 0.5673076923076923 0.0889423076923077 0.06490384615384616 0.06009615384615385
0 0.6177884615384616 0.8942307692307693 0.06971153846153846 0.0625
0 0.11298076923076923 0.6947115384615384 0.11658653846153846 0.06610576923076923
0 0.027644230769230768 0.7776442307692307 0.055288461538461536 0.06490384615384616
0 0.5024038461538461 0.018028846153846152 0.09254807692307693 0.03485576923076923
0 0.7115384615384616 0.27283653846153844 0.12740384615384615 0.08052884615384616
0 0.15625 0.20673076923076922 0.13581730769230768 0.10576923076923077
0 0.4891826923076923 0.44471153846153844 0.07932692307692307 0.08173076923076923
0 0.6899038461538461 0.38221153846153844 0.07211538461538461 0.07091346153846154
0 0.7319711538461539 0.6454326923076923 0.0625 0.06971153846153846
0 0.6274038461538461 0.0625 0.09014423076923077 0.07091346153846154
0 0.4987980769230769 0.8569711538461539 0.09254807692307693 0.11899038461538461
0 0.6310096153846154 0.1622596153846154 0.11298076923076923 0.0985576923076923
0 0.3004807692307692 0.020432692307692308 0.12259615384615384 0.039663461538461536
0 0.04927884615384615 0.7944711538461539 0.06129807692307692 0.06370192307692307
0 0.4639423076923077 0.6802884615384616 0.08533653846153846 0.054086538461538464
0 0.3473557692307692 0.3449519230769231 0.04927884615384615 0.08052884615384616
0 0.9350961538461539 0.44711538461538464 0.08413461538461539 0.05889423076923077
0 0.21754807692307693 0.018028846153846152 0.08052884615384616 0.03485576923076923
0 0.8617788461538461 0.4254807692307692 0.10576923076923077 0.11899038461538461
0 0.5516826923076923 0.9314903846153846 0.06009615384615385 0.08653846153846154
0 0.40865384615384615 0.2848557692307692 0.07572115384615384 0.09735576923076923
0 0.9447115384615384 0.796875 0.06490384615384616 0.14302884615384615
0 0.016826923076923076 0.875 0.03365384615384615 0.0733173076923077
0 0.40024038461538464 0.7560096153846154 0.08413461538461539 0.13942307692307693
0 0.23918269230769232 0.6382211538461539 0.09615384615384616 0.09375
0 0.359375 0.4326923076923077 0.06490384615384616 0.08173076923076923
0 0.7295673076923077 0.8954326923076923 0.07692307692307693 0.09134615384615384
0 0.6045673076923077 0.609375 0.09134615384615384 0.12259615384615384