0 0.8125 0.7355769230769231 0.13221153846153846 0.14423076923076922
0 0.8245192307692307 0.36899038461538464 0.09735576923076923 0.09014423076923077
0 0.6117788461538461 0.8533653846153846 0.15745192307692307 0.15985576923076922
0 0.07451923076923077 0.7427884615384616 0.13942307692307693 0.12740384615384615
0 0.04326923076923077 0.06129807692307692 0.0829326923076923 0.078125
0 0.7451923076923077 0.7644230769230769 0.07692307692307693 0.09134615384615384
0 0.4795673076923077 0.33413461538461536 0.0829326923076923 0.12740384615384615
0 0.3473557692307692 0.7908653846153846 0.14543269230769232 0.08653846153846154
0 0.05889423076923077 0.9459134615384616 0.11778846153846154 0.078125
0 0.47115384615384615 0.703125 0.109375 0.09254807692307693
0 0.5204326923076923 0.9807692307692307 0.11538461538461539 0.03365384615384615
0 0.6802884615384616 0.5420673076923077 0.16346153846153846 0.1310096153846154
0 0.14302884615384615 0.054086538461538464 0.234375 0.09735576923076923
0 0.18990384615384615 0.1346153846153846 0.1971153846153846 0.13701923076923078
0 0.7055288461538461 0.34975961538461536 0.07572115384615384 0.09134615384615384
0 0.9423076923076923 0.5084134615384616 0.06971153846153846 0.0829326923076923
0 0.46875 0.12860576923076922 0.09375 0.13221153846153846
0 0.10697115384615384 0.796875 0.08173076923076923 0.07692307692307693
0 0.4411057692307692 0.5649038461538461 0.10096153846153846 0.11778846153846154
0 0.9747596153846154 0.9158653846153846 0.04807692307692308 0.07572115384615384
0 0.5612980769230769 0.6802884615384616 0.14182692307692307 0.09735576923076923
0 0.7163461538461539 0.14423076923076922 0.08413461538461539 0.10096153846153846
0 0.8425480769230769 0.6394230769230769 0.11177884615384616 0.09615384615384616
0 0.13341346153846154 0.3449519230769231 0.06490384615384616 0.06009615384615385
0 0.36177884615384615 0.43149038461538464 0.078125 0.08653846153846154
0 0.0889423076923077 0.43509615384615385 0.14543269230769232 0.08052884615384616
0 0.06370192307692307 0.5 0.12740384615384615 0.1141826923076923
0 0.30408653846153844 0.29086538461538464 0.1310096153846154 0.09615384615384616
0 0.11899038461538461 0.6526442307692307 0.23317307692307693 0.06971153846153846
0 0.125 0.2608173076923077 0.11057692307692307 0.0829326923076923
0 0.04567307692307692 0.1310096153846154 0.07451923076923077 0.09134615384615384
0 0.29447115384615385 0.9783653846153846 0.14543269230769232 0.039663461538461536
0 0.7223557692307693 0.08533653846153846 0.13701923076923078 0.09975961538461539
0 0.5348557692307693 0.4519230769230769 0.09254807692307693 0.09134615384615384
0 0.6274038461538461 0.30288461538461536 0.10336538461538461 0.11538461538461539