0 0.7427884615384616 0.31971153846153844 0.06009615384615385 0.06009615384615385
0 0.78125 0.15504807692307693 0.04807692307692308 0.07932692307692307
0 0.33413461538461536 0.953125 0.026442307692307692 0.05048076923076923
0 0.4855769230769231 0.4987980769230769 0.038461538461538464 0.0733173076923077
0 0.7295673076923077 0.3545673076923077 0.03365384615384615 0.05889423076923077
0 0.027644230769230768 0.8425480769230769 0.055288461538461536 0.05048076923076923
0 0.23197115384615385 0.9134615384615384 0.057692307692307696 0.04447115384615385
0 0.0673076923076923 0.46634615384615385 0.08653846153846154 0.046875
0 0.40024038461538464 0.6670673076923077 0.078125 0.06370192307692307
0 0.5456730769230769 0.6274038461538461 0.057692307692307696 0.07091346153846154
0 0.8677884615384616 0.203125 0.04447115384615385 0.09615384615384616
0 0.9134615384615384 0.5264423076923077 0.036057692307692304 0.051682692307692304
0 0.015625 0.6526442307692307 0.030048076923076924 0.05889423076923077
0 0.12620192307692307 0.5132211538461539 0.07451923076923077 0.06850961538461539
0 0.5733173076923077 0.1310096153846154 0.03245192307692308 0.08173076923076923
0 0.23918269230769232 0.2127403846153846 0.055288461538461536 0.036057692307692304
0 0.125 0.016826923076923076 0.04807692307692308 0.03365384615384615
0 0.6754807692307693 0.1971153846153846 0.04326923076923077 0.11538461538461539
0 0.8665865384615384 0.5817307692307693 0.06490384615384616 0.08653846153846154
0 0.49399038461538464 0.45552884615384615 0.14543269230769232 0.09615384615384616
0 0.28846153846153844 0.27163461538461536 0.055288461538461536 0.10216346153846154
0 0.7992788461538461 0.7788461538461539 0.042067307692307696 0.09375
0 0.10096153846153846 0.8545673076923077 0.06971153846153846 0.0625
0 0.7451923076923077 0.8653846153846154 0.03365384615384615 0.08052884615384616
0 0.4567307692307692 0.265625 0.037259615384615384 0.06971153846153846
0 0.8930288461538461 0.859375 0.03245192307692308 0.0733173076923077
0 0.7139423076923077 0.6983173076923077 0.04567307692307692 0.057692307692307696
0 0.07211538461538461 0.8617788461538461 0.052884615384615384 0.04927884615384615
0 0.4963942307692308 0.8509615384615384 0.054086538461538464 0.046875
0 0.2644230769230769 0.140625 0.07091346153846154 0.0733173076923077
0 0.18269230769230768 0.12980769230769232 0.051682692307692304 0.1045673076923077
0 0.3798076923076923 0.3605769230769231 0.05048076923076923 0.06009615384615385
0 0.38221153846153844 0.8569711538461539 0.028846153846153848 0.052884615384615384
0 0.890625 0.90625 0.055288461538461536 0.07091346153846154
0 0.9375 0.02283653846153846 0.03245192307692308 0.04567307692307692
0 0.09375 0.037259615384615384 0.07572115384615384 0.04927884615384615
0 0.8149038461538461 0.07932692307692307 0.057692307692307696 0.09134615384615384
0 0.5432692307692307 0.5180288461538461 0.025240384615384616 0.06971153846153846
0 0.10817307692307693 0.53125 0.06971153846153846 0.08653846153846154
0 0.8509615384615384 0.9615384615384616 0.038461538461538464 0.06009615384615385
0 0.9831730769230769 0.5853365384615384 0.03125 0.07451923076923077
0 0.26802884615384615 0.5288461538461539 0.11538461538461539 0.0625
0 0.5625 0.27403846153846156 0.057692307692307696 0.04447115384615385
0 0.703125 0.9375 0.04447115384615385 0.03125
0 0.5336538461538461 0.43028846153846156 0.07211538461538461 0.07451923076923077
0 0.6237980769230769 0.6165865384615384 0.07572115384615384 0.040865384615384616
0 0.5324519230769231 0.5709134615384616 0.06490384615384616 0.052884615384615384
0 0.2764423076923077 0.7451923076923077 0.04927884615384615 0.08052884615384616
0 0.5733173076923077 0.4699519230769231 0.038461538461538464 0.06971153846153846
0 0.6850961538461539 0.7548076923076923 0.06490384615384616 0.06009615384615385
0 0.2644230769230769 0.6598557692307693 0.042067307692307696 0.07451923076923077
0 0.45913461538461536 0.8774038461538461 0.040865384615384616 0.07451923076923077
0 0.2980769230769231 0.6394230769230769 0.06129807692307692 0.056490384615384616
0 0.2548076923076923 0.31490384615384615 0.039663461538461536 0.07211538461538461
0 0.07572115384615384 0.0889423076923077 0.09134615384615384 0.0733173076923077
0 0.37740384615384615 0.90625 0.04927884615384615 0.02403846153846154
0 0.27524038461538464 0.5829326923076923 0.06610576923076923 0.06129807692307692
0 0.49399038461538464 0.9555288461538461 0.0733173076923077 0.04447115384615385
0 0.9435096153846154 0.9819711538461539 0.04447115384615385 0.03365384615384615
0 0.41466346153846156 0.875 0.038461538461538464 0.039663461538461536
0 0.15985576923076922 0.2620192307692308 0.046875 0.038461538461538464
0 0.8990384615384616 0.4423076923076923 0.028846153846153848 0.055288461538461536
0 0.5757211538461539 0.21514423076923078 0.055288461538461536 0.07572115384615384
0 0.734375 0.13581730769230768 0.06490384615384616 0.08774038461538461
0 0.5480769230769231 0.06009615384615385 0.03365384615384615 0.09615384615384616
0 0.06009615384615385 0.5108173076923077 0.04927884615384615 0.08533653846153846
0 0.6225961538461539 0.7776442307692307 0.028846153846153848 0.04807692307692308
0 0.39783653846153844 0.9579326923076923 0.056490384615384616 0.039663461538461536
0 0.49158653846153844 0.6141826923076923 0.06129807692307692 0.06490384615384616
0 0.8305288461538461 0.12740384615384615 0.04447115384615385 0.09735576923076923
0 0.016826923076923076 0.5973557692307693 0.03365384615384615 0.0673076923076923