0 0.39663461538461536 0.5733173076923077 0.12379807692307693 0.06009615384615385
0 0.7319711538461539 0.6911057692307693 0.21875 0.12980769230769232
0 0.5204326923076923 0.8353365384615384 0.21995192307692307 0.08413461538461539
0 0.8413461538461539 0.671875 0.09735576923076923 0.12980769230769232
0 0.6694711538461539 0.016826923076923076 0.055288461538461536 0.03365384615384615
0 0.1971153846153846 0.27884615384615385 0.08413461538461539 0.16947115384615385
0 0.6346153846153846 0.7439903846153846 0.10697115384615384 0.11057692307692307
0 0.96875 0.32091346153846156 0.057692307692307696 0.18389423076923078
0 0.09134615384615384 0.9447115384615384 0.09134615384615384 0.10817307692307693
0 0.6165865384615384 0.12740384615384615 0.10336538461538461 0.1466346153846154
0 0.6598557692307693 0.3629807692307692 0.20072115384615385 0.3473557692307692
0 0.8978365384615384 0.7439903846153846 0.06850961538461539 0.1466346153846154
0 0.6838942307692307 0.7524038461538461 0.1045673076923077 0.08774038461538461
0 0.7920673076923077 0.30528846153846156 0.0985576923076923 0.07692307692307693
0 0.5564903846153846 0.8737980769230769 0.140625 0.09495192307692307
0 0.8233173076923077 0.38822115384615385 0.08533653846153846 0.31009615384615385
0 0.7451923076923077 0.36778846153846156 0.21634615384615385 0.37740384615384615