0 0.8858173076923077 0.2439903846153846 0.14182692307692307 0.078125
0 0.6778846153846154 0.953125 0.1310096153846154 0.07091346153846154
0 0.6069711538461539 0.03485576923076923 0.09014423076923077 0.06490384615384616
0 0.6646634615384616 0.15625 0.12740384615384615 0.10096153846153846
0 0.8581730769230769 0.4891826923076923 0.1346153846153846 0.06490384615384616
0 0.8076923076923077 0.04326923076923077 0.1346153846153846 0.08653846153846154
0 0.5216346153846154 0.03125 0.09375 0.0625
0 0.8966346153846154 0.9543269230769231 0.14302884615384615 0.0733173076923077
0 0.578125 0.5252403846153846 0.08413461538461539 0.08413461538461539
0 0.5360576923076923 0.8497596153846154 0.10697115384615384 0.06850961538461539
0 0.8774038461538461 0.34375 0.12860576923076922 0.0733173076923077
0 0.7067307692307693 0.6117788461538461 0.12740384615384615 0.07451923076923077
0 0.6742788461538461 0.20432692307692307 0.12139423076923077 0.09975961538461539
0 0.703125 0.2439903846153846 0.09975961538461539 0.057692307692307696
0 0.8677884615384616 0.3004807692307692 0.1346153846153846 0.06490384615384616
0 0.8954326923076923 0.0889423076923077 0.14903846153846154 0.1045673076923077
0 0.8557692307692307 0.6394230769230769 0.17427884615384615 0.12740384615384615
0 0.9026442307692307 0.7235576923076923 0.19230769230769232 0.109375
0 0.9326923076923077 0.5036057692307693 0.13221153846153846 0.09975961538461539
0 0.78125 0.8401442307692307 0.11778846153846154 0.04326923076923077
0 0.9399038461538461 0.8798076923076923 0.11778846153846154 0.0673076923076923
0 0.859375 0.4110576923076923 0.15865384615384615 0.10697115384615384
0 0.03125 0.6502403846153846 0.06129807692307692 0.057692307692307696
0 0.5805288461538461 0.25721153846153844 0.09735576923076923 0.109375
0 0.47475961538461536 0.703125 0.09254807692307693 0.06129807692307692
0 0.5721153846153846 0.9507211538461539 0.09615384615384616 0.07211538461538461
0 0.7295673076923077 0.4362980769230769 0.14302884615384615 0.12379807692307693
0 0.9326923076923077 0.1201923076923077 0.1310096153846154 0.0985576923076923
0 0.7451923076923077 0.34134615384615385 0.12259615384615384 0.09495192307692307
0 0.6947115384615384 0.9038461538461539 0.11778846153846154 0.05889423076923077