0 0.016826923076923076 0.10336538461538461 0.03365384615384615 0.1201923076923077
0 0.2091346153846154 0.8701923076923077 0.10216346153846154 0.12620192307692307
0 0.28365384615384615 0.040865384615384616 0.08173076923076923 0.06129807692307692
0 0.42788461538461536 0.7283653846153846 0.12139423076923077 0.1141826923076923
0 0.3473557692307692 0.1502403846153846 0.08774038461538461 0.10576923076923077
0 0.9819711538461539 0.6478365384615384 0.03365384615384615 0.08052884615384616
0 0.8870192307692307 0.6117788461538461 0.10096153846153846 0.08774038461538461
0 0.3076923076923077 0.5432692307692307 0.10817307692307693 0.11778846153846154
0 0.3389423076923077 0.7524038461538461 0.12259615384615384 0.07451923076923077
0 0.37259615384615385 0.4891826923076923 0.06971153846153846 0.11298076923076923
0 0.8401442307692307 0.16346153846153846 0.08173076923076923 0.11778846153846154
0 0.26802884615384615 0.49278846153846156 0.07451923076923077 0.056490384615384616
0 0.5540865384615384 0.7584134615384616 0.09975961538461539 0.09495192307692307
0 0.5612980769230769 0.8786057692307693 0.07692307692307693 0.14302884615384615
0 0.8954326923076923 0.7367788461538461 0.1502403846153846 0.14783653846153846
0 0.8581730769230769 0.030048076923076924 0.057692307692307696 0.05889423076923077
0 0.59375 0.057692307692307696 0.08052884615384616 0.10096153846153846
0 0.43509615384615385 0.40625 0.078125 0.10216346153846154
0 0.17067307692307693 0.8100961538461539 0.08774038461538461 0.10336538461538461
0 0.9098557692307693 0.3016826923076923 0.07692307692307693 0.06971153846153846
0 0.7475961538461539 0.2536057692307692 0.13822115384615385 0.0889423076923077
0 0.84375 0.3329326923076923 0.09134615384615384 0.09495192307692307
0 0.08173076923076923 0.8064903846153846 0.07572115384615384 0.14302884615384615
0 0.3329326923076923 0.8329326923076923 0.09134615384615384 0.08052884615384616
0 0.15504807692307693 0.2704326923076923 0.07091346153846154 0.1045673076923077
0 0.8365384615384616 0.9747596153846154 0.08413461538461539 0.04927884615384615
0 0.9735576923076923 0.9122596153846154 0.051682692307692304 0.17427884615384615
0 0.9795673076923077 0.32211538461538464 0.038461538461538464 0.13942307692307693
0 0.12259615384615384 0.7067307692307693 0.17668269230769232 0.09735576923076923
0 0.9423076923076923 0.08052884615384616 0.11177884615384616 0.08052884615384616
0 0.3870192307692308 0.07211538461538461 0.07451923076923077 0.06490384615384616