0 0.8185096153846154 0.03245192307692308 0.04927884615384615 0.039663461538461536
0 0.7872596153846154 0.09014423076923077 0.06490384615384616 0.04927884615384615
0 0.8653846153846154 0.17908653846153846 0.06370192307692307 0.057692307692307696
0 0.6802884615384616 0.038461538461538464 0.04807692307692308 0.07692307692307693
0 0.5649038461538461 0.038461538461538464 0.039663461538461536 0.046875
0 0.5528846153846154 0.12259615384615384 0.038461538461538464 0.06490384615384616
0 0.5204326923076923 0.09134615384615384 0.056490384615384616 0.037259615384615384
0 0.48197115384615385 0.19110576923076922 0.04447115384615385 0.040865384615384616
0 0.41466346153846156 0.042067307692307696 0.06490384615384616 0.06490384615384616
0 0.33413461538461536 0.03245192307692308 0.051682692307692304 0.039663461538461536
0 0.35697115384615385 0.018028846153846152 0.04447115384615385 0.03485576923076923
0 0.2704326923076923 0.01201923076923077 0.054086538461538464 0.02403846153846154
0 0.22115384615384615 0.038461538461538464 0.04447115384615385 0.03485576923076923
0 0.26322115384615385 0.09615384615384616 0.06971153846153846 0.04326923076923077
0 0.29086538461538464 0.12740384615384615 0.06129807692307692 0.036057692307692304
0 0.28365384615384615 0.16466346153846154 0.056490384615384616 0.038461538461538464
0 0.1875 0.17668269230769232 0.06490384615384616 0.037259615384615384
0 0.038461538461538464 0.014423076923076924 0.04927884615384615 0.028846153846153848
0 0.04567307692307692 0.0733173076923077 0.04567307692307692 0.037259615384615384
0 0.028846153846153848 0.140625 0.039663461538461536 0.04447115384615385
0 0.12259615384615384 0.10576923076923077 0.06009615384615385 0.03245192307692308
0 0.11658653846153846 0.07572115384615384 0.06370192307692307 0.040865384615384616
0 0.9158653846153846 0.7355769230769231 0.055288461538461536 0.04447115384615385
0 0.953125 0.7848557692307693 0.09134615384615384 0.055288461538461536
0 0.890625 0.7944711538461539 0.04447115384615385 0.04927884615384615
0 0.7740384615384616 0.7776442307692307 0.04927884615384615 0.04447115384615385
0 0.6875 0.7872596153846154 0.051682692307692304 0.039663461538461536
0 0.6778846153846154 0.8365384615384616 0.04927884615384615 0.055288461538461536
0 0.6274038461538461 0.8305288461538461 0.040865384615384616 0.037259615384615384
0 0.5709134615384616 0.8485576923076923 0.04927884615384615 0.08052884615384616
0 0.7043269230769231 0.8870192307692307 0.04927884615384615 0.039663461538461536
0 0.7728365384615384 0.9110576923076923 0.054086538461538464 0.04927884615384615
0 0.7163461538461539 0.9338942307692307 0.046875 0.054086538461538464
0 0.8317307692307693 0.9014423076923077 0.040865384615384616 0.04567307692307692
0 0.8677884615384616 0.890625 0.036057692307692304 0.078125
0 0.9110576923076923 0.890625 0.039663461538461536 0.040865384615384616
0 0.9723557692307693 0.8954326923076923 0.03485576923076923 0.054086538461538464
0 0.9254807692307693 0.9302884615384616 0.046875 0.054086538461538464
0 0.13221153846153846 0.8076923076923077 0.05889423076923077 0.06490384615384616
0 0.21634615384615385 0.8954326923076923 0.05889423076923077 0.1045673076923077
0 0.3161057692307692 0.8569711538461539 0.06610576923076923 0.07451923076923077
0 0.40625 0.8545673076923077 0.08052884615384616 0.06009615384615385
0 0.40024038461538464 0.78125 0.039663461538461536 0.04447115384615385
0 0.45913461538461536 0.7896634615384616 0.04567307692307692 0.051682692307692304
0 0.29447115384615385 0.765625 0.042067307692307696 0.02403846153846154
0 0.24879807692307693 0.7932692307692307 0.0889423076923077 0.04927884615384615
0 0.30288461538461536 0.6634615384615384 0.055288461538461536 0.036057692307692304
0 0.2932692307692308 0.7223557692307693 0.06971153846153846 0.040865384615384616
0 0.31971153846153844 0.6201923076923077 0.056490384615384616 0.04567307692307692
0 0.22115384615384615 0.6610576923076923 0.06490384615384616 0.039663461538461536
0 0.2283653846153846 0.7103365384615384 0.07211538461538461 0.057692307692307696
0 0.07572115384615384 0.6069711538461539 0.0673076923076923 0.04567307692307692
0 0.07932692307692307 0.6694711538461539 0.08653846153846154 0.04927884615384615
0 0.04807692307692308 0.6947115384615384 0.06009615384615385 0.025240384615384616
0 0.01201923076923077 0.7223557692307693 0.02403846153846154 0.054086538461538464
0 0.6418269230769231 0.6995192307692307 0.09134615384615384 0.05048076923076923
0 0.6514423076923077 0.6526442307692307 0.04927884615384615 0.04447115384615385
0 0.6995192307692307 0.6634615384615384 0.04447115384615385 0.055288461538461536
0 0.8341346153846154 0.09615384615384616 0.03485576923076923 0.042067307692307696
0 0.8762019230769231 0.009615384615384616 0.040865384615384616 0.019230769230769232
0 0.9158653846153846 0.007211538461538462 0.025240384615384616 0.014423076923076924