0 0.3858173076923077 0.8485576923076923 0.09254807692307693 0.13221153846153846
0 0.3557692307692308 0.9170673076923077 0.09735576923076923 0.14302884615384615
0 0.421875 0.71875 0.11057692307692307 0.09975961538461539
0 0.6947115384615384 0.5216346153846154 0.08052884615384616 0.06009615384615385
0 0.21634615384615385 0.8413461538461539 0.1622596153846154 0.0889423076923077
0 0.18509615384615385 0.026442307692307692 0.08774038461538461 0.052884615384615384
0 0.828125 0.16706730769230768 0.1141826923076923 0.1466346153846154
0 0.5084134615384616 0.875 0.06370192307692307 0.0673076923076923
0 0.27283653846153844 0.6310096153846154 0.0673076923076923 0.06610576923076923
0 0.24519230769230768 0.7788461538461539 0.08533653846153846 0.0625
0 0.9675480769230769 0.8377403846153846 0.0625 0.0733173076923077
0 0.9615384615384616 0.22596153846153846 0.06971153846153846 0.10817307692307693
0 0.6610576923076923 0.8918269230769231 0.1466346153846154 0.12259615384615384
0 0.0985576923076923 0.2283653846153846 0.0625 0.10216346153846154
0 0.9254807692307693 0.4579326923076923 0.09735576923076923 0.07572115384615384
0 0.1622596153846154 0.19471153846153846 0.08774038461538461 0.08413461538461539
0 0.6983173076923077 0.8076923076923077 0.09495192307692307 0.06009615384615385
0 0.8197115384615384 0.8737980769230769 0.056490384615384616 0.06971153846153846
0 0.6322115384615384 0.7079326923076923 0.24759615384615385 0.07692307692307693
0 0.6466346153846154 0.14302884615384615 0.09134615384615384 0.1622596153846154
0 0.7331730769230769 0.8653846153846154 0.06009615384615385 0.042067307692307696
0 0.5492788461538461 0.11899038461538461 0.1141826923076923 0.23677884615384615
0 0.31490384615384615 0.2800480769230769 0.06850961538461539 0.1658653846153846
0 0.7872596153846154 0.35336538461538464 0.08653846153846154 0.08173076923076923
0 0.36658653846153844 0.6286057692307693 0.09134615384615384 0.06009615384615385
0 0.015625 0.44591346153846156 0.028846153846153848 0.08052884615384616
0 0.9074519230769231 0.9471153846153846 0.06129807692307692 0.1045673076923077
0 0.8521634615384616 0.03485576923076923 0.09975961538461539 0.06971153846153846
0 0.016826923076923076 0.31971153846153844 0.03365384615384615 0.08052884615384616
0 0.9555288461538461 0.08173076923076923 0.08052884615384616 0.06490384615384616
0 0.9338942307692307 0.6298076923076923 0.10216346153846154 0.11177884615384616
0 0.9254807692307693 0.9170673076923077 0.06850961538461539 0.0829326923076923
0 0.6550480769230769 0.5637019230769231 0.12740384615384615 0.09375