0 0.1466346153846154 0.06129807692307692 0.0673076923076923 0.12259615384615384
0 0.18509615384615385 0.05048076923076923 0.030048076923076924 0.09615384615384616
0 0.23317307692307693 0.02283653846153846 0.04326923076923077 0.04567307692307692
0 0.2920673076923077 0.03485576923076923 0.042067307692307696 0.0673076923076923
0 0.27283653846153844 0.11298076923076923 0.06009615384615385 0.11778846153846154
0 0.32572115384615385 0.09735576923076923 0.042067307692307696 0.04927884615384615
0 0.21033653846153846 0.20432692307692307 0.06009615384615385 0.06490384615384616
0 0.4375 0.040865384615384616 0.0625 0.06009615384615385
0 0.4098557692307692 0.1875 0.10817307692307693 0.028846153846153848
0 0.5300480769230769 0.19471153846153846 0.04927884615384615 0.06610576923076923
0 0.01201923076923077 0.15745192307692307 0.02403846153846154 0.06490384615384616
0 0.06971153846153846 0.27524038461538464 0.13942307692307693 0.10576923076923077
0 0.040865384615384616 0.3137019230769231 0.05048076923076923 0.06370192307692307
0 0.1875 0.359375 0.057692307692307696 0.0673076923076923
0 0.23557692307692307 0.44591346153846156 0.06971153846153846 0.11658653846153846
0 0.15144230769230768 0.4567307692307692 0.09375 0.09495192307692307
0 0.16346153846153846 0.40625 0.08653846153846154 0.11778846153846154
0 0.04807692307692308 0.5228365384615384 0.09615384615384616 0.06971153846153846
0 0.1045673076923077 0.5288461538461539 0.0673076923076923 0.0673076923076923
0 0.16346153846153846 0.5384615384615384 0.06490384615384616 0.07211538461538461
0 0.13822115384615385 0.6009615384615384 0.06850961538461539 0.04927884615384615
0 0.22355769230769232 0.5961538461538461 0.13221153846153846 0.06490384615384616
0 0.35096153846153844 0.5108173076923077 0.09134615384615384 0.07692307692307693
0 0.3112980769230769 0.5685096153846154 0.05889423076923077 0.06490384615384616
0 0.05048076923076923 0.75 0.10096153846153846 0.06490384615384616
0 0.046875 0.8653846153846154 0.09375 0.06009615384615385
0 0.15745192307692307 0.828125 0.04807692307692308 0.08653846153846154
0 0.1310096153846154 0.7451923076923077 0.055288461538461536 0.07692307692307693
0 0.13221153846153846 0.6742788461538461 0.07932692307692307 0.1466346153846154
0 0.21995192307692307 0.6802884615384616 0.04927884615384615 0.04807692307692308
0 0.22956730769230768 0.8545673076923077 0.06129807692307692 0.055288461538461536
0 0.3449519230769231 0.7223557692307693 0.03125 0.056490384615384616
0 0.25841346153846156 0.7067307692307693 0.026442307692307692 0.036057692307692304
0 0.2932692307692308 0.7079326923076923 0.040865384615384616 0.055288461538461536
0 0.35336538461538464 0.6574519230769231 0.13581730769230768 0.1201923076923077
0 0.13942307692307693 0.9807692307692307 0.03245192307692308 0.037259615384615384
0 0.18629807692307693 0.9807692307692307 0.037259615384615384 0.03365384615384615
0 0.23798076923076922 0.9819711538461539 0.08052884615384616 0.03485576923076923
0 0.6682692307692307 0.6634615384615384 0.09014423076923077 0.05048076923076923
0 0.6346153846153846 0.7884615384615384 0.051682692307692304 0.04927884615384615
0 0.6334134615384616 0.8257211538461539 0.039663461538461536 0.037259615384615384
0 0.4723557692307692 0.8569711538461539 0.06971153846153846 0.06490384615384616
0 0.4987980769230769 0.8257211538461539 0.0673076923076923 0.10697115384615384
0 0.43149038461538464 0.9807692307692307 0.057692307692307696 0.037259615384615384
0 0.5540865384615384 0.9711538461538461 0.06009615384615385 0.055288461538461536
0 0.6730769230769231 0.9891826923076923 0.05889423076923077 0.020432692307692308
0 0.7608173076923077 0.8725961538461539 0.038461538461538464 0.04447115384615385
0 0.7980769230769231 0.8737980769230769 0.040865384615384616 0.04807692307692308
0 0.8557692307692307 0.7367788461538461 0.05889423076923077 0.05048076923076923
0 0.7920673076923077 0.5985576923076923 0.057692307692307696 0.07572115384615384
0 0.8677884615384616 0.59375 0.054086538461538464 0.06490384615384616
0 0.890625 0.6754807692307693 0.054086538461538464 0.0733173076923077
0 0.6550480769230769 0.5360576923076923 0.030048076923076924 0.04447115384615385
0 0.5504807692307693 0.4579326923076923 0.10697115384615384 0.15264423076923078
0 0.5204326923076923 0.41947115384615385 0.06009615384615385 0.06850961538461539
0 0.9170673076923077 0.421875 0.056490384615384616 0.06009615384615385
0 0.9399038461538461 0.5528846153846154 0.07091346153846154 0.08533653846153846
0 0.8329326923076923 0.45072115384615385 0.07451923076923077 0.06850961538461539
0 0.9507211538461539 0.9591346153846154 0.04326923076923077 0.06009615384615385
0 0.9591346153846154 0.7992788461538461 0.07932692307692307 0.054086538461538464
0 0.8918269230769231 0.7992788461538461 0.06009615384615385 0.07932692307692307
0 0.9615384615384616 0.7211538461538461 0.07451923076923077 0.08774038461538461
0 0.7608173076923077 0.3762019230769231 0.0733173076923077 0.13822115384615385
0 0.6177884615384616 0.46033653846153844 0.057692307692307696 0.1310096153846154
0 0.8930288461538461 0.38221153846153844 0.056490384615384616 0.08052884615384616
0 0.8605769230769231 0.38822115384615385 0.05048076923076923 0.12139423076923077
0 0.7620192307692307 0.29447115384615385 0.10216346153846154 0.10697115384615384
0 0.6514423076923077 0.3557692307692308 0.06009615384615385 0.10216346153846154
0 0.6418269230769231 0.22596153846153846 0.07211538461538461 0.17427884615384615
0 0.9831730769230769 0.19831730769230768 0.03245192307692308 0.06370192307692307
0 0.7151442307692307 0.15865384615384615 0.10576923076923077 0.14903846153846154
0 0.3557692307692308 0.12379807692307693 0.020432692307692308 0.03365384615384615
0 0.5685096153846154 0.06129807692307692 0.08653846153846154 0.07091346153846154
0 0.9783653846153846 0.02283653846153846 0.042067307692307696 0.04447115384615385
0 0.7740384615384616 0.19831730769230768 0.055288461538461536 0.11057692307692307
0 0.8894230769230769 0.15264423076923078 0.036057692307692304 0.038461538461538464
0 0.40625 0.07451923076923077 0.036057692307692304 0.039663461538461536
0 0.5865384615384616 0.13221153846153846 0.07572115384615384 0.0733173076923077
0 0.009615384615384616 0.3329326923076923 0.019230769230769232 0.06009615384615385
0 0.7680288461538461 0.13822115384615385 0.03245192307692308 0.021634615384615384
0 0.4014423076923077 0.31490384615384615 0.04807692307692308 0.06971153846153846
0 0.009615384615384616 0.9663461538461539 0.019230769230769232 0.03485576923076923
0 0.6730769230769231 0.31009615384615385 0.057692307692307696 0.12860576923076922
0 0.6838942307692307 0.20072115384615385 0.04447115384615385 0.09495192307692307
0 0.828125 0.3954326923076923 0.04447115384615385 0.057692307692307696
0 0.9579326923076923 0.6394230769230769 0.021634615384615384 0.018028846153846152
0 0.6862980769230769 0.12980769230769232 0.06370192307692307 0.0889423076923077
0 0.29447115384615385 0.7524038461538461 0.03365384615384615 0.036057692307692304