0 0.9747596153846154 0.4014423076923077 0.04927884615384615 0.05889423076923077
0 0.6550480769230769 0.1875 0.08533653846153846 0.051682692307692304
0 0.24879807692307693 0.46274038461538464 0.06610576923076923 0.039663461538461536
0 0.375 0.140625 0.04927884615384615 0.06370192307692307
0 0.4579326923076923 0.6838942307692307 0.040865384615384616 0.038461538461538464
0 0.5 0.2403846153846154 0.055288461538461536 0.12259615384615384
0 0.26322115384615385 0.5264423076923077 0.05889423076923077 0.04567307692307692
0 0.4423076923076923 0.8293269230769231 0.038461538461538464 0.038461538461538464
0 0.2980769230769231 0.25961538461538464 0.06129807692307692 0.06490384615384616
0 0.5985576923076923 0.9855769230769231 0.055288461538461536 0.026442307692307692
0 0.47475961538461536 0.7524038461538461 0.051682692307692304 0.028846153846153848
0 0.34975961538461536 0.6021634615384616 0.036057692307692304 0.039663461538461536
0 0.4987980769230769 0.5240384615384616 0.0625 0.0829326923076923
0 0.7019230769230769 0.15985576923076922 0.056490384615384616 0.03365384615384615
0 0.042067307692307696 0.29086538461538464 0.0829326923076923 0.052884615384615384
0 0.453125 0.24519230769230768 0.052884615384615384 0.1141826923076923
0 0.8557692307692307 0.18389423076923078 0.07692307692307693 0.055288461538461536
0 0.6382211538461539 0.8449519230769231 0.06129807692307692 0.04567307692307692
0 0.4338942307692308 0.9170673076923077 0.03245192307692308 0.030048076923076924
0 0.6694711538461539 0.6237980769230769 0.09254807692307693 0.052884615384615384
0 0.3557692307692308 0.028846153846153848 0.0673076923076923 0.056490384615384616
0 0.5733173076923077 0.020432692307692308 0.07572115384615384 0.038461538461538464
0 0.8485576923076923 0.6826923076923077 0.04927884615384615 0.03365384615384615
0 0.3425480769230769 0.23677884615384615 0.040865384615384616 0.037259615384615384
0 0.4014423076923077 0.78125 0.03365384615384615 0.028846153846153848
0 0.2548076923076923 0.11778846153846154 0.06971153846153846 0.04927884615384615