0 0.7560096153846154 0.7007211538461539 0.09375 0.08052884615384616
0 0.08533653846153846 0.7175480769230769 0.07572115384615384 0.09735576923076923
0 0.9819711538461539 0.46634615384615385 0.03365384615384615 0.06610576923076923
0 0.5084134615384616 0.8149038461538461 0.08653846153846154 0.0829326923076923
0 0.5204326923076923 0.4387019230769231 0.0733173076923077 0.06490384615384616
0 0.24639423076923078 0.9519230769230769 0.13701923076923078 0.09375
0 0.24519230769230768 0.20192307692307693 0.06490384615384616 0.07211538461538461
0 0.6838942307692307 0.9459134615384616 0.1201923076923077 0.06971153846153846
0 0.22115384615384615 0.016826923076923076 0.09014423076923077 0.03365384615384615
0 0.5036057692307693 0.6225961538461539 0.09615384615384616 0.06971153846153846
0 0.8774038461538461 0.5204326923076923 0.0625 0.06009615384615385
0 0.03125 0.4182692307692308 0.0625 0.06009615384615385
0 0.025240384615384616 0.5961538461538461 0.05048076923076923 0.08173076923076923
0 0.7247596153846154 0.7836538461538461 0.09495192307692307 0.07572115384615384
0 0.05048076923076923 0.5048076923076923 0.06490384615384616 0.0733173076923077
0 0.9663461538461539 0.421875 0.06490384615384616 0.06490384615384616
0 0.7632211538461539 0.17668269230769232 0.046875 0.057692307692307696
0 0.7235576923076923 0.21394230769230768 0.09495192307692307 0.14302884615384615
0 0.5600961538461539 0.9362980769230769 0.07451923076923077 0.052884615384615384
0 0.12980769230769232 0.8954326923076923 0.07091346153846154 0.06971153846153846
0 0.6334134615384616 0.1201923076923077 0.07572115384615384 0.0673076923076923
0 0.7956730769230769 0.45072115384615385 0.07451923076923077 0.06490384615384616
0 0.9314903846153846 0.6502403846153846 0.10216346153846154 0.0625
0 0.21995192307692307 0.5384615384615384 0.06129807692307692 0.08173076923076923
0 0.040865384615384616 0.6466346153846154 0.0673076923076923 0.056490384615384616
0 0.6286057692307693 0.84375 0.07451923076923077 0.07091346153846154
0 0.09375 0.40865384615384615 0.0733173076923077 0.06490384615384616
0 0.8966346153846154 0.037259615384615384 0.07692307692307693 0.0733173076923077
0 0.3245192307692308 0.8858173076923077 0.09254807692307693 0.140625
0 0.44711538461538464 0.43149038461538464 0.06850961538461539 0.07451923076923077
0 0.23317307692307693 0.06490384615384616 0.051682692307692304 0.08413461538461539
0 0.9471153846153846 0.9759615384615384 0.09615384615384616 0.04567307692307692
0 0.7007211538461539 0.5012019230769231 0.09975961538461539 0.07692307692307693
0 0.9134615384615384 0.8545673076923077 0.08052884615384616 0.06490384615384616
0 0.038461538461538464 0.6875 0.03125 0.04567307692307692
0 0.9230769230769231 0.7992788461538461 0.14302884615384615 0.07932692307692307
0 0.84375 0.8569711538461539 0.06490384615384616 0.07572115384615384
0 0.7836538461538461 0.8617788461538461 0.06490384615384616 0.08052884615384616
0 0.20072115384615385 0.6754807692307693 0.078125 0.12620192307692307
0 0.5540865384615384 0.5600961538461539 0.0625 0.051682692307692304
0 0.8461538461538461 0.4182692307692308 0.06971153846153846 0.07211538461538461
0 0.17668269230769232 0.8125 0.06490384615384616 0.0829326923076923
0 0.8569711538461539 0.33653846153846156 0.078125 0.07091346153846154
0 0.43509615384615385 0.6574519230769231 0.0625 0.0625
0 0.703125 0.4375 0.06610576923076923 0.04326923076923077
0 0.4855769230769231 0.9819711538461539 0.10336538461538461 0.03365384615384615
0 0.43509615384615385 0.8786057692307693 0.10096153846153846 0.09134615384615384
0 0.06610576923076923 0.35096153846153844 0.09735576923076923 0.07692307692307693
0 0.3269230769230769 0.36177884615384615 0.07211538461538461 0.09735576923076923
0 0.12259615384615384 0.17427884615384615 0.07932692307692307 0.0829326923076923
0 0.9675480769230769 0.5961538461538461 0.06370192307692307 0.054086538461538464
0 0.27524038461538464 0.4831730769230769 0.0829326923076923 0.0829326923076923
0 0.2704326923076923 0.7788461538461539 0.0733173076923077 0.14302884615384615