0 0.40384615384615385 0.6983173076923077 0.06850961538461539 0.06490384615384616
0 0.14423076923076922 0.6478365384615384 0.07572115384615384 0.06490384615384616
0 0.3269230769230769 0.8365384615384616 0.08774038461538461 0.06490384615384616
0 0.4014423076923077 0.2956730769230769 0.09254807692307693 0.09134615384615384
0 0.7283653846153846 0.9639423076923077 0.08173076923076923 0.07091346153846154
0 0.4831730769230769 0.21875 0.06971153846153846 0.10096153846153846
0 0.9350961538461539 0.4951923076923077 0.07572115384615384 0.078125
0 0.6586538461538461 0.9350961538461539 0.05889423076923077 0.06610576923076923
0 0.8978365384615384 0.3173076923076923 0.07572115384615384 0.0889423076923077
0 0.3233173076923077 0.6887019230769231 0.06971153846153846 0.09134615384615384
0 0.9747596153846154 0.7439903846153846 0.04807692307692308 0.07692307692307693
0 0.5612980769230769 0.32091346153846156 0.08173076923076923 0.0889423076923077
0 0.42908653846153844 0.14182692307692307 0.09134615384615384 0.09615384615384616
0 0.038461538461538464 0.6201923076923077 0.06971153846153846 0.07091346153846154
0 0.9230769230769231 0.5877403846153846 0.07211538461538461 0.07451923076923077
0 0.15144230769230768 0.75 0.10216346153846154 0.0829326923076923
0 0.859375 0.10096153846153846 0.08533653846153846 0.0829326923076923
0 0.22956730769230768 0.32572115384615385 0.09254807692307693 0.09134615384615384
0 0.8413461538461539 0.6875 0.0733173076923077 0.0625
0 0.7307692307692307 0.2824519230769231 0.09375 0.08653846153846154
0 0.9747596153846154 0.5901442307692307 0.04807692307692308 0.0625
0 0.21514423076923078 0.5228365384615384 0.08052884615384616 0.06490384615384616
0 0.09495192307692307 0.9086538461538461 0.11658653846153846 0.08173076923076923
0 0.2704326923076923 0.9014423076923077 0.07091346153846154 0.06971153846153846
0 0.47836538461538464 0.8918269230769231 0.06490384615384616 0.07572115384615384
0 0.6430288461538461 0.390625 0.0889423076923077 0.12740384615384615
0 0.8810096153846154 0.22355769230769232 0.12139423076923077 0.11778846153846154
0 0.49278846153846156 0.08774038461538461 0.06971153846153846 0.0829326923076923
0 0.6334134615384616 0.025240384615384616 0.07572115384615384 0.04927884615384615
0 0.8257211538461539 0.21153846153846154 0.09615384615384616 0.06971153846153846
0 0.13822115384615385 0.30408653846153844 0.09975961538461539 0.054086538461538464
0 0.015625 0.45552884615384615 0.030048076923076924 0.08052884615384616
0 0.3125 0.5552884615384616 0.0673076923076923 0.055288461538461536
0 0.08774038461538461 0.34615384615384615 0.08653846153846154 0.07572115384615384
0 0.7139423076923077 0.21634615384615385 0.07091346153846154 0.05889423076923077
0 0.34975961538461536 0.9302884615384616 0.06490384615384616 0.07572115384615384
0 0.07572115384615384 0.40625 0.08052884615384616 0.07091346153846154