0 0.19591346153846154 0.9627403846153846 0.08413461538461539 0.06850961538461539
0 0.5625 0.2932692307692308 0.08653846153846154 0.06971153846153846
0 0.13581730769230768 0.3245192307692308 0.12259615384615384 0.10216346153846154
0 0.47115384615384615 0.06610576923076923 0.12259615384615384 0.13221153846153846
0 0.7908653846153846 0.8449519230769231 0.14543269230769232 0.13822115384615385
0 0.5408653846153846 0.20793269230769232 0.12980769230769232 0.09134615384615384
0 0.30649038461538464 0.5853365384615384 0.10216346153846154 0.07572115384615384
0 0.5432692307692307 0.056490384615384616 0.09134615384615384 0.11298076923076923
0 0.671875 0.030048076923076924 0.0889423076923077 0.06009615384615385
0 0.04927884615384615 0.859375 0.09735576923076923 0.07451923076923077
0 0.8737980769230769 0.31971153846153844 0.09615384615384616 0.06971153846153846
0 0.03245192307692308 0.1622596153846154 0.06490384615384616 0.06971153846153846
0 0.8040865384615384 0.6502403846153846 0.09975961538461539 0.17908653846153846
0 0.375 0.8425480769230769 0.11177884615384616 0.0829326923076923
0 0.5697115384615384 0.4098557692307692 0.20673076923076922 0.17067307692307693
0 0.09495192307692307 0.8942307692307693 0.07211538461538461 0.0733173076923077
0 0.8978365384615384 0.8173076923076923 0.09615384615384616 0.07932692307692307
0 0.7560096153846154 0.5252403846153846 0.12740384615384615 0.11778846153846154
0 0.109375 0.9735576923076923 0.07692307692307693 0.05048076923076923
0 0.20793269230769232 0.7223557692307693 0.07091346153846154 0.0733173076923077
0 0.125 0.8341346153846154 0.10697115384615384 0.09735576923076923