0 0.3942307692307692 0.04927884615384615 0.06490384615384616 0.0985576923076923
0 0.3173076923076923 0.008413461538461538 0.04447115384615385 0.016826923076923076
0 0.22355769230769232 0.01201923076923077 0.04326923076923077 0.02403846153846154
0 0.9795673076923077 0.19591346153846154 0.039663461538461536 0.12259615384615384
0 0.7439903846153846 0.15865384615384615 0.07572115384615384 0.05889423076923077
0 0.6766826923076923 0.1622596153846154 0.039663461538461536 0.046875
0 0.5709134615384616 0.1466346153846154 0.038461538461538464 0.10336538461538461
0 0.33052884615384615 0.14182692307692307 0.0889423076923077 0.051682692307692304
0 0.15384615384615385 0.125 0.038461538461538464 0.06009615384615385
0 0.9795673076923077 0.30288461538461536 0.02283653846153846 0.04326923076923077
0 0.28966346153846156 0.20793269230769232 0.06971153846153846 0.07572115384615384
0 0.2776442307692308 0.2536057692307692 0.046875 0.03245192307692308
0 0.33413461538461536 0.32091346153846156 0.038461538461538464 0.03365384615384615
0 0.53125 0.23677884615384615 0.04927884615384615 0.027644230769230768
0 0.8581730769230769 0.3473557692307692 0.04326923076923077 0.046875
0 0.1141826923076923 0.1814903846153846 0.12860576923076922 0.07451923076923077
0 0.19591346153846154 0.20432692307692307 0.037259615384615384 0.04447115384615385
0 0.06370192307692307 0.25841346153846156 0.04807692307692308 0.03365384615384615
0 0.11899038461538461 0.24759615384615385 0.06971153846153846 0.056490384615384616
0 0.0673076923076923 0.3137019230769231 0.028846153846153848 0.025240384615384616
0 0.01201923076923077 0.36778846153846156 0.02403846153846154 0.038461538461538464
0 0.140625 0.39903846153846156 0.06129807692307692 0.038461538461538464
0 0.10336538461538461 0.3858173076923077 0.038461538461538464 0.06009615384615385
0 0.11658653846153846 0.4699519230769231 0.03125 0.036057692307692304
0 0.47115384615384615 0.40024038461538464 0.04447115384615385 0.042067307692307696
0 0.5204326923076923 0.2800480769230769 0.08173076923076923 0.056490384615384616
0 0.9483173076923077 0.36177884615384615 0.10096153846153846 0.055288461538461536
0 0.6995192307692307 0.2920673076923077 0.038461538461538464 0.07091346153846154
0 0.6298076923076923 0.36177884615384615 0.038461538461538464 0.038461538461538464
0 0.6634615384615384 0.3942307692307692 0.05889423076923077 0.05048076923076923
0 0.7367788461538461 0.37259615384615385 0.08653846153846154 0.038461538461538464
0 0.5817307692307693 0.41225961538461536 0.05889423076923077 0.04447115384615385
0 0.3401442307692308 0.43990384615384615 0.04927884615384615 0.04447115384615385
0 0.2860576923076923 0.4423076923076923 0.056490384615384616 0.042067307692307696
0 0.5072115384615384 0.45552884615384615 0.04326923076923077 0.09134615384615384
0 0.6935096153846154 0.21153846153846154 0.09735576923076923 0.05889423076923077
0 0.7692307692307693 0.2692307692307692 0.08173076923076923 0.06610576923076923
0 0.09014423076923077 0.5576923076923077 0.046875 0.042067307692307696
0 0.171875 0.5372596153846154 0.08533653846153846 0.036057692307692304
0 0.2620192307692308 0.5625 0.078125 0.04326923076923077
0 0.40625 0.47716346153846156 0.038461538461538464 0.038461538461538464
0 0.375 0.49759615384615385 0.038461538461538464 0.037259615384615384
0 0.5697115384615384 0.4675480769230769 0.038461538461538464 0.038461538461538464
0 0.59375 0.5637019230769231 0.040865384615384616 0.040865384615384616
0 0.7367788461538461 0.4891826923076923 0.055288461538461536 0.03245192307692308
0 0.9771634615384616 0.5168269230769231 0.04326923076923077 0.038461538461538464
0 0.921875 0.5576923076923077 0.039663461538461536 0.03365384615384615
0 0.8185096153846154 0.5228365384615384 0.042067307692307696 0.040865384615384616
0 0.7884615384615384 0.5528846153846154 0.03485576923076923 0.05048076923076923
0 0.234375 0.6322115384615384 0.04927884615384615 0.04567307692307692
0 0.7103365384615384 0.6346153846153846 0.055288461538461536 0.036057692307692304
0 0.44350961538461536 0.6574519230769231 0.056490384615384616 0.042067307692307696
0 0.44350961538461536 0.796875 0.06850961538461539 0.06490384615384616
0 0.3605769230769231 0.8930288461538461 0.03365384615384615 0.037259615384615384
0 0.07451923076923077 0.9362980769230769 0.109375 0.05889423076923077
0 0.390625 0.9507211538461539 0.042067307692307696 0.037259615384615384
0 0.5 0.9867788461538461 0.052884615384615384 0.025240384615384616
0 0.6754807692307693 0.9627403846153846 0.038461538461538464 0.038461538461538464
0 0.8209134615384616 0.984375 0.039663461538461536 0.030048076923076924
0 0.90625 0.9711538461538461 0.042067307692307696 0.03125
0 0.96875 0.9194711538461539 0.02403846153846154 0.026442307692307692
0 0.07451923076923077 0.9110576923076923 0.03365384615384615 0.018028846153846152
0 0.36778846153846156 0.5444711538461539 0.028846153846153848 0.028846153846153848
0 0.6670673076923077 0.23918269230769232 0.042067307692307696 0.030048076923076924