0 0.4879807692307692 0.5240384615384616 0.06129807692307692 0.05889423076923077
0 0.3786057692307692 0.5853365384615384 0.07692307692307693 0.07091346153846154
0 0.43990384615384615 0.859375 0.07211538461538461 0.051682692307692304
0 0.13341346153846154 0.5516826923076923 0.10216346153846154 0.04567307692307692
0 0.9555288461538461 0.5300480769230769 0.07572115384615384 0.028846153846153848
0 0.19831730769230768 0.15144230769230768 0.0985576923076923 0.08052884615384616
0 0.2608173076923077 0.11057692307692307 0.07211538461538461 0.15264423076923078
0 0.22716346153846154 0.32091346153846156 0.07211538461538461 0.04927884615384615
0 0.9266826923076923 0.16346153846153846 0.038461538461538464 0.07572115384615384
0 0.4495192307692308 0.35096153846153844 0.0733173076923077 0.030048076923076924
0 0.43149038461538464 0.5336538461538461 0.08533653846153846 0.09375
0 0.12379807692307693 0.4831730769230769 0.18269230769230768 0.078125
0 0.2860576923076923 0.75 0.08052884615384616 0.08653846153846154
0 0.3389423076923077 0.5264423076923077 0.1045673076923077 0.05048076923076923
0 0.7512019230769231 0.4543269230769231 0.07091346153846154 0.028846153846153848
0 0.30408653846153844 0.8497596153846154 0.06610576923076923 0.0673076923076923
0 0.6959134615384616 0.18509615384615385 0.055288461538461536 0.04326923076923077
0 0.515625 0.46634615384615385 0.08173076923076923 0.055288461538461536
0 0.48197115384615385 0.6514423076923077 0.07091346153846154 0.04447115384615385
0 0.4411057692307692 0.8978365384615384 0.06370192307692307 0.027644230769230768
0 0.31971153846153844 0.12980769230769232 0.09615384615384616 0.039663461538461536
0 0.35336538461538464 0.2548076923076923 0.08413461538461539 0.052884615384615384
0 0.2776442307692308 0.055288461538461536 0.10216346153846154 0.07692307692307693
0 0.8930288461538461 0.44471153846153844 0.08173076923076923 0.09134615384615384
0 0.6923076923076923 0.4326923076923077 0.03365384615384615 0.09134615384615384
0 0.7764423076923077 0.8076923076923077 0.06009615384615385 0.06610576923076923
0 0.040865384615384616 0.0625 0.051682692307692304 0.11298076923076923
0 0.8185096153846154 0.16466346153846154 0.1045673076923077 0.07211538461538461
0 0.609375 0.19110576923076922 0.04927884615384615 0.09254807692307693
0 0.06490384615384616 0.5661057692307693 0.0829326923076923 0.05048076923076923
0 0.06009615384615385 0.6923076923076923 0.08653846153846154 0.03365384615384615
0 0.7271634615384616 0.8870192307692307 0.04326923076923077 0.0625
0 0.36538461538461536 0.78125 0.06850961538461539 0.055288461538461536
0 0.02283653846153846 0.8990384615384616 0.04447115384615385 0.030048076923076924
0 0.8173076923076923 0.3942307692307692 0.07572115384615384 0.12620192307692307
0 0.36177884615384615 0.5576923076923077 0.06971153846153846 0.03365384615384615
0 0.9399038461538461 0.03365384615384615 0.07572115384615384 0.06490384615384616
0 0.5300480769230769 0.7944711538461539 0.07211538461538461 0.055288461538461536
0 0.016826923076923076 0.41586538461538464 0.03365384615384615 0.078125
0 0.11538461538461539 0.9362980769230769 0.12139423076923077 0.04447115384615385
0 0.3545673076923077 0.9447115384615384 0.07932692307692307 0.03245192307692308
0 0.18990384615384615 0.18389423076923078 0.08173076923076923 0.05889423076923077
0 0.2704326923076923 0.40024038461538464 0.0985576923076923 0.11899038461538461
0 0.8677884615384616 0.5132211538461539 0.06850961538461539 0.04447115384615385
0 0.9699519230769231 0.8966346153846154 0.05889423076923077 0.028846153846153848
0 0.5697115384615384 0.06490384615384616 0.09014423076923077 0.12980769230769232
0 0.17427884615384615 0.3401442307692308 0.10817307692307693 0.04326923076923077
0 0.45072115384615385 0.18870192307692307 0.10697115384615384 0.09134615384615384
0 0.5240384615384616 0.3485576923076923 0.09375 0.036057692307692304
0 0.10697115384615384 0.15745192307692307 0.1622596153846154 0.06850961538461539
0 0.578125 0.734375 0.08533653846153846 0.07932692307692307
0 0.7992788461538461 0.5012019230769231 0.06129807692307692 0.07572115384615384
0 0.734375 0.5949519230769231 0.09495192307692307 0.04447115384615385
0 0.5709134615384616 0.11778846153846154 0.078125 0.07211538461538461
0 0.2548076923076923 0.6490384615384616 0.07451923076923077 0.03365384615384615
0 0.5048076923076923 0.44591346153846156 0.10096153846153846 0.06490384615384616
0 0.06009615384615385 0.7764423076923077 0.09495192307692307 0.06490384615384616
0 0.38341346153846156 0.4879807692307692 0.03365384615384615 0.08173076923076923
0 0.7644230769230769 0.6430288461538461 0.10096153846153846 0.04326923076923077
0 0.140625 0.6899038461538461 0.0889423076923077 0.037259615384615384
0 0.4050480769230769 0.09375 0.1045673076923077 0.1045673076923077
0 0.859375 0.6430288461538461 0.08052884615384616 0.040865384615384616
0 0.7367788461538461 0.8076923076923077 0.06971153846153846 0.06490384615384616
0 0.7596153846153846 0.5649038461538461 0.0985576923076923 0.054086538461538464
0 0.8137019230769231 0.453125 0.06850961538461539 0.12980769230769232
0 0.08653846153846154 0.1141826923076923 0.09254807692307693 0.06009615384615385
0 0.8245192307692307 0.3485576923076923 0.06129807692307692 0.0889423076923077
0 0.22235576923076922 0.8509615384615384 0.15625 0.05048076923076923
0 0.10576923076923077 0.6370192307692307 0.055288461538461536 0.04807692307692308
0 0.5913461538461539 0.6742788461538461 0.07572115384615384 0.03365384615384615
0 0.7668269230769231 0.057692307692307696 0.04927884615384615 0.04927884615384615
0 0.9651442307692307 0.47596153846153844 0.06850961538461539 0.06610576923076923