0 0.8617788461538461 0.036057692307692304 0.055288461538461536 0.036057692307692304
0 0.8040865384615384 0.037259615384615384 0.04447115384615385 0.05048076923076923
0 0.6862980769230769 0.10096153846153846 0.04567307692307692 0.054086538461538464
0 0.453125 0.036057692307692304 0.055288461538461536 0.056490384615384616
0 0.31971153846153844 0.026442307692307692 0.06490384615384616 0.051682692307692304
0 0.16105769230769232 0.020432692307692308 0.05048076923076923 0.039663461538461536
0 0.06129807692307692 0.019230769230769232 0.06490384615384616 0.038461538461538464
0 0.20673076923076922 0.10096153846153846 0.039663461538461536 0.040865384615384616
0 0.390625 0.1201923076923077 0.08533653846153846 0.039663461538461536
0 0.8269230769230769 0.53125 0.040865384615384616 0.055288461538461536
0 0.9326923076923077 0.6706730769230769 0.04807692307692308 0.04567307692307692
0 0.9242788461538461 0.7199519230769231 0.055288461538461536 0.038461538461538464
0 0.7884615384615384 0.6850961538461539 0.04927884615384615 0.057692307692307696
0 0.6682692307692307 0.5456730769230769 0.039663461538461536 0.04927884615384615
0 0.6959134615384616 0.6538461538461539 0.04927884615384615 0.037259615384615384
0 0.7620192307692307 0.7211538461538461 0.055288461538461536 0.04447115384615385
0 0.5769230769230769 0.75 0.04927884615384615 0.04326923076923077
0 0.5540865384615384 0.6658653846153846 0.04447115384615385 0.04447115384615385
0 0.5673076923076923 0.6045673076923077 0.055288461538461536 0.06370192307692307
0 0.4411057692307692 0.75 0.055288461538461536 0.04807692307692308
0 0.4170673076923077 0.6538461538461539 0.04927884615384615 0.04326923076923077
0 0.3449519230769231 0.6995192307692307 0.04927884615384615 0.0625
0 0.21995192307692307 0.6346153846153846 0.042067307692307696 0.054086538461538464
0 0.07091346153846154 0.7091346153846154 0.051682692307692304 0.054086538461538464
0 0.20072115384615385 0.8329326923076923 0.056490384615384616 0.06009615384615385
0 0.2764423076923077 0.8533653846153846 0.051682692307692304 0.05889423076923077
0 0.5432692307692307 0.8125 0.04447115384615385 0.038461538461538464
0 0.703125 0.8617788461538461 0.04447115384615385 0.0673076923076923
0 0.6838942307692307 0.9110576923076923 0.036057692307692304 0.06129807692307692
0 0.9242788461538461 0.8485576923076923 0.04447115384615385 0.14903846153846154
0 0.9326923076923077 0.8341346153846154 0.06129807692307692 0.04927884615384615
0 0.019230769230769232 0.7548076923076923 0.038461538461538464 0.038461538461538464
0 0.19591346153846154 0.7055288461538461 0.038461538461538464 0.04447115384615385
0 0.33533653846153844 0.65625 0.042067307692307696 0.036057692307692304