0 0.5240384615384616 0.9663461538461539 0.13822115384615385 0.06490384615384616
0 0.0889423076923077 0.2692307692307692 0.1778846153846154 0.13581730769230768
0 0.8954326923076923 0.21634615384615385 0.20793269230769232 0.09615384615384616
0 0.3233173076923077 0.03365384615384615 0.21995192307692307 0.0673076923076923
0 0.039663461538461536 0.6766826923076923 0.07932692307692307 0.0829326923076923
0 0.90625 0.038461538461538464 0.18509615384615385 0.07692307692307693
0 0.6802884615384616 0.15384615384615385 0.08774038461538461 0.06490384615384616
0 0.1045673076923077 0.08173076923076923 0.171875 0.1622596153846154
0 0.9759615384615384 0.9567307692307693 0.046875 0.08413461538461539
0 0.016826923076923076 0.8257211538461539 0.03365384615384615 0.125
0 0.40384615384615385 0.5204326923076923 0.24278846153846154 0.19591346153846154
0 0.23197115384615385 0.9447115384615384 0.06490384615384616 0.046875
0 0.4675480769230769 0.7295673076923077 0.11298076923076923 0.14903846153846154
0 0.7788461538461539 0.37740384615384615 0.08653846153846154 0.21995192307692307
0 0.6995192307692307 0.4098557692307692 0.22235576923076922 0.12259615384615384
0 0.057692307692307696 0.19230769230769232 0.11538461538461539 0.0889423076923077
0 0.8930288461538461 0.3701923076923077 0.14423076923076922 0.09615384615384616
0 0.21995192307692307 0.5528846153846154 0.27283653846153844 0.09254807692307693
0 0.39302884615384615 0.31971153846153844 0.20793269230769232 0.0625
0 0.46634615384615385 0.1622596153846154 0.13221153846153846 0.0733173076923077
0 0.7992788461538461 0.9314903846153846 0.20072115384615385 0.10096153846153846
0 0.1502403846153846 0.15384615384615385 0.25961538461538464 0.20673076923076922
0 0.3581730769230769 0.3786057692307692 0.296875 0.11538461538461539
0 0.7211538461538461 0.5384615384615384 0.21514423076923078 0.18028846153846154
0 0.23918269230769232 0.8846153846153846 0.1622596153846154 0.11298076923076923
0 0.25721153846153844 0.6947115384615384 0.27524038461538464 0.22115384615384615
0 0.45072115384615385 0.21394230769230768 0.22596153846153846 0.10096153846153846
0 0.09975961538461539 0.8894230769230769 0.07091346153846154 0.21875
0 0.16346153846153846 0.4735576923076923 0.3269230769230769 0.10096153846153846
0 0.16947115384615385 0.8978365384615384 0.10817307692307693 0.20192307692307693
0 0.9266826923076923 0.9519230769230769 0.06370192307692307 0.09495192307692307
0 0.5 0.07692307692307693 0.23557692307692307 0.15384615384615385