0 0.8329326923076923 0.5901442307692307 0.14302884615384615 0.12740384615384615
0 0.390625 0.41346153846153844 0.12139423076923077 0.15985576923076922
0 0.1502403846153846 0.11899038461538461 0.1971153846153846 0.10576923076923077
0 0.9038461538461539 0.6790865384615384 0.09134615384615384 0.18389423076923078
0 0.9435096153846154 0.21394230769230768 0.09254807692307693 0.12620192307692307
0 0.22235576923076922 0.546875 0.051682692307692304 0.056490384615384616
0 0.43990384615384615 0.08173076923076923 0.06370192307692307 0.06971153846153846
0 0.2956730769230769 0.28365384615384615 0.16947115384615385 0.09014423076923077
0 0.3173076923076923 0.9362980769230769 0.10697115384615384 0.125
0 0.46274038461538464 0.9699519230769231 0.09615384615384616 0.05889423076923077
0 0.2956730769230769 0.5132211538461539 0.0985576923076923 0.06490384615384616
0 0.09134615384615384 0.5252403846153846 0.11538461538461539 0.11658653846153846
0 0.14783653846153846 0.19831730769230768 0.12740384615384615 0.08653846153846154
0 0.7223557692307693 0.6935096153846154 0.07572115384615384 0.06009615384615385
0 0.0625 0.7199519230769231 0.1045673076923077 0.1201923076923077
0 0.296875 0.453125 0.07091346153846154 0.07932692307692307
0 0.18269230769230768 0.6526442307692307 0.12620192307692307 0.0889423076923077
0 0.6057692307692307 0.9483173076923077 0.11778846153846154 0.10096153846153846
0 0.6057692307692307 0.13822115384615385 0.20673076923076922 0.1502403846153846
0 0.7560096153846154 0.7584134615384616 0.10697115384615384 0.09615384615384616
0 0.3786057692307692 0.6947115384615384 0.15745192307692307 0.0889423076923077
0 0.7632211538461539 0.039663461538461536 0.07932692307692307 0.07932692307692307
0 0.4519230769230769 0.5120192307692307 0.10697115384615384 0.14903846153846154
0 0.7079326923076923 0.04807692307692308 0.08774038461538461 0.09615384615384616
0 0.9555288461538461 0.7788461538461539 0.08653846153846154 0.08653846153846154
0 0.46033653846153844 0.6995192307692307 0.12980769230769232 0.12139423076923077