0 0.53125 0.03365384615384615 0.038461538461538464 0.06610576923076923
0 0.9723557692307693 0.265625 0.054086538461538464 0.06490384615384616
0 0.9663461538461539 0.18990384615384615 0.06490384615384616 0.042067307692307696
0 0.7860576923076923 0.24759615384615385 0.10336538461538461 0.055288461538461536
0 0.7692307692307693 0.19951923076923078 0.0733173076923077 0.037259615384615384
0 0.7475961538461539 0.15865384615384615 0.06610576923076923 0.042067307692307696
0 0.46033653846153844 0.22596153846153846 0.046875 0.06971153846153846
0 0.6766826923076923 0.23677884615384615 0.10697115384615384 0.13822115384615385
0 0.2512019230769231 0.21153846153846154 0.06971153846153846 0.08413461538461539
0 0.3173076923076923 0.32211538461538464 0.055288461538461536 0.040865384615384616
0 0.3786057692307692 0.40625 0.02403846153846154 0.030048076923076924
0 0.21153846153846154 0.3629807692307692 0.05048076923076923 0.1466346153846154
0 0.12379807692307693 0.44711538461538464 0.04927884615384615 0.054086538461538464
0 0.08653846153846154 0.32572115384615385 0.056490384615384616 0.09735576923076923
0 0.9375 0.30288461538461536 0.028846153846153848 0.038461538461538464
0 0.3581730769230769 0.4675480769230769 0.11057692307692307 0.07932692307692307
0 0.9651442307692307 0.5985576923076923 0.06850961538461539 0.038461538461538464
0 0.9771634615384616 0.6550480769230769 0.04326923076923077 0.038461538461538464
0 0.890625 0.7632211538461539 0.02403846153846154 0.037259615384615384
0 0.9603365384615384 0.8016826923076923 0.030048076923076924 0.030048076923076924
0 0.7427884615384616 0.7091346153846154 0.09134615384615384 0.057692307692307696
0 0.7319711538461539 0.9831730769230769 0.09254807692307693 0.03125
0 0.5925480769230769 0.9795673076923077 0.10576923076923077 0.038461538461538464
0 0.4014423076923077 0.8112980769230769 0.1141826923076923 0.0829326923076923
0 0.23677884615384615 0.9651442307692307 0.06971153846153846 0.0673076923076923
0 0.22596153846153846 0.9387019230769231 0.030048076923076924 0.039663461538461536
0 0.31971153846153844 0.7872596153846154 0.12620192307692307 0.18028846153846154
0 0.12980769230769232 0.8521634615384616 0.042067307692307696 0.027644230769230768
0 0.13701923076923078 0.7716346153846154 0.14903846153846154 0.055288461538461536
0 0.5144230769230769 0.6670673076923077 0.051682692307692304 0.06129807692307692
0 0.2824519230769231 0.7860576923076923 0.04927884615384615 0.06971153846153846
0 0.2403846153846154 0.7944711538461539 0.04447115384615385 0.03365384615384615
0 0.9903846153846154 0.15985576923076922 0.016826923076923076 0.02403846153846154
0 0.7475961538461539 0.039663461538461536 0.06009615384615385 0.030048076923076924