0 0.9026442307692307 0.036057692307692304 0.11177884615384616 0.07091346153846154
0 0.8509615384615384 0.13581730769230768 0.13942307692307693 0.11177884615384616
0 0.5576923076923077 0.7980769230769231 0.06490384615384616 0.0625
0 0.0625 0.1778846153846154 0.12379807692307693 0.14423076923076922
0 0.9158653846153846 0.3329326923076923 0.14302884615384615 0.14182692307692307
0 0.5252403846153846 0.48197115384615385 0.0733173076923077 0.07451923076923077
0 0.45913461538461536 0.7151442307692307 0.08533653846153846 0.08052884615384616
0 0.6658653846153846 0.09014423076923077 0.10697115384615384 0.10817307692307693
0 0.6983173076923077 0.5576923076923077 0.1141826923076923 0.09134615384615384
0 0.6923076923076923 0.18389423076923078 0.08653846153846154 0.057692307692307696
0 0.1201923076923077 0.9242788461538461 0.08533653846153846 0.14783653846153846
0 0.7644230769230769 0.11778846153846154 0.08052884615384616 0.055288461538461536
0 0.9783653846153846 0.25600961538461536 0.042067307692307696 0.10817307692307693
0 0.019230769230769232 0.109375 0.038461538461538464 0.11057692307692307
0 0.9651442307692307 0.5961538461538461 0.06850961538461539 0.08653846153846154
0 0.2824519230769231 0.6550480769230769 0.08173076923076923 0.10697115384615384
0 0.9375 0.7331730769230769 0.10096153846153846 0.09254807692307693
0 0.46153846153846156 0.34375 0.109375 0.09495192307692307
0 0.7007211538461539 0.6298076923076923 0.08052884615384616 0.06850961538461539
0 0.06370192307692307 0.3954326923076923 0.12740384615384615 0.08533653846153846
0 0.25 0.27283653846153844 0.0985576923076923 0.10096153846153846
0 0.22235576923076922 0.8461538461538461 0.06490384615384616 0.08533653846153846
0 0.6923076923076923 0.23076923076923078 0.14423076923076922 0.09375
0 0.8209134615384616 0.5733173076923077 0.0889423076923077 0.0673076923076923
0 0.7884615384615384 0.84375 0.1045673076923077 0.15745192307692307
0 0.6538461538461539 0.9278846153846154 0.07572115384615384 0.08052884615384616
0 0.33653846153846156 0.9519230769230769 0.07572115384615384 0.09134615384615384
0 0.8581730769230769 0.8317307692307693 0.08653846153846154 0.09495192307692307
0 0.5492788461538461 0.734375 0.08653846153846154 0.09615384615384616
0 0.23798076923076922 0.9591346153846154 0.07211538461538461 0.07932692307692307