0 0.421875 0.43990384615384615 0.2403846153846154 0.09014423076923077
0 0.11298076923076923 0.7704326923076923 0.07692307692307693 0.06971153846153846
0 0.6850961538461539 0.6875 0.04326923076923077 0.09495192307692307
0 0.6201923076923077 0.22115384615384615 0.07692307692307693 0.11298076923076923
0 0.41947115384615385 0.019230769230769232 0.09134615384615384 0.036057692307692304
0 0.28125 0.703125 0.06610576923076923 0.057692307692307696
0 0.06971153846153846 0.9326923076923077 0.07451923076923077 0.13341346153846154
0 0.3713942307692308 0.35336538461538464 0.10697115384615384 0.08774038461538461
0 0.18269230769230768 0.9110576923076923 0.1045673076923077 0.16466346153846154
0 0.5612980769230769 0.15384615384615385 0.08533653846153846 0.125
0 0.7932692307692307 0.4987980769230769 0.06490384615384616 0.04927884615384615
0 0.1201923076923077 0.4266826923076923 0.16346153846153846 0.13942307692307693
0 0.1045673076923077 0.8269230769230769 0.20552884615384615 0.13341346153846154
0 0.9435096153846154 0.7680288461538461 0.054086538461538464 0.0625
0 0.9567307692307693 0.28966346153846156 0.08533653846153846 0.08653846153846154
0 0.43990384615384615 0.7548076923076923 0.09615384615384616 0.10576923076923077
0 0.19831730769230768 0.25 0.08774038461538461 0.07572115384615384
0 0.8990384615384616 0.19831730769230768 0.09975961538461539 0.07211538461538461
0 0.06971153846153846 0.265625 0.1346153846153846 0.10216346153846154
0 0.25961538461538464 0.34615384615384615 0.09495192307692307 0.12740384615384615
0 0.6141826923076923 0.49038461538461536 0.1045673076923077 0.22115384615384615
0 0.7043269230769231 0.9639423076923077 0.0889423076923077 0.06971153846153846
0 0.11778846153846154 0.9110576923076923 0.06009615384615385 0.10697115384615384
0 0.5829326923076923 0.3112980769230769 0.23557692307692307 0.18990384615384615
0 0.8125 0.8485576923076923 0.06971153846153846 0.0829326923076923
0 0.3389423076923077 0.06971153846153846 0.09495192307692307 0.09014423076923077
0 0.9759615384615384 0.12860576923076922 0.04567307692307692 0.09975961538461539
0 0.5432692307692307 0.8545673076923077 0.17067307692307693 0.08413461538461539
0 0.35697115384615385 0.53125 0.08052884615384616 0.10216346153846154
0 0.296875 0.21394230769230768 0.07091346153846154 0.07572115384615384
0 0.036057692307692304 0.9447115384615384 0.0673076923076923 0.055288461538461536
0 0.8641826923076923 0.6658653846153846 0.06971153846153846 0.06009615384615385
0 0.6971153846153846 0.5625 0.27524038461538464 0.1201923076923077
0 0.8149038461538461 0.06129807692307692 0.07211538461538461 0.09254807692307693
0 0.46634615384615385 0.6213942307692307 0.078125 0.11658653846153846
0 0.07572115384615384 0.1778846153846154 0.15144230769230768 0.17427884615384615
0 0.25961538461538464 0.9759615384615384 0.07572115384615384 0.046875
0 0.6538461538461539 0.3245192307692308 0.09134615384615384 0.1201923076923077
0 0.9759615384615384 0.42427884615384615 0.046875 0.12259615384615384
0 0.9603365384615384 0.04326923076923077 0.07692307692307693 0.08653846153846154
0 0.2920673076923077 0.5408653846153846 0.08052884615384616 0.17307692307692307