0 0.5492788461538461 0.009615384615384616 0.07932692307692307 0.019230769230769232
0 0.5480769230769231 0.140625 0.055288461538461536 0.06009615384615385
0 0.6514423076923077 0.23677884615384615 0.43509615384615385 0.1502403846153846
0 0.921875 0.15144230769230768 0.15504807692307693 0.06850961538461539
0 0.019230769230769232 0.025240384615384616 0.038461538461538464 0.05048076923076923
0 0.171875 0.17427884615384615 0.13221153846153846 0.052884615384615384
0 0.9350961538461539 0.23677884615384615 0.12740384615384615 0.14302884615384615
0 0.8137019230769231 0.007211538461538462 0.040865384615384616 0.014423076923076924
0 0.3701923076923077 0.2956730769230769 0.0673076923076923 0.3016826923076923
0 0.22355769230769232 0.25600961538461536 0.14543269230769232 0.27403846153846156
0 0.9543269230769231 0.4170673076923077 0.0889423076923077 0.08052884615384616
0 0.16346153846153846 0.31009615384615385 0.3245192307692308 0.08774038461538461
0 0.030048076923076924 0.3329326923076923 0.06009615384615385 0.06009615384615385
0 0.09375 0.33774038461538464 0.15264423076923078 0.19110576923076922
0 0.8990384615384616 0.9627403846153846 0.10096153846153846 0.07211538461538461
0 0.9783653846153846 0.9086538461538461 0.040865384615384616 0.078125
0 0.8533653846153846 0.4423076923076923 0.125 0.23918269230769232
0 0.5625 0.46033653846153844 0.20072115384615385 0.21634615384615385
0 0.6117788461538461 0.4723557692307692 0.08774038461538461 0.0829326923076923
0 0.4026442307692308 0.5288461538461539 0.3245192307692308 0.2283653846153846
0 0.29927884615384615 0.4831730769230769 0.33653846153846156 0.07572115384615384
0 0.2536057692307692 0.5372596153846154 0.2548076923076923 0.10336538461538461
0 0.06490384615384616 0.47596153846153844 0.12980769230769232 0.25240384615384615
0 0.020432692307692308 0.9086538461538461 0.039663461538461536 0.07451923076923077
0 0.1141826923076923 0.9627403846153846 0.07932692307692307 0.0733173076923077
0 0.41947115384615385 0.7992788461538461 0.06850961538461539 0.09375
0 0.6346153846153846 0.8677884615384616 0.109375 0.13221153846153846
0 0.26322115384615385 0.7956730769230769 0.07211538461538461 0.06490384615384616
0 0.5168269230769231 0.9567307692307693 0.14302884615384615 0.08533653846153846
0 0.6081730769230769 0.8209134615384616 0.09134615384615384 0.12740384615384615
0 0.5985576923076923 0.65625 0.07572115384615384 0.08653846153846154
0 0.19471153846153846 0.9723557692307693 0.04447115384615385 0.052884615384615384
0 0.90625 0.8185096153846154 0.18509615384615385 0.3605769230769231
0 0.8305288461538461 0.7055288461538461 0.13701923076923078 0.04326923076923077
0 0.042067307692307696 0.6298076923076923 0.08413461538461539 0.18990384615384615
0 0.7944711538461539 0.5901442307692307 0.09134615384615384 0.0673076923076923
0 0.6322115384615384 0.5649038461538461 0.09134615384615384 0.06610576923076923
0 0.6826923076923077 0.6057692307692307 0.08653846153846154 0.14903846153846154
0 0.6274038461538461 0.5769230769230769 0.1622596153846154 0.06490384615384616
0 0.8485576923076923 0.36658653846153844 0.13822115384615385 0.21514423076923078
0 0.6862980769230769 0.9050480769230769 0.04326923076923077 0.07572115384615384
0 0.6742788461538461 0.9939903846153846 0.04326923076923077 0.009615384615384616
0 0.984375 0.4098557692307692 0.028846153846153848 0.16826923076923078