0 0.6382211538461539 0.2776442307692308 0.10336538461538461 0.14302884615384615
0 0.9350961538461539 0.26322115384615385 0.06009615384615385 0.10096153846153846
0 0.03245192307692308 0.6033653846153846 0.06490384615384616 0.16947115384615385
0 0.28725961538461536 0.5576923076923077 0.17427884615384615 0.14543269230769232
0 0.06009615384615385 0.9663461538461539 0.109375 0.06610576923076923
0 0.8774038461538461 0.8954326923076923 0.10697115384615384 0.15504807692307693
0 0.19591346153846154 0.7896634615384616 0.08653846153846154 0.09134615384615384
0 0.9723557692307693 0.9326923076923077 0.046875 0.07091346153846154
0 0.734375 0.018028846153846152 0.07932692307692307 0.036057692307692304
0 0.3954326923076923 0.6694711538461539 0.0889423076923077 0.12980769230769232
0 0.12620192307692307 0.75 0.109375 0.0829326923076923
0 0.7584134615384616 0.41225961538461536 0.0985576923076923 0.0889423076923077
0 0.5420673076923077 0.6490384615384616 0.14302884615384615 0.1814903846153846
0 0.5288461538461539 0.7403846153846154 0.1658653846153846 0.234375
0 0.4483173076923077 0.40865384615384615 0.07692307692307693 0.1346153846153846
0 0.3485576923076923 0.06129807692307692 0.11057692307692307 0.12259615384615384
0 0.6033653846153846 0.8557692307692307 0.1141826923076923 0.08653846153846154
0 0.18028846153846154 0.03485576923076923 0.13701923076923078 0.06971153846153846
0 0.2668269230769231 0.09975961538461539 0.12259615384615384 0.18389423076923078
0 0.07572115384615384 0.5180288461538461 0.11658653846153846 0.07091346153846154
0 0.12620192307692307 0.4375 0.2283653846153846 0.21634615384615385
0 0.7475961538461539 0.18389423076923078 0.1346153846153846 0.06009615384615385
0 0.53125 0.9579326923076923 0.08653846153846154 0.08173076923076923
0 0.9495192307692307 0.5168269230769231 0.09975961538461539 0.20552884615384615
0 0.41466346153846156 0.7716346153846154 0.10096153846153846 0.0985576923076923
0 0.1502403846153846 0.20552884615384615 0.13581730769230768 0.09254807692307693
0 0.6105769230769231 0.9615384615384616 0.08774038461538461 0.07572115384615384
0 0.7439903846153846 0.1045673076923077 0.13822115384615385 0.08413461538461539