0 0.9915865384615384 0.038461538461538464 0.015625 0.055288461538461536
0 0.6370192307692307 0.33774038461538464 0.028846153846153848 0.04807692307692308
0 0.5240384615384616 0.9014423076923077 0.05048076923076923 0.039663461538461536
0 0.5504807692307693 0.5600961538461539 0.037259615384615384 0.03365384615384615
0 0.5649038461538461 0.4170673076923077 0.03245192307692308 0.04807692307692308
0 0.5925480769230769 0.03365384615384615 0.02403846153846154 0.046875
0 0.4699519230769231 0.02403846153846154 0.04447115384615385 0.046875
0 0.546875 0.8449519230769231 0.051682692307692304 0.055288461538461536
0 0.44471153846153844 0.8990384615384616 0.09375 0.06490384615384616
0 0.6550480769230769 0.3870192307692308 0.055288461538461536 0.04447115384615385
0 0.44591346153846156 0.9603365384615384 0.06370192307692307 0.07692307692307693
0 0.5612980769230769 0.028846153846153848 0.021634615384615384 0.02283653846153846
0 0.6346153846153846 0.9338942307692307 0.0733173076923077 0.0625
0 0.6430288461538461 0.30288461538461536 0.04447115384615385 0.03125
0 0.4795673076923077 0.4807692307692308 0.051682692307692304 0.06009615384615385
0 0.48677884615384615 0.7848557692307693 0.03485576923076923 0.038461538461538464