0 0.5072115384615384 0.5865384615384616 0.27884615384615385 0.12740384615384615
0 0.6923076923076923 0.06009615384615385 0.3137019230769231 0.11899038461538461
0 0.6346153846153846 0.026442307692307692 0.2692307692307692 0.052884615384615384
0 0.9543269230769231 0.036057692307692304 0.0889423076923077 0.07211538461538461
0 0.8425480769230769 0.2127403846153846 0.2403846153846154 0.08653846153846154
0 0.13221153846153846 0.056490384615384616 0.04447115384615385 0.11298076923076923
0 0.11298076923076923 0.055288461538461536 0.04447115384615385 0.11057692307692307
0 0.07572115384615384 0.039663461538461536 0.038461538461538464 0.07932692307692307
0 0.04927884615384615 0.051682692307692304 0.08173076923076923 0.10216346153846154
0 0.16947115384615385 0.23798076923076922 0.33774038461538464 0.07572115384615384
0 0.34134615384615385 0.2920673076923077 0.25240384615384615 0.09495192307692307
0 0.23317307692307693 0.4831730769230769 0.24639423076923078 0.09134615384615384
0 0.06129807692307692 0.47716346153846156 0.12259615384615384 0.12740384615384615
0 0.04927884615384615 0.5877403846153846 0.0985576923076923 0.08052884615384616
0 0.09134615384615384 0.6610576923076923 0.11057692307692307 0.29927884615384615
0 0.08653846153846154 0.7836538461538461 0.171875 0.17668269230769232
0 0.1346153846153846 0.7199519230769231 0.2692307692307692 0.15144230769230768
0 0.22956730769230768 0.8882211538461539 0.07091346153846154 0.22115384615384615
0 0.0889423076923077 0.9675480769230769 0.051682692307692304 0.06370192307692307
0 0.09735576923076923 0.9362980769230769 0.19230769230769232 0.12259615384615384
0 0.26802884615384615 0.9507211538461539 0.03365384615384615 0.09615384615384616
0 0.3786057692307692 0.7596153846153846 0.12259615384615384 0.2620192307692308
0 0.4951923076923077 0.9302884615384616 0.05889423076923077 0.13822115384615385
0 0.5625 0.9014423076923077 0.06370192307692307 0.19471153846153846
0 0.25721153846153844 0.4963942307692308 0.1935096153846154 0.31009615384615385
0 0.5132211538461539 0.3545673076923077 0.3088942307692308 0.06370192307692307
0 0.38100961538461536 0.49278846153846156 0.39903846153846156 0.13701923076923078
0 0.7668269230769231 0.3293269230769231 0.15865384615384615 0.12259615384615384
0 0.8545673076923077 0.3870192307692308 0.24759615384615385 0.04807692307692308
0 0.9014423076923077 0.453125 0.19471153846153846 0.06129807692307692
0 0.9314903846153846 0.5396634615384616 0.13581730769230768 0.06129807692307692
0 0.8798076923076923 0.5985576923076923 0.23677884615384615 0.18509615384615385
0 0.8774038461538461 0.6213942307692307 0.08774038461538461 0.30288461538461536
0 0.7608173076923077 0.7199519230769231 0.21634615384615385 0.2091346153846154
0 0.8401442307692307 0.8161057692307693 0.30528846153846156 0.12259615384615384
0 0.9350961538461539 0.9170673076923077 0.07451923076923077 0.16466346153846154
0 0.9807692307692307 0.8233173076923077 0.037259615384615384 0.16826923076923078
0 0.59375 0.6947115384615384 0.26322115384615385 0.3016826923076923
0 0.5336538461538461 0.6213942307692307 0.2824519230769231 0.16105769230769232
0 0.390625 0.6213942307692307 0.21995192307692307 0.25841346153846156
0 0.6694711538461539 0.46153846153846156 0.3605769230769231 0.16346153846153846
0 0.5865384615384616 0.4651442307692308 0.31971153846153844 0.1310096153846154
0 0.4423076923076923 0.040865384615384616 0.028846153846153848 0.08173076923076923
0 0.7596153846153846 0.46153846153846156 0.08653846153846154 0.04807692307692308
0 0.016826923076923076 0.20552884615384615 0.03365384615384615 0.02403846153846154