0 0.38461538461538464 0.9591346153846154 0.10697115384615384 0.08052884615384616
0 0.9459134615384616 0.6670673076923077 0.09254807692307693 0.109375
0 0.31971153846153844 0.31490384615384615 0.07091346153846154 0.10336538461538461
0 0.8617788461538461 0.5084134615384616 0.10096153846153846 0.07451923076923077
0 0.6442307692307693 0.8149038461538461 0.0889423076923077 0.09495192307692307
0 0.0625 0.8401442307692307 0.06610576923076923 0.0829326923076923
0 0.140625 0.9399038461538461 0.10817307692307693 0.11778846153846154
0 0.6478365384615384 0.890625 0.0673076923076923 0.08052884615384616
0 0.7824519230769231 0.06490384615384616 0.12379807692307693 0.10697115384615384
0 0.9711538461538461 0.8774038461538461 0.055288461538461536 0.09975961538461539
0 0.5492788461538461 0.32572115384615385 0.12740384615384615 0.15865384615384615
0 0.390625 0.7367788461538461 0.0829326923076923 0.12259615384615384
0 0.7415865384615384 0.8209134615384616 0.15384615384615385 0.12740384615384615
0 0.5841346153846154 0.7163461538461539 0.11057692307692307 0.06610576923076923
0 0.17668269230769232 0.6586538461538461 0.07932692307692307 0.140625
0 0.3954326923076923 0.3401442307692308 0.05889423076923077 0.07572115384615384
0 0.020432692307692308 0.34975961538461536 0.039663461538461536 0.07572115384615384
0 0.3329326923076923 0.23677884615384615 0.09975961538461539 0.09134615384615384
0 0.49158653846153844 0.84375 0.07211538461538461 0.08653846153846154
0 0.125 0.13581730769230768 0.08413461538461539 0.07572115384615384
0 0.7139423076923077 0.6790865384615384 0.08774038461538461 0.10096153846153846
0 0.030048076923076924 0.5913461538461539 0.06009615384615385 0.125
0 0.4951923076923077 0.25240384615384615 0.09615384615384616 0.08173076923076923
0 0.9411057692307693 0.4014423076923077 0.07451923076923077 0.06610576923076923
0 0.11899038461538461 0.37259615384615385 0.06009615384615385 0.08653846153846154
0 0.7163461538461539 0.027644230769230768 0.10096153846153846 0.055288461538461536
0 0.9507211538461539 0.027644230769230768 0.06971153846153846 0.052884615384615384
0 0.039663461538461536 0.8064903846153846 0.07932692307692307 0.11298076923076923
0 0.16706730769230768 0.09134615384615384 0.06850961538461539 0.06370192307692307