0 0.9399038461538461 0.9771634615384616 0.039663461538461536 0.03365384615384615
0 0.9338942307692307 0.9146634615384616 0.04326923076923077 0.04807692307692308
0 0.6694711538461539 0.984375 0.06850961538461539 0.030048076923076924
0 0.7524038461538461 0.9831730769230769 0.04927884615384615 0.03125
0 0.8149038461538461 0.9254807692307693 0.057692307692307696 0.039663461538461536
0 0.8425480769230769 0.8509615384615384 0.04807692307692308 0.03245192307692308
0 0.8725961538461539 0.8100961538461539 0.036057692307692304 0.026442307692307692
0 0.7896634615384616 0.8545673076923077 0.04807692307692308 0.028846153846153848
0 0.640625 0.9014423076923077 0.11538461538461539 0.036057692307692304
0 0.7451923076923077 0.7764423076923077 0.10216346153846154 0.07451923076923077
0 0.8810096153846154 0.7391826923076923 0.038461538461538464 0.030048076923076924
0 0.9146634615384616 0.7067307692307693 0.040865384615384616 0.030048076923076924
0 0.9795673076923077 0.7019230769230769 0.038461538461538464 0.05889423076923077
0 0.9314903846153846 0.7776442307692307 0.04927884615384615 0.036057692307692304
0 0.9831730769230769 0.8052884615384616 0.03245192307692308 0.038461538461538464
0 0.7139423076923077 0.734375 0.06490384615384616 0.0625
0 0.6995192307692307 0.7103365384615384 0.054086538461538464 0.05048076923076923
0 0.625 0.7283653846153846 0.09615384615384616 0.11899038461538461
0 0.6310096153846154 0.7247596153846154 0.0985576923076923 0.06009615384615385
0 0.9302884615384616 0.6394230769230769 0.038461538461538464 0.03485576923076923
0 0.9615384615384616 0.6033653846153846 0.040865384615384616 0.03485576923076923
0 0.9711538461538461 0.5649038461538461 0.04447115384615385 0.038461538461538464
0 0.7572115384615384 0.9014423076923077 0.057692307692307696 0.03365384615384615
0 0.3401442307692308 0.7379807692307693 0.08052884615384616 0.06971153846153846
0 0.3954326923076923 0.6382211538461539 0.054086538461538464 0.037259615384615384
0 0.515625 0.6358173076923077 0.038461538461538464 0.03245192307692308
0 0.5048076923076923 0.6766826923076923 0.04567307692307692 0.039663461538461536
0 0.4723557692307692 0.5625 0.12740384615384615 0.06009615384615385
0 0.6610576923076923 0.5096153846153846 0.06009615384615385 0.037259615384615384
0 0.7716346153846154 0.4855769230769231 0.07211538461538461 0.03365384615384615
0 0.7800480769230769 0.4206730769230769 0.055288461538461536 0.039663461538461536
0 0.9555288461538461 0.484375 0.04447115384615385 0.028846153846153848
0 0.9242788461538461 0.5564903846153846 0.037259615384615384 0.055288461538461536
0 0.9146634615384616 0.39663461538461536 0.042067307692307696 0.06971153846153846
0 0.8978365384615384 0.44350961538461536 0.055288461538461536 0.037259615384615384
0 0.7788461538461539 0.34975961538461536 0.09375 0.08173076923076923
0 0.8365384615384616 0.3173076923076923 0.04567307692307692 0.038461538461538464
0 0.890625 0.29927884615384615 0.054086538461538464 0.04807692307692308
0 0.9603365384615384 0.28365384615384615 0.04807692307692308 0.057692307692307696
0 0.9038461538461539 0.20793269230769232 0.051682692307692304 0.056490384615384616
0 0.6646634615384616 0.30528846153846156 0.05889423076923077 0.04447115384615385
0 0.7043269230769231 0.28725961538461536 0.08173076923076923 0.0985576923076923
0 0.7451923076923077 0.2620192307692308 0.0625 0.037259615384615384
0 0.5324519230769231 0.3581730769230769 0.09375 0.06490384615384616
0 0.5456730769230769 0.4495192307692308 0.09495192307692307 0.07572115384615384
0 0.3798076923076923 0.3401442307692308 0.04567307692307692 0.10216346153846154
0 0.3473557692307692 0.38341346153846156 0.04447115384615385 0.03365384615384615
0 0.7235576923076923 0.09134615384615384 0.07572115384615384 0.056490384615384616
0 0.10336538461538461 0.09134615384615384 0.13581730769230768 0.08653846153846154
0 0.20793269230769232 0.24759615384615385 0.07572115384615384 0.07572115384615384
0 0.24519230769230768 0.3389423076923077 0.0985576923076923 0.055288461538461536
0 0.19591346153846154 0.3125 0.09375 0.04807692307692308
0 0.09375 0.21875 0.12740384615384615 0.040865384615384616
0 0.18990384615384615 0.39903846153846156 0.09615384615384616 0.04447115384615385
0 0.18509615384615385 0.056490384615384616 0.07211538461538461 0.08173076923076923
0 0.04567307692307692 0.3161057692307692 0.05889423076923077 0.038461538461538464
0 0.14423076923076922 0.4699519230769231 0.09134615384615384 0.040865384615384616
0 0.046875 0.4855769230769231 0.09254807692307693 0.07572115384615384
0 0.109375 0.5865384615384616 0.07572115384615384 0.04326923076923077
0 0.18990384615384615 0.6165865384615384 0.06490384615384616 0.07572115384615384
0 0.20192307692307693 0.6826923076923077 0.04927884615384615 0.039663461538461536
0 0.10817307692307693 0.6826923076923077 0.06850961538461539 0.04447115384615385
0 0.078125 0.6334134615384616 0.09495192307692307 0.04447115384615385
0 0.12379807692307693 0.7463942307692307 0.042067307692307696 0.027644230769230768
0 0.2536057692307692 0.7632211538461539 0.06009615384615385 0.038461538461538464
0 0.23317307692307693 0.7944711538461539 0.06610576923076923 0.03245192307692308
0 0.12860576923076922 0.8137019230769231 0.07572115384615384 0.06971153846153846
0 0.15144230769230768 0.859375 0.051682692307692304 0.055288461538461536
0 0.03245192307692308 0.8100961538461539 0.06490384615384616 0.04447115384615385
0 0.05048076923076923 0.8329326923076923 0.051682692307692304 0.04807692307692308
0 0.03125 0.7668269230769231 0.0625 0.040865384615384616
0 0.33052884615384615 0.9519230769230769 0.051682692307692304 0.09495192307692307
0 0.16346153846153846 0.9711538461538461 0.04927884615384615 0.056490384615384616
0 0.036057692307692304 0.9266826923076923 0.07091346153846154 0.08052884615384616
0 0.9723557692307693 0.015625 0.054086538461538464 0.03125
0 0.6382211538461539 0.2620192307692308 0.056490384615384616 0.040865384615384616
0 0.7884615384615384 0.006009615384615385 0.038461538461538464 0.01201923076923077
0 0.7764423076923077 0.015625 0.026442307692307692 0.030048076923076924
0 0.7644230769230769 0.796875 0.057692307692307696 0.04927884615384615
0 0.75 0.018028846153846152 0.051682692307692304 0.036057692307692304
0 0.578125 0.06490384615384616 0.030048076923076924 0.04807692307692308
0 0.019230769230769232 0.25841346153846156 0.038461538461538464 0.04567307692307692
0 0.08173076923076923 0.14903846153846154 0.06490384615384616 0.04807692307692308
0 0.14543269230769232 0.06971153846153846 0.0673076923076923 0.07091346153846154
0 0.04567307692307692 0.0985576923076923 0.051682692307692304 0.04447115384615385
0 0.09134615384615384 0.01201923076923077 0.03365384615384615 0.02403846153846154
0 0.07572115384615384 0.020432692307692308 0.054086538461538464 0.039663461538461536
0 0.8125 0.27524038461538464 0.06971153846153846 0.028846153846153848
0 0.5913461538461539 0.24158653846153846 0.046875 0.038461538461538464
0 0.09254807692307693 0.7019230769230769 0.078125 0.038461538461538464
0 0.203125 0.20673076923076922 0.0733173076923077 0.07692307692307693
0 0.5384615384615384 0.22235576923076922 0.052884615384615384 0.038461538461538464
0 0.008413461538461538 0.9098557692307693 0.016826923076923076 0.026442307692307692
0 0.8954326923076923 0.49399038461538464 0.057692307692307696 0.04447115384615385