0 0.9362980769230769 0.5240384615384616 0.038461538461538464 0.04447115384615385
0 0.6610576923076923 0.17427884615384615 0.13221153846153846 0.16947115384615385
0 0.6983173076923077 0.8461538461538461 0.15865384615384615 0.13221153846153846
0 0.15985576923076922 0.21394230769230768 0.05048076923076923 0.07692307692307693
0 0.9254807692307693 0.8100961538461539 0.09134615384615384 0.10576923076923077
0 0.6009615384615384 0.18870192307692307 0.057692307692307696 0.08774038461538461
0 0.19471153846153846 0.859375 0.12740384615384615 0.04447115384615385
0 0.5 0.3161057692307692 0.06129807692307692 0.15985576923076922
0 0.046875 0.8125 0.06971153846153846 0.10096153846153846
0 0.9302884615384616 0.6875 0.052884615384615384 0.0673076923076923
0 0.028846153846153848 0.23918269230769232 0.052884615384615384 0.19471153846153846
0 0.7079326923076923 0.7860576923076923 0.07211538461538461 0.09254807692307693
0 0.055288461538461536 0.5264423076923077 0.06490384615384616 0.08533653846153846
0 0.016826923076923076 0.953125 0.03365384615384615 0.0673076923076923
0 0.71875 0.10216346153846154 0.11778846153846154 0.16466346153846154
0 0.27403846153846156 0.3641826923076923 0.22235576923076922 0.15985576923076922
0 0.21754807692307693 0.49759615384615385 0.06610576923076923 0.13221153846153846
0 0.27283653846153844 0.5372596153846154 0.0733173076923077 0.13581730769230768
0 0.6694711538461539 0.765625 0.06009615384615385 0.046875
0 0.8233173076923077 0.3317307692307692 0.054086538461538464 0.0673076923076923
0 0.0733173076923077 0.6911057692307693 0.09735576923076923 0.0829326923076923
0 0.4338942307692308 0.48677884615384615 0.09014423076923077 0.09735576923076923
0 0.65625 0.6923076923076923 0.07692307692307693 0.09014423076923077
0 0.8701923076923077 0.7259615384615384 0.11057692307692307 0.09735576923076923
0 0.7439903846153846 0.046875 0.057692307692307696 0.09014423076923077
0 0.375 0.8269230769230769 0.09134615384615384 0.125
0 0.12740384615384615 0.12980769230769232 0.12139423076923077 0.08173076923076923
0 0.375 0.46033653846153844 0.07692307692307693 0.125
0 0.7235576923076923 0.5805288461538461 0.19230769230769232 0.0673076923076923
0 0.4098557692307692 0.9447115384615384 0.1045673076923077 0.09014423076923077
0 0.32572115384615385 0.09134615384615384 0.11778846153846154 0.18028846153846154
0 0.8209134615384616 0.1935096153846154 0.140625 0.15264423076923078
0 0.07091346153846154 0.7680288461538461 0.10817307692307693 0.0829326923076923
0 0.390625 0.28966346153846156 0.078125 0.07932692307692307
0 0.9399038461538461 0.0889423076923077 0.11538461538461539 0.12259615384615384
0 0.5060096153846154 0.6310096153846154 0.16947115384615385 0.06129807692307692
0 0.4699519230769231 0.7956730769230769 0.15384615384615385 0.15504807692307693
0 0.4206730769230769 0.07211538461538461 0.19230769230769232 0.13942307692307693
0 0.20192307692307693 0.17668269230769232 0.08052884615384616 0.125
0 0.5757211538461539 0.6814903846153846 0.10697115384615384 0.0673076923076923
0 0.06850961538461539 0.42788461538461536 0.12259615384615384 0.09615384615384616
0 0.6442307692307693 0.6225961538461539 0.09975961538461539 0.05048076923076923
0 0.9795673076923077 0.7848557692307693 0.038461538461538464 0.06971153846153846
0 0.6298076923076923 0.5432692307692307 0.1045673076923077 0.07692307692307693
0 0.9387019230769231 0.2403846153846154 0.06009615384615385 0.12740384615384615
0 0.703125 0.42908653846153844 0.20793269230769232 0.08533653846153846
0 0.11899038461538461 0.8677884615384616 0.0673076923076923 0.09014423076923077
0 0.7007211538461539 0.3629807692307692 0.08052884615384616 0.09014423076923077
0 0.8725961538461539 0.4230769230769231 0.07211538461538461 0.0733173076923077
0 0.890625 0.7836538461538461 0.0625 0.078125
0 0.7632211538461539 0.7872596153846154 0.057692307692307696 0.06490384615384616