0 0.6442307692307693 0.90625 0.06971153846153846 0.06129807692307692
0 0.7836538461538461 0.5853365384615384 0.08653846153846154 0.12740384615384615
0 0.6766826923076923 0.9759615384615384 0.0733173076923077 0.046875
0 0.24879807692307693 0.26802884615384615 0.06850961538461539 0.055288461538461536
0 0.5841346153846154 0.2764423076923077 0.06490384615384616 0.08653846153846154
0 0.5889423076923077 0.90625 0.078125 0.0733173076923077
0 0.2127403846153846 0.35697115384615385 0.06971153846153846 0.1622596153846154
0 0.37259615384615385 0.14182692307692307 0.07211538461538461 0.07451923076923077
0 0.45913461538461536 0.9735576923076923 0.056490384615384616 0.04927884615384615
0 0.9747596153846154 0.9567307692307693 0.04927884615384615 0.08533653846153846
0 0.45072115384615385 0.042067307692307696 0.055288461538461536 0.06009615384615385
0 0.390625 0.0673076923076923 0.07451923076923077 0.08052884615384616
0 0.9723557692307693 0.6514423076923077 0.052884615384615384 0.07932692307692307
0 0.040865384615384616 0.5901442307692307 0.078125 0.10697115384615384
0 0.09495192307692307 0.8016826923076923 0.18990384615384615 0.21875
0 0.2127403846153846 0.5540865384615384 0.10336538461538461 0.06971153846153846
0 0.2980769230769231 0.37740384615384615 0.10697115384615384 0.11778846153846154
0 0.9098557692307693 0.7439903846153846 0.0985576923076923 0.10576923076923077
0 0.859375 0.19831730769230768 0.0625 0.07451923076923077
0 0.27163461538461536 0.9110576923076923 0.11298076923076923 0.1045673076923077
0 0.35697115384615385 0.7824519230769231 0.11778846153846154 0.08052884615384616
0 0.25841346153846156 0.8293269230769231 0.10576923076923077 0.078125
0 0.6875 0.6201923076923077 0.06370192307692307 0.0829326923076923
0 0.9771634615384616 0.4483173076923077 0.04447115384615385 0.04807692307692308
0 0.6081730769230769 0.9699519230769231 0.08653846153846154 0.05889423076923077
0 0.8100961538461539 0.17067307692307693 0.078125 0.09495192307692307
0 0.4362980769230769 0.7271634615384616 0.07572115384615384 0.13942307692307693
0 0.8076923076923077 0.7475961538461539 0.07091346153846154 0.08052884615384616
0 0.1814903846153846 0.23918269230769232 0.06610576923076923 0.06490384615384616
0 0.19230769230769232 0.9639423076923077 0.08052884615384616 0.057692307692307696
0 0.6045673076923077 0.24879807692307693 0.0733173076923077 0.125
0 0.5745192307692307 0.13942307692307693 0.09375 0.09735576923076923
0 0.5240384615384616 0.2644230769230769 0.06610576923076923 0.0829326923076923
0 0.25841346153846156 0.9759615384615384 0.078125 0.046875
0 0.24519230769230768 0.9002403846153846 0.07932692307692307 0.0829326923076923
0 0.49158653846153844 0.6634615384615384 0.06850961538461539 0.07211538461538461
0 0.7752403846153846 0.48197115384615385 0.08052884615384616 0.06129807692307692
0 0.5060096153846154 0.9543269230769231 0.06370192307692307 0.0673076923076923
0 0.875 0.9411057692307693 0.10576923076923077 0.11177884615384616
0 0.018028846153846152 0.6490384615384616 0.03485576923076923 0.1310096153846154
0 0.036057692307692304 0.16826923076923078 0.06370192307692307 0.14182692307692307
0 0.8858173076923077 0.5288461538461539 0.1045673076923077 0.07211538461538461