0 0.7079326923076923 0.36538461538461536 0.10216346153846154 0.08653846153846154
0 0.7944711538461539 0.9507211538461539 0.06009615384615385 0.08052884615384616
0 0.054086538461538464 0.04567307692307692 0.10697115384615384 0.09134615384615384
0 0.040865384615384616 0.40384615384615385 0.08052884615384616 0.09254807692307693
0 0.030048076923076924 0.21394230769230768 0.06009615384615385 0.10096153846153846
0 0.07572115384615384 0.16346153846153846 0.0625 0.07091346153846154
0 0.30528846153846156 0.8509615384615384 0.21394230769230768 0.14182692307692307
0 0.49399038461538464 0.0733173076923077 0.04927884615384615 0.08533653846153846
0 0.5661057692307693 0.037259615384615384 0.06490384615384616 0.07451923076923077
0 0.3894230769230769 0.052884615384615384 0.06490384615384616 0.07451923076923077
0 0.11538461538461539 0.5252403846153846 0.19951923076923078 0.10576923076923077
0 0.9579326923076923 0.25961538461538464 0.08052884615384616 0.11057692307692307
0 0.6754807692307693 0.27163461538461536 0.10096153846153846 0.06971153846153846
0 0.48677884615384615 0.3485576923076923 0.07692307692307693 0.09495192307692307
0 0.5576923076923077 0.6430288461538461 0.09975961538461539 0.09975961538461539
0 0.10336538461538461 0.7403846153846154 0.08533653846153846 0.15985576923076922
0 0.7199519230769231 0.07211538461538461 0.09014423076923077 0.07572115384615384
0 0.01201923076923077 0.84375 0.02403846153846154 0.0733173076923077
0 0.34134615384615385 0.3269230769230769 0.10576923076923077 0.10576923076923077
0 0.84375 0.9819711538461539 0.06610576923076923 0.03365384615384615
0 0.390625 0.4543269230769231 0.09495192307692307 0.08173076923076923
0 0.8353365384615384 0.35336538461538464 0.09014423076923077 0.08774038461538461
0 0.18269230769230768 0.4951923076923077 0.11538461538461539 0.1045673076923077