0 0.6778846153846154 0.8329326923076923 0.07451923076923077 0.0733173076923077
0 0.44471153846153844 0.38221153846153844 0.042067307692307696 0.040865384615384616
0 0.2512019230769231 0.5108173076923077 0.06610576923076923 0.039663461538461536
0 0.31490384615384615 0.2608173076923077 0.09014423076923077 0.1045673076923077
0 0.6766826923076923 0.5024038461538461 0.054086538461538464 0.03245192307692308
0 0.7668269230769231 0.046875 0.0829326923076923 0.04807692307692308
0 0.46875 0.07932692307692307 0.07572115384615384 0.06009615384615385
0 0.6502403846153846 0.4699519230769231 0.04326923076923077 0.03245192307692308
0 0.25841346153846156 0.40024038461538464 0.0673076923076923 0.08052884615384616
0 0.8545673076923077 0.7740384615384616 0.0829326923076923 0.03365384615384615
0 0.40865384615384615 0.02403846153846154 0.08533653846153846 0.046875
0 0.7920673076923077 0.8954326923076923 0.0673076923076923 0.0829326923076923
0 0.09495192307692307 0.016826923076923076 0.078125 0.03365384615384615
0 0.18990384615384615 0.9747596153846154 0.06009615384615385 0.04807692307692308
0 0.5228365384615384 0.2247596153846154 0.07572115384615384 0.057692307692307696
0 0.39903846153846156 0.125 0.08052884615384616 0.0733173076923077
0 0.8762019230769231 0.5612980769230769 0.06370192307692307 0.06009615384615385
0 0.8942307692307693 0.3076923076923077 0.057692307692307696 0.0733173076923077
0 0.6742788461538461 0.12139423076923077 0.05048076923076923 0.046875
0 0.31009615384615385 0.140625 0.08653846153846154 0.07091346153846154
0 0.7295673076923077 0.3858173076923077 0.06971153846153846 0.054086538461538464
0 0.18509615384615385 0.3004807692307692 0.08052884615384616 0.07572115384615384
0 0.7199519230769231 0.04447115384615385 0.06370192307692307 0.05889423076923077
0 0.39903846153846156 0.671875 0.04447115384615385 0.03365384615384615
0 0.8605769230769231 0.8161057692307693 0.07211538461538461 0.04447115384615385
0 0.21995192307692307 0.8485576923076923 0.05048076923076923 0.06009615384615385
0 0.3473557692307692 0.8798076923076923 0.08653846153846154 0.0733173076923077
0 0.19831730769230768 0.6983173076923077 0.056490384615384616 0.06370192307692307
0 0.6045673076923077 0.49759615384615385 0.07572115384615384 0.04807692307692308
0 0.021634615384615384 0.8725961538461539 0.04326923076923077 0.06129807692307692
0 0.4963942307692308 0.5649038461538461 0.10336538461538461 0.109375
0 0.3581730769230769 0.9615384615384616 0.09495192307692307 0.07572115384615384
0 0.3161057692307692 0.36778846153846156 0.042067307692307696 0.051682692307692304
0 0.02283653846153846 0.3112980769230769 0.04567307692307692 0.09735576923076923
0 0.6274038461538461 0.9891826923076923 0.04326923076923077 0.019230769230769232
0 0.9038461538461539 0.43509615384615385 0.08413461538461539 0.0733173076923077
0 0.9627403846153846 0.039663461538461536 0.07211538461538461 0.04807692307692308
0 0.8317307692307693 0.3894230769230769 0.07091346153846154 0.057692307692307696
0 0.3858173076923077 0.4795673076923077 0.04807692307692308 0.04807692307692308
0 0.6286057692307693 0.9711538461538461 0.04447115384615385 0.027644230769230768
0 0.06610576923076923 0.9759615384615384 0.07572115384615384 0.046875
0 0.2403846153846154 0.9819711538461539 0.042067307692307696 0.03365384615384615
0 0.5625 0.13581730769230768 0.07091346153846154 0.055288461538461536
0 0.5336538461538461 0.020432692307692308 0.06129807692307692 0.039663461538461536
0 0.49278846153846156 0.4423076923076923 0.05889423076923077 0.051682692307692304
0 0.14423076923076922 0.5096153846153846 0.05889423076923077 0.06009615384615385
0 0.9519230769230769 0.8762019230769231 0.055288461538461536 0.07572115384615384
0 0.5949519230769231 0.6682692307692307 0.06009615384615385 0.06009615384615385
0 0.23918269230769232 0.8257211538461539 0.039663461538461536 0.03485576923076923
0 0.5901442307692307 0.31971153846153844 0.05889423076923077 0.06850961538461539
0 0.014423076923076924 0.0733173076923077 0.028846153846153848 0.07451923076923077
0 0.3173076923076923 0.016826923076923076 0.06490384615384616 0.03365384615384615
0 0.6862980769230769 0.22956730769230768 0.07451923076923077 0.054086538461538464
0 0.8725961538461539 0.4891826923076923 0.08052884615384616 0.06971153846153846
0 0.5961538461538461 0.4170673076923077 0.078125 0.0625