0 0.765625 0.08653846153846154 0.07692307692307693 0.09134615384615384
0 0.6274038461538461 0.5793269230769231 0.09134615384615384 0.078125
0 0.47836538461538464 0.25240384615384615 0.04567307692307692 0.03245192307692308
0 0.02283653846153846 0.75 0.04567307692307692 0.057692307692307696
0 0.8713942307692307 0.018028846153846152 0.07692307692307693 0.036057692307692304
0 0.019230769230769232 0.4182692307692308 0.038461538461538464 0.09615384615384616
0 0.9122596153846154 0.8930288461538461 0.05889423076923077 0.06009615384615385
0 0.03485576923076923 0.8365384615384616 0.06971153846153846 0.0625
0 0.33653846153846156 0.8401442307692307 0.10576923076923077 0.08653846153846154
0 0.5276442307692307 0.17908653846153846 0.06971153846153846 0.08052884615384616
0 0.9026442307692307 0.9495192307692307 0.06009615384615385 0.09014423076923077
0 0.47115384615384615 0.21634615384615385 0.1045673076923077 0.07211538461538461
0 0.8389423076923077 0.18389423076923078 0.14543269230769232 0.09375
0 0.046875 0.6814903846153846 0.08653846153846154 0.06971153846153846
0 0.4891826923076923 0.7524038461538461 0.0625 0.06610576923076923
0 0.8100961538461539 0.6911057692307693 0.07692307692307693 0.09014423076923077
0 0.09975961538461539 0.37259615384615385 0.06009615384615385 0.09375
0 0.7427884615384616 0.20192307692307693 0.08774038461538461 0.10096153846153846
0 0.41947115384615385 0.4098557692307692 0.06610576923076923 0.15384615384615385
0 0.4074519230769231 0.31971153846153844 0.06610576923076923 0.06009615384615385
0 0.359375 0.5625 0.08533653846153846 0.07451923076923077
0 0.5288461538461539 0.4879807692307692 0.07211538461538461 0.07451923076923077
0 0.6850961538461539 0.78125 0.07572115384615384 0.08774038461538461
0 0.04447115384615385 0.3954326923076923 0.07211538461538461 0.08533653846153846
0 0.1346153846153846 0.7512019230769231 0.10096153846153846 0.07211538461538461
0 0.028846153846153848 0.12980769230769232 0.03245192307692308 0.037259615384615384
0 0.4375 0.171875 0.04807692307692308 0.04447115384615385
0 0.6706730769230769 0.030048076923076924 0.11538461538461539 0.06009615384615385
0 0.9819711538461539 0.3641826923076923 0.03365384615384615 0.12980769230769232
0 0.31009615384615385 0.9038461538461539 0.09615384615384616 0.07572115384615384
0 0.5805288461538461 0.9675480769230769 0.05889423076923077 0.0625
0 0.5264423076923077 0.9723557692307693 0.06370192307692307 0.052884615384615384
0 0.2127403846153846 0.06971153846153846 0.09975961538461539 0.10336538461538461
0 0.2920673076923077 0.96875 0.07692307692307693 0.06129807692307692
0 0.07932692307692307 0.7920673076923077 0.07091346153846154 0.06971153846153846
0 0.6646634615384616 0.671875 0.0829326923076923 0.07572115384615384
0 0.1201923076923077 0.06370192307692307 0.078125 0.09134615384615384
0 0.6274038461538461 0.37259615384615385 0.07211538461538461 0.07211538461538461
0 0.47836538461538464 0.3016826923076923 0.06490384615384616 0.07932692307692307
0 0.9543269230769231 0.6237980769230769 0.07211538461538461 0.06971153846153846
0 0.6213942307692307 0.9170673076923077 0.09615384615384616 0.0673076923076923
0 0.7932692307692307 0.9170673076923077 0.07091346153846154 0.09134615384615384
0 0.3004807692307692 0.7668269230769231 0.09615384615384616 0.057692307692307696
0 0.7524038461538461 0.8413461538461539 0.0625 0.0625
0 0.22716346153846154 0.6225961538461539 0.0733173076923077 0.07572115384615384