0 0.056490384615384616 0.7740384615384616 0.11298076923076923 0.06610576923076923
0 0.6802884615384616 0.038461538461538464 0.13701923076923078 0.06490384615384616
0 0.19831730769230768 0.6766826923076923 0.09254807692307693 0.0733173076923077
0 0.3125 0.4891826923076923 0.140625 0.08173076923076923
0 0.28966346153846156 0.8485576923076923 0.17668269230769232 0.11658653846153846
0 0.6935096153846154 0.0625 0.09014423076923077 0.0829326923076923
0 0.21514423076923078 0.59375 0.10697115384615384 0.08052884615384616
0 0.47475961538461536 0.09254807692307693 0.078125 0.04927884615384615
0 0.025240384615384616 0.9483173076923077 0.05048076923076923 0.0889423076923077
0 0.4483173076923077 0.027644230769230768 0.10697115384615384 0.055288461538461536
0 0.8016826923076923 0.5961538461538461 0.12259615384615384 0.051682692307692304
0 0.7163461538461539 0.5012019230769231 0.10697115384615384 0.11538461538461539
0 0.6514423076923077 0.29447115384615385 0.10096153846153846 0.09254807692307693
0 0.4735576923076923 0.2548076923076923 0.10336538461538461 0.15504807692307693
0 0.4326923076923077 0.203125 0.10697115384615384 0.15745192307692307