0 0.8737980769230769 0.9747596153846154 0.026442307692307692 0.04447115384615385
0 0.7451923076923077 0.9350961538461539 0.03365384615384615 0.052884615384615384
0 0.7439903846153846 0.9747596153846154 0.04567307692307692 0.04927884615384615
0 0.8942307692307693 0.8725961538461539 0.0625 0.04927884615384615
0 0.6310096153846154 0.8461538461538461 0.04807692307692308 0.10096153846153846
0 0.8341346153846154 0.7788461538461539 0.04447115384615385 0.08173076923076923
0 0.6766826923076923 0.7704326923076923 0.04447115384615385 0.07091346153846154
0 0.7752403846153846 0.6670673076923077 0.037259615384615384 0.04447115384615385
0 0.8305288461538461 0.6646634615384616 0.06610576923076923 0.04326923076923077
0 0.6802884615384616 0.6875 0.052884615384615384 0.07692307692307693
0 0.6117788461538461 0.6141826923076923 0.03485576923076923 0.04927884615384615
0 0.45913461538461536 0.6959134615384616 0.057692307692307696 0.05889423076923077
0 0.4110576923076923 0.6117788461538461 0.0625 0.038461538461538464
0 0.5757211538461539 0.5564903846153846 0.038461538461538464 0.040865384615384616
0 0.7295673076923077 0.6454326923076923 0.04567307692307692 0.09375
0 0.7860576923076923 0.5805288461538461 0.036057692307692304 0.06009615384615385
0 0.8257211538461539 0.5408653846153846 0.04447115384615385 0.06490384615384616
0 0.7103365384615384 0.5264423076923077 0.056490384615384616 0.08052884615384616
0 0.6201923076923077 0.4543269230769231 0.038461538461538464 0.038461538461538464
0 0.6995192307692307 0.4675480769230769 0.055288461538461536 0.04447115384615385
0 0.7632211538461539 0.43509615384615385 0.04927884615384615 0.07692307692307693
0 0.8786057692307693 0.37740384615384615 0.0829326923076923 0.11177884615384616
0 0.7704326923076923 0.38100961538461536 0.03245192307692308 0.046875
0 0.7331730769230769 0.19591346153846154 0.052884615384615384 0.06490384615384616
0 0.9615384615384616 0.18509615384615385 0.06850961538461539 0.06850961538461539
0 0.8990384615384616 0.13581730769230768 0.06490384615384616 0.0625
0 0.5012019230769231 0.13581730769230768 0.056490384615384616 0.038461538461538464
0 0.3894230769230769 0.14302884615384615 0.09495192307692307 0.05048076923076923
0 0.3173076923076923 0.90625 0.08533653846153846 0.09735576923076923
0 0.03125 0.9891826923076923 0.026442307692307692 0.018028846153846152
0 0.11778846153846154 0.8533653846153846 0.04326923076923077 0.037259615384615384
0 0.014423076923076924 0.9086538461538461 0.028846153846153848 0.040865384615384616
0 0.0829326923076923 0.8461538461538461 0.04567307692307692 0.05889423076923077
0 0.0733173076923077 0.7836538461538461 0.052884615384615384 0.052884615384615384
0 0.021634615384615384 0.7199519230769231 0.04326923076923077 0.10817307692307693
0 0.05048076923076923 0.5396634615384616 0.025240384615384616 0.04807692307692308
0 0.08653846153846154 0.59375 0.04927884615384615 0.055288461538461536
0 0.13822115384615385 0.5685096153846154 0.038461538461538464 0.0625
0 0.025240384615384616 0.4807692307692308 0.05048076923076923 0.07211538461538461
0 0.009615384615384616 0.36177884615384615 0.019230769230769232 0.03485576923076923
0 0.13581730769230768 0.38341346153846156 0.030048076923076924 0.04447115384615385
0 0.040865384615384616 0.36778846153846156 0.028846153846153848 0.026442307692307692
0 0.09615384615384616 0.25240384615384615 0.06129807692307692 0.04326923076923077
0 0.05889423076923077 0.23076923076923078 0.054086538461538464 0.040865384615384616
0 0.18028846153846154 0.13221153846153846 0.06490384615384616 0.08653846153846154
0 0.16466346153846154 0.09375 0.046875 0.07091346153846154
0 0.02403846153846154 0.027644230769230768 0.04807692307692308 0.055288461538461536
0 0.17427884615384615 0.19230769230769232 0.04447115384615385 0.038461538461538464
0 0.7283653846153846 0.0889423076923077 0.07451923076923077 0.06490384615384616
0 0.7524038461538461 0.22716346153846154 0.03245192307692308 0.06009615384615385
0 0.6694711538461539 0.5072115384615384 0.03365384615384615 0.027644230769230768
0 0.018028846153846152 0.578125 0.03485576923076923 0.03245192307692308
0 0.7788461538461539 0.14543269230769232 0.03245192307692308 0.030048076923076924
0 0.016826923076923076 0.9783653846153846 0.03365384615384615 0.038461538461538464
0 0.9134615384615384 0.16947115384615385 0.028846153846153848 0.027644230769230768
0 0.8701923076923077 0.43509615384615385 0.036057692307692304 0.02403846153846154
0 0.6971153846153846 0.5733173076923077 0.030048076923076924 0.046875