0 0.18389423076923078 0.27163461538461536 0.03485576923076923 0.02403846153846154
0 0.9603365384615384 0.15384615384615385 0.040865384615384616 0.03125
0 0.5456730769230769 0.2548076923076923 0.027644230769230768 0.039663461538461536
0 0.10096153846153846 0.36778846153846156 0.021634615384615384 0.018028846153846152
0 0.4338942307692308 0.22235576923076922 0.030048076923076924 0.04447115384615385
0 0.5132211538461539 0.30408653846153844 0.018028846153846152 0.055288461538461536
0 0.6141826923076923 0.3786057692307692 0.036057692307692304 0.02403846153846154
0 0.7836538461538461 0.36177884615384615 0.028846153846153848 0.025240384615384616
0 0.1201923076923077 0.5997596153846154 0.019230769230769232 0.04927884615384615
0 0.036057692307692304 0.5625 0.039663461538461536 0.051682692307692304
0 0.3701923076923077 0.6298076923076923 0.03245192307692308 0.026442307692307692
0 0.7103365384615384 0.6262019230769231 0.025240384615384616 0.037259615384615384
0 0.9098557692307693 0.6105769230769231 0.03125 0.03365384615384615
0 0.671875 0.5673076923076923 0.04326923076923077 0.015625
0 0.7211538461538461 0.5817307692307693 0.038461538461538464 0.02403846153846154
0 0.6189903846153846 0.5336538461538461 0.013221153846153846 0.018028846153846152
0 0.05048076923076923 0.8257211538461539 0.03365384615384615 0.04567307692307692
0 0.23677884615384615 0.22956730769230768 0.015625 0.04927884615384615
0 0.8545673076923077 0.9819711538461539 0.08052884615384616 0.02283653846153846
0 0.7740384615384616 0.06610576923076923 0.027644230769230768 0.02403846153846154
0 0.5661057692307693 0.484375 0.026442307692307692 0.07572115384615384
0 0.5192307692307693 0.47836538461538464 0.027644230769230768 0.04567307692307692
0 0.390625 0.5168269230769231 0.04927884615384615 0.028846153846153848
0 0.515625 0.5504807692307693 0.04807692307692308 0.03365384615384615
0 0.9615384615384616 0.010817307692307692 0.018028846153846152 0.020432692307692308
0 0.8389423076923077 0.9182692307692307 0.06009615384615385 0.027644230769230768
0 0.8076923076923077 0.7379807692307693 0.07211538461538461 0.03125
0 0.5048076923076923 0.33653846153846156 0.016826923076923076 0.04447115384615385
0 0.5 0.20793269230769232 0.055288461538461536 0.04807692307692308
0 0.4795673076923077 0.19831730769230768 0.020432692307692308 0.038461538461538464