0 0.15264423076923078 0.6262019230769231 0.0673076923076923 0.04447115384615385
0 0.22956730769230768 0.6033653846153846 0.09134615384615384 0.030048076923076924
0 0.4375 0.671875 0.1622596153846154 0.06129807692307692
0 0.9591346153846154 0.234375 0.0673076923076923 0.0889423076923077
0 0.04447115384615385 0.25841346153846156 0.08653846153846154 0.12259615384615384
0 0.8365384615384616 0.057692307692307696 0.06009615384615385 0.09975961538461539
0 0.14182692307692307 0.037259615384615384 0.125 0.07451923076923077
0 0.16706730769230768 0.3894230769230769 0.14543269230769232 0.11538461538461539
0 0.051682692307692304 0.3473557692307692 0.10216346153846154 0.06610576923076923
0 0.15144230769230768 0.4170673076923077 0.11057692307692307 0.12860576923076922
0 0.3798076923076923 0.7716346153846154 0.18990384615384615 0.08052884615384616
0 0.04326923076923077 0.9110576923076923 0.08653846153846154 0.06129807692307692
0 0.9399038461538461 0.6935096153846154 0.06129807692307692 0.04567307692307692
0 0.5805288461538461 0.14783653846153846 0.08533653846153846 0.04927884615384615
0 0.7415865384615384 0.026442307692307692 0.11778846153846154 0.052884615384615384
0 0.5360576923076923 0.65625 0.06971153846153846 0.13341346153846154
0 0.4170673076923077 0.09615384615384616 0.15745192307692307 0.06971153846153846
0 0.7223557692307693 0.33653846153846156 0.1875 0.1466346153846154
0 0.4891826923076923 0.47596153846153844 0.06971153846153846 0.046875
0 0.4519230769230769 0.046875 0.10336538461538461 0.054086538461538464
0 0.9579326923076923 0.28846153846153844 0.07932692307692307 0.0625
0 0.7680288461538461 0.203125 0.05889423076923077 0.039663461538461536
0 0.9819711538461539 0.5516826923076923 0.03365384615384615 0.06610576923076923
0 0.75 0.5685096153846154 0.039663461538461536 0.028846153846153848
0 0.4483173076923077 0.6322115384615384 0.1346153846153846 0.10216346153846154
0 0.20673076923076922 0.040865384615384616 0.09134615384615384 0.08052884615384616
0 0.109375 0.5516826923076923 0.14783653846153846 0.055288461538461536
0 0.15144230769230768 0.4170673076923077 0.11057692307692307 0.12980769230769232
0 0.296875 0.34134615384615385 0.16105769230769232 0.10576923076923077
0 0.96875 0.35697115384615385 0.05048076923076923 0.0625
0 0.6538461538461539 0.2932692307692308 0.13221153846153846 0.14543269230769232
0 0.7007211538461539 0.0985576923076923 0.15504807692307693 0.09254807692307693
0 0.9447115384615384 0.7764423076923077 0.05048076923076923 0.10216346153846154
0 0.375 0.45072115384615385 0.06490384615384616 0.09615384615384616
0 0.8774038461538461 0.41466346153846156 0.07091346153846154 0.046875
0 0.7908653846153846 0.42427884615384615 0.11298076923076923 0.14182692307692307
0 0.8725961538461539 0.40024038461538464 0.06971153846153846 0.038461538461538464
0 0.21875 0.10096153846153846 0.1141826923076923 0.06971153846153846
0 0.09615384615384616 0.46153846153846156 0.15384615384615385 0.038461538461538464
0 0.9615384615384616 0.42788461538461536 0.07572115384615384 0.08653846153846154
0 0.5204326923076923 0.8052884615384616 0.11057692307692307 0.07692307692307693