0 0.9423076923076923 0.9507211538461539 0.07932692307692307 0.09375
0 0.8473557692307693 0.890625 0.09495192307692307 0.10697115384615384
0 0.7079326923076923 0.8389423076923077 0.056490384615384616 0.06490384615384616
0 0.8557692307692307 0.7572115384615384 0.07211538461538461 0.1502403846153846
0 0.7211538461538461 0.7055288461538461 0.038461538461538464 0.08173076923076923
0 0.6081730769230769 0.9519230769230769 0.04927884615384615 0.09375
0 0.4338942307692308 0.8882211538461539 0.12740384615384615 0.13221153846153846
0 0.5024038461538461 0.8052884615384616 0.08774038461538461 0.11177884615384616
0 0.5288461538461539 0.703125 0.02283653846153846 0.0829326923076923
0 0.5745192307692307 0.7103365384615384 0.037259615384615384 0.1310096153846154
0 0.6177884615384616 0.7439903846153846 0.027644230769230768 0.10697115384615384
0 0.4230769230769231 0.9831730769230769 0.07692307692307693 0.030048076923076924
0 0.30528846153846156 0.9579326923076923 0.051682692307692304 0.036057692307692304
0 0.23557692307692307 0.8665865384615384 0.10697115384615384 0.11177884615384616
0 0.109375 0.7908653846153846 0.0985576923076923 0.10096153846153846
0 0.1466346153846154 0.7103365384615384 0.027644230769230768 0.1141826923076923
0 0.2932692307692308 0.8028846153846154 0.078125 0.07211538461538461
0 0.10336538461538461 0.9278846153846154 0.055288461538461536 0.03365384615384615
0 0.35216346153846156 0.7379807692307693 0.06009615384615385 0.11177884615384616
0 0.421875 0.6310096153846154 0.11177884615384616 0.140625
0 0.4879807692307692 0.5889423076923077 0.05889423076923077 0.06490384615384616
0 0.04927884615384615 0.5444711538461539 0.06971153846153846 0.09615384615384616
0 0.11298076923076923 0.4206730769230769 0.036057692307692304 0.12980769230769232
0 0.265625 0.6526442307692307 0.06490384615384616 0.1141826923076923
0 0.28725961538461536 0.6382211538461539 0.057692307692307696 0.09735576923076923
0 0.3088942307692308 0.47115384615384615 0.0733173076923077 0.11658653846153846
0 0.38100961538461536 0.5096153846153846 0.036057692307692304 0.051682692307692304
0 0.6911057692307693 0.5612980769230769 0.07572115384615384 0.07932692307692307
0 0.8774038461538461 0.5492788461538461 0.125 0.125
0 0.8016826923076923 0.6201923076923077 0.07932692307692307 0.11177884615384616
0 0.734375 0.5180288461538461 0.078125 0.08653846153846154
0 0.78125 0.3942307692307692 0.03365384615384615 0.11298076923076923
0 0.5961538461538461 0.31971153846153844 0.07451923076923077 0.12860576923076922
0 0.8389423076923077 0.3137019230769231 0.054086538461538464 0.16346153846153846
0 0.9014423076923077 0.234375 0.04326923076923077 0.09615384615384616
0 0.8942307692307693 0.11538461538461539 0.03365384615384615 0.07692307692307693
0 0.7956730769230769 0.2091346153846154 0.055288461538461536 0.12980769230769232
0 0.3629807692307692 0.1778846153846154 0.06490384615384616 0.18028846153846154
0 0.4206730769230769 0.22235576923076922 0.046875 0.07572115384615384
0 0.47596153846153844 0.15264423076923078 0.06971153846153846 0.25
0 0.578125 0.06971153846153846 0.06490384615384616 0.125
0 0.5276442307692307 0.08774038461538461 0.08533653846153846 0.09254807692307693
0 0.22596153846153846 0.0889423076923077 0.06971153846153846 0.17668269230769232
0 0.171875 0.12620192307692307 0.06971153846153846 0.140625
0 0.10817307692307693 0.22115384615384615 0.054086538461538464 0.2247596153846154
0 0.07451923076923077 0.2608173076923077 0.046875 0.13341346153846154
0 0.07572115384615384 0.32572115384615385 0.05048076923076923 0.10697115384615384
0 0.019230769230769232 0.054086538461538464 0.038461538461538464 0.0985576923076923
0 0.328125 0.8774038461538461 0.04567307692307692 0.078125
0 0.7463942307692307 0.34615384615384615 0.042067307692307696 0.10096153846153846
0 0.9735576923076923 0.14423076923076922 0.04567307692307692 0.10697115384615384
0 0.5108173076923077 0.19951923076923078 0.04447115384615385 0.09735576923076923
0 0.3293269230769231 0.3076923076923077 0.07211538461538461 0.1466346153846154
0 0.23076923076923078 0.2776442307692308 0.09254807692307693 0.12740384615384615
0 0.31490384615384615 0.6021634615384616 0.0625 0.09495192307692307
0 0.9891826923076923 0.3762019230769231 0.016826923076923076 0.0985576923076923
0 0.65625 0.9819711538461539 0.020432692307692308 0.028846153846153848
0 0.25240384615384615 0.8305288461538461 0.055288461538461536 0.0625
0 0.08052884615384616 0.0673076923076923 0.052884615384615384 0.08413461538461539
0 0.6045673076923077 0.4483173076923077 0.12259615384615384 0.16706730769230768
0 0.036057692307692304 0.1935096153846154 0.054086538461538464 0.056490384615384616
0 0.8473557692307693 0.6009615384615384 0.054086538461538464 0.11057692307692307