0 0.484375 0.5901442307692307 0.0673076923076923 0.03365384615384615
0 0.037259615384615384 0.027644230769230768 0.06971153846153846 0.055288461538461536
0 0.484375 0.2512019230769231 0.06009615384615385 0.055288461538461536
0 0.9723557692307693 0.2608173076923077 0.04927884615384615 0.051682692307692304
0 0.19110576923076922 0.8305288461538461 0.07932692307692307 0.051682692307692304
0 0.7752403846153846 0.09735576923076923 0.06370192307692307 0.038461538461538464
0 0.03365384615384615 0.6346153846153846 0.0673076923076923 0.040865384615384616
0 0.109375 0.45552884615384615 0.08173076923076923 0.03365384615384615
0 0.08052884615384616 0.21514423076923078 0.09615384615384616 0.054086538461538464
0 0.8822115384615384 0.9471153846153846 0.056490384615384616 0.04326923076923077
0 0.3076923076923077 0.19951923076923078 0.06490384615384616 0.037259615384615384
0 0.5841346153846154 0.48677884615384615 0.06009615384615385 0.036057692307692304
0 0.5048076923076923 0.8040865384615384 0.054086538461538464 0.026442307692307692
0 0.2692307692307692 0.9098557692307693 0.08774038461538461 0.055288461538461536
0 0.3786057692307692 0.5300480769230769 0.12379807692307693 0.051682692307692304
0 0.13942307692307693 0.10817307692307693 0.1466346153846154 0.0733173076923077
0 0.734375 0.4543269230769231 0.04807692307692308 0.039663461538461536
0 0.6237980769230769 0.3786057692307692 0.07572115384615384 0.046875
0 0.7067307692307693 0.20793269230769232 0.08774038461538461 0.038461538461538464
0 0.8425480769230769 0.14903846153846154 0.09254807692307693 0.042067307692307696
0 0.40625 0.1045673076923077 0.07451923076923077 0.03365384615384615
0 0.03125 0.22596153846153846 0.0625 0.038461538461538464
0 0.4963942307692308 0.47836538461538464 0.08413461538461539 0.038461538461538464
0 0.5420673076923077 0.8990384615384616 0.0829326923076923 0.10697115384615384
0 0.21153846153846154 0.5024038461538461 0.09134615384615384 0.03485576923076923
0 0.052884615384615384 0.7524038461538461 0.08774038461538461 0.05889423076923077
0 0.7139423076923077 0.0625 0.07572115384615384 0.04927884615384615
0 0.5757211538461539 0.5492788461538461 0.07692307692307693 0.028846153846153848
0 0.7836538461538461 0.6514423076923077 0.09375 0.0733173076923077
0 0.3629807692307692 0.18990384615384615 0.0889423076923077 0.06009615384615385
0 0.08774038461538461 0.04326923076923077 0.055288461538461536 0.08653846153846154
0 0.8413461538461539 0.9663461538461539 0.05048076923076923 0.06129807692307692
0 0.20552884615384615 0.3485576923076923 0.055288461538461536 0.08653846153846154
0 0.7379807692307693 0.04447115384615385 0.06610576923076923 0.05048076923076923
0 0.7247596153846154 0.3329326923076923 0.09134615384615384 0.11057692307692307
0 0.21153846153846154 0.8918269230769231 0.078125 0.0733173076923077
0 0.75 0.7355769230769231 0.025240384615384616 0.05889423076923077
0 0.5276442307692307 0.44711538461538464 0.05889423076923077 0.042067307692307696
0 0.421875 0.4326923076923077 0.07572115384615384 0.03365384615384615
0 0.0625 0.6670673076923077 0.10576923076923077 0.06129807692307692
0 0.359375 0.47596153846153844 0.08653846153846154 0.04326923076923077
0 0.14182692307692307 0.3016826923076923 0.08173076923076923 0.09495192307692307
0 0.013221153846153846 0.021634615384615384 0.026442307692307692 0.04326923076923077
0 0.7175480769230769 0.5072115384615384 0.08052884615384616 0.037259615384615384
0 0.9867788461538461 0.9266826923076923 0.02403846153846154 0.0625
0 0.7608173076923077 0.1778846153846154 0.09014423076923077 0.046875
0 0.05048076923076923 0.9747596153846154 0.10096153846153846 0.04927884615384615
0 0.7932692307692307 0.039663461538461536 0.052884615384615384 0.07932692307692307
0 0.5492788461538461 0.41947115384615385 0.06490384615384616 0.06490384615384616
0 0.27283653846153844 0.31009615384615385 0.038461538461538464 0.08413461538461539
0 0.052884615384615384 0.40865384615384615 0.09134615384615384 0.057692307692307696
0 0.7884615384615384 0.6225961538461539 0.06971153846153846 0.04927884615384615
0 0.5661057692307693 0.4699519230769231 0.06971153846153846 0.037259615384615384
0 0.84375 0.4387019230769231 0.06009615384615385 0.05889423076923077
0 0.9423076923076923 0.9423076923076923 0.1141826923076923 0.10216346153846154
0 0.7980769230769231 0.44471153846153844 0.046875 0.046875
0 0.21634615384615385 0.5372596153846154 0.08052884615384616 0.040865384615384616
0 0.03245192307692308 0.10216346153846154 0.06490384615384616 0.040865384615384616
0 0.6622596153846154 0.8870192307692307 0.0985576923076923 0.0829326923076923