0 0.9350961538461539 0.018028846153846152 0.06610576923076923 0.036057692307692304
0 0.7115384615384616 0.5300480769230769 0.07572115384615384 0.09735576923076923
0 0.10576923076923077 0.7019230769230769 0.06129807692307692 0.10096153846153846
0 0.5949519230769231 0.7115384615384616 0.056490384615384616 0.08173076923076923
0 0.703125 0.9783653846153846 0.057692307692307696 0.042067307692307696
0 0.11057692307692307 0.11538461538461539 0.08533653846153846 0.06971153846153846
0 0.35336538461538464 0.6947115384615384 0.0733173076923077 0.11057692307692307
0 0.9795673076923077 0.6790865384615384 0.038461538461538464 0.0625
0 0.8497596153846154 0.9651442307692307 0.06850961538461539 0.0673076923076923
0 0.4014423076923077 0.5108173076923077 0.0829326923076923 0.06850961538461539
0 0.9711538461538461 0.21634615384615385 0.055288461538461536 0.055288461538461536
0 0.9459134615384616 0.7908653846153846 0.04927884615384615 0.04447115384615385
0 0.9591346153846154 0.9639423076923077 0.06850961538461539 0.06971153846153846
0 0.6598557692307693 0.2980769230769231 0.056490384615384616 0.04447115384615385
0 0.5949519230769231 0.7824519230769231 0.051682692307692304 0.06009615384615385
0 0.0829326923076923 0.5420673076923077 0.08052884615384616 0.09975961538461539
0 0.8209134615384616 0.41346153846153844 0.055288461538461536 0.05048076923076923
0 0.06610576923076923 0.4579326923076923 0.08653846153846154 0.08052884615384616
0 0.019230769230769232 0.3713942307692308 0.038461538461538464 0.040865384615384616
0 0.5180288461538461 0.6742788461538461 0.055288461538461536 0.08052884615384616
0 0.9266826923076923 0.4543269230769231 0.09014423076923077 0.08173076923076923
0 0.7608173076923077 0.020432692307692308 0.06129807692307692 0.040865384615384616
0 0.59375 0.17427884615384615 0.10576923076923077 0.06610576923076923
0 0.057692307692307696 0.7932692307692307 0.057692307692307696 0.08052884615384616
0 0.5985576923076923 0.5216346153846154 0.040865384615384616 0.056490384615384616
0 0.8413461538461539 0.8425480769230769 0.10336538461538461 0.12379807692307693
0 0.4423076923076923 0.30408653846153844 0.06490384615384616 0.07211538461538461
0 0.27163461538461536 0.9338942307692307 0.07091346153846154 0.08533653846153846
0 0.36658653846153844 0.29447115384615385 0.08533653846153846 0.08533653846153846
0 0.7548076923076923 0.35697115384615385 0.05048076923076923 0.056490384615384616
0 0.4891826923076923 0.9759615384615384 0.04927884615384615 0.046875
0 0.20552884615384615 0.9735576923076923 0.0625 0.05048076923076923
0 0.4182692307692308 0.8701923076923077 0.052884615384615384 0.06971153846153846
0 0.375 0.22355769230769232 0.055288461538461536 0.039663461538461536
0 0.4879807692307692 0.5108173076923077 0.08413461538461539 0.13341346153846154
0 0.013221153846153846 0.19951923076923078 0.025240384615384616 0.04447115384615385
0 0.8209134615384616 0.734375 0.06129807692307692 0.13701923076923078
0 0.6778846153846154 0.7163461538461539 0.10216346153846154 0.08533653846153846
0 0.49038461538461536 0.8822115384615384 0.0673076923076923 0.08052884615384616
0 0.3269230769230769 0.040865384615384616 0.04927884615384615 0.040865384615384616