0 0.9591346153846154 0.8930288461538461 0.08052884615384616 0.04326923076923077
0 0.8605769230769231 0.8882211538461539 0.1045673076923077 0.09615384615384616
0 0.7632211538461539 0.8233173076923077 0.0673076923076923 0.08533653846153846
0 0.6754807692307693 0.8846153846153846 0.038461538461538464 0.06490384615384616
0 0.6141826923076923 0.875 0.028846153846153848 0.06009615384615385
0 0.578125 0.8617788461538461 0.04807692307692308 0.08413461538461539
0 0.6935096153846154 0.9651442307692307 0.06610576923076923 0.0673076923076923
0 0.4182692307692308 0.9435096153846154 0.036057692307692304 0.03365384615384615
0 0.5084134615384616 0.9038461538461539 0.025240384615384616 0.028846153846153848
0 0.4579326923076923 0.96875 0.03125 0.06009615384615385
0 0.5588942307692307 0.7103365384615384 0.04447115384615385 0.08052884615384616
0 0.6189903846153846 0.6189903846153846 0.039663461538461536 0.09134615384615384
0 0.8786057692307693 0.2932692307692308 0.06971153846153846 0.08173076923076923
0 0.8569711538461539 0.40625 0.04567307692307692 0.04567307692307692
0 0.9639423076923077 0.3641826923076923 0.07091346153846154 0.04567307692307692
0 0.6430288461538461 0.31971153846153844 0.06850961538461539 0.08653846153846154
0 0.5588942307692307 0.3918269230769231 0.03365384615384615 0.037259615384615384
0 0.7319711538461539 0.5048076923076923 0.078125 0.10096153846153846
0 0.8173076923076923 0.5504807692307693 0.1045673076923077 0.06370192307692307
0 0.9639423076923077 0.5576923076923077 0.07091346153846154 0.054086538461538464
0 0.9182692307692307 0.5084134615384616 0.03245192307692308 0.039663461538461536
0 0.9783653846153846 0.4639423076923077 0.040865384615384616 0.038461538461538464
0 0.4362980769230769 0.2091346153846154 0.08774038461538461 0.15625
0 0.4266826923076923 0.5408653846153846 0.06129807692307692 0.042067307692307696
0 0.8846153846153846 0.5853365384615384 0.036057692307692304 0.09014423076923077
0 0.9038461538461539 0.7572115384615384 0.06610576923076923 0.06129807692307692
0 0.8377403846153846 0.7776442307692307 0.039663461538461536 0.03485576923076923
0 0.9915865384615384 0.057692307692307696 0.015625 0.020432692307692308
0 0.6598557692307693 0.15504807692307693 0.03245192307692308 0.06610576923076923
0 0.7475961538461539 0.08774038461538461 0.03245192307692308 0.1141826923076923
0 0.5817307692307693 0.16105769230769232 0.02403846153846154 0.0733173076923077
0 0.9747596153846154 0.01201923076923077 0.04807692307692308 0.02283653846153846
0 0.8786057692307693 0.09254807692307693 0.03365384615384615 0.11057692307692307
0 0.5240384615384616 0.09735576923076923 0.018028846153846152 0.051682692307692304
0 0.4423076923076923 0.08653846153846154 0.028846153846153848 0.06610576923076923
0 0.5396634615384616 0.8149038461538461 0.028846153846153848 0.055288461538461536