0 0.5300480769230769 0.8509615384615384 0.1201923076923077 0.09975961538461539
0 0.6778846153846154 0.9663461538461539 0.07572115384615384 0.06490384615384616
0 0.9495192307692307 0.9519230769230769 0.08173076923076923 0.09495192307692307
0 0.8389423076923077 0.8665865384615384 0.0985576923076923 0.07091346153846154
0 0.8305288461538461 0.9134615384615384 0.028846153846153848 0.06129807692307692
0 0.328125 0.8701923076923077 0.12139423076923077 0.06370192307692307
0 0.3894230769230769 0.796875 0.06490384615384616 0.08413461538461539
0 0.33413461538461536 0.7379807692307693 0.125 0.04447115384615385
0 0.49399038461538464 0.6899038461538461 0.06490384615384616 0.04927884615384615
0 0.7055288461538461 0.6442307692307693 0.13942307692307693 0.10096153846153846
0 0.8557692307692307 0.7163461538461539 0.039663461538461536 0.06009615384615385
0 0.13221153846153846 0.8209134615384616 0.03485576923076923 0.04927884615384615
0 0.22596153846153846 0.6201923076923077 0.030048076923076924 0.10096153846153846
0 0.125 0.6346153846153846 0.07692307692307693 0.06610576923076923
0 0.07091346153846154 0.7115384615384616 0.026442307692307692 0.12379807692307693
0 0.8822115384615384 0.5625 0.08653846153846154 0.03365384615384615
0 0.9350961538461539 0.49759615384615385 0.025240384615384616 0.09615384615384616
0 0.8882211538461539 0.46153846153846156 0.07572115384615384 0.04567307692307692
0 0.7319711538461539 0.5060096153846154 0.039663461538461536 0.0625
0 0.5552884615384616 0.47596153846153844 0.03485576923076923 0.055288461538461536
0 0.4423076923076923 0.5444711538461539 0.020432692307692308 0.09134615384615384
0 0.04927884615384615 0.5096153846153846 0.07692307692307693 0.13822115384615385
0 0.21514423076923078 0.4567307692307692 0.0985576923076923 0.039663461538461536
0 0.13341346153846154 0.4206730769230769 0.06009615384615385 0.0733173076923077
0 0.35096153846153844 0.4579326923076923 0.06971153846153846 0.036057692307692304
0 0.4170673076923077 0.44711538461538464 0.055288461538461536 0.03245192307692308
0 0.49038461538461536 0.38341346153846156 0.07692307692307693 0.028846153846153848
0 0.28846153846153844 0.41947115384615385 0.09134615384615384 0.05889423076923077
0 0.3485576923076923 0.2824519230769231 0.06490384615384616 0.07932692307692307
0 0.5600961538461539 0.40625 0.04447115384615385 0.03365384615384615
0 0.7728365384615384 0.37740384615384615 0.08052884615384616 0.038461538461538464
0 0.7139423076923077 0.3545673076923077 0.04807692307692308 0.038461538461538464
0 0.6766826923076923 0.26802884615384615 0.18028846153846154 0.019230769230769232
0 0.8305288461538461 0.1778846153846154 0.09975961538461539 0.08653846153846154
0 0.9026442307692307 0.15384615384615385 0.1201923076923077 0.140625
0 0.6802884615384616 0.12259615384615384 0.0625 0.09134615384615384
0 0.39903846153846156 0.1658653846153846 0.14302884615384615 0.06490384615384616
0 0.6057692307692307 0.1935096153846154 0.0625 0.109375
0 0.15745192307692307 0.13221153846153846 0.09254807692307693 0.15865384615384615
0 0.40865384615384615 0.0889423076923077 0.09615384615384616 0.027644230769230768
0 0.25841346153846156 0.16706730769230768 0.06490384615384616 0.038461538461538464
0 0.09134615384615384 0.140625 0.04927884615384615 0.07692307692307693
0 0.2644230769230769 0.2860576923076923 0.046875 0.042067307692307696
0 0.59375 0.6658653846153846 0.056490384615384616 0.06850961538461539
0 0.9663461538461539 0.6983173076923077 0.02403846153846154 0.07572115384615384
0 0.3557692307692308 0.019230769230769232 0.04326923076923077 0.038461538461538464
0 0.6802884615384616 0.2956730769230769 0.03125 0.028846153846153848
0 0.5048076923076923 0.0889423076923077 0.030048076923076924 0.027644230769230768
0 0.13581730769230768 0.35697115384615385 0.03365384615384615 0.08653846153846154
0 0.06490384615384616 0.16947115384615385 0.040865384615384616 0.04927884615384615
0 0.22115384615384615 0.9927884615384616 0.019230769230769232 0.013221153846153846