0 0.8641826923076923 0.04927884615384615 0.09375 0.09735576923076923
0 0.19471153846153846 0.27884615384615385 0.08653846153846154 0.06370192307692307
0 0.6971153846153846 0.30408653846153844 0.06490384615384616 0.07572115384615384
0 0.9495192307692307 0.109375 0.0733173076923077 0.06370192307692307
0 0.29447115384615385 0.19110576923076922 0.05048076923076923 0.06009615384615385
0 0.40625 0.9399038461538461 0.08052884615384616 0.06490384615384616
0 0.15985576923076922 0.02403846153846154 0.10336538461538461 0.04447115384615385
0 0.5348557692307693 0.4639423076923077 0.10096153846153846 0.06009615384615385
0 0.9038461538461539 0.38341346153846156 0.06490384615384616 0.06490384615384616
0 0.7980769230769231 0.051682692307692304 0.07451923076923077 0.08413461538461539
0 0.7668269230769231 0.5745192307692307 0.07572115384615384 0.0625
0 0.8798076923076923 0.5264423076923077 0.09615384615384616 0.0733173076923077
0 0.3016826923076923 0.8581730769230769 0.07091346153846154 0.07572115384615384
0 0.4723557692307692 0.2848557692307692 0.054086538461538464 0.0625
0 0.08052884615384616 0.02403846153846154 0.0625 0.046875
0 0.09014423076923077 0.9675480769230769 0.06009615384615385 0.04927884615384615
0 0.039663461538461536 0.30649038461538464 0.056490384615384616 0.06610576923076923
0 0.03245192307692308 0.9543269230769231 0.06490384615384616 0.056490384615384616
0 0.016826923076923076 0.36177884615384615 0.028846153846153848 0.09134615384615384
0 0.3954326923076923 0.49038461538461536 0.06009615384615385 0.06009615384615385
0 0.7055288461538461 0.12980769230769232 0.06009615384615385 0.0889423076923077
0 0.026442307692307692 0.6778846153846154 0.04927884615384615 0.056490384615384616
0 0.23677884615384615 0.19831730769230768 0.06610576923076923 0.0733173076923077
0 0.7331730769230769 0.34134615384615385 0.0733173076923077 0.0625
0 0.7992788461538461 0.8954326923076923 0.06850961538461539 0.06850961538461539
0 0.4098557692307692 0.8774038461538461 0.10817307692307693 0.05889423076923077
0 0.24639423076923078 0.6911057692307693 0.09254807692307693 0.08653846153846154
0 0.9254807692307693 0.8930288461538461 0.06129807692307692 0.06490384615384616
0 0.578125 0.36658653846153844 0.09495192307692307 0.08413461538461539
0 0.07572115384615384 0.8245192307692307 0.06971153846153846 0.0625
0 0.1141826923076923 0.24519230769230768 0.07692307692307693 0.11177884615384616
0 0.5564903846153846 0.7007211538461539 0.0625 0.06490384615384616
0 0.125 0.9447115384615384 0.06370192307692307 0.06971153846153846
0 0.6045673076923077 0.2932692307692308 0.06610576923076923 0.07451923076923077
0 0.7259615384615384 0.6923076923076923 0.06490384615384616 0.057692307692307696
0 0.6141826923076923 0.4891826923076923 0.06971153846153846 0.0673076923076923
0 0.15985576923076922 0.15144230769230768 0.07211538461538461 0.10096153846153846
0 0.5600961538461539 0.2692307692307692 0.05048076923076923 0.0733173076923077
0 0.8617788461538461 0.24158653846153846 0.03485576923076923 0.06490384615384616
0 0.16346153846153846 0.35096153846153844 0.06129807692307692 0.06971153846153846
0 0.6694711538461539 0.41466346153846156 0.08774038461538461 0.07091346153846154
0 0.9807692307692307 0.0829326923076923 0.036057692307692304 0.06009615384615385
0 0.9735576923076923 0.5192307692307693 0.04927884615384615 0.07572115384615384
0 0.6971153846153846 0.6286057692307693 0.06009615384615385 0.06009615384615385
0 0.23076923076923078 0.3485576923076923 0.09375 0.0625
0 0.5336538461538461 0.5384615384615384 0.0625 0.08173076923076923
0 0.0673076923076923 0.06610576923076923 0.0733173076923077 0.06129807692307692
0 0.45072115384615385 0.3641826923076923 0.08653846153846154 0.07932692307692307
0 0.8305288461538461 0.7956730769230769 0.05889423076923077 0.057692307692307696
0 0.1502403846153846 0.4266826923076923 0.09134615384615384 0.051682692307692304
0 0.7163461538461539 0.9711538461538461 0.06490384615384616 0.056490384615384616
0 0.17067307692307693 0.8100961538461539 0.0889423076923077 0.07091346153846154
0 0.7992788461538461 0.4026442307692308 0.08653846153846154 0.0625
0 0.47716346153846156 0.49158653846153844 0.052884615384615384 0.06009615384615385
0 0.21394230769230768 0.75 0.10576923076923077 0.07211538461538461
0 0.4483173076923077 0.04567307692307692 0.11658653846153846 0.078125
0 0.6658653846153846 0.8701923076923077 0.06850961538461539 0.06610576923076923
0 0.9230769230769231 0.44471153846153844 0.055288461538461536 0.055288461538461536
0 0.8185096153846154 0.12379807692307693 0.06009615384615385 0.11298076923076923
0 0.6802884615384616 0.5108173076923077 0.051682692307692304 0.09615384615384616
0 0.06370192307692307 0.5300480769230769 0.06129807692307692 0.06971153846153846
0 0.24278846153846154 0.53125 0.07211538461538461 0.07692307692307693
0 0.4951923076923077 0.8473557692307693 0.051682692307692304 0.09375
0 0.9711538461538461 0.4567307692307692 0.055288461538461536 0.06129807692307692
0 0.3545673076923077 0.0985576923076923 0.06610576923076923 0.07211538461538461