0 0.4639423076923077 0.9026442307692307 0.11778846153846154 0.038461538461538464
0 0.8954326923076923 0.6370192307692307 0.11057692307692307 0.08653846153846154
0 0.9567307692307693 0.6790865384615384 0.08413461538461539 0.04927884615384615
0 0.29086538461538464 0.02283653846153846 0.0733173076923077 0.04447115384615385
0 0.8365384615384616 0.46634615384615385 0.04326923076923077 0.03485576923076923
0 0.3581730769230769 0.40625 0.055288461538461536 0.078125
0 0.028846153846153848 0.43028846153846156 0.055288461538461536 0.07451923076923077
0 0.3233173076923077 0.6670673076923077 0.06971153846153846 0.054086538461538464
0 0.40625 0.0673076923076923 0.038461538461538464 0.09134615384615384
0 0.49278846153846156 0.8149038461538461 0.07572115384615384 0.038461538461538464
0 0.6454326923076923 0.5264423076923077 0.11658653846153846 0.04447115384615385
0 0.41466346153846156 0.030048076923076924 0.07572115384615384 0.056490384615384616
0 0.8545673076923077 0.734375 0.054086538461538464 0.051682692307692304
0 0.6346153846153846 0.054086538461538464 0.054086538461538464 0.038461538461538464
0 0.4567307692307692 0.18629807692307693 0.09134615384615384 0.056490384615384616
0 0.08413461538461539 0.4230769230769231 0.09975961538461539 0.04447115384615385
0 0.078125 0.15865384615384615 0.051682692307692304 0.05048076923076923
0 0.1045673076923077 0.09615384615384616 0.09134615384615384 0.07211538461538461
0 0.6850961538461539 0.06490384615384616 0.054086538461538464 0.08413461538461539
0 0.14903846153846154 0.19110576923076922 0.0829326923076923 0.04567307692307692
0 0.5096153846153846 0.36177884615384615 0.10817307692307693 0.10096153846153846
0 0.3954326923076923 0.7764423076923077 0.12139423076923077 0.054086538461538464
0 0.8786057692307693 0.7055288461538461 0.03245192307692308 0.07091346153846154
0 0.3737980769230769 0.6141826923076923 0.038461538461538464 0.13701923076923078
0 0.5444711538461539 0.8918269230769231 0.04326923076923077 0.037259615384615384
0 0.12980769230769232 0.7872596153846154 0.051682692307692304 0.025240384615384616
0 0.8665865384615384 0.15865384615384615 0.09975961538461539 0.08653846153846154
0 0.7896634615384616 0.8762019230769231 0.11298076923076923 0.046875
0 0.8918269230769231 0.8774038461538461 0.05889423076923077 0.021634615384615384
0 0.7764423076923077 0.8293269230769231 0.14903846153846154 0.04447115384615385
0 0.9759615384615384 0.21514423076923078 0.04447115384615385 0.06490384615384616
0 0.9459134615384616 0.109375 0.04567307692307692 0.07572115384615384
0 0.4987980769230769 0.40625 0.057692307692307696 0.06490384615384616
0 0.7175480769230769 0.6057692307692307 0.0733173076923077 0.078125
0 0.8786057692307693 0.04326923076923077 0.04326923076923077 0.08653846153846154
0 0.7608173076923077 0.7824519230769231 0.07572115384615384 0.07451923076923077
0 0.7716346153846154 0.10216346153846154 0.028846153846153848 0.07572115384615384
0 0.7271634615384616 0.18028846153846154 0.10817307692307693 0.055288461538461536
0 0.14182692307692307 0.7584134615384616 0.0985576923076923 0.036057692307692304
0 0.20192307692307693 0.6574519230769231 0.07572115384615384 0.06009615384615385
0 0.6045673076923077 0.7608173076923077 0.04447115384615385 0.037259615384615384
0 0.16826923076923078 0.8762019230769231 0.10336538461538461 0.038461538461538464
0 0.20793269230769232 0.8245192307692307 0.06009615384615385 0.02403846153846154
0 0.6442307692307693 0.49278846153846156 0.12259615384615384 0.046875
0 0.5168269230769231 0.47115384615384615 0.10216346153846154 0.04807692307692308
0 0.036057692307692304 0.7836538461538461 0.07091346153846154 0.04326923076923077
0 0.15865384615384615 0.10576923076923077 0.10096153846153846 0.07091346153846154
0 0.7295673076923077 0.7896634615384616 0.038461538461538464 0.03485576923076923
0 0.41346153846153844 0.5228365384615384 0.08173076923076923 0.07932692307692307
0 0.796875 0.3076923076923077 0.06490384615384616 0.07932692307692307
0 0.8545673076923077 0.84375 0.09975961538461539 0.051682692307692304
0 0.43509615384615385 0.10817307692307693 0.07211538461538461 0.055288461538461536
0 0.48197115384615385 0.8533653846153846 0.06129807692307692 0.0829326923076923
0 0.9615384615384616 0.17067307692307693 0.06610576923076923 0.038461538461538464
0 0.5733173076923077 0.20192307692307693 0.057692307692307696 0.06009615384615385
0 0.8088942307692307 0.6141826923076923 0.055288461538461536 0.08653846153846154
0 0.5384615384615384 0.7980769230769231 0.08653846153846154 0.046875
0 0.7067307692307693 0.9783653846153846 0.08413461538461539 0.038461538461538464
0 0.9555288461538461 0.4170673076923077 0.0829326923076923 0.042067307692307696
0 0.46875 0.6826923076923077 0.06370192307692307 0.09495192307692307
0 0.7247596153846154 0.24519230769230768 0.10817307692307693 0.06370192307692307