0 0.18509615384615385 0.6382211538461539 0.09975961538461539 0.15985576923076922
0 0.27403846153846156 0.3076923076923077 0.08052884615384616 0.09495192307692307
0 0.39663461538461536 0.44711538461538464 0.13942307692307693 0.10576923076923077
0 0.84375 0.9639423076923077 0.09735576923076923 0.06971153846153846
0 0.36177884615384615 0.34134615384615385 0.09975961538461539 0.12740384615384615
0 0.5949519230769231 0.9663461538461539 0.056490384615384616 0.051682692307692304
0 0.3713942307692308 0.6117788461538461 0.06610576923076923 0.08653846153846154
0 0.2512019230769231 0.13581730769230768 0.10096153846153846 0.09975961538461539
0 0.43028846153846156 0.34375 0.09975961538461539 0.11298076923076923
0 0.9278846153846154 0.578125 0.14302884615384615 0.10697115384615384
0 0.8725961538461539 0.8197115384615384 0.14423076923076922 0.11778846153846154
0 0.8954326923076923 0.7403846153846154 0.14302884615384615 0.09615384615384616
0 0.8774038461538461 0.3629807692307692 0.1346153846153846 0.10096153846153846
0 0.2247596153846154 0.9471153846153846 0.11057692307692307 0.1045673076923077
0 0.8798076923076923 0.2764423076923077 0.12379807692307693 0.08413461538461539
0 0.43028846153846156 0.47836538461538464 0.06971153846153846 0.07692307692307693
0 0.8930288461538461 0.11899038461538461 0.16466346153846154 0.10697115384615384
0 0.30288461538461536 0.625 0.08653846153846154 0.10096153846153846