0 0.4987980769230769 0.10697115384615384 0.1466346153846154 0.08413461538461539
0 0.6442307692307693 0.2704326923076923 0.14423076923076922 0.11177884615384616
0 0.36778846153846156 0.3088942307692308 0.08413461538461539 0.13701923076923078
0 0.039663461538461536 0.3629807692307692 0.07572115384615384 0.109375
0 0.9867788461538461 0.15144230769230768 0.02403846153846154 0.07932692307692307
0 0.7740384615384616 0.45072115384615385 0.09375 0.10096153846153846
0 0.9771634615384616 0.6682692307692307 0.04447115384615385 0.08653846153846154
0 0.9411057692307693 0.7439903846153846 0.11658653846153846 0.19471153846153846
0 0.7283653846153846 0.9831730769230769 0.09615384615384616 0.03245192307692308
0 0.90625 0.9002403846153846 0.09014423076923077 0.08653846153846154
0 0.7728365384615384 0.9026442307692307 0.20072115384615385 0.109375
0 0.7271634615384616 0.7872596153846154 0.08413461538461539 0.08173076923076923
0 0.6610576923076923 0.7992788461538461 0.07211538461538461 0.08413461538461539
0 0.6274038461538461 0.8641826923076923 0.09975961538461539 0.09975961538461539
0 0.7403846153846154 0.8581730769230769 0.140625 0.08774038461538461
0 0.15625 0.8365384615384616 0.046875 0.05048076923076923
0 0.26322115384615385 0.9338942307692307 0.09735576923076923 0.10576923076923077
0 0.09134615384615384 0.8100961538461539 0.06490384615384616 0.11298076923076923
0 0.040865384615384616 0.7067307692307693 0.08173076923076923 0.07451923076923077
0 0.4987980769230769 0.7572115384615384 0.09134615384615384 0.10096153846153846
0 0.36778846153846156 0.5733173076923077 0.06610576923076923 0.09615384615384616
0 0.30408653846153844 0.5865384615384616 0.06850961538461539 0.06610576923076923
0 0.3161057692307692 0.5168269230769231 0.08173076923076923 0.07572115384615384
0 0.47115384615384615 0.5360576923076923 0.08052884615384616 0.16947115384615385
0 0.5264423076923077 0.38221153846153844 0.11538461538461539 0.18028846153846154
0 0.5240384615384616 0.5961538461538461 0.08413461538461539 0.25961538461538464
0 0.4795673076923077 0.5889423076923077 0.028846153846153848 0.09134615384615384