0 0.9627403846153846 0.765625 0.0733173076923077 0.046875
0 0.03485576923076923 0.3581730769230769 0.06971153846153846 0.07211538461538461
0 0.171875 0.0673076923076923 0.11778846153846154 0.09615384615384616
0 0.06971153846153846 0.20793269230769232 0.07451923076923077 0.06370192307692307
0 0.06490384615384616 0.71875 0.06850961538461539 0.06971153846153846
0 0.8677884615384616 0.484375 0.06129807692307692 0.09495192307692307
0 0.15264423076923078 0.21875 0.08653846153846154 0.12740384615384615
0 0.26322115384615385 0.2800480769230769 0.07932692307692307 0.06490384615384616
0 0.953125 0.8161057692307693 0.09134615384615384 0.06009615384615385
0 0.9074519230769231 0.5024038461538461 0.056490384615384616 0.06971153846153846
0 0.125 0.46153846153846156 0.06610576923076923 0.078125
0 0.051682692307692304 0.5841346153846154 0.078125 0.06490384615384616
0 0.19591346153846154 0.546875 0.09254807692307693 0.07572115384615384
0 0.7487980769230769 0.7992788461538461 0.06009615384615385 0.055288461538461536
0 0.7644230769230769 0.7439903846153846 0.08052884615384616 0.05048076923076923