0 0.8137019230769231 0.39783653846153844 0.0625 0.038461538461538464
0 0.46634615384615385 0.125 0.07572115384615384 0.03245192307692308
0 0.2920673076923077 0.01201923076923077 0.10576923076923077 0.02403846153846154
0 0.6081730769230769 0.6274038461538461 0.040865384615384616 0.026442307692307692
0 0.5961538461538461 0.6490384615384616 0.056490384615384616 0.028846153846153848
0 0.6442307692307693 0.6923076923076923 0.10096153846153846 0.04447115384615385
0 0.3389423076923077 0.19831730769230768 0.06971153846153846 0.06009615384615385
0 0.9098557692307693 0.5600961538461539 0.07572115384615384 0.03125
0 0.8161057692307693 0.3329326923076923 0.0889423076923077 0.054086538461538464
0 0.6850961538461539 0.6298076923076923 0.10096153846153846 0.054086538461538464
0 0.6622596153846154 0.9759615384615384 0.11177884615384616 0.046875
0 0.36778846153846156 0.039663461538461536 0.06971153846153846 0.03245192307692308
0 0.6322115384615384 0.20552884615384615 0.08774038461538461 0.07211538461538461
0 0.6947115384615384 0.2283653846153846 0.0889423076923077 0.0673076923076923
0 0.8016826923076923 0.5396634615384616 0.06490384615384616 0.019230769230769232
0 0.5372596153846154 0.7127403846153846 0.055288461538461536 0.028846153846153848
0 0.6009615384615384 0.08653846153846154 0.06971153846153846 0.028846153846153848
0 0.20552884615384615 0.8016826923076923 0.10096153846153846 0.038461538461538464
0 0.07211538461538461 0.6394230769230769 0.09735576923076923 0.036057692307692304
0 0.8798076923076923 0.9819711538461539 0.07091346153846154 0.03365384615384615
0 0.4375 0.265625 0.078125 0.054086538461538464
0 0.9711538461538461 0.036057692307692304 0.055288461538461536 0.036057692307692304
0 0.9326923076923077 0.1875 0.08052884615384616 0.10096153846153846
0 0.28725961538461536 0.8329326923076923 0.11538461538461539 0.06009615384615385
0 0.14302884615384615 0.24759615384615385 0.11778846153846154 0.04807692307692308
0 0.49038461538461536 0.046875 0.08653846153846154 0.046875
0 0.7379807692307693 0.8774038461538461 0.12860576923076922 0.052884615384615384
0 0.9026442307692307 0.7211538461538461 0.04326923076923077 0.019230769230769232
0 0.36177884615384615 0.6598557692307693 0.08653846153846154 0.04567307692307692
0 0.04447115384615385 0.6057692307692307 0.08413461538461539 0.030048076923076924
0 0.9831730769230769 0.6923076923076923 0.03125 0.0625
0 0.36778846153846156 0.6021634615384616 0.09134615384615384 0.04807692307692308
0 0.5 0.7283653846153846 0.054086538461538464 0.0673076923076923
0 0.5576923076923077 0.9326923076923077 0.13701923076923078 0.038461538461538464
0 0.6490384615384616 0.6009615384615384 0.08413461538461539 0.042067307692307696
0 0.5024038461538461 0.30288461538461536 0.15384615384615385 0.06129807692307692
0 0.8064903846153846 0.6875 0.06370192307692307 0.038461538461538464
0 0.25600961538461536 0.6069711538461539 0.07091346153846154 0.02403846153846154
0 0.17067307692307693 0.8233173076923077 0.039663461538461536 0.04807692307692308
0 0.07451923076923077 0.25 0.0889423076923077 0.06009615384615385
0 0.9735576923076923 0.9723557692307693 0.04927884615384615 0.037259615384615384
0 0.8822115384615384 0.9026442307692307 0.1814903846153846 0.04447115384615385
0 0.8978365384615384 0.051682692307692304 0.09495192307692307 0.04927884615384615
0 0.8713942307692307 0.59375 0.0673076923076923 0.06129807692307692
0 0.07091346153846154 0.5805288461538461 0.09495192307692307 0.03485576923076923
0 0.3016826923076923 0.41346153846153844 0.13221153846153846 0.052884615384615384
0 0.3449519230769231 0.08533653846153846 0.057692307692307696 0.04447115384615385
0 0.38822115384615385 0.3449519230769231 0.02403846153846154 0.06490384615384616
0 0.41466346153846156 0.33653846153846156 0.08052884615384616 0.04326923076923077
0 0.7427884615384616 0.6430288461538461 0.028846153846153848 0.05889423076923077
0 0.9459134615384616 0.25600961538461536 0.10096153846153846 0.05889423076923077
0 0.31490384615384615 0.7728365384615384 0.07451923076923077 0.06850961538461539
0 0.9399038461538461 0.5997596153846154 0.08052884615384616 0.06971153846153846
0 0.02283653846153846 0.5420673076923077 0.04567307692307692 0.028846153846153848
0 0.8401442307692307 0.17668269230769232 0.10697115384615384 0.06009615384615385
0 0.07572115384615384 0.6742788461538461 0.08052884615384616 0.03365384615384615
0 0.19230769230769232 0.5324519230769231 0.055288461538461536 0.06490384615384616
0 0.43028846153846156 0.6646634615384616 0.09375 0.028846153846153848
0 0.23317307692307693 0.5588942307692307 0.04567307692307692 0.05889423076923077
0 0.47716346153846156 0.546875 0.054086538461538464 0.04447115384615385
0 0.7319711538461539 0.7391826923076923 0.06009615384615385 0.04447115384615385
0 0.22355769230769232 0.3233173076923077 0.04567307692307692 0.037259615384615384
0 0.6802884615384616 0.26802884615384615 0.07451923076923077 0.09014423076923077
0 0.21153846153846154 0.28966346153846156 0.12740384615384615 0.03365384615384615
0 0.1466346153846154 0.052884615384615384 0.1045673076923077 0.04447115384615385
0 0.4266826923076923 0.5024038461538461 0.04927884615384615 0.03245192307692308