0 0.6814903846153846 0.3629807692307692 0.05889423076923077 0.06971153846153846
0 0.49158653846153844 0.4230769230769231 0.0673076923076923 0.07572115384615384
0 0.96875 0.1141826923076923 0.06009615384615385 0.04447115384615385
0 0.5204326923076923 0.5829326923076923 0.052884615384615384 0.037259615384615384
0 0.5721153846153846 0.1045673076923077 0.07091346153846154 0.055288461538461536
0 0.9591346153846154 0.5829326923076923 0.07572115384615384 0.039663461538461536
0 0.8798076923076923 0.8269230769230769 0.054086538461538464 0.051682692307692304
0 0.09134615384615384 0.5300480769230769 0.055288461538461536 0.056490384615384616
0 0.7872596153846154 0.9170673076923077 0.04927884615384615 0.04447115384615385
0 0.9783653846153846 0.06370192307692307 0.042067307692307696 0.054086538461538464
0 0.5612980769230769 0.5060096153846154 0.04447115384615385 0.046875
0 0.30528846153846156 0.4375 0.07451923076923077 0.04807692307692308
0 0.6033653846153846 0.8317307692307693 0.04447115384615385 0.04326923076923077
0 0.8810096153846154 0.78125 0.06490384615384616 0.06009615384615385
0 0.6838942307692307 0.7740384615384616 0.07091346153846154 0.040865384615384616
0 0.025240384615384616 0.3581730769230769 0.05048076923076923 0.0673076923076923
0 0.2668269230769231 0.8317307692307693 0.056490384615384616 0.03365384615384615
0 0.328125 0.5444711538461539 0.08533653846153846 0.05048076923076923
0 0.4026442307692308 0.05889423076923077 0.07091346153846154 0.08052884615384616
0 0.65625 0.4375 0.06009615384615385 0.0673076923076923
0 0.37740384615384615 0.109375 0.06490384615384616 0.04447115384615385
0 0.3798076923076923 0.5024038461538461 0.06129807692307692 0.03485576923076923
0 0.5913461538461539 0.203125 0.06490384615384616 0.055288461538461536
0 0.7584134615384616 0.9483173076923077 0.12259615384615384 0.039663461538461536
0 0.15865384615384615 0.46153846153846156 0.08173076923076923 0.046875
0 0.3389423076923077 0.7824519230769231 0.06370192307692307 0.039663461538461536
0 0.4483173076923077 0.4182692307692308 0.056490384615384616 0.06129807692307692
0 0.609375 0.48197115384615385 0.036057692307692304 0.055288461538461536
0 0.5504807692307693 0.9771634615384616 0.0625 0.04326923076923077
0 0.9375 0.45072115384615385 0.04807692307692308 0.07572115384615384
0 0.3125 0.8954326923076923 0.08052884615384616 0.057692307692307696
0 0.30528846153846156 0.28846153846153844 0.07211538461538461 0.04326923076923077
0 0.5 0.18389423076923078 0.04567307692307692 0.08173076923076923
0 0.8293269230769231 0.21634615384615385 0.057692307692307696 0.06850961538461539
0 0.125 0.7896634615384616 0.16947115384615385 0.0673076923076923
0 0.12980769230769232 0.1935096153846154 0.06610576923076923 0.054086538461538464
0 0.41947115384615385 0.8365384615384616 0.06610576923076923 0.06129807692307692
0 0.6766826923076923 0.8617788461538461 0.06610576923076923 0.05889423076923077
0 0.9567307692307693 0.24759615384615385 0.055288461538461536 0.04927884615384615
0 0.78125 0.4423076923076923 0.15865384615384615 0.04567307692307692
0 0.4387019230769231 0.5252403846153846 0.04927884615384615 0.036057692307692304
0 0.8413461538461539 0.828125 0.06490384615384616 0.055288461538461536
0 0.25240384615384615 0.890625 0.06009615384615385 0.040865384615384616
0 0.5925480769230769 0.4891826923076923 0.04807692307692308 0.1045673076923077
0 0.10096153846153846 0.8966346153846154 0.10096153846153846 0.04807692307692308
0 0.34375 0.5721153846153846 0.042067307692307696 0.021634615384615384
0 0.1971153846153846 0.43990384615384615 0.07451923076923077 0.03485576923076923
0 0.19230769230769232 0.8341346153846154 0.06009615384615385 0.040865384615384616
0 0.30528846153846156 0.7139423076923077 0.06490384615384616 0.040865384615384616
0 0.040865384615384616 0.45552884615384615 0.08173076923076923 0.04447115384615385
0 0.4026442307692308 0.14903846153846154 0.07451923076923077 0.03125
0 0.16346153846153846 0.36899038461538464 0.07451923076923077 0.0829326923076923
0 0.5516826923076923 0.47115384615384615 0.03485576923076923 0.046875
0 0.9182692307692307 0.9735576923076923 0.0829326923076923 0.04927884615384615
0 0.5564903846153846 0.16947115384615385 0.056490384615384616 0.028846153846153848
0 0.2403846153846154 0.9326923076923077 0.09134615384615384 0.09134615384615384
0 0.20192307692307693 0.028846153846153848 0.08052884615384616 0.055288461538461536
0 0.038461538461538464 0.7860576923076923 0.07692307692307693 0.04567307692307692
0 0.4831730769230769 0.5480769230769231 0.055288461538461536 0.038461538461538464
0 0.7512019230769231 0.4831730769230769 0.04927884615384615 0.06009615384615385
0 0.234375 0.5144230769230769 0.07091346153846154 0.040865384615384616
0 0.8233173076923077 0.7740384615384616 0.0733173076923077 0.04326923076923077
0 0.04326923076923077 0.5612980769230769 0.055288461538461536 0.06129807692307692
0 0.8677884615384616 0.4951923076923077 0.078125 0.04447115384615385
0 0.2620192307692308 0.6165865384615384 0.09134615384615384 0.042067307692307696
0 0.07091346153846154 0.6862980769230769 0.10216346153846154 0.06610576923076923
0 0.2848557692307692 0.054086538461538464 0.1141826923076923 0.10697115384615384
0 0.3329326923076923 0.21033653846153846 0.15144230769230768 0.0829326923076923
0 0.36658653846153844 0.6983173076923077 0.0733173076923077 0.06490384615384616
0 0.3004807692307692 0.5120192307692307 0.05889423076923077 0.04326923076923077
0 0.7067307692307693 0.1875 0.13221153846153846 0.06490384615384616