0 0.20793269230769232 0.6370192307692307 0.056490384615384616 0.06370192307692307
0 0.4110576923076923 0.9639423076923077 0.08052884615384616 0.0673076923076923
0 0.3629807692307692 0.16947115384615385 0.08413461538461539 0.06370192307692307
0 0.0733173076923077 0.20072115384615385 0.10216346153846154 0.06009615384615385
0 0.6658653846153846 0.8798076923076923 0.051682692307692304 0.04807692307692308
0 0.9447115384615384 0.9302884615384616 0.04567307692307692 0.040865384615384616
0 0.45552884615384615 0.5540865384615384 0.06610576923076923 0.055288461538461536
0 0.2848557692307692 0.5492788461538461 0.04927884615384615 0.06971153846153846
0 0.1622596153846154 0.9819711538461539 0.06971153846153846 0.03365384615384615
0 0.09615384615384616 0.9759615384615384 0.06490384615384616 0.04567307692307692
0 0.6153846153846154 0.9098557692307693 0.06490384615384616 0.06009615384615385
0 0.90625 0.5709134615384616 0.08052884615384616 0.1778846153846154
0 0.4326923076923077 0.8942307692307693 0.07572115384615384 0.0889423076923077
0 0.6105769230769231 0.18990384615384615 0.0829326923076923 0.0985576923076923
0 0.9326923076923077 0.875 0.06850961538461539 0.06009615384615385
0 0.3942307692307692 0.018028846153846152 0.08653846153846154 0.036057692307692304
0 0.7127403846153846 0.8257211538461539 0.055288461538461536 0.06370192307692307
0 0.24879807692307693 0.22355769230769232 0.09495192307692307 0.0829326923076923
0 0.8209134615384616 0.9699519230769231 0.09134615384615384 0.057692307692307696
0 0.9507211538461539 0.3641826923076923 0.06490384615384616 0.057692307692307696
0 0.21634615384615385 0.859375 0.06490384615384616 0.07692307692307693
0 0.14302884615384615 0.8341346153846154 0.06610576923076923 0.07692307692307693
0 0.7415865384615384 0.6983173076923077 0.14903846153846154 0.13942307692307693
0 0.14182692307692307 0.6418269230769231 0.06850961538461539 0.08052884615384616
0 0.8701923076923077 0.6790865384615384 0.057692307692307696 0.07572115384615384
0 0.671875 0.14543269230769232 0.06009615384615385 0.055288461538461536
0 0.22115384615384615 0.42908653846153844 0.05889423076923077 0.0625
0 0.0889423076923077 0.7007211538461539 0.04927884615384615 0.04567307692307692
0 0.4795673076923077 0.7944711538461539 0.09134615384615384 0.07451923076923077
0 0.49278846153846156 0.4411057692307692 0.2403846153846154 0.140625
0 0.59375 0.4879807692307692 0.07091346153846154 0.07091346153846154
0 0.515625 0.36778846153846156 0.051682692307692304 0.05889423076923077
0 0.22716346153846154 0.5012019230769231 0.05048076923076923 0.07091346153846154
0 0.5036057692307693 0.8677884615384616 0.056490384615384616 0.05889423076923077
0 0.2548076923076923 0.9639423076923077 0.07572115384615384 0.07091346153846154
0 0.32572115384615385 0.45913461538461536 0.07572115384615384 0.07211538461538461
0 0.8149038461538461 0.5649038461538461 0.07451923076923077 0.06850961538461539
0 0.47716346153846156 0.48677884615384615 0.08052884615384616 0.0889423076923077
0 0.8533653846153846 0.24158653846153846 0.054086538461538464 0.0829326923076923
0 0.27524038461538464 0.036057692307692304 0.0829326923076923 0.051682692307692304
0 0.6742788461538461 0.4266826923076923 0.0625 0.0829326923076923
0 0.15985576923076922 0.27524038461538464 0.07692307692307693 0.07932692307692307
0 0.9591346153846154 0.2403846153846154 0.08052884615384616 0.11057692307692307
0 0.75 0.4326923076923077 0.1201923076923077 0.0829326923076923
0 0.5865384615384616 0.7487980769230769 0.06610576923076923 0.07932692307692307
0 0.53125 0.1875 0.051682692307692304 0.057692307692307696
0 0.27524038461538464 0.7524038461538461 0.06490384615384616 0.109375
0 0.026442307692307692 0.7956730769230769 0.052884615384615384 0.09375
0 0.9735576923076923 0.6550480769230769 0.05048076923076923 0.07211538461538461
0 0.7475961538461539 0.6442307692307693 0.0733173076923077 0.07932692307692307
0 0.8293269230769231 0.32091346153846156 0.08653846153846154 0.06129807692307692
0 0.8185096153846154 0.8473557692307693 0.08653846153846154 0.06610576923076923
0 0.16105769230769232 0.1502403846153846 0.07572115384615384 0.06490384615384616