0 0.8617788461538461 0.40865384615384615 0.06971153846153846 0.046875
0 0.8954326923076923 0.5540865384615384 0.06129807692307692 0.06129807692307692
0 0.6358173076923077 0.6995192307692307 0.09615384615384616 0.039663461538461536
0 0.11177884615384616 0.07451923076923077 0.14543269230769232 0.08052884615384616
0 0.8942307692307693 0.44591346153846156 0.06129807692307692 0.04447115384615385
0 0.31490384615384615 0.29927884615384615 0.05889423076923077 0.052884615384615384
0 0.7007211538461539 0.18509615384615385 0.0733173076923077 0.0625
0 0.5901442307692307 0.9675480769230769 0.10817307692307693 0.0625
0 0.038461538461538464 0.23677884615384615 0.07692307692307693 0.1201923076923077
0 0.734375 0.4795673076923077 0.055288461538461536 0.054086538461538464
0 0.27884615384615385 0.7055288461538461 0.052884615384615384 0.038461538461538464
0 0.5288461538461539 0.8197115384615384 0.056490384615384616 0.051682692307692304
0 0.0733173076923077 0.8173076923076923 0.09615384615384616 0.04567307692307692
0 0.9591346153846154 0.7199519230769231 0.057692307692307696 0.08413461538461539
0 0.46274038461538464 0.22596153846153846 0.08413461538461539 0.052884615384615384
0 0.5432692307692307 0.15144230769230768 0.0829326923076923 0.0733173076923077
0 0.6442307692307693 0.44591346153846156 0.078125 0.054086538461538464
0 0.23918269230769232 0.8762019230769231 0.042067307692307696 0.03485576923076923
0 0.08052884615384616 0.6189903846153846 0.09134615384615384 0.05889423076923077
0 0.08413461538461539 0.31009615384615385 0.09615384615384616 0.056490384615384616
0 0.4074519230769231 0.5769230769230769 0.06490384615384616 0.07572115384615384
0 0.8918269230769231 0.16706730769230768 0.057692307692307696 0.051682692307692304
0 0.04567307692307692 0.6706730769230769 0.06009615384615385 0.04927884615384615
0 0.49278846153846156 0.7307692307692307 0.07211538461538461 0.04807692307692308
0 0.8221153846153846 0.25961538461538464 0.07572115384615384 0.06009615384615385
0 0.32572115384615385 0.45072115384615385 0.036057692307692304 0.03485576923076923