0 0.7956730769230769 0.7824519230769231 0.07451923076923077 0.06971153846153846
0 0.7283653846153846 0.18509615384615385 0.06490384615384616 0.08173076923076923
0 0.36658653846153844 0.40865384615384615 0.06490384615384616 0.054086538461538464
0 0.11298076923076923 0.7776442307692307 0.09254807692307693 0.06129807692307692
0 0.41225961538461536 0.7475961538461539 0.09134615384615384 0.08774038461538461
0 0.7103365384615384 0.3954326923076923 0.06370192307692307 0.07451923076923077
0 0.8846153846153846 0.09615384615384616 0.09495192307692307 0.13221153846153846
0 0.6117788461538461 0.33413461538461536 0.055288461538461536 0.06610576923076923
0 0.5961538461538461 0.2536057692307692 0.07091346153846154 0.07211538461538461
0 0.3004807692307692 0.109375 0.06009615384615385 0.07932692307692307
0 0.44591346153846156 0.39302884615384615 0.09615384615384616 0.08052884615384616
0 0.7632211538461539 0.8533653846153846 0.06850961538461539 0.06370192307692307
0 0.7980769230769231 0.9555288461538461 0.09615384615384616 0.0733173076923077
0 0.5348557692307693 0.5793269230769231 0.09615384615384616 0.08774038461538461
0 0.5228365384615384 0.7223557692307693 0.06009615384615385 0.08533653846153846
0 0.4879807692307692 0.28725961538461536 0.0733173076923077 0.07451923076923077
0 0.9471153846153846 0.6694711538461539 0.10336538461538461 0.10817307692307693
0 0.8076923076923077 0.4266826923076923 0.08413461538461539 0.08533653846153846
0 0.9615384615384616 0.042067307692307696 0.07451923076923077 0.08413461538461539
0 0.15144230769230768 0.21634615384615385 0.08653846153846154 0.07572115384615384
0 0.2764423076923077 0.04326923076923077 0.055288461538461536 0.06971153846153846
0 0.6213942307692307 0.4831730769230769 0.07572115384615384 0.08052884615384616
0 0.4362980769230769 0.9507211538461539 0.08413461538461539 0.09735576923076923
0 0.2860576923076923 0.38221153846153844 0.08052884615384616 0.0733173076923077
0 0.5865384615384616 0.140625 0.07932692307692307 0.109375
0 0.19951923076923078 0.9723557692307693 0.07572115384615384 0.054086538461538464
0 0.7115384615384616 0.03485576923076923 0.09134615384615384 0.06971153846153846
0 0.39302884615384615 0.3245192307692308 0.08052884615384616 0.0889423076923077
0 0.8365384615384616 0.3858173076923077 0.07692307692307693 0.08533653846153846
0 0.7283653846153846 0.12259615384615384 0.05889423076923077 0.051682692307692304
0 0.3004807692307692 0.8461538461538461 0.11778846153846154 0.09735576923076923
0 0.4543269230769231 0.021634615384615384 0.08173076923076923 0.04326923076923077
0 0.84375 0.8737980769230769 0.10216346153846154 0.07932692307692307
0 0.6442307692307693 0.7247596153846154 0.07091346153846154 0.11298076923076923
0 0.3545673076923077 0.5504807692307693 0.08173076923076923 0.13221153846153846
0 0.8257211538461539 0.546875 0.08653846153846154 0.09735576923076923
0 0.09014423076923077 0.05048076923076923 0.09975961538461539 0.10096153846153846
0 0.17067307692307693 0.31009615384615385 0.06370192307692307 0.07211538461538461