0 0.0673076923076923 0.18269230769230768 0.09134615384615384 0.0625
0 0.2692307692307692 0.24158653846153846 0.10817307692307693 0.07091346153846154
0 0.46033653846153844 0.13822115384615385 0.12740384615384615 0.13822115384615385
0 0.7391826923076923 0.02283653846153846 0.0625 0.04447115384615385
0 0.546875 0.027644230769230768 0.04567307692307692 0.05048076923076923
0 0.4579326923076923 0.013221153846153846 0.04447115384615385 0.026442307692307692
0 0.0625 0.3485576923076923 0.07572115384615384 0.0829326923076923
0 0.06610576923076923 0.4375 0.13221153846153846 0.052884615384615384
0 0.2608173076923077 0.3701923076923077 0.13221153846153846 0.09254807692307693
0 0.23317307692307693 0.42427884615384615 0.11899038461538461 0.052884615384615384
0 0.18990384615384615 0.47596153846153844 0.14302884615384615 0.052884615384615384
0 0.1201923076923077 0.5516826923076923 0.13822115384615385 0.11538461538461539
0 0.19230769230769232 0.5360576923076923 0.13822115384615385 0.06009615384615385
0 0.35336538461538464 0.5084134615384616 0.07572115384615384 0.052884615384615384
0 0.6430288461538461 0.4483173076923077 0.038461538461538464 0.036057692307692304
0 0.40625 0.6021634615384616 0.052884615384615384 0.051682692307692304
0 0.23076923076923078 0.625 0.13221153846153846 0.06610576923076923
0 0.125 0.6670673076923077 0.08413461538461539 0.06490384615384616
0 0.17668269230769232 0.7427884615384616 0.21634615384615385 0.057692307692307696
0 0.23317307692307693 0.8112980769230769 0.11057692307692307 0.06490384615384616
0 0.49399038461538464 0.7632211538461539 0.05048076923076923 0.052884615384615384
0 0.5504807692307693 0.6790865384615384 0.07932692307692307 0.06009615384615385
0 0.6009615384615384 0.7139423076923077 0.04447115384615385 0.07692307692307693
0 0.5985576923076923 0.84375 0.05048076923076923 0.04927884615384615
0 0.6826923076923077 0.828125 0.036057692307692304 0.04447115384615385
0 0.3173076923076923 0.8617788461538461 0.08653846153846154 0.07211538461538461
0 0.7079326923076923 0.71875 0.055288461538461536 0.056490384615384616
0 0.5649038461538461 0.6225961538461539 0.037259615384615384 0.037259615384615384
0 0.9194711538461539 0.6694711538461539 0.04326923076923077 0.04927884615384615
0 0.9639423076923077 0.3473557692307692 0.06009615384615385 0.17548076923076922
0 0.3629807692307692 0.3581730769230769 0.037259615384615384 0.04447115384615385
0 0.6274038461538461 0.2860576923076923 0.038461538461538464 0.03125
0 0.8834134615384616 0.07211538461538461 0.039663461538461536 0.06490384615384616
0 0.9819711538461539 0.7788461538461539 0.03365384615384615 0.042067307692307696
0 0.96875 0.8269230769230769 0.04807692307692308 0.052884615384615384
0 0.6322115384615384 0.8846153846153846 0.16346153846153846 0.09254807692307693
0 0.8305288461538461 0.9038461538461539 0.038461538461538464 0.04927884615384615
0 0.7824519230769231 0.9230769230769231 0.04927884615384615 0.040865384615384616
0 0.6899038461538461 0.9867788461538461 0.056490384615384616 0.025240384615384616
0 0.7235576923076923 0.9711538461538461 0.037259615384615384 0.026442307692307692
0 0.10216346153846154 0.6790865384615384 0.09975961538461539 0.09615384615384616
0 0.90625 0.4423076923076923 0.037259615384615384 0.038461538461538464
0 0.9711538461538461 0.013221153846153846 0.042067307692307696 0.026442307692307692