0 0.2704326923076923 0.7680288461538461 0.06129807692307692 0.08413461538461539
0 0.515625 0.0889423076923077 0.0985576923076923 0.06009615384615385
0 0.21875 0.26322115384615385 0.11177884615384616 0.0733173076923077
0 0.5300480769230769 0.5961538461538461 0.0625 0.04927884615384615
0 0.6418269230769231 0.1875 0.08052884615384616 0.03365384615384615
0 0.78125 0.5829326923076923 0.1201923076923077 0.056490384615384616
0 0.25240384615384615 0.39903846153846156 0.05048076923076923 0.054086538461538464
0 0.8497596153846154 0.5180288461538461 0.13822115384615385 0.07091346153846154
0 0.7355769230769231 0.7451923076923077 0.08052884615384616 0.04927884615384615
0 0.9158653846153846 0.6286057692307693 0.08052884615384616 0.056490384615384616
0 0.14543269230769232 0.2668269230769231 0.0625 0.0673076923076923
0 0.12860576923076922 0.11899038461538461 0.06009615384615385 0.055288461538461536
0 0.5697115384615384 0.1045673076923077 0.11778846153846154 0.07572115384615384
0 0.5649038461538461 0.8329326923076923 0.09375 0.10216346153846154
0 0.765625 0.16105769230769232 0.052884615384615384 0.039663461538461536
0 0.75 0.12259615384615384 0.057692307692307696 0.06009615384615385
0 0.6911057692307693 0.7692307692307693 0.054086538461538464 0.04927884615384615
0 0.4579326923076923 0.23557692307692307 0.0985576923076923 0.055288461538461536
0 0.453125 0.1778846153846154 0.06971153846153846 0.06009615384615385
0 0.7355769230769231 0.9362980769230769 0.03485576923076923 0.04927884615384615
0 0.3485576923076923 0.8076923076923077 0.055288461538461536 0.06370192307692307
0 0.7980769230769231 0.71875 0.06009615384615385 0.04807692307692308
0 0.0673076923076923 0.6141826923076923 0.09134615384615384 0.04567307692307692
0 0.9639423076923077 0.21394230769230768 0.07091346153846154 0.078125
0 0.16947115384615385 0.042067307692307696 0.055288461538461536 0.06971153846153846
0 0.26322115384615385 0.17067307692307693 0.0985576923076923 0.0733173076923077
0 0.45913461538461536 0.9735576923076923 0.057692307692307696 0.04807692307692308
0 0.6742788461538461 0.5492788461538461 0.06490384615384616 0.07451923076923077
0 0.7512019230769231 0.8329326923076923 0.07572115384615384 0.06370192307692307
0 0.3858173076923077 0.030048076923076924 0.07572115384615384 0.05048076923076923
0 0.27884615384615385 0.9170673076923077 0.06009615384615385 0.12740384615384615
0 0.6177884615384616 0.7800480769230769 0.11538461538461539 0.057692307692307696
0 0.13581730769230768 0.040865384615384616 0.038461538461538464 0.046875
0 0.43028846153846156 0.5576923076923077 0.09615384615384616 0.06490384615384616
0 0.18028846153846154 0.3485576923076923 0.06971153846153846 0.08533653846153846
0 0.265625 0.06009615384615385 0.06490384615384616 0.06971153846153846
0 0.36778846153846156 0.890625 0.05889423076923077 0.05889423076923077
0 0.9771634615384616 0.5721153846153846 0.04447115384615385 0.046875
0 0.054086538461538464 0.5745192307692307 0.08653846153846154 0.040865384615384616
0 0.47836538461538464 0.051682692307692304 0.10576923076923077 0.07572115384615384
0 0.3870192307692308 0.19831730769230768 0.08052884615384616 0.051682692307692304
0 0.6141826923076923 0.23677884615384615 0.10697115384615384 0.038461538461538464
0 0.3798076923076923 0.2512019230769231 0.10096153846153846 0.04927884615384615
0 0.49399038461538464 0.5060096153846154 0.055288461538461536 0.040865384615384616
0 0.09134615384615384 0.6682692307692307 0.09014423076923077 0.055288461538461536
0 0.4326923076923077 0.6057692307692307 0.057692307692307696 0.04447115384615385
0 0.027644230769230768 0.796875 0.055288461538461536 0.09375
0 0.8125 0.8040865384615384 0.10697115384615384 0.14302884615384615
0 0.5204326923076923 0.15625 0.08533653846153846 0.06610576923076923
0 0.6983173076923077 0.18990384615384615 0.06971153846153846 0.06971153846153846
0 0.04807692307692308 0.5324519230769231 0.055288461538461536 0.04447115384615385
0 0.6394230769230769 0.6814903846153846 0.0733173076923077 0.056490384615384616
0 0.1466346153846154 0.26802884615384615 0.0625 0.06850961538461539
0 0.17307692307692307 0.11177884615384616 0.06490384615384616 0.05889423076923077
0 0.9651442307692307 0.7548076923076923 0.055288461538461536 0.06009615384615385
0 0.2091346153846154 0.8233173076923077 0.08533653846153846 0.10817307692307693
0 0.3858173076923077 0.12620192307692307 0.06370192307692307 0.056490384615384616
0 0.8954326923076923 0.7247596153846154 0.09014423076923077 0.06971153846153846
0 0.6081730769230769 0.14783653846153846 0.0829326923076923 0.0625
0 0.4098557692307692 0.09375 0.07572115384615384 0.055288461538461536
0 0.515625 0.5540865384615384 0.07692307692307693 0.05048076923076923
0 0.3329326923076923 0.11538461538461539 0.07932692307692307 0.055288461538461536
0 0.08653846153846154 0.7932692307692307 0.08653846153846154 0.06971153846153846
0 0.35216346153846156 0.015625 0.1201923076923077 0.028846153846153848
0 0.8329326923076923 0.20673076923076922 0.08653846153846154 0.05889423076923077
0 0.5264423076923077 0.21754807692307693 0.06971153846153846 0.08052884615384616
0 0.06490384615384616 0.33653846153846156 0.04326923076923077 0.04807692307692308
0 0.28725961538461536 0.09975961538461539 0.06610576923076923 0.05889423076923077
0 0.4891826923076923 0.32091346153846156 0.07451923076923077 0.04807692307692308
0 0.8149038461538461 0.6802884615384616 0.06370192307692307 0.042067307692307696
0 0.4795673076923077 0.9086538461538461 0.06009615384615385 0.09615384615384616
0 0.056490384615384616 0.24759615384615385 0.09014423076923077 0.0673076923076923