0 0.5360576923076923 0.6430288461538461 0.07211538461538461 0.038461538461538464
0 0.28966346153846156 0.609375 0.07572115384615384 0.03365384615384615
0 0.7932692307692307 0.4723557692307692 0.038461538461538464 0.07091346153846154
0 0.2644230769230769 0.046875 0.09615384615384616 0.09254807692307693
0 0.5673076923076923 0.8810096153846154 0.10817307692307693 0.06490384615384616
0 0.33653846153846156 0.7115384615384616 0.08413461538461539 0.028846153846153848
0 0.30528846153846156 0.03245192307692308 0.08173076923076923 0.06490384615384616
0 0.14903846153846154 0.25721153846153844 0.08533653846153846 0.11057692307692307
0 0.49759615384615385 0.5072115384615384 0.054086538461538464 0.04447115384615385
0 0.8858173076923077 0.04807692307692308 0.0985576923076923 0.09615384615384616
0 0.6923076923076923 0.9711538461538461 0.07451923076923077 0.04927884615384615
0 0.9783653846153846 0.04567307692307692 0.040865384615384616 0.0889423076923077
0 0.44471153846153844 0.8245192307692307 0.07572115384615384 0.11177884615384616
0 0.06610576923076923 0.9747596153846154 0.109375 0.04927884615384615
0 0.0889423076923077 0.046875 0.0889423076923077 0.09254807692307693
0 0.453125 0.5600961538461539 0.10817307692307693 0.039663461538461536
0 0.71875 0.546875 0.18028846153846154 0.040865384615384616
0 0.34134615384615385 0.025240384615384616 0.0673076923076923 0.05048076923076923
0 0.6490384615384616 0.4423076923076923 0.06009615384615385 0.08413461538461539
0 0.8485576923076923 0.45552884615384615 0.051682692307692304 0.0673076923076923
0 0.8846153846153846 0.46153846153846156 0.06490384615384616 0.1622596153846154
0 0.24879807692307693 0.7824519230769231 0.08653846153846154 0.056490384615384616
0 0.4963942307692308 0.35216346153846156 0.04927884615384615 0.08653846153846154
0 0.2608173076923077 0.9819711538461539 0.08653846153846154 0.03365384615384615
0 0.6766826923076923 0.5024038461538461 0.056490384615384616 0.03365384615384615
0 0.9615384615384616 0.921875 0.07572115384615384 0.040865384615384616
0 0.0673076923076923 0.6201923076923077 0.109375 0.06370192307692307
0 0.9314903846153846 0.35096153846153844 0.10336538461538461 0.11298076923076923
0 0.5108173076923077 0.4230769230769231 0.12740384615384615 0.1045673076923077
0 0.16346153846153846 0.7800480769230769 0.06009615384615385 0.08533653846153846
0 0.33774038461538464 0.27884615384615385 0.0625 0.07091346153846154
0 0.43990384615384615 0.47836538461538464 0.056490384615384616 0.02403846153846154
0 0.7439903846153846 0.23798076923076922 0.0829326923076923 0.08774038461538461
0 0.4014423076923077 0.37259615384615385 0.042067307692307696 0.03485576923076923
0 0.33653846153846156 0.7524038461538461 0.09975961538461539 0.08173076923076923
0 0.296875 0.2692307692307692 0.07211538461538461 0.03365384615384615
0 0.2091346153846154 0.45913461538461536 0.07572115384615384 0.03245192307692308
0 0.6790865384615384 0.3076923076923077 0.14182692307692307 0.06490384615384616
0 0.3112980769230769 0.5300480769230769 0.13822115384615385 0.04447115384615385
0 0.6201923076923077 0.9399038461538461 0.08173076923076923 0.04807692307692308
0 0.8365384615384616 0.2548076923076923 0.07572115384615384 0.02403846153846154
0 0.1310096153846154 0.9567307692307693 0.07572115384615384 0.06490384615384616
0 0.8076923076923077 0.9795673076923077 0.15264423076923078 0.038461538461538464
0 0.47475961538461536 0.6177884615384616 0.028846153846153848 0.06610576923076923
0 0.11778846153846154 0.5420673076923077 0.051682692307692304 0.037259615384615384
0 0.0829326923076923 0.11778846153846154 0.08653846153846154 0.057692307692307696
0 0.037259615384615384 0.03365384615384615 0.07451923076923077 0.06490384615384616
0 0.25 0.8161057692307693 0.04927884615384615 0.09134615384615384
0 0.7668269230769231 0.6298076923076923 0.0733173076923077 0.037259615384615384
0 0.7632211538461539 0.3942307692307692 0.07572115384615384 0.09134615384615384
0 0.20552884615384615 0.3473557692307692 0.09134615384615384 0.1201923076923077
0 0.2608173076923077 0.1814903846153846 0.11057692307692307 0.054086538461538464
0 0.84375 0.06370192307692307 0.12259615384615384 0.09735576923076923
0 0.5600961538461539 0.125 0.05889423076923077 0.10096153846153846
0 0.39903846153846156 0.2764423076923077 0.10336538461538461 0.04807692307692308
0 0.046875 0.6394230769230769 0.09254807692307693 0.051682692307692304
0 0.20072115384615385 0.9002403846153846 0.1045673076923077 0.04927884615384615