0 0.37259615384615385 0.07211538461538461 0.08774038461538461 0.08653846153846154
0 0.6165865384615384 0.8677884615384616 0.08052884615384616 0.12379807692307693
0 0.18870192307692307 0.3245192307692308 0.08052884615384616 0.13341346153846154
0 0.7283653846153846 0.8076923076923077 0.05889423076923077 0.07091346153846154
0 0.7175480769230769 0.59375 0.08052884615384616 0.06971153846153846
0 0.26322115384615385 0.7740384615384616 0.06971153846153846 0.05048076923076923
0 0.9086538461538461 0.6394230769230769 0.06610576923076923 0.06009615384615385
0 0.8088942307692307 0.7199519230769231 0.0889423076923077 0.056490384615384616
0 0.203125 0.7584134615384616 0.06129807692307692 0.05048076923076923
0 0.23197115384615385 0.03245192307692308 0.07451923076923077 0.06490384615384616
0 0.9290865384615384 0.4987980769230769 0.06490384615384616 0.13221153846153846
0 0.14302884615384615 0.515625 0.078125 0.0733173076923077
0 0.7331730769230769 0.22956730769230768 0.09014423076923077 0.06490384615384616
0 0.9423076923076923 0.7884615384615384 0.08052884615384616 0.06850961538461539
0 0.9819711538461539 0.6850961538461539 0.03365384615384615 0.06370192307692307
0 0.5697115384615384 0.59375 0.08052884615384616 0.06490384615384616
0 0.6814903846153846 0.7319711538461539 0.0733173076923077 0.0625
0 0.45913461538461536 0.18509615384615385 0.06850961538461539 0.05048076923076923
0 0.6237980769230769 0.6081730769230769 0.05048076923076923 0.04927884615384615
0 0.5961538461538461 0.7235576923076923 0.07451923076923077 0.08413461538461539
0 0.22716346153846154 0.10216346153846154 0.10096153846153846 0.09615384615384616
0 0.5108173076923077 0.042067307692307696 0.08653846153846154 0.078125
0 0.5841346153846154 0.30408653846153844 0.08653846153846154 0.07451923076923077
0 0.15865384615384615 0.9146634615384616 0.10216346153846154 0.078125
0 0.41346153846153844 0.29447115384615385 0.0625 0.0625
0 0.5805288461538461 0.12980769230769232 0.07451923076923077 0.08052884615384616
0 0.7980769230769231 0.46634615384615385 0.06490384615384616 0.11177884615384616
0 0.8677884615384616 0.296875 0.06850961538461539 0.06009615384615385
0 0.11177884615384616 0.5649038461538461 0.07451923076923077 0.07572115384615384
0 0.6514423076923077 0.7728365384615384 0.0733173076923077 0.078125
0 0.3858173076923077 0.9675480769230769 0.07932692307692307 0.06370192307692307
0 0.19591346153846154 0.203125 0.06850961538461539 0.08052884615384616
0 0.9206730769230769 0.22596153846153846 0.09254807692307693 0.06971153846153846
0 0.07932692307692307 0.9819711538461539 0.10216346153846154 0.03365384615384615
0 0.4170673076923077 0.4423076923076923 0.06971153846153846 0.10817307692307693
0 0.7836538461538461 0.8413461538461539 0.052884615384615384 0.08653846153846154
0 0.7391826923076923 0.9519230769230769 0.078125 0.09375
0 0.8629807692307693 0.9711538461538461 0.042067307692307696 0.05048076923076923
0 0.3401442307692308 0.25 0.06610576923076923 0.07091346153846154
0 0.8197115384615384 0.6201923076923077 0.08533653846153846 0.07572115384615384
0 0.8317307692307693 0.09375 0.10697115384615384 0.10096153846153846
0 0.09134615384615384 0.7163461538461539 0.06009615384615385 0.06009615384615385
0 0.3918269230769231 0.7115384615384616 0.06370192307692307 0.07091346153846154
0 0.5480769230769231 0.6598557692307693 0.06490384615384616 0.07451923076923077
0 0.8413461538461539 0.4230769230769231 0.04807692307692308 0.06850961538461539
0 0.49158653846153844 0.40384615384615385 0.07932692307692307 0.08774038461538461
0 0.19951923076923078 0.7043269230769231 0.07211538461538461 0.06009615384615385