0 0.6225961538461539 0.6213942307692307 0.0625 0.06971153846153846
0 0.4795673076923077 0.8257211538461539 0.09495192307692307 0.08533653846153846
0 0.5360576923076923 0.578125 0.057692307692307696 0.06009615384615385
0 0.4879807692307692 0.9675480769230769 0.042067307692307696 0.0625
0 0.7704326923076923 0.6213942307692307 0.0829326923076923 0.0625
0 0.1658653846153846 0.7283653846153846 0.0673076923076923 0.08052884615384616
0 0.24639423076923078 0.4639423076923077 0.0625 0.057692307692307696
0 0.546875 0.15625 0.055288461538461536 0.04807692307692308
0 0.15625 0.328125 0.11057692307692307 0.08774038461538461
0 0.06370192307692307 0.4387019230769231 0.08774038461538461 0.08533653846153846
0 0.3088942307692308 0.5048076923076923 0.039663461538461536 0.04927884615384615
0 0.5576923076923077 0.703125 0.04927884615384615 0.0625
0 0.0625 0.53125 0.08533653846153846 0.07692307692307693
0 0.96875 0.8533653846153846 0.06129807692307692 0.05889423076923077
0 0.18389423076923078 0.5072115384615384 0.08774038461538461 0.08173076923076923
0 0.0673076923076923 0.14302884615384615 0.11057692307692307 0.08774038461538461
0 0.5516826923076923 0.8389423076923077 0.0673076923076923 0.09735576923076923
0 0.45913461538461536 0.8858173076923077 0.06009615384615385 0.046875
0 0.9447115384615384 0.026442307692307692 0.06490384615384616 0.051682692307692304
0 0.23557692307692307 0.7475961538461539 0.08533653846153846 0.0673076923076923
0 0.8257211538461539 0.8425480769230769 0.0829326923076923 0.0829326923076923
0 0.6117788461538461 0.6983173076923077 0.06490384615384616 0.055288461538461536
0 0.4891826923076923 0.8100961538461539 0.09134615384615384 0.051682692307692304
0 0.5504807692307693 0.47115384615384615 0.046875 0.046875
0 0.296875 0.8990384615384616 0.06009615384615385 0.08173076923076923
0 0.7235576923076923 0.7848557692307693 0.10697115384615384 0.12980769230769232
0 0.6826923076923077 0.22716346153846154 0.057692307692307696 0.04927884615384615
0 0.9459134615384616 0.07451923076923077 0.057692307692307696 0.055288461538461536
0 0.65625 0.328125 0.0625 0.0673076923076923
0 0.40865384615384615 0.04807692307692308 0.0625 0.051682692307692304
0 0.9350961538461539 0.27403846153846156 0.057692307692307696 0.06009615384615385
0 0.8028846153846154 0.921875 0.0985576923076923 0.11658653846153846
0 0.18028846153846154 0.8365384615384616 0.08774038461538461 0.1141826923076923
0 0.6646634615384616 0.9663461538461539 0.06610576923076923 0.06490384615384616
0 0.6586538461538461 0.40384615384615385 0.046875 0.046875
0 0.9759615384615384 0.75 0.046875 0.06129807692307692
0 0.32211538461538464 0.3894230769230769 0.1201923076923077 0.07572115384615384
0 0.5805288461538461 0.38822115384615385 0.04807692307692308 0.04807692307692308
0 0.3737980769230769 0.5600961538461539 0.10216346153846154 0.07451923076923077
0 0.5625 0.3473557692307692 0.06009615384615385 0.06009615384615385
0 0.33653846153846156 0.27524038461538464 0.09134615384615384 0.03365384615384615
0 0.5600961538461539 0.9483173076923077 0.07211538461538461 0.09495192307692307
0 0.03365384615384615 0.2283653846153846 0.057692307692307696 0.0673076923076923
0 0.7860576923076923 0.6838942307692307 0.12980769230769232 0.09014423076923077
0 0.5865384615384616 0.030048076923076924 0.06971153846153846 0.06009615384615385
0 0.8052884615384616 0.4579326923076923 0.06009615384615385 0.08774038461538461
0 0.53125 0.31009615384615385 0.09615384615384616 0.0625
0 0.25 0.9447115384615384 0.09134615384615384 0.078125
0 0.3641826923076923 0.30649038461538464 0.08052884615384616 0.06490384615384616
0 0.08653846153846154 0.8197115384615384 0.06009615384615385 0.09615384615384616
0 0.2668269230769231 0.6887019230769231 0.10096153846153846 0.052884615384615384
0 0.6478365384615384 0.8641826923076923 0.057692307692307696 0.08533653846153846
0 0.12620192307692307 0.9302884615384616 0.07211538461538461 0.09014423076923077
0 0.9627403846153846 0.15625 0.04927884615384615 0.042067307692307696
0 0.7403846153846154 0.5396634615384616 0.051682692307692304 0.055288461538461536
0 0.5637019230769231 0.640625 0.07211538461538461 0.0625
0 0.7716346153846154 0.44350961538461536 0.06971153846153846 0.078125
0 0.37259615384615385 0.890625 0.09014423076923077 0.0673076923076923
0 0.5348557692307693 0.2403846153846154 0.06490384615384616 0.06971153846153846
0 0.9158653846153846 0.1502403846153846 0.056490384615384616 0.055288461538461536
0 0.5697115384615384 0.5264423076923077 0.06490384615384616 0.06009615384615385
0 0.08173076923076923 0.2704326923076923 0.1310096153846154 0.09735576923076923
0 0.6189903846153846 0.36899038461538464 0.057692307692307696 0.057692307692307696
0 0.3641826923076923 0.021634615384615384 0.09375 0.04326923076923077
0 0.6177884615384616 0.1201923076923077 0.052884615384615384 0.06009615384615385
0 0.35096153846153844 0.5276442307692307 0.0625 0.04447115384615385
0 0.3762019230769231 0.12980769230769232 0.06490384615384616 0.057692307692307696
0 0.5096153846153846 0.09134615384615384 0.055288461538461536 0.046875