0 0.5564903846153846 0.06850961538461539 0.06490384615384616 0.09615384615384616
0 0.6923076923076923 0.17427884615384615 0.027644230769230768 0.0889423076923077
0 0.7199519230769231 0.23557692307692307 0.030048076923076924 0.04927884615384615
0 0.7572115384615384 0.25961538461538464 0.05048076923076923 0.03365384615384615
0 0.7776442307692307 0.30288461538461536 0.028846153846153848 0.04326923076923077
0 0.9867788461538461 0.01201923076923077 0.02403846153846154 0.02403846153846154
0 0.040865384615384616 0.11538461538461539 0.038461538461538464 0.055288461538461536
0 0.2920673076923077 0.18629807692307693 0.026442307692307692 0.028846153846153848
0 0.19591346153846154 0.2403846153846154 0.021634615384615384 0.04927884615384615
0 0.21153846153846154 0.14302884615384615 0.055288461538461536 0.0889423076923077
0 0.18629807692307693 0.11778846153846154 0.06490384615384616 0.10336538461538461
0 0.1201923076923077 0.4651442307692308 0.055288461538461536 0.06370192307692307
0 0.16706730769230768 0.5348557692307693 0.037259615384615384 0.030048076923076924
0 0.30408653846153844 0.5360576923076923 0.04447115384615385 0.036057692307692304
0 0.41225961538461536 0.5228365384615384 0.07211538461538461 0.04927884615384615
0 0.45552884615384615 0.5793269230769231 0.03485576923076923 0.037259615384615384
0 0.47475961538461536 0.3942307692307692 0.03365384615384615 0.03365384615384615
0 0.5012019230769231 0.43990384615384615 0.08774038461538461 0.08052884615384616
0 0.5264423076923077 0.484375 0.04326923076923077 0.038461538461538464
0 0.45552884615384615 0.29927884615384615 0.04927884615384615 0.08052884615384616
0 0.9927884615384616 0.33653846153846156 0.01201923076923077 0.03125
0 0.75 0.5733173076923077 0.026442307692307692 0.042067307692307696
0 0.8473557692307693 0.6225961538461539 0.03245192307692308 0.040865384615384616
0 0.8257211538461539 0.6262019230769231 0.036057692307692304 0.06850961538461539
0 0.5841346153846154 0.6778846153846154 0.04567307692307692 0.04326923076923077
0 0.9375 0.6694711538461539 0.09014423076923077 0.05048076923076923
0 0.6213942307692307 0.8713942307692307 0.02403846153846154 0.027644230769230768
0 0.6694711538461539 0.8689903846153846 0.020432692307692308 0.04447115384615385
0 0.06490384615384616 0.7415865384615384 0.046875 0.042067307692307696
0 0.3918269230769231 0.7331730769230769 0.02283653846153846 0.037259615384615384
0 0.1778846153846154 0.7524038461538461 0.02283653846153846 0.07932692307692307
0 0.25240384615384615 0.8028846153846154 0.109375 0.08052884615384616
0 0.22596153846153846 0.8317307692307693 0.025240384615384616 0.03245192307692308
0 0.18990384615384615 0.9675480769230769 0.03365384615384615 0.0625
0 0.6538461538461539 0.3485576923076923 0.028846153846153848 0.06129807692307692
0 0.46634615384615385 0.4891826923076923 0.04447115384615385 0.018028846153846152