0 0.9471153846153846 0.5072115384615384 0.030048076923076924 0.10336538461538461
0 0.07932692307692307 0.21394230769230768 0.04567307692307692 0.09134615384615384
0 0.5420673076923077 0.11778846153846154 0.06971153846153846 0.09735576923076923
0 0.5985576923076923 0.06971153846153846 0.03365384615384615 0.09134615384615384
0 0.19831730769230768 0.8233173076923077 0.051682692307692304 0.04567307692307692
0 0.8990384615384616 0.8461538461538461 0.03125 0.040865384615384616
0 0.41947115384615385 0.9747596153846154 0.05889423076923077 0.046875
0 0.15504807692307693 0.7427884615384616 0.07211538461538461 0.07091346153846154
0 0.7572115384615384 0.8365384615384616 0.027644230769230768 0.08052884615384616
0 0.5865384615384616 0.484375 0.05889423076923077 0.07572115384615384
0 0.9795673076923077 0.23197115384615385 0.03125 0.06490384615384616
0 0.16346153846153846 0.8870192307692307 0.10697115384615384 0.038461538461538464
0 0.055288461538461536 0.4951923076923077 0.0625 0.09254807692307693
0 0.44350961538461536 0.7980769230769231 0.057692307692307696 0.10096153846153846
0 0.5252403846153846 0.7944711538461539 0.07692307692307693 0.042067307692307696
0 0.10817307692307693 0.5096153846153846 0.06971153846153846 0.07932692307692307
0 0.5120192307692307 0.19591346153846154 0.04567307692307692 0.08173076923076923
0 0.026442307692307692 0.5552884615384616 0.052884615384615384 0.04447115384615385
0 0.36538461538461536 0.7103365384615384 0.07932692307692307 0.07211538461538461
0 0.265625 0.9711538461538461 0.04447115384615385 0.055288461538461536
0 0.13581730769230768 0.16346153846153846 0.06971153846153846 0.06850961538461539
0 0.7355769230769231 0.6189903846153846 0.06490384615384616 0.0625
0 0.3870192307692308 0.3137019230769231 0.06971153846153846 0.08533653846153846
0 0.6670673076923077 0.7415865384615384 0.04807692307692308 0.11778846153846154
0 0.7608173076923077 0.2548076923076923 0.04447115384615385 0.0829326923076923
0 0.5264423076923077 0.48197115384615385 0.07451923076923077 0.08052884615384616
0 0.7524038461538461 0.7295673076923077 0.07932692307692307 0.11177884615384616
0 0.2439903846153846 0.14423076923076922 0.07572115384615384 0.11298076923076923
0 0.625 0.030048076923076924 0.03365384615384615 0.06009615384615385
0 0.42427884615384615 0.15264423076923078 0.04927884615384615 0.1045673076923077
0 0.4807692307692308 0.8858173076923077 0.07572115384615384 0.042067307692307696
0 0.14423076923076922 0.9278846153846154 0.07211538461538461 0.052884615384615384
0 0.06129807692307692 0.8461538461538461 0.1201923076923077 0.055288461538461536
0 0.06850961538461539 0.7752403846153846 0.0829326923076923 0.09375
0 0.45913461538461536 0.7163461538461539 0.07572115384615384 0.06009615384615385
0 0.75 0.4387019230769231 0.04447115384615385 0.07572115384615384
0 0.9026442307692307 0.18269230769230768 0.06490384615384616 0.08052884615384616
0 0.8822115384615384 0.3942307692307692 0.056490384615384616 0.09014423076923077
0 0.8016826923076923 0.71875 0.05048076923076923 0.11778846153846154
0 0.12259615384615384 0.9795673076923077 0.046875 0.038461538461538464
0 0.9555288461538461 0.14783653846153846 0.026442307692307692 0.11057692307692307
0 0.09615384615384616 0.0673076923076923 0.038461538461538464 0.13221153846153846
0 0.5444711538461539 0.75 0.052884615384615384 0.09375
0 0.6141826923076923 0.5817307692307693 0.05889423076923077 0.06490384615384616
0 0.46153846153846156 0.4651442307692308 0.08052884615384616 0.09975961538461539
0 0.41225961538461536 0.4519230769230769 0.06490384615384616 0.08413461538461539
0 0.3545673076923077 0.8257211538461539 0.057692307692307696 0.06490384615384616
0 0.18269230769230768 0.11778846153846154 0.06009615384615385 0.028846153846153848
0 0.31009615384615385 0.7716346153846154 0.07091346153846154 0.04447115384615385
0 0.671875 0.6899038461538461 0.0625 0.10096153846153846
0 0.2127403846153846 0.5649038461538461 0.04927884615384615 0.06971153846153846
0 0.6286057692307693 0.47596153846153844 0.036057692307692304 0.055288461538461536
0 0.038461538461538464 0.22716346153846154 0.07572115384615384 0.078125
0 0.6586538461538461 0.39783653846153844 0.046875 0.12259615384615384
0 0.6862980769230769 0.4699519230769231 0.07211538461538461 0.0829326923076923
0 0.29927884615384615 0.9579326923076923 0.06129807692307692 0.08052884615384616
0 0.6646634615384616 0.9423076923076923 0.054086538461538464 0.030048076923076924
0 0.6646634615384616 0.19831730769230768 0.04807692307692308 0.0889423076923077
0 0.15745192307692307 0.21033653846153846 0.036057692307692304 0.06370192307692307
0 0.265625 0.8004807692307693 0.07572115384615384 0.057692307692307696
0 0.8509615384615384 0.8377403846153846 0.08413461538461539 0.051682692307692304
0 0.03245192307692308 0.6274038461538461 0.06490384615384616 0.027644230769230768
0 0.4651442307692308 0.20192307692307693 0.04447115384615385 0.10216346153846154
0 0.8497596153846154 0.43028846153846156 0.042067307692307696 0.08774038461538461
0 0.9795673076923077 0.5084134615384616 0.037259615384615384 0.06009615384615385
0 0.5 0.8185096153846154 0.078125 0.06490384615384616
0 0.5745192307692307 0.7235576923076923 0.056490384615384616 0.0985576923076923
0 0.36177884615384615 0.5600961538461539 0.055288461538461536 0.05889423076923077
0 0.027644230769230768 0.8076923076923077 0.055288461538461536 0.028846153846153848
0 0.24639423076923078 0.09615384615384616 0.0985576923076923 0.12259615384615384
0 0.015625 0.4026442307692308 0.030048076923076924 0.07451923076923077
0 0.24519230769230768 0.19110576923076922 0.042067307692307696 0.09254807692307693
0 0.203125 0.7259615384615384 0.08052884615384616 0.0985576923076923
0 0.051682692307692304 0.44591346153846156 0.030048076923076924 0.06129807692307692