0 0.4675480769230769 0.15144230769230768 0.08774038461538461 0.052884615384615384
0 0.7920673076923077 0.9675480769230769 0.14302884615384615 0.0625
0 0.1045673076923077 0.8569711538461539 0.11177884615384616 0.08052884615384616
0 0.3581730769230769 0.6490384615384616 0.10216346153846154 0.06009615384615385
0 0.11778846153846154 0.984375 0.09495192307692307 0.028846153846153848
0 0.6442307692307693 0.5877403846153846 0.1201923076923077 0.03245192307692308
0 0.025240384615384616 0.08052884615384616 0.05048076923076923 0.04447115384615385
0 0.21153846153846154 0.28365384615384615 0.06129807692307692 0.06490384615384616
0 0.1875 0.2980769230769231 0.10216346153846154 0.046875
0 0.9134615384615384 0.6862980769230769 0.05889423076923077 0.02403846153846154
0 0.0733173076923077 0.8365384615384616 0.054086538461538464 0.04447115384615385
0 0.4519230769230769 0.6490384615384616 0.08653846153846154 0.08653846153846154
0 0.19951923076923078 0.11658653846153846 0.05889423076923077 0.039663461538461536
0 0.1658653846153846 0.5865384615384616 0.0673076923076923 0.04927884615384615
0 0.28846153846153844 0.5600961538461539 0.10697115384615384 0.038461538461538464
0 0.039663461538461536 0.41225961538461536 0.078125 0.039663461538461536
0 0.25 0.6358173076923077 0.13822115384615385 0.03485576923076923
0 0.3449519230769231 0.2536057692307692 0.08052884615384616 0.038461538461538464
0 0.5769230769230769 0.53125 0.07211538461538461 0.04447115384615385
0 0.04447115384615385 0.9747596153846154 0.0889423076923077 0.04927884615384615
0 0.9795673076923077 0.8100961538461539 0.038461538461538464 0.07451923076923077
0 0.4483173076923077 0.8305288461538461 0.1141826923076923 0.0889423076923077
0 0.6598557692307693 0.22596153846153846 0.078125 0.05889423076923077
0 0.10336538461538461 0.5745192307692307 0.109375 0.051682692307692304
0 0.9459134615384616 0.3425480769230769 0.052884615384615384 0.039663461538461536
0 0.6778846153846154 0.9459134615384616 0.08533653846153846 0.036057692307692304
0 0.8365384615384616 0.016826923076923076 0.07451923076923077 0.03245192307692308
0 0.27403846153846156 0.016826923076923076 0.0673076923076923 0.03365384615384615
0 0.09014423076923077 0.3641826923076923 0.06971153846153846 0.06971153846153846
0 0.7103365384615384 0.9050480769230769 0.15985576923076922 0.04927884615384615
0 0.9699519230769231 0.09495192307692307 0.05889423076923077 0.04326923076923077
0 0.4579326923076923 0.06850961538461539 0.15504807692307693 0.042067307692307696
0 0.6911057692307693 0.6538461538461539 0.04326923076923077 0.04927884615384615
0 0.6887019230769231 0.29447115384615385 0.10817307692307693 0.037259615384615384
0 0.9194711538461539 0.48677884615384615 0.07091346153846154 0.04447115384615385
0 0.8617788461538461 0.055288461538461536 0.055288461538461536 0.03365384615384615
0 0.03125 0.6538461538461539 0.0625 0.04447115384615385
0 0.9134615384615384 0.45913461538461536 0.07572115384615384 0.042067307692307696
0 0.37259615384615385 0.036057692307692304 0.10336538461538461 0.052884615384615384
0 0.6574519230769231 0.625 0.09495192307692307 0.04567307692307692
0 0.7512019230769231 0.6790865384615384 0.12379807692307693 0.036057692307692304
0 0.055288461538461536 0.07211538461538461 0.11057692307692307 0.06009615384615385
0 0.8353365384615384 0.1814903846153846 0.06850961538461539 0.078125
0 0.7163461538461539 0.4855769230769231 0.06490384615384616 0.06490384615384616
0 0.7127403846153846 0.23197115384615385 0.03125 0.07451923076923077
0 0.7680288461538461 0.4074519230769231 0.08173076923076923 0.03365384615384615
0 0.4795673076923077 0.9266826923076923 0.06009615384615385 0.039663461538461536
0 0.23918269230769232 0.4807692307692308 0.15504807692307693 0.0673076923076923
0 0.8677884615384616 0.25 0.10817307692307693 0.042067307692307696
0 0.5853365384615384 0.9074519230769231 0.052884615384615384 0.03365384615384615
0 0.6189903846153846 0.7463942307692307 0.11778846153846154 0.040865384615384616
0 0.1141826923076923 0.02283653846153846 0.10336538461538461 0.04567307692307692
0 0.028846153846153848 0.796875 0.056490384615384616 0.03485576923076923
0 0.30408653846153844 0.16947115384615385 0.1310096153846154 0.09615384615384616
0 0.3293269230769231 0.9278846153846154 0.06490384615384616 0.04567307692307692
0 0.6610576923076923 0.8774038461538461 0.08052884615384616 0.025240384615384616
0 0.21153846153846154 0.9002403846153846 0.09735576923076923 0.04447115384615385
0 0.6117788461538461 0.9831730769230769 0.11778846153846154 0.028846153846153848
0 0.4110576923076923 0.546875 0.13341346153846154 0.055288461538461536
0 0.5516826923076923 0.8137019230769231 0.13221153846153846 0.03485576923076923
0 0.06971153846153846 0.9026442307692307 0.08052884615384616 0.025240384615384616
0 0.6670673076923077 0.12139423076923077 0.042067307692307696 0.06610576923076923
0 0.5036057692307693 0.6298076923076923 0.08533653846153846 0.039663461538461536
0 0.4375 0.4423076923076923 0.06971153846153846 0.07932692307692307
0 0.9338942307692307 0.5697115384615384 0.06971153846153846 0.040865384615384616
0 0.9723557692307693 0.2860576923076923 0.054086538461538464 0.06610576923076923
0 0.4026442307692308 0.4014423076923077 0.10817307692307693 0.04567307692307692
0 0.6838942307692307 0.33413461538461536 0.078125 0.028846153846153848
0 0.8725961538461539 0.7920673076923077 0.10697115384615384 0.06610576923076923
0 0.22355769230769232 0.9615384615384616 0.08052884615384616 0.038461538461538464
0 0.3798076923076923 0.9206730769230769 0.10817307692307693 0.04326923076923077
0 0.5600961538461539 0.49158653846153844 0.10697115384615384 0.055288461538461536