0 0.5709134615384616 0.9254807692307693 0.06490384615384616 0.1466346153846154
0 0.025240384615384616 0.9579326923076923 0.05048076923076923 0.07932692307692307
0 0.3425480769230769 0.4098557692307692 0.0733173076923077 0.11177884615384616
0 0.5432692307692307 0.546875 0.11538461538461539 0.10096153846153846
0 0.8641826923076923 0.9663461538461539 0.07091346153846154 0.06490384615384616
0 0.37259615384615385 0.9699519230769231 0.07091346153846154 0.057692307692307696
0 0.4831730769230769 0.7920673076923077 0.078125 0.12740384615384615
0 0.3942307692307692 0.8040865384615384 0.07692307692307693 0.14903846153846154
0 0.13221153846153846 0.171875 0.17427884615384615 0.13822115384615385
0 0.2644230769230769 0.03485576923076923 0.06490384615384616 0.0673076923076923
0 0.03125 0.22956730769230768 0.0625 0.09615384615384616
0 0.055288461538461536 0.27524038461538464 0.10697115384615384 0.046875
0 0.578125 0.020432692307692308 0.08052884615384616 0.039663461538461536
0 0.19471153846153846 0.11298076923076923 0.10697115384615384 0.0985576923076923
0 0.8725961538461539 0.6766826923076923 0.08774038461538461 0.09615384615384616
0 0.7788461538461539 0.19831730769230768 0.08052884615384616 0.09134615384615384
0 0.07932692307692307 0.09014423076923077 0.07692307692307693 0.07932692307692307
0 0.453125 0.5024038461538461 0.10817307692307693 0.12860576923076922
0 0.030048076923076924 0.8064903846153846 0.06009615384615385 0.13701923076923078
0 0.7043269230769231 0.8677884615384616 0.08413461538461539 0.09014423076923077
0 0.32091346153846156 0.1778846153846154 0.12259615384615384 0.11177884615384616
0 0.8629807692307693 0.32211538461538464 0.055288461538461536 0.06971153846153846