0 0.3245192307692308 0.43509615384615385 0.038461538461538464 0.018028846153846152
0 0.7367788461538461 0.5360576923076923 0.06009615384615385 0.028846153846153848
0 0.8701923076923077 0.9074519230769231 0.06850961538461539 0.057692307692307696
0 0.30408653846153844 0.953125 0.09495192307692307 0.04326923076923077
0 0.296875 0.47115384615384615 0.0673076923076923 0.04447115384615385
0 0.2800480769230769 0.7379807692307693 0.056490384615384616 0.04447115384615385
0 0.06971153846153846 0.10216346153846154 0.05048076923076923 0.036057692307692304
0 0.019230769230769232 0.2692307692307692 0.03365384615384615 0.038461538461538464
0 0.4963942307692308 0.20432692307692307 0.10096153846153846 0.04447115384615385
0 0.4026442307692308 0.8173076923076923 0.05048076923076923 0.04807692307692308
0 0.8954326923076923 0.8040865384615384 0.06370192307692307 0.06490384615384616
0 0.8305288461538461 0.34615384615384615 0.06490384615384616 0.04447115384615385
0 0.20072115384615385 0.5600961538461539 0.0829326923076923 0.13221153846153846
0 0.19831730769230768 0.8461538461538461 0.042067307692307696 0.03485576923076923
0 0.12740384615384615 0.3605769230769231 0.052884615384615384 0.037259615384615384
0 0.33653846153846156 0.203125 0.055288461538461536 0.02403846153846154
0 0.265625 0.09975961538461539 0.046875 0.04326923076923077
0 0.7836538461538461 0.6081730769230769 0.06610576923076923 0.036057692307692304
0 0.9615384615384616 0.24278846153846154 0.06490384615384616 0.03365384615384615