0 0.6646634615384616 0.06850961538461539 0.046875 0.040865384615384616
0 0.9663461538461539 0.9014423076923077 0.0625 0.0673076923076923
0 0.9495192307692307 0.9182692307692307 0.08052884615384616 0.037259615384615384
0 0.6766826923076923 0.38341346153846156 0.09375 0.06490384615384616
0 0.9038461538461539 0.10697115384615384 0.08413461538461539 0.06490384615384616
0 0.7800480769230769 0.15865384615384615 0.06009615384615385 0.04447115384615385
0 0.8653846153846154 0.8389423076923077 0.06610576923076923 0.042067307692307696
0 0.30528846153846156 0.12259615384615384 0.09375 0.055288461538461536
0 0.09014423076923077 0.41225961538461536 0.11899038461538461 0.10096153846153846
0 0.7704326923076923 0.19230769230769232 0.07091346153846154 0.042067307692307696
0 0.7235576923076923 0.057692307692307696 0.04447115384615385 0.06129807692307692
0 0.10336538461538461 0.7632211538461539 0.1201923076923077 0.07451923076923077
0 0.1778846153846154 0.671875 0.0829326923076923 0.052884615384615384
0 0.8125 0.46875 0.0673076923076923 0.038461538461538464
0 0.05889423076923077 0.8665865384615384 0.09495192307692307 0.057692307692307696
0 0.07451923076923077 0.8161057692307693 0.125 0.038461538461538464
0 0.8173076923076923 0.5649038461538461 0.03485576923076923 0.037259615384615384
0 0.875 0.46033653846153844 0.06971153846153846 0.03365384615384615
0 0.2536057692307692 0.015625 0.1201923076923077 0.03125
0 0.09375 0.6165865384615384 0.10697115384615384 0.09254807692307693
0 0.23076923076923078 0.43990384615384615 0.1045673076923077 0.051682692307692304
0 0.3076923076923077 0.8665865384615384 0.12620192307692307 0.055288461538461536
0 0.8605769230769231 0.796875 0.04447115384615385 0.04567307692307692
0 0.90625 0.8786057692307693 0.07091346153846154 0.046875
0 0.515625 0.43149038461538464 0.09254807692307693 0.06850961538461539
0 0.6586538461538461 0.6790865384615384 0.06850961538461539 0.10096153846153846
0 0.7079326923076923 0.2704326923076923 0.046875 0.0673076923076923
0 0.9399038461538461 0.734375 0.07572115384615384 0.07451923076923077
0 0.32091346153846156 0.40384615384615385 0.10817307692307693 0.052884615384615384
0 0.984375 0.6646634615384616 0.028846153846153848 0.09134615384615384
0 0.20793269230769232 0.31850961538461536 0.109375 0.07572115384615384
0 0.23197115384615385 0.6358173076923077 0.07572115384615384 0.06490384615384616
0 0.12139423076923077 0.5384615384615384 0.0673076923076923 0.04567307692307692
0 0.9375 0.6862980769230769 0.08413461538461539 0.03125
0 0.09495192307692307 0.055288461538461536 0.07572115384615384 0.05889423076923077
0 0.34975961538461536 0.7800480769230769 0.056490384615384616 0.06129807692307692
0 0.4579326923076923 0.3701923076923077 0.08653846153846154 0.078125
0 0.7944711538461539 0.3233173076923077 0.04927884615384615 0.07091346153846154
0 0.5324519230769231 0.8918269230769231 0.0733173076923077 0.14302884615384615
0 0.5576923076923077 0.1141826923076923 0.07211538461538461 0.039663461538461536
0 0.22115384615384615 0.171875 0.09615384615384616 0.055288461538461536
0 0.671875 0.203125 0.057692307692307696 0.03245192307692308
0 0.08533653846153846 0.3449519230769231 0.10336538461538461 0.057692307692307696
0 0.16706730769230768 0.4182692307692308 0.04807692307692308 0.036057692307692304
0 0.4675480769230769 0.6923076923076923 0.0733173076923077 0.09495192307692307
0 0.7716346153846154 0.4987980769230769 0.07572115384615384 0.046875
0 0.08774038461538461 0.796875 0.09134615384615384 0.04447115384615385
0 0.3557692307692308 0.02283653846153846 0.04567307692307692 0.04447115384615385
0 0.014423076923076924 0.17548076923076922 0.028846153846153848 0.0733173076923077
0 0.5444711538461539 0.7932692307692307 0.07091346153846154 0.05048076923076923
0 0.6742788461538461 0.484375 0.07932692307692307 0.042067307692307696
0 0.21394230769230768 0.5733173076923077 0.09975961538461539 0.04447115384615385
0 0.19951923076923078 0.7992788461538461 0.08653846153846154 0.04927884615384615
0 0.9603365384615384 0.6670673076923077 0.057692307692307696 0.10216346153846154
0 0.8125 0.26802884615384615 0.054086538461538464 0.046875
0 0.21995192307692307 0.9375 0.09975961538461539 0.05889423076923077
0 0.2439903846153846 0.28125 0.05048076923076923 0.06129807692307692
0 0.4987980769230769 0.9579326923076923 0.051682692307692304 0.0829326923076923
0 0.15745192307692307 0.3786057692307692 0.04807692307692308 0.04567307692307692
0 0.18269230769230768 0.19951923076923078 0.0733173076923077 0.036057692307692304
0 0.25600961538461536 0.042067307692307696 0.055288461538461536 0.051682692307692304
0 0.13581730769230768 0.59375 0.1141826923076923 0.09134615384615384
0 0.4423076923076923 0.21754807692307693 0.07572115384615384 0.057692307692307696
0 0.20793269230769232 0.7307692307692307 0.12259615384615384 0.057692307692307696
0 0.7439903846153846 0.49278846153846156 0.07451923076923077 0.06971153846153846
0 0.9399038461538461 0.8173076923076923 0.054086538461538464 0.04567307692307692
0 0.15504807692307693 0.31850961538461536 0.11778846153846154 0.13942307692307693
0 0.25961538461538464 0.47596153846153844 0.08653846153846154 0.037259615384615384
0 0.34615384615384615 0.984375 0.06490384615384616 0.028846153846153848
0 0.6646634615384616 0.3581730769230769 0.09375 0.06009615384615385
0 0.36538461538461536 0.8509615384615384 0.0889423076923077 0.051682692307692304
0 0.9603365384615384 0.32211538461538464 0.07692307692307693 0.09375
0 0.8461538461538461 0.018028846153846152 0.04326923076923077 0.03485576923076923
0 0.9170673076923077 0.36177884615384615 0.055288461538461536 0.09615384615384616
0 0.7572115384615384 0.7259615384615384 0.04927884615384615 0.05048076923076923