0 0.29086538461538464 0.2439903846153846 0.08052884615384616 0.0625
0 0.4495192307692308 0.3641826923076923 0.09254807692307693 0.09014423076923077
0 0.20432692307692307 0.3485576923076923 0.109375 0.10096153846153846
0 0.453125 0.10576923076923077 0.10216346153846154 0.13822115384615385
0 0.30528846153846156 0.9459134615384616 0.09975961538461539 0.10576923076923077
0 0.38221153846153844 0.019230769230769232 0.078125 0.038461538461538464
0 0.03365384615384615 0.9242788461538461 0.0673076923076923 0.07932692307692307
0 0.054086538461538464 0.6694711538461539 0.10817307692307693 0.0625
0 0.6646634615384616 0.3233173076923077 0.11778846153846154 0.140625
0 0.9254807692307693 0.7115384615384616 0.09975961538461539 0.0889423076923077
0 0.8978365384615384 0.5072115384615384 0.09615384615384616 0.06971153846153846
0 0.640625 0.4495192307692308 0.10697115384615384 0.09014423076923077
0 0.14903846153846154 0.3762019230769231 0.06009615384615385 0.0625
0 0.8774038461538461 0.40384615384615385 0.17427884615384615 0.12259615384615384
0 0.0985576923076923 0.21754807692307693 0.08653846153846154 0.1778846153846154
0 0.39302884615384615 0.18990384615384615 0.08774038461538461 0.14423076923076922
0 0.5733173076923077 0.3557692307692308 0.09615384615384616 0.0889423076923077
0 0.31009615384615385 0.8100961538461539 0.11658653846153846 0.09134615384615384
0 0.057692307692307696 0.10697115384615384 0.08653846153846154 0.078125
0 0.15745192307692307 0.7932692307692307 0.057692307692307696 0.12259615384615384
0 0.03245192307692308 0.6237980769230769 0.06490384615384616 0.055288461538461536
0 0.7944711538461539 0.6418269230769231 0.078125 0.08533653846153846
0 0.042067307692307696 0.3293269230769231 0.08413461538461539 0.10697115384615384
0 0.7355769230769231 0.6153846153846154 0.10817307692307693 0.10697115384615384
0 0.21153846153846154 0.7836538461538461 0.055288461538461536 0.09014423076923077
0 0.41225961538461536 0.8173076923076923 0.0829326923076923 0.17427884615384615
0 0.7704326923076923 0.25961538461538464 0.10096153846153846 0.14783653846153846
0 0.27163461538461536 0.140625 0.12740384615384615 0.14182692307692307
0 0.07932692307692307 0.02283653846153846 0.09615384615384616 0.04567307692307692
0 0.7788461538461539 0.021634615384615384 0.078125 0.042067307692307696