0 0.34375 0.10336538461538461 0.07932692307692307 0.08774038461538461
0 0.5384615384615384 0.4807692307692308 0.08052884615384616 0.0889423076923077
0 0.9591346153846154 0.046875 0.08052884615384616 0.07211538461538461
0 0.7548076923076923 0.4423076923076923 0.0733173076923077 0.09134615384615384
0 0.12740384615384615 0.5865384615384616 0.06850961538461539 0.0625
0 0.32211538461538464 0.5889423076923077 0.08413461538461539 0.06129807692307692
0 0.06370192307692307 0.2824519230769231 0.0625 0.07932692307692307
0 0.12620192307692307 0.018028846153846152 0.052884615384615384 0.03485576923076923
0 0.18629807692307693 0.05048076923076923 0.046875 0.03365384615384615
0 0.5805288461538461 0.125 0.09134615384615384 0.09134615384615384
0 0.6742788461538461 0.21875 0.0625 0.06129807692307692
0 0.24278846153846154 0.49278846153846156 0.06370192307692307 0.06610576923076923
0 0.8197115384615384 0.4014423076923077 0.07451923076923077 0.08413461538461539
0 0.26802884615384615 0.890625 0.06009615384615385 0.06490384615384616
0 0.046875 0.421875 0.06490384615384616 0.0829326923076923
0 0.609375 0.06610576923076923 0.0625 0.046875
0 0.8149038461538461 0.24519230769230768 0.06490384615384616 0.06370192307692307
0 0.828125 0.4723557692307692 0.08173076923076923 0.0889423076923077
0 0.4206730769230769 0.026442307692307692 0.08052884615384616 0.051682692307692304
0 0.7608173076923077 0.10096153846153846 0.07451923076923077 0.04927884615384615
0 0.703125 0.8028846153846154 0.0625 0.07451923076923077
0 0.33533653846153844 0.8173076923076923 0.06971153846153846 0.09254807692307693
0 0.109375 0.36778846153846156 0.0829326923076923 0.06971153846153846
0 0.1346153846153846 0.41947115384615385 0.0673076923076923 0.055288461538461536
0 0.8966346153846154 0.43990384615384615 0.07572115384615384 0.08052884615384616
0 0.2776442307692308 0.9651442307692307 0.08052884615384616 0.06850961538461539
0 0.3173076923076923 0.8834134615384616 0.06009615384615385 0.06971153846153846
0 0.10817307692307693 0.04447115384615385 0.0829326923076923 0.052884615384615384
0 0.3473557692307692 0.96875 0.06129807692307692 0.06009615384615385
0 0.7524038461538461 0.056490384615384616 0.0985576923076923 0.07451923076923077
0 0.05048076923076923 0.9050480769230769 0.10096153846153846 0.09134615384615384
0 0.9663461538461539 0.6935096153846154 0.06490384615384616 0.09254807692307693
0 0.11658653846153846 0.078125 0.06009615384615385 0.06009615384615385
0 0.7259615384615384 0.5697115384615384 0.09375 0.06850961538461539
0 0.9795673076923077 0.43509615384615385 0.038461538461538464 0.06610576923076923
0 0.234375 0.421875 0.06490384615384616 0.07091346153846154
0 0.42908653846153844 0.45552884615384615 0.09615384615384616 0.09975961538461539
0 0.8617788461538461 0.3737980769230769 0.08173076923076923 0.07091346153846154
0 0.39302884615384615 0.49759615384615385 0.06490384615384616 0.05889423076923077
0 0.8149038461538461 0.90625 0.08413461538461539 0.07451923076923077
0 0.8100961538461539 0.0829326923076923 0.05048076923076923 0.04326923076923077
0 0.7235576923076923 0.5084134615384616 0.0733173076923077 0.06610576923076923
0 0.703125 0.3016826923076923 0.07091346153846154 0.10096153846153846
0 0.8173076923076923 0.6670673076923077 0.06850961538461539 0.06490384615384616
0 0.3737980769230769 0.5576923076923077 0.042067307692307696 0.057692307692307696
0 0.7355769230769231 0.9603365384615384 0.08052884615384616 0.078125
0 0.6790865384615384 0.9543269230769231 0.06490384615384616 0.06610576923076923
0 0.6334134615384616 0.038461538461538464 0.0889423076923077 0.07692307692307693
0 0.24759615384615385 0.039663461538461536 0.07451923076923077 0.057692307692307696
0 0.10697115384615384 0.5324519230769231 0.0733173076923077 0.06610576923076923
0 0.13822115384615385 0.4951923076923077 0.07451923076923077 0.04927884615384615
0 0.09134615384615384 0.9615384615384616 0.06490384615384616 0.052884615384615384
0 0.2800480769230769 0.027644230769230768 0.05048076923076923 0.055288461538461536
0 0.75 0.8978365384615384 0.06971153846153846 0.07091346153846154
0 0.32091346153846156 0.4879807692307692 0.06370192307692307 0.05889423076923077
0 0.3425480769230769 0.5372596153846154 0.06971153846153846 0.06610576923076923