0 0.9543269230769231 0.953125 0.08173076923076923 0.09254807692307693
0 0.5060096153846154 0.13221153846153846 0.10576923076923077 0.12860576923076922
0 0.09615384615384616 0.4170673076923077 0.07572115384615384 0.10697115384615384
0 0.5480769230769231 0.7079326923076923 0.13822115384615385 0.32211538461538464
0 0.9314903846153846 0.3329326923076923 0.1346153846153846 0.16346153846153846
0 0.40625 0.19110576923076922 0.09134615384615384 0.1045673076923077
0 0.8870192307692307 0.5853365384615384 0.10697115384615384 0.20793269230769232
0 0.6069711538461539 0.7992788461538461 0.10697115384615384 0.11778846153846154
0 0.3401442307692308 0.984375 0.17307692307692307 0.030048076923076924
0 0.859375 0.4519230769230769 0.09495192307692307 0.16346153846153846
0 0.06850961538461539 0.2403846153846154 0.13701923076923078 0.09134615384615384
0 0.04326923076923077 0.0625 0.08653846153846154 0.125
0 0.1346153846153846 0.2860576923076923 0.09735576923076923 0.1141826923076923
0 0.6622596153846154 0.921875 0.26802884615384615 0.09495192307692307
0 0.7620192307692307 0.06009615384615385 0.09134615384615384 0.1201923076923077
0 0.29927884615384615 0.78125 0.13221153846153846 0.20432692307692307
0 0.7836538461538461 0.4254807692307692 0.08774038461538461 0.18990384615384615
0 0.9723557692307693 0.3233173076923077 0.04927884615384615 0.15264423076923078
0 0.41346153846153844 0.6923076923076923 0.06490384615384616 0.09495192307692307
0 0.08413461538461539 0.1875 0.16826923076923078 0.109375
0 0.22716346153846154 0.3485576923076923 0.07692307692307693 0.17668269230769232
0 0.48677884615384615 0.7572115384615384 0.09615384615384616 0.2764423076923077
0 0.875 0.953125 0.06009615384615385 0.0889423076923077
0 0.4254807692307692 0.8425480769230769 0.09014423076923077 0.11057692307692307
0 0.15144230769230768 0.11899038461538461 0.14543269230769232 0.15625
0 0.046875 0.3317307692307692 0.07932692307692307 0.12740384615384615
0 0.15264423076923078 0.5288461538461539 0.14903846153846154 0.051682692307692304
0 0.11778846153846154 0.8317307692307693 0.23557692307692307 0.10096153846153846
0 0.8257211538461539 0.7211538461538461 0.09134615384615384 0.22596153846153846