0 0.140625 0.16346153846153846 0.03485576923076923 0.04326923076923077
0 0.12980769230769232 0.025240384615384616 0.03365384615384615 0.03485576923076923
0 0.6730769230769231 0.6838942307692307 0.021634615384615384 0.018028846153846152
0 0.04807692307692308 0.8677884615384616 0.030048076923076924 0.06490384615384616
0 0.6646634615384616 0.4338942307692308 0.03125 0.057692307692307696
0 0.33653846153846156 0.9867788461538461 0.03365384615384615 0.025240384615384616
0 0.34615384615384615 0.06370192307692307 0.02403846153846154 0.026442307692307692
0 0.41947115384615385 0.6694711538461539 0.03125 0.019230769230769232
0 0.9639423076923077 0.29927884615384615 0.038461538461538464 0.03365384615384615
0 0.7740384615384616 0.21995192307692307 0.04447115384615385 0.02403846153846154
0 0.23798076923076922 0.13942307692307693 0.028846153846153848 0.037259615384615384
0 0.7403846153846154 0.9915865384615384 0.038461538461538464 0.014423076923076924
0 0.38461538461538464 0.9747596153846154 0.04447115384615385 0.039663461538461536
0 0.11177884615384616 0.9615384615384616 0.02403846153846154 0.03365384615384615
0 0.7307692307692307 0.6358173076923077 0.036057692307692304 0.030048076923076924
0 0.0733173076923077 0.8846153846153846 0.03365384615384615 0.04567307692307692
0 0.4110576923076923 0.1141826923076923 0.030048076923076924 0.03485576923076923
0 0.03485576923076923 0.9879807692307693 0.02403846153846154 0.021634615384615384
0 0.5264423076923077 0.3701923076923077 0.052884615384615384 0.10216346153846154
0 0.5889423076923077 0.140625 0.051682692307692304 0.04927884615384615
0 0.0889423076923077 0.40625 0.026442307692307692 0.042067307692307696
0 0.15264423076923078 0.6009615384615384 0.021634615384615384 0.028846153846153848
0 0.828125 0.20673076923076922 0.018028846153846152 0.04447115384615385
0 0.1935096153846154 0.2824519230769231 0.03365384615384615 0.027644230769230768
0 0.2692307692307692 0.65625 0.019230769230769232 0.02283653846153846
0 0.6658653846153846 0.08413461538461539 0.02403846153846154 0.038461538461538464
0 0.16826923076923078 0.9014423076923077 0.042067307692307696 0.038461538461538464
0 0.9579326923076923 0.5012019230769231 0.05889423076923077 0.04927884615384615
0 0.9663461538461539 0.12139423076923077 0.028846153846153848 0.028846153846153848
0 0.3016826923076923 0.4675480769230769 0.020432692307692308 0.04567307692307692
0 0.46033653846153844 0.453125 0.03485576923076923 0.038461538461538464
0 0.5336538461538461 0.23918269230769232 0.02403846153846154 0.03125
0 0.5120192307692307 0.7307692307692307 0.038461538461538464 0.02403846153846154