0 0.1045673076923077 0.7980769230769231 0.140625 0.06009615384615385
0 0.9567307692307693 0.9735576923076923 0.08052884615384616 0.04927884615384615
0 0.8112980769230769 0.42788461538461536 0.09134615384615384 0.06009615384615385
0 0.828125 0.6298076923076923 0.10096153846153846 0.05889423076923077
0 0.7331730769230769 0.030048076923076924 0.10576923076923077 0.06009615384615385
0 0.10096153846153846 0.6274038461538461 0.18509615384615385 0.052884615384615384
0 0.8557692307692307 0.8112980769230769 0.09495192307692307 0.05889423076923077
0 0.9759615384615384 0.7043269230769231 0.046875 0.055288461538461536
0 0.9338942307692307 0.7788461538461539 0.0829326923076923 0.08052884615384616
0 0.7055288461538461 0.18629807692307693 0.09615384615384616 0.06490384615384616
0 0.8942307692307693 0.984375 0.08413461538461539 0.028846153846153848
0 0.9435096153846154 0.171875 0.10697115384615384 0.0625
0 0.06370192307692307 0.9098557692307693 0.07932692307692307 0.040865384615384616
0 0.9423076923076923 0.09975961538461539 0.09254807692307693 0.06129807692307692
0 0.6947115384615384 0.3317307692307692 0.10336538461538461 0.10096153846153846
0 0.05889423076923077 0.43028846153846156 0.11778846153846154 0.055288461538461536