0 0.484375 0.2512019230769231 0.0829326923076923 0.11057692307692307
0 0.6117788461538461 0.33774038461538464 0.08533653846153846 0.06971153846153846
0 0.4699519230769231 0.9915865384615384 0.04447115384615385 0.015625
0 0.6490384615384616 0.5420673076923077 0.09615384615384616 0.09254807692307693
0 0.7331730769230769 0.49399038461538464 0.11177884615384616 0.10336538461538461
0 0.9915865384615384 0.15384615384615385 0.014423076923076924 0.08173076923076923
0 0.06009615384615385 0.7524038461538461 0.11899038461538461 0.0673076923076923
0 0.8665865384615384 0.9771634615384616 0.07692307692307693 0.038461538461538464
0 0.07692307692307693 0.17548076923076922 0.10576923076923077 0.10697115384615384
0 0.9711538461538461 0.29447115384615385 0.056490384615384616 0.07211538461538461
0 0.8725961538461539 0.5348557692307693 0.06971153846153846 0.06490384615384616
0 0.39302884615384615 0.5625 0.08774038461538461 0.07451923076923077
0 0.19591346153846154 0.1045673076923077 0.0889423076923077 0.11177884615384616
0 0.4831730769230769 0.7283653846153846 0.07211538461538461 0.07091346153846154
0 0.7632211538461539 0.057692307692307696 0.10697115384615384 0.10576923076923077
0 0.3473557692307692 0.8293269230769231 0.06009615384615385 0.09615384615384616
0 0.9627403846153846 0.8149038461538461 0.0733173076923077 0.09495192307692307
0 0.42788461538461536 0.6550480769230769 0.09615384615384616 0.078125
0 0.04567307692307692 0.5372596153846154 0.09134615384615384 0.109375
0 0.8978365384615384 0.6502403846153846 0.09014423076923077 0.09134615384615384
0 0.16826923076923078 0.35336538461538464 0.0889423076923077 0.11778846153846154
0 0.9134615384615384 0.17548076923076922 0.0985576923076923 0.06971153846153846
0 0.2512019230769231 0.013221153846153846 0.05048076923076923 0.02403846153846154
0 0.7920673076923077 0.6274038461538461 0.0673076923076923 0.08774038461538461
0 0.03485576923076923 0.9807692307692307 0.06971153846153846 0.03485576923076923
0 0.010817307692307692 0.4326923076923077 0.020432692307692308 0.07692307692307693
0 0.8822115384615384 0.2920673076923077 0.08774038461538461 0.09134615384615384
0 0.2776442307692308 0.36538461538461536 0.11177884615384616 0.09134615384615384
0 0.3401442307692308 0.9375 0.15264423076923078 0.12139423076923077
0 0.9579326923076923 0.5576923076923077 0.08173076923076923 0.13822115384615385
0 0.7740384615384616 0.703125 0.07091346153846154 0.11057692307692307
0 0.31490384615384615 0.039663461538461536 0.08052884615384616 0.07932692307692307
0 0.8185096153846154 0.9158653846153846 0.05889423076923077 0.10697115384615384
0 0.3641826923076923 0.34375 0.08173076923076923 0.06850961538461539
0 0.25 0.7872596153846154 0.08052884615384616 0.1141826923076923
0 0.23677884615384615 0.9783653846153846 0.08774038461538461 0.042067307692307696
0 0.07211538461538461 0.875 0.11177884615384616 0.0829326923076923
0 0.1045673076923077 0.4375 0.08653846153846154 0.08533653846153846
0 0.14302884615384615 0.15144230769230768 0.15384615384615385 0.14903846153846154
0 0.9819711538461539 0.42908653846153844 0.03365384615384615 0.08173076923076923
0 0.7487980769230769 0.9819711538461539 0.08052884615384616 0.03125
0 0.3173076923076923 0.19831730769230768 0.1346153846153846 0.10697115384615384
0 0.9350961538461539 0.03485576923076923 0.06971153846153846 0.06971153846153846
0 0.018028846153846152 0.9290865384615384 0.03485576923076923 0.06370192307692307
0 0.6262019230769231 0.6382211538461539 0.14423076923076922 0.1201923076923077
0 0.8641826923076923 0.921875 0.06490384615384616 0.0625
0 0.7019230769230769 0.15625 0.07451923076923077 0.09254807692307693
0 0.40865384615384615 0.31971153846153844 0.06490384615384616 0.0625
0 0.8028846153846154 0.9651442307692307 0.1045673076923077 0.0673076923076923