0 0.40625 0.05048076923076923 0.09615384615384616 0.10096153846153846
0 0.9663461538461539 0.8581730769230769 0.06490384615384616 0.09615384615384616
0 0.9002403846153846 0.2956730769230769 0.08533653846153846 0.056490384615384616
0 0.09134615384615384 0.22115384615384615 0.11538461538461539 0.09615384615384616
0 0.2283653846153846 0.30528846153846156 0.16947115384615385 0.20072115384615385
0 0.8064903846153846 0.7800480769230769 0.12139423076923077 0.08052884615384616
0 0.7572115384615384 0.6742788461538461 0.1778846153846154 0.06850961538461539
0 0.9759615384615384 0.7728365384615384 0.04447115384615385 0.0625
0 0.6634615384615384 0.4110576923076923 0.10697115384615384 0.20552884615384615
0 0.5228365384615384 0.41466346153846156 0.1502403846153846 0.20072115384615385
0 0.8052884615384616 0.2920673076923077 0.11538461538461539 0.1201923076923077
0 0.06370192307692307 0.9086538461538461 0.1141826923076923 0.14543269230769232
0 0.6838942307692307 0.10697115384615384 0.1502403846153846 0.20793269230769232
0 0.9579326923076923 0.19230769230769232 0.06610576923076923 0.0673076923076923
0 0.8617788461538461 0.40024038461538464 0.07451923076923077 0.06490384615384616
0 0.8569711538461539 0.5949519230769231 0.13581730769230768 0.09375
0 0.4855769230769231 0.0985576923076923 0.1045673076923077 0.12740384615384615
0 0.8870192307692307 0.24879807692307693 0.08052884615384616 0.05889423076923077
0 0.026442307692307692 0.40625 0.052884615384615384 0.14903846153846154
0 0.17548076923076922 0.7548076923076923 0.12259615384615384 0.17307692307692307
0 0.03125 0.09375 0.06009615384615385 0.08653846153846154
0 0.9459134615384616 0.078125 0.10576923076923077 0.08173076923076923
0 0.41586538461538464 0.32211538461538464 0.12740384615384615 0.12980769230769232
0 0.4543269230769231 0.6322115384615384 0.10096153846153846 0.12139423076923077
0 0.5961538461538461 0.8990384615384616 0.07211538461538461 0.06971153846153846
0 0.7091346153846154 0.9663461538461539 0.14783653846153846 0.06610576923076923
0 0.7536057692307693 0.5817307692307693 0.06850961538461539 0.0829326923076923
0 0.3581730769230769 0.3016826923076923 0.057692307692307696 0.06009615384615385
0 0.12980769230769232 0.5841346153846154 0.09375 0.1310096153846154
0 0.0733173076923077 0.7512019230769231 0.09134615384615384 0.14543269230769232
0 0.2644230769230769 0.5733173076923077 0.0733173076923077 0.0673076923076923
0 0.7944711538461539 0.43509615384615385 0.11658653846153846 0.1310096153846154
0 0.3401442307692308 0.8341346153846154 0.09014423076923077 0.06610576923076923
0 0.6610576923076923 0.6694711538461539 0.14182692307692307 0.11899038461538461
0 0.09615384615384616 0.38461538461538464 0.18629807692307693 0.17668269230769232
0 0.40024038461538464 0.9795673076923077 0.08173076923076923 0.038461538461538464
0 0.265625 0.6574519230769231 0.12740384615384615 0.11057692307692307
0 0.33052884615384615 0.5432692307692307 0.06971153846153846 0.0733173076923077
0 0.4951923076923077 0.7728365384615384 0.09495192307692307 0.11177884615384616
0 0.31850961538461536 0.08052884615384616 0.11177884615384616 0.15144230769230768
0 0.01201923076923077 0.40024038461538464 0.02403846153846154 0.07572115384615384
0 0.18509615384615385 0.9507211538461539 0.10336538461538461 0.09615384615384616
0 0.17307692307692307 0.06490384615384616 0.09254807692307693 0.12740384615384615
0 0.9579326923076923 0.4098557692307692 0.08052884615384616 0.09134615384615384