0 0.671875 0.5144230769230769 0.051682692307692304 0.04927884615384615
0 0.6478365384615384 0.40625 0.026442307692307692 0.042067307692307696
0 0.6790865384615384 0.3713942307692308 0.02403846153846154 0.039663461538461536
0 0.6165865384615384 0.35697115384615385 0.026442307692307692 0.018028846153846152
0 0.2439903846153846 0.17668269230769232 0.04807692307692308 0.04807692307692308
0 0.23918269230769232 0.09495192307692307 0.055288461538461536 0.040865384615384616
0 0.0733173076923077 0.09134615384615384 0.0985576923076923 0.0985576923076923
0 0.08413461538461539 0.04567307692307692 0.04807692307692308 0.08052884615384616
0 0.038461538461538464 0.028846153846153848 0.046875 0.05048076923076923
0 0.3545673076923077 0.09975961538461539 0.04927884615384615 0.038461538461538464
0 0.3798076923076923 0.06490384615384616 0.03125 0.03125
0 0.34134615384615385 0.14423076923076922 0.02403846153846154 0.026442307692307692
0 0.4230769230769231 0.14182692307692307 0.0829326923076923 0.07091346153846154
0 0.37740384615384615 0.17908653846153846 0.05889423076923077 0.03365384615384615
0 0.052884615384615384 0.23798076923076922 0.10576923076923077 0.03125
0 0.12740384615384615 0.31490384615384615 0.11177884615384616 0.07572115384615384
0 0.046875 0.3076923076923077 0.09254807692307693 0.030048076923076924
0 0.15144230769230768 0.4014423076923077 0.11298076923076923 0.037259615384615384
0 0.1778846153846154 0.47596153846153844 0.06971153846153846 0.10336538461538461
0 0.38221153846153844 0.4951923076923077 0.06009615384615385 0.07692307692307693
0 0.3701923076923077 0.3449519230769231 0.030048076923076924 0.07572115384615384
0 0.4074519230769231 0.27884615384615385 0.08653846153846154 0.04447115384615385
0 0.45913461538461536 0.33653846153846156 0.08533653846153846 0.04447115384615385
0 0.5528846153846154 0.4170673076923077 0.042067307692307696 0.055288461538461536
0 0.5949519230769231 0.35697115384615385 0.046875 0.06490384615384616
0 0.6802884615384616 0.2764423076923077 0.046875 0.04567307692307692
0 0.65625 0.35697115384615385 0.06129807692307692 0.10697115384615384
0 0.4795673076923077 0.24278846153846154 0.04807692307692308 0.056490384615384616
0 0.296875 0.25240384615384615 0.03245192307692308 0.055288461538461536
0 0.3473557692307692 0.24759615384615385 0.027644230769230768 0.055288461538461536
0 0.3245192307692308 0.30649038461538464 0.04447115384615385 0.04447115384615385
0 0.5408653846153846 0.23798076923076922 0.04927884615384615 0.04567307692307692
0 0.5757211538461539 0.13942307692307693 0.056490384615384616 0.055288461538461536
0 0.5120192307692307 0.10697115384615384 0.037259615384615384 0.04326923076923077
0 0.6141826923076923 0.10697115384615384 0.03365384615384615 0.027644230769230768
0 0.7331730769230769 0.046875 0.04927884615384615 0.08533653846153846
0 0.6971153846153846 0.042067307692307696 0.03485576923076923 0.07692307692307693
0 0.6105769230769231 0.055288461538461536 0.03365384615384615 0.07692307692307693
0 0.5649038461538461 0.08774038461538461 0.02403846153846154 0.038461538461538464
0 0.5228365384615384 0.05889423076923077 0.04567307692307692 0.03365384615384615
0 0.7800480769230769 0.040865384615384616 0.03365384615384615 0.03245192307692308
0 0.8473557692307693 0.06971153846153846 0.06129807692307692 0.021634615384615384
0 0.7872596153846154 0.1778846153846154 0.05889423076923077 0.03365384615384615
0 0.6382211538461539 0.18990384615384615 0.03485576923076923 0.040865384615384616
0 0.7524038461538461 0.234375 0.06610576923076923 0.04447115384615385
0 0.859375 0.19110576923076922 0.046875 0.028846153846153848
0 0.9447115384615384 0.17067307692307693 0.07211538461538461 0.03365384615384615
0 0.8365384615384616 0.3317307692307692 0.028846153846153848 0.05889423076923077
0 0.9026442307692307 0.35096153846153844 0.09975961538461539 0.052884615384615384
0 0.7932692307692307 0.3894230769230769 0.06971153846153846 0.07091346153846154
0 0.11298076923076923 0.46274038461538464 0.028846153846153848 0.03365384615384615
0 0.8401442307692307 0.4651442307692308 0.030048076923076924 0.08653846153846154
0 0.7295673076923077 0.49038461538461536 0.06850961538461539 0.11298076923076923
0 0.9194711538461539 0.0985576923076923 0.06009615384615385 0.140625
0 0.15985576923076922 0.7475961538461539 0.06129807692307692 0.04447115384615385
0 0.35336538461538464 0.6394230769230769 0.038461538461538464 0.040865384615384616
0 0.4230769230769231 0.6526442307692307 0.036057692307692304 0.036057692307692304
0 0.5456730769230769 0.5841346153846154 0.04927884615384615 0.042067307692307696
0 0.8209134615384616 0.5516826923076923 0.04927884615384615 0.057692307692307696
0 0.9495192307692307 0.6442307692307693 0.025240384615384616 0.038461538461538464
0 0.9675480769230769 0.6983173076923077 0.0625 0.0673076923076923
0 0.6646634615384616 0.640625 0.036057692307692304 0.04447115384615385
0 0.7487980769230769 0.6502403846153846 0.03365384615384615 0.03245192307692308
0 0.8173076923076923 0.6418269230769231 0.06850961538461539 0.03365384615384615
0 0.8401442307692307 0.6346153846153846 0.055288461538461536 0.036057692307692304
0 0.8233173076923077 0.671875 0.06009615384615385 0.037259615384615384
0 0.7307692307692307 0.6971153846153846 0.05048076923076923 0.03125
0 0.703125 0.6514423076923077 0.028846153846153848 0.03245192307692308
0 0.2644230769230769 0.78125 0.04927884615384615 0.039663461538461536
0 0.3954326923076923 0.7752403846153846 0.057692307692307696 0.06370192307692307
0 0.375 0.8461538461538461 0.028846153846153848 0.10697115384615384
0 0.515625 0.9038461538461539 0.04567307692307692 0.06129807692307692
0 0.5841346153846154 0.8329326923076923 0.06490384615384616 0.038461538461538464
0 0.25600961538461536 0.84375 0.08653846153846154 0.07932692307692307
0 0.21033653846153846 0.8112980769230769 0.03485576923076923 0.054086538461538464
0 0.43509615384615385 0.7139423076923077 0.038461538461538464 0.026442307692307692
0 0.45552884615384615 0.7103365384615384 0.025240384615384616 0.03365384615384615
0 0.4699519230769231 0.7439903846153846 0.027644230769230768 0.04567307692307692
0 0.5024038461538461 0.7487980769230769 0.046875 0.020432692307692308
0 0.5649038461538461 0.703125 0.03245192307692308 0.03365384615384615
0 0.5204326923076923 0.6802884615384616 0.06129807692307692 0.036057692307692304
0 0.09495192307692307 0.7475961538461539 0.04567307692307692 0.03485576923076923
0 0.3786057692307692 0.5192307692307693 0.057692307692307696 0.11177884615384616
0 0.08774038461538461 0.859375 0.042067307692307696 0.054086538461538464
0 0.08653846153846154 0.8209134615384616 0.04326923076923077 0.046875
0 0.07211538461538461 0.7884615384615384 0.019230769230769232 0.018028846153846152
0 0.15745192307692307 0.8617788461538461 0.052884615384615384 0.0733173076923077
0 0.1935096153846154 0.9086538461538461 0.036057692307692304 0.052884615384615384
0 0.2668269230769231 0.9182692307692307 0.09375 0.06009615384615385
0 0.40865384615384615 0.9194711538461539 0.07451923076923077 0.04326923076923077
0 0.6358173076923077 0.8798076923076923 0.0733173076923077 0.02403846153846154
0 0.7487980769230769 0.765625 0.12740384615384615 0.03365384615384615
0 0.7944711538461539 0.9158653846153846 0.03365384615384615 0.04567307692307692
0 0.8088942307692307 0.84375 0.06129807692307692 0.06009615384615385
0 0.7560096153846154 0.8389423076923077 0.04927884615384615 0.057692307692307696
0 0.7512019230769231 0.8858173076923077 0.028846153846153848 0.055288461538461536
0 0.6682692307692307 0.9110576923076923 0.03125 0.036057692307692304
0 0.6670673076923077 0.9338942307692307 0.04447115384615385 0.036057692307692304
0 0.8858173076923077 0.7740384615384616 0.028846153846153848 0.027644230769230768
0 0.8257211538461539 0.7367788461538461 0.026442307692307692 0.02403846153846154
0 0.6814903846153846 0.8473557692307693 0.03365384615384615 0.036057692307692304
0 0.6634615384615384 0.8629807692307693 0.04807692307692308 0.030048076923076924
0 0.7055288461538461 0.7908653846153846 0.028846153846153848 0.02283653846153846
0 0.48677884615384615 0.057692307692307696 0.03125 0.02403846153846154
0 0.46274038461538464 0.11899038461538461 0.03365384615384615 0.036057692307692304
0 0.04807692307692308 0.16466346153846154 0.04447115384615385 0.06370192307692307
0 0.18389423076923078 0.7692307692307693 0.026442307692307692 0.028846153846153848
0 0.5997596153846154 0.8173076923076923 0.036057692307692304 0.06370192307692307
0 0.8257211538461539 0.27163461538461536 0.027644230769230768 0.02403846153846154
0 0.8894230769230769 0.21153846153846154 0.054086538461538464 0.04447115384615385
0 0.9266826923076923 0.234375 0.051682692307692304 0.036057692307692304
0 0.6189903846153846 0.6466346153846154 0.042067307692307696 0.06850961538461539
0 0.7704326923076923 0.796875 0.055288461538461536 0.027644230769230768
0 0.9182692307692307 0.7788461538461539 0.016826923076923076 0.027644230769230768
0 0.5456730769230769 0.19110576923076922 0.038461538461538464 0.042067307692307696
0 0.07211538461538461 0.8149038461538461 0.019230769230769232 0.018028846153846152
0 0.39783653846153844 0.039663461538461536 0.038461538461538464 0.042067307692307696
0 0.014423076923076924 0.9038461538461539 0.028846153846153848 0.046875
0 0.018028846153846152 0.8485576923076923 0.016826923076923076 0.028846153846153848
0 0.28846153846153844 0.03125 0.02403846153846154 0.016826923076923076
0 0.4723557692307692 0.78125 0.03365384615384615 0.02283653846153846
0 0.5036057692307693 0.7319711538461539 0.027644230769230768 0.01201923076923077
0 0.859375 0.7644230769230769 0.026442307692307692 0.021634615384615384
0 0.421875 0.06009615384615385 0.02403846153846154 0.030048076923076924
0 0.2764423076923077 0.056490384615384616 0.05889423076923077 0.05048076923076923
0 0.26322115384615385 0.027644230769230768 0.018028846153846152 0.007211538461538462
0 0.11778846153846154 0.4338942307692308 0.028846153846153848 0.030048076923076924
0 0.35697115384615385 0.8137019230769231 0.02403846153846154 0.04447115384615385
0 0.9927884615384616 0.8858173076923077 0.01201923076923077 0.025240384615384616
0 0.9951923076923077 0.9266826923076923 0.007211538461538462 0.030048076923076924
0 0.036057692307692304 0.09615384615384616 0.02403846153846154 0.03365384615384615
0 0.328125 0.13581730769230768 0.015625 0.02403846153846154
0 0.06971153846153846 0.7259615384615384 0.02403846153846154 0.026442307692307692
0 0.39663461538461536 0.8930288461538461 0.028846153846153848 0.04326923076923077
0 0.6802884615384616 0.9086538461538461 0.009615384615384616 0.019230769230769232
0 0.9375 0.6875 0.03365384615384615 0.02283653846153846