0 0.39903846153846156 0.5096153846153846 0.07211538461538461 0.02283653846153846
0 0.47596153846153844 0.6550480769230769 0.06610576923076923 0.07932692307692307
0 0.7884615384615384 0.9495192307692307 0.046875 0.051682692307692304
0 0.7367788461538461 0.8689903846153846 0.06129807692307692 0.055288461538461536
0 0.9230769230769231 0.33533653846153844 0.03365384615384615 0.09134615384615384
0 0.96875 0.6262019230769231 0.028846153846153848 0.08774038461538461
0 0.9266826923076923 0.7884615384615384 0.0733173076923077 0.06490384615384616
0 0.7175480769230769 0.057692307692307696 0.04447115384615385 0.06490384615384616
0 0.5985576923076923 0.1658653846153846 0.06129807692307692 0.0673076923076923
0 0.09134615384615384 0.7512019230769231 0.17307692307692307 0.08413461538461539
0 0.42788461538461536 0.09735576923076923 0.0733173076923077 0.09014423076923077
0 0.0829326923076923 0.6802884615384616 0.10216346153846154 0.08052884615384616
0 0.04326923076923077 0.23677884615384615 0.0625 0.055288461538461536
0 0.9507211538461539 0.3605769230769231 0.06009615384615385 0.09014423076923077
0 0.90625 0.13942307692307693 0.04326923076923077 0.08052884615384616
0 0.6694711538461539 0.8389423076923077 0.09375 0.046875
0 0.21634615384615385 0.25721153846153844 0.0733173076923077 0.09975961538461539
0 0.7235576923076923 0.3112980769230769 0.07091346153846154 0.051682692307692304
0 0.7103365384615384 0.7451923076923077 0.06610576923076923 0.02283653846153846
0 0.052884615384615384 0.4567307692307692 0.10576923076923077 0.057692307692307696
0 0.27163461538461536 0.4206730769230769 0.08173076923076923 0.078125
0 0.8040865384615384 0.4206730769230769 0.05048076923076923 0.07211538461538461
0 0.5492788461538461 0.06971153846153846 0.038461538461538464 0.08413461538461539
0 0.6358173076923077 0.2668269230769231 0.026442307692307692 0.057692307692307696
0 0.38221153846153844 0.23197115384615385 0.08774038461538461 0.07572115384615384
0 0.6418269230769231 0.6634615384615384 0.04927884615384615 0.055288461538461536
0 0.2668269230769231 0.8533653846153846 0.025240384615384616 0.0985576923076923
0 0.578125 0.04807692307692308 0.078125 0.07211538461538461
0 0.5384615384615384 0.8209134615384616 0.04326923076923077 0.07692307692307693
0 0.6430288461538461 0.4170673076923077 0.046875 0.09615384615384616
0 0.6045673076923077 0.27163461538461536 0.042067307692307696 0.04927884615384615
0 0.14182692307692307 0.9675480769230769 0.11778846153846154 0.04927884615384615
0 0.0889423076923077 0.0829326923076923 0.078125 0.09134615384615384
0 0.3713942307692308 0.2824519230769231 0.03245192307692308 0.10216346153846154
0 0.6959134615384616 0.5240384615384616 0.09375 0.04927884615384615
0 0.26802884615384615 0.11899038461538461 0.078125 0.06971153846153846
0 0.9615384615384616 0.11658653846153846 0.06009615384615385 0.042067307692307696
0 0.6850961538461539 0.6923076923076923 0.0625 0.039663461538461536
0 0.0625 0.5757211538461539 0.08052884615384616 0.09975961538461539
0 0.17427884615384615 0.7139423076923077 0.026442307692307692 0.051682692307692304
0 0.6478365384615384 0.7259615384615384 0.037259615384615384 0.06850961538461539
0 0.3389423076923077 0.84375 0.055288461538461536 0.055288461538461536
0 0.5516826923076923 0.5204326923076923 0.05048076923076923 0.04927884615384615
0 0.6057692307692307 0.9110576923076923 0.07572115384615384 0.10216346153846154
0 0.38341346153846156 0.6610576923076923 0.06129807692307692 0.08774038461538461
0 0.47475961538461536 0.765625 0.051682692307692304 0.036057692307692304
0 0.5336538461538461 0.38822115384615385 0.06850961538461539 0.09615384615384616
0 0.7103365384615384 0.8004807692307693 0.06971153846153846 0.03485576923076923
0 0.6057692307692307 0.41947115384615385 0.03125 0.09014423076923077
0 0.5721153846153846 0.6129807692307693 0.09014423076923077 0.06971153846153846
0 0.7427884615384616 0.390625 0.046875 0.09014423076923077
0 0.25 0.18389423076923078 0.06610576923076923 0.08653846153846154
0 0.9242788461538461 0.08173076923076923 0.027644230769230768 0.09615384615384616
0 0.22716346153846154 0.9651442307692307 0.039663461538461536 0.0673076923076923
0 0.12740384615384615 0.8978365384615384 0.055288461538461536 0.03245192307692308
0 0.7884615384615384 0.8822115384615384 0.030048076923076924 0.09735576923076923
0 0.28125 0.16947115384615385 0.06971153846153846 0.05889423076923077
0 0.42427884615384615 0.49038461538461536 0.028846153846153848 0.051682692307692304
0 0.06971153846153846 0.30288461538461536 0.05048076923076923 0.06971153846153846
0 0.5612980769230769 0.9711538461538461 0.03485576923076923 0.055288461538461536
0 0.4699519230769231 0.8545673076923077 0.14302884615384615 0.04927884615384615