0 0.21634615384615385 0.6538461538461539 0.06850961538461539 0.03365384615384615
0 0.13221153846153846 0.17548076923076922 0.04447115384615385 0.028846153846153848
0 0.140625 0.2127403846153846 0.04567307692307692 0.027644230769230768
0 0.13221153846153846 0.27163461538461536 0.03365384615384615 0.03365384615384615
0 0.2848557692307692 0.23557692307692307 0.05889423076923077 0.028846153846153848
0 0.26322115384615385 0.17548076923076922 0.040865384615384616 0.026442307692307692
0 0.19591346153846154 0.14543269230769232 0.06009615384615385 0.10697115384615384
0 0.06370192307692307 0.45072115384615385 0.04326923076923077 0.038461538461538464
0 0.33052884615384615 0.5288461538461539 0.052884615384615384 0.06850961538461539
0 0.21153846153846154 0.6983173076923077 0.028846153846153848 0.028846153846153848
0 0.2860576923076923 0.8653846153846154 0.04927884615384615 0.04807692307692308
0 0.1346153846153846 0.9663461538461539 0.04447115384615385 0.036057692307692304
0 0.31490384615384615 0.9266826923076923 0.038461538461538464 0.028846153846153848
0 0.35697115384615385 0.9603365384615384 0.04447115384615385 0.03365384615384615
0 0.5132211538461539 0.984375 0.03365384615384615 0.030048076923076924
0 0.17548076923076922 0.7632211538461539 0.039663461538461536 0.04927884615384615
0 0.02403846153846154 0.8413461538461539 0.03485576923076923 0.056490384615384616
0 0.2800480769230769 0.7800480769230769 0.06490384615384616 0.04326923076923077
0 0.09254807692307693 0.6730769230769231 0.03245192307692308 0.06490384615384616
0 0.2127403846153846 0.01201923076923077 0.052884615384615384 0.02403846153846154
0 0.3076923076923077 0.038461538461538464 0.040865384615384616 0.02403846153846154
0 0.25841346153846156 0.02403846153846154 0.08052884615384616 0.03125
0 0.21153846153846154 0.36538461538461536 0.021634615384615384 0.04567307692307692