0 0.7487980769230769 0.3485576923076923 0.11177884615384616 0.18629807692307693
0 0.5264423076923077 0.6935096153846154 0.11057692307692307 0.06129807692307692
0 0.9735576923076923 0.47115384615384615 0.05048076923076923 0.11057692307692307
0 0.7139423076923077 0.6766826923076923 0.0889423076923077 0.09134615384615384
0 0.9242788461538461 0.4074519230769231 0.14903846153846154 0.10096153846153846
0 0.4795673076923077 0.9182692307692307 0.07572115384615384 0.1201923076923077
0 0.7992788461538461 0.8377403846153846 0.13822115384615385 0.17908653846153846
0 0.1814903846153846 0.9038461538461539 0.15625 0.140625
0 0.48197115384615385 0.7728365384615384 0.09615384615384616 0.14783653846153846
0 0.4182692307692308 0.9399038461538461 0.09014423076923077 0.11899038461538461
0 0.8894230769230769 0.055288461538461536 0.14903846153846154 0.10817307692307693
0 0.515625 0.8822115384615384 0.07572115384615384 0.23317307692307693