0 0.3425480769230769 0.1778846153846154 0.07451923076923077 0.06971153846153846
0 0.41346153846153844 0.13581730769230768 0.03365384615384615 0.04447115384615385
0 0.23918269230769232 0.17668269230769232 0.030048076923076924 0.07572115384615384
0 0.08653846153846154 0.10216346153846154 0.02403846153846154 0.07692307692307693
0 0.09735576923076923 0.23677884615384615 0.040865384615384616 0.028846153846153848
0 0.1310096153846154 0.26802884615384615 0.039663461538461536 0.038461538461538464
0 0.18870192307692307 0.27163461538461536 0.027644230769230768 0.028846153846153848
0 0.40384615384615385 0.25721153846153844 0.04326923076923077 0.020432692307692308
0 0.4855769230769231 0.10817307692307693 0.10576923076923077 0.03245192307692308
0 0.5192307692307693 0.17548076923076922 0.025240384615384616 0.04447115384615385
0 0.25240384615384615 0.6358173076923077 0.06009615384615385 0.039663461538461536
0 0.46875 0.6286057692307693 0.04447115384615385 0.018028846153846152
0 0.4387019230769231 0.6923076923076923 0.03365384615384615 0.0673076923076923
0 0.4675480769230769 0.7824519230769231 0.038461538461538464 0.025240384615384616
0 0.3942307692307692 0.7764423076923077 0.05048076923076923 0.10336538461538461
0 0.23557692307692307 0.7103365384615384 0.042067307692307696 0.042067307692307696
0 0.1658653846153846 0.6490384615384616 0.028846153846153848 0.019230769230769232
0 0.9278846153846154 0.71875 0.12259615384615384 0.037259615384615384
0 0.7932692307692307 0.703125 0.04326923076923077 0.028846153846153848
0 0.7067307692307693 0.703125 0.03485576923076923 0.055288461538461536
0 0.9014423076923077 0.8317307692307693 0.0673076923076923 0.030048076923076924
0 0.5324519230769231 0.9302884615384616 0.04567307692307692 0.03365384615384615
0 0.11298076923076923 0.9122596153846154 0.04927884615384615 0.056490384615384616
0 0.34134615384615385 0.5913461538461539 0.037259615384615384 0.038461538461538464
0 0.578125 0.5216346153846154 0.04927884615384615 0.037259615384615384
0 0.8798076923076923 0.6177884615384616 0.07091346153846154 0.04927884615384615
0 0.6887019230769231 0.5985576923076923 0.10216346153846154 0.042067307692307696
0 0.3112980769230769 0.5600961538461539 0.03245192307692308 0.038461538461538464
0 0.3125 0.5048076923076923 0.056490384615384616 0.040865384615384616
0 0.026442307692307692 0.6105769230769231 0.036057692307692304 0.037259615384615384
0 0.046875 0.6634615384615384 0.07932692307692307 0.04927884615384615
0 0.0889423076923077 0.5168269230769231 0.037259615384615384 0.04326923076923077
0 0.04447115384615385 0.4675480769230769 0.07572115384615384 0.06129807692307692
0 0.11658653846153846 0.4807692307692308 0.052884615384615384 0.07091346153846154
0 0.046875 0.375 0.08052884615384616 0.026442307692307692
0 0.10697115384615384 0.203125 0.06490384615384616 0.057692307692307696
0 0.6189903846153846 0.40625 0.051682692307692304 0.03365384615384615
0 0.8834134615384616 0.3245192307692308 0.03125 0.030048076923076924
0 0.6670673076923077 0.3004807692307692 0.03365384615384615 0.030048076923076924
0 0.23317307692307693 0.49759615384615385 0.025240384615384616 0.04927884615384615
0 0.19230769230769232 0.5252403846153846 0.02403846153846154 0.026442307692307692
0 0.21634615384615385 0.5072115384615384 0.037259615384615384 0.037259615384615384
0 0.1141826923076923 0.5204326923076923 0.02403846153846154 0.040865384615384616
0 0.18269230769230768 0.5829326923076923 0.046875 0.036057692307692304
0 0.15384615384615385 0.5769230769230769 0.03485576923076923 0.028846153846153848
0 0.18509615384615385 0.5516826923076923 0.021634615384615384 0.02283653846153846
0 0.22596153846153846 0.5745192307692307 0.019230769230769232 0.04447115384615385
0 0.9519230769230769 0.484375 0.028846153846153848 0.07572115384615384
0 0.875 0.5372596153846154 0.08653846153846154 0.03365384615384615
0 0.8076923076923077 0.5600961538461539 0.03125 0.019230769230769232
0 0.734375 0.29086538461538464 0.02403846153846154 0.07572115384615384
0 0.8341346153846154 0.2824519230769231 0.09615384615384616 0.030048076923076924
0 0.9459134615384616 0.22115384615384615 0.039663461538461536 0.028846153846153848
0 0.7367788461538461 0.20552884615384615 0.06370192307692307 0.06009615384615385
0 0.5757211538461539 0.234375 0.07211538461538461 0.06971153846153846
0 0.6850961538461539 0.6165865384615384 0.078125 0.013221153846153846
0 0.7740384615384616 0.5300480769230769 0.0625 0.020432692307692308
0 0.7596153846153846 0.5516826923076923 0.03485576923076923 0.02283653846153846
0 0.7007211538461539 0.7692307692307693 0.018028846153846152 0.016826923076923076
0 0.625 0.08774038461538461 0.06610576923076923 0.08774038461538461
0 0.5132211538461539 0.06009615384615385 0.028846153846153848 0.0625
0 0.6766826923076923 0.140625 0.055288461538461536 0.0829326923076923
0 0.5288461538461539 0.2247596153846154 0.04326923076923077 0.051682692307692304
0 0.47115384615384615 0.24158653846153846 0.03365384615384615 0.038461538461538464
0 0.47836538461538464 0.19471153846153846 0.026442307692307692 0.04326923076923077
0 0.9543269230769231 0.17548076923076922 0.02403846153846154 0.04326923076923077
0 0.9326923076923077 0.08052884615384616 0.08653846153846154 0.0733173076923077
0 0.9254807692307693 0.8641826923076923 0.08173076923076923 0.02403846153846154
0 0.8689903846153846 0.7391826923076923 0.04927884615384615 0.02403846153846154
0 0.7824519230769231 0.6430288461538461 0.06009615384615385 0.028846153846153848
0 0.49278846153846156 0.2127403846153846 0.03365384615384615 0.028846153846153848
0 0.49038461538461536 0.19591346153846154 0.028846153846153848 0.039663461538461536
0 0.08173076923076923 0.4807692307692308 0.030048076923076924 0.03365384615384615
0 0.23557692307692307 0.828125 0.05889423076923077 0.038461538461538464
0 0.21153846153846154 0.8629807692307693 0.055288461538461536 0.036057692307692304
0 0.6033653846153846 0.8822115384615384 0.052884615384615384 0.039663461538461536
0 0.7319711538461539 0.9939903846153846 0.052884615384615384 0.008413461538461538
0 0.8233173076923077 0.9350961538461539 0.06971153846153846 0.028846153846153848
0 0.7235576923076923 0.7307692307692307 0.04447115384615385 0.020432692307692308