0 0.8413461538461539 0.9567307692307693 0.14182692307692307 0.05889423076923077
0 0.5552884615384616 0.8617788461538461 0.026442307692307692 0.055288461538461536
0 0.6177884615384616 0.8497596153846154 0.12139423076923077 0.040865384615384616
0 0.7091346153846154 0.8305288461538461 0.06129807692307692 0.06490384615384616
0 0.9375 0.7764423076923077 0.028846153846153848 0.06129807692307692
0 0.453125 0.796875 0.07451923076923077 0.04927884615384615
0 0.4723557692307692 0.7439903846153846 0.04567307692307692 0.03365384615384615
0 0.5204326923076923 0.7980769230769231 0.036057692307692304 0.03365384615384615
0 0.6117788461538461 0.71875 0.06009615384615385 0.02403846153846154
0 0.5709134615384616 0.6766826923076923 0.07451923076923077 0.02283653846153846
0 0.7295673076923077 0.7055288461538461 0.08052884615384616 0.037259615384615384
0 0.6490384615384616 0.7007211538461539 0.03365384615384615 0.02403846153846154
0 0.5528846153846154 0.6382211538461539 0.07572115384615384 0.02403846153846154
0 0.6923076923076923 0.6550480769230769 0.056490384615384616 0.030048076923076924
0 0.7439903846153846 0.6490384615384616 0.04447115384615385 0.02403846153846154
0 0.8365384615384616 0.6153846153846154 0.038461538461538464 0.038461538461538464
0 0.421875 0.6658653846153846 0.07692307692307693 0.03485576923076923
0 0.4206730769230769 0.7175480769230769 0.02403846153846154 0.03245192307692308
0 0.3545673076923077 0.7584134615384616 0.051682692307692304 0.04927884615384615
0 0.21394230769230768 0.6875 0.06490384615384616 0.057692307692307696
0 0.30649038461538464 0.5961538461538461 0.038461538461538464 0.04927884615384615
0 0.46634615384615385 0.6310096153846154 0.04326923076923077 0.03125
0 0.3954326923076923 0.6237980769230769 0.039663461538461536 0.028846153846153848
0 0.14903846153846154 0.7524038461538461 0.027644230769230768 0.03125
0 0.09375 0.4735576923076923 0.17668269230769232 0.11658653846153846
0 0.10697115384615384 0.6430288461538461 0.057692307692307696 0.05048076923076923
0 0.1045673076923077 0.53125 0.038461538461538464 0.028846153846153848
0 0.028846153846153848 0.5216346153846154 0.03485576923076923 0.038461538461538464
0 0.12259615384615384 0.5480769230769231 0.03365384615384615 0.03125
0 0.17427884615384615 0.4170673076923077 0.027644230769230768 0.036057692307692304
0 0.265625 0.34975961538461536 0.016826923076923076 0.018028846153846152
0 0.5084134615384616 0.328125 0.09134615384615384 0.04447115384615385
0 0.5961538461538461 0.38341346153846156 0.055288461538461536 0.02403846153846154
0 0.5204326923076923 0.2860576923076923 0.056490384615384616 0.036057692307692304
0 0.5024038461538461 0.24519230769230768 0.057692307692307696 0.04927884615384615
0 0.4651442307692308 0.23317307692307693 0.03245192307692308 0.05889423076923077
0 0.45072115384615385 0.19230769230769232 0.03365384615384615 0.06971153846153846
0 0.6586538461538461 0.27884615384615385 0.04326923076923077 0.056490384615384616
0 0.7463942307692307 0.3293269230769231 0.0889423076923077 0.08052884615384616
0 0.7331730769230769 0.3942307692307692 0.08533653846153846 0.051682692307692304
0 0.6586538461538461 0.19471153846153846 0.03365384615384615 0.038461538461538464
0 0.8858173076923077 0.23918269230769232 0.09134615384615384 0.0673076923076923
0 0.8762019230769231 0.3701923076923077 0.019230769230769232 0.026442307692307692
0 0.9399038461538461 0.4014423076923077 0.02403846153846154 0.03125
0 0.7536057692307693 0.06009615384615385 0.07451923076923077 0.06009615384615385
0 0.8545673076923077 0.08653846153846154 0.042067307692307696 0.028846153846153848
0 0.18629807692307693 0.12740384615384615 0.06490384615384616 0.039663461538461536
0 0.026442307692307692 0.20192307692307693 0.039663461538461536 0.057692307692307696
0 0.26802884615384615 0.8461538461538461 0.038461538461538464 0.046875
0 0.4723557692307692 0.3870192307692308 0.04927884615384615 0.036057692307692304
0 0.4014423076923077 0.4338942307692308 0.03245192307692308 0.038461538461538464
0 0.6105769230769231 0.03485576923076923 0.021634615384615384 0.027644230769230768
0 0.3401442307692308 0.2776442307692308 0.028846153846153848 0.03365384615384615
0 0.6802884615384616 0.21514423076923078 0.054086538461538464 0.028846153846153848
0 0.4050480769230769 0.6983173076923077 0.025240384615384616 0.026442307692307692
0 0.45552884615384615 0.4326923076923077 0.019230769230769232 0.021634615384615384
0 0.23798076923076922 0.21394230769230768 0.025240384615384616 0.02403846153846154
0 0.36177884615384615 0.6754807692307693 0.04447115384615385 0.03245192307692308
0 0.5360576923076923 0.859375 0.06490384615384616 0.06129807692307692
0 0.515625 0.75 0.02283653846153846 0.03245192307692308
0 0.6418269230769231 0.6574519230769231 0.0625 0.037259615384615384
0 0.08173076923076923 0.5216346153846154 0.02403846153846154 0.03365384615384615
0 0.8209134615384616 0.40384615384615385 0.028846153846153848 0.03245192307692308
0 0.5276442307692307 0.39903846153846156 0.02403846153846154 0.021634615384615384