0 0.18990384615384615 0.03125 0.078125 0.0625
0 0.9423076923076923 0.20432692307692307 0.11177884615384616 0.08774038461538461
0 0.3605769230769231 0.6105769230769231 0.10697115384615384 0.10216346153846154
0 0.2764423076923077 0.7680288461538461 0.10697115384615384 0.08533653846153846
0 0.9735576923076923 0.4206730769230769 0.04927884615384615 0.09735576923076923
0 0.41586538461538464 0.4579326923076923 0.15264423076923078 0.11177884615384616
0 0.19591346153846154 0.8413461538461539 0.11177884615384616 0.10697115384615384
0 0.8040865384615384 0.9483173076923077 0.11057692307692307 0.10096153846153846
0 0.4519230769230769 0.08533653846153846 0.18990384615384615 0.14783653846153846
0 0.33052884615384615 0.025240384615384616 0.07572115384615384 0.04927884615384615
0 0.09375 0.18870192307692307 0.08774038461538461 0.08413461538461539
0 0.25721153846153844 0.6009615384615384 0.08173076923076923 0.09134615384615384
0 0.9110576923076923 0.8233173076923077 0.10697115384615384 0.08173076923076923
0 0.19230769230769232 0.24879807692307693 0.12379807692307693 0.1346153846153846
0 0.9122596153846154 0.6634615384615384 0.09975961538461539 0.09735576923076923
0 0.4026442307692308 0.16947115384615385 0.08173076923076923 0.09495192307692307
0 0.4891826923076923 0.8509615384615384 0.14543269230769232 0.11778846153846154
0 0.5865384615384616 0.4338942307692308 0.07692307692307693 0.056490384615384616
0 0.30528846153846156 0.8966346153846154 0.08173076923076923 0.09615384615384616
0 0.31850961538461536 0.2620192307692308 0.11298076923076923 0.125
0 0.9411057692307693 0.5925480769230769 0.11538461538461539 0.09735576923076923
0 0.9435096153846154 0.1141826923076923 0.11057692307692307 0.09735576923076923
0 0.5853365384615384 0.7908653846153846 0.11177884615384616 0.08774038461538461
0 0.5096153846153846 0.13221153846153846 0.109375 0.11177884615384616