0 0.15384615384615385 0.30288461538461536 0.11177884615384616 0.07692307692307693
0 0.23557692307692307 0.4807692307692308 0.09254807692307693 0.056490384615384616
0 0.8052884615384616 0.8004807692307693 0.13822115384615385 0.10096153846153846
0 0.038461538461538464 0.9399038461538461 0.07572115384615384 0.04927884615384615
0 0.23317307692307693 0.8233173076923077 0.06129807692307692 0.057692307692307696
0 0.9242788461538461 0.5120192307692307 0.06971153846153846 0.07932692307692307
0 0.390625 0.3641826923076923 0.04447115384615385 0.0829326923076923
0 0.9699519230769231 0.6165865384615384 0.057692307692307696 0.06490384615384616
0 0.8762019230769231 0.9146634615384616 0.06610576923076923 0.06850961538461539
0 0.2512019230769231 0.5456730769230769 0.10096153846153846 0.054086538461538464
0 0.19831730769230768 0.7151442307692307 0.08052884615384616 0.04927884615384615
0 0.10096153846153846 0.14903846153846154 0.09495192307692307 0.08774038461538461
0 0.7079326923076923 0.5036057692307693 0.09495192307692307 0.055288461538461536
0 0.06610576923076923 0.8978365384615384 0.11538461538461539 0.055288461538461536
0 0.375 0.42908653846153844 0.056490384615384616 0.09014423076923077
0 0.06370192307692307 0.37259615384615385 0.12259615384615384 0.08052884615384616
0 0.9639423076923077 0.28125 0.0673076923076923 0.11658653846153846
0 0.037259615384615384 0.8377403846153846 0.07451923076923077 0.06490384615384616
0 0.9867788461538461 0.7391826923076923 0.02403846153846154 0.07932692307692307
0 0.8858173076923077 0.3954326923076923 0.052884615384615384 0.054086538461538464
0 0.9447115384615384 0.4230769230769231 0.04447115384615385 0.06971153846153846
0 0.10096153846153846 0.453125 0.10576923076923077 0.06370192307692307
0 0.25721153846153844 0.9266826923076923 0.07572115384615384 0.07572115384615384
0 0.3485576923076923 0.9230769230769231 0.04927884615384615 0.08173076923076923
0 0.9615384615384616 0.7764423076923077 0.03365384615384615 0.05889423076923077
0 0.10216346153846154 0.5300480769230769 0.11899038461538461 0.078125
0 0.14182692307692307 0.9399038461538461 0.08653846153846154 0.040865384615384616
0 0.23918269230769232 0.41947115384615385 0.055288461538461536 0.038461538461538464
0 0.24519230769230768 0.328125 0.06009615384615385 0.08533653846153846