0 0.5060096153846154 0.5 0.07932692307692307 0.08774038461538461
0 0.18028846153846154 0.6586538461538461 0.04927884615384615 0.07572115384615384
0 0.8918269230769231 0.5036057692307693 0.05889423076923077 0.07932692307692307
0 0.7728365384615384 0.765625 0.08653846153846154 0.07692307692307693
0 0.8545673076923077 0.8353365384615384 0.07451923076923077 0.0889423076923077
0 0.0985576923076923 0.7415865384615384 0.0673076923076923 0.0829326923076923
0 0.6117788461538461 0.054086538461538464 0.09134615384615384 0.10576923076923077
0 0.7776442307692307 0.29086538461538464 0.09615384615384616 0.08774038461538461
0 0.9615384615384616 0.49278846153846156 0.06971153846153846 0.10336538461538461
0 0.16105769230769232 0.7175480769230769 0.06129807692307692 0.0673076923076923
0 0.6514423076923077 0.9254807692307693 0.04807692307692308 0.05889423076923077
0 0.17668269230769232 0.15264423076923078 0.0829326923076923 0.10576923076923077
0 0.15745192307692307 0.6081730769230769 0.04567307692307692 0.0625
0 0.890625 0.038461538461538464 0.09254807692307693 0.07211538461538461
0 0.05889423076923077 0.44591346153846156 0.057692307692307696 0.10697115384615384
0 0.06370192307692307 0.08052884615384616 0.08413461538461539 0.11177884615384616
0 0.7043269230769231 0.046875 0.10096153846153846 0.09014423076923077
0 0.6009615384615384 0.4879807692307692 0.06129807692307692 0.08173076923076923
0 0.6382211538461539 0.7079326923076923 0.09134615384615384 0.09134615384615384