0 0.38341346153846156 0.23317307692307693 0.078125 0.08653846153846154
0 0.36177884615384615 0.109375 0.078125 0.06850961538461539
0 0.46153846153846156 0.1045673076923077 0.08052884615384616 0.04927884615384615
0 0.5877403846153846 0.11177884615384616 0.109375 0.09014423076923077
0 0.203125 0.0733173076923077 0.04447115384615385 0.04807692307692308
0 0.027644230769230768 0.1658653846153846 0.055288461538461536 0.06971153846153846
0 0.0829326923076923 0.0733173076923077 0.06009615384615385 0.038461538461538464
0 0.0829326923076923 0.028846153846153848 0.06490384615384616 0.055288461538461536
0 0.03245192307692308 0.7175480769230769 0.06490384615384616 0.05048076923076923
0 0.23677884615384615 0.8533653846153846 0.05889423076923077 0.1141826923076923
0 0.22956730769230768 0.6754807692307693 0.07692307692307693 0.0625
0 0.25961538461538464 0.7319711538461539 0.13822115384615385 0.052884615384615384
0 0.14903846153846154 0.8990384615384616 0.051682692307692304 0.10096153846153846
0 0.13581730769230768 0.7836538461538461 0.0829326923076923 0.09615384615384616
0 0.41586538461538464 0.6622596153846154 0.10096153846153846 0.08653846153846154
0 0.4098557692307692 0.7872596153846154 0.08052884615384616 0.06971153846153846
0 0.5697115384615384 0.7632211538461539 0.10096153846153846 0.0829326923076923
0 0.5973557692307693 0.640625 0.09134615384615384 0.07451923076923077
0 0.3918269230769231 0.8810096153846154 0.12740384615384615 0.09375
0 0.4807692307692308 0.8774038461538461 0.06009615384615385 0.08413461538461539
0 0.5841346153846154 0.9038461538461539 0.07932692307692307 0.09975961538461539
0 0.6057692307692307 0.8653846153846154 0.04447115384615385 0.051682692307692304
0 0.6646634615384616 0.9110576923076923 0.09134615384615384 0.06490384615384616
0 0.6658653846153846 0.7163461538461539 0.09615384615384616 0.078125
0 0.7560096153846154 0.8100961538461539 0.10697115384615384 0.11177884615384616
0 0.765625 0.9086538461538461 0.11177884615384616 0.11298076923076923
0 0.9435096153846154 0.8341346153846154 0.06971153846153846 0.07932692307692307
0 0.8401442307692307 0.7319711538461539 0.09615384615384616 0.06490384615384616
0 0.7992788461538461 0.6622596153846154 0.09975961538461539 0.07692307692307693
0 0.7055288461538461 0.6213942307692307 0.0625 0.0673076923076923
0 0.06850961538461539 0.9639423076923077 0.09254807692307693 0.07091346153846154
0 0.546875 0.9759615384615384 0.06129807692307692 0.04447115384615385
0 0.4362980769230769 0.014423076923076924 0.10096153846153846 0.028846153846153848
0 0.009615384615384616 0.7908653846153846 0.018028846153846152 0.09254807692307693
0 0.921875 0.8882211538461539 0.15504807692307693 0.09375
0 0.9915865384615384 0.7704326923076923 0.014423076923076924 0.052884615384615384
0 0.9399038461538461 0.9459134615384616 0.10216346153846154 0.09375