0 0.2920673076923077 0.03125 0.07692307692307693 0.04447115384615385
0 0.09014423076923077 0.09375 0.10817307692307693 0.03485576923076923
0 0.13822115384615385 0.12259615384615384 0.08653846153846154 0.06610576923076923
0 0.4206730769230769 0.030048076923076924 0.0625 0.06009615384615385
0 0.3245192307692308 0.0889423076923077 0.04326923076923077 0.06490384615384616
0 0.37740384615384615 0.0733173076923077 0.057692307692307696 0.0673076923076923
0 0.421875 0.15384615384615385 0.038461538461538464 0.08533653846153846
0 0.47716346153846156 0.1310096153846154 0.04447115384615385 0.08413461538461539
0 0.47115384615384615 0.07572115384615384 0.052884615384615384 0.03125
0 0.25600961538461536 0.20192307692307693 0.06370192307692307 0.07932692307692307
0 0.18990384615384615 0.2439903846153846 0.040865384615384616 0.08052884615384616
0 0.23798076923076922 0.2848557692307692 0.04447115384615385 0.03485576923076923
0 0.2668269230769231 0.30408653846153844 0.0673076923076923 0.07091346153846154
0 0.4855769230769231 0.2668269230769231 0.04326923076923077 0.054086538461538464
0 0.578125 0.18629807692307693 0.06490384615384616 0.038461538461538464
0 0.6598557692307693 0.06009615384615385 0.055288461538461536 0.0673076923076923
0 0.6201923076923077 0.11057692307692307 0.0829326923076923 0.04927884615384615
0 0.9735576923076923 0.042067307692307696 0.05048076923076923 0.06971153846153846
0 0.8305288461538461 0.02403846153846154 0.046875 0.04567307692307692
0 0.7908653846153846 0.06850961538461539 0.07572115384615384 0.04567307692307692
0 0.7199519230769231 0.11658653846153846 0.06490384615384616 0.06490384615384616
0 0.7884615384615384 0.019230769230769232 0.03485576923076923 0.038461538461538464
0 0.9855769230769231 0.33052884615384615 0.027644230769230768 0.04567307692307692
0 0.9387019230769231 0.3233173076923077 0.055288461538461536 0.038461538461538464
0 0.7235576923076923 0.3798076923076923 0.06971153846153846 0.030048076923076924
0 0.4987980769230769 0.42788461538461536 0.030048076923076924 0.036057692307692304
0 0.37740384615384615 0.40024038461538464 0.046875 0.04927884615384615
0 0.16947115384615385 0.53125 0.028846153846153848 0.03365384615384615
0 0.43028846153846156 0.4795673076923077 0.06009615384615385 0.06490384615384616
0 0.7271634615384616 0.453125 0.04567307692307692 0.08052884615384616
0 0.9495192307692307 0.4074519230769231 0.038461538461538464 0.055288461538461536
0 0.9002403846153846 0.4831730769230769 0.03125 0.038461538461538464
0 0.7668269230769231 0.5084134615384616 0.06370192307692307 0.05048076923076923
0 0.5709134615384616 0.5324519230769231 0.046875 0.0673076923076923
0 0.953125 0.5408653846153846 0.04326923076923077 0.06971153846153846
0 0.6394230769230769 0.5853365384615384 0.046875 0.0625
0 0.34975961538461536 0.5865384615384616 0.04807692307692308 0.055288461538461536
0 0.4110576923076923 0.5901442307692307 0.06009615384615385 0.055288461538461536
0 0.24639423076923078 0.6033653846153846 0.057692307692307696 0.04807692307692308
0 0.17548076923076922 0.6045673076923077 0.06850961538461539 0.07572115384615384
0 0.0673076923076923 0.6262019230769231 0.109375 0.08413461538461539
0 0.042067307692307696 0.7139423076923077 0.03365384615384615 0.036057692307692304
0 0.2860576923076923 0.7139423076923077 0.0673076923076923 0.06971153846153846
0 0.18629807692307693 0.640625 0.06370192307692307 0.08052884615384616
0 0.171875 0.6971153846153846 0.09615384615384616 0.09134615384615384
0 0.2127403846153846 0.6995192307692307 0.042067307692307696 0.07091346153846154
0 0.3605769230769231 0.8016826923076923 0.055288461538461536 0.04447115384615385
0 0.9783653846153846 0.6766826923076923 0.042067307692307696 0.07091346153846154
0 0.9483173076923077 0.7451923076923077 0.07692307692307693 0.06490384615384616
0 0.7548076923076923 0.640625 0.07451923076923077 0.07091346153846154
0 0.859375 0.6430288461538461 0.03365384615384615 0.055288461538461536
0 0.8221153846153846 0.6911057692307693 0.10096153846153846 0.04927884615384615
0 0.8389423076923077 0.7355769230769231 0.028846153846153848 0.04326923076923077
0 0.53125 0.7896634615384616 0.054086538461538464 0.04927884615384615
0 0.25600961538461536 0.9302884615384616 0.06490384615384616 0.07451923076923077
0 0.6646634615384616 0.8990384615384616 0.03485576923076923 0.07091346153846154
0 0.9783653846153846 0.9591346153846154 0.040865384615384616 0.08052884615384616
0 0.9519230769230769 0.890625 0.06129807692307692 0.057692307692307696
0 0.9447115384615384 0.8533653846153846 0.05048076923076923 0.038461538461538464
0 0.8701923076923077 0.8725961538461539 0.03485576923076923 0.06971153846153846
0 0.8028846153846154 0.8641826923076923 0.046875 0.04326923076923077
0 0.8545673076923077 0.8076923076923077 0.05048076923076923 0.055288461538461536
0 0.5204326923076923 0.9783653846153846 0.039663461538461536 0.040865384615384616
0 0.7415865384615384 0.7019230769230769 0.0889423076923077 0.06850961538461539
0 0.010817307692307692 0.15264423076923078 0.020432692307692308 0.057692307692307696
0 0.7355769230769231 0.038461538461538464 0.06370192307692307 0.07692307692307693
0 0.009615384615384616 0.2283653846153846 0.019230769230769232 0.046875
0 0.7367788461538461 0.007211538461538462 0.016826923076923076 0.014423076923076924
0 0.8822115384615384 0.6935096153846154 0.03485576923076923 0.03365384615384615
0 0.15745192307692307 0.7115384615384616 0.09615384615384616 0.057692307692307696
0 0.9879807692307693 0.010817307692307692 0.02283653846153846 0.021634615384615384
0 0.6574519230769231 0.6983173076923077 0.08413461538461539 0.027644230769230768
0 0.27524038461538464 0.140625 0.04447115384615385 0.03365384615384615