0 0.5048076923076923 0.40384615384615385 0.07091346153846154 0.06971153846153846
0 0.5528846153846154 0.6370192307692307 0.08052884615384616 0.08052884615384616
0 0.875 0.2608173076923077 0.09615384615384616 0.13221153846153846
0 0.27524038461538464 0.2776442307692308 0.11177884615384616 0.09014423076923077
0 0.13221153846153846 0.875 0.06009615384615385 0.10216346153846154
0 0.9651442307692307 0.9567307692307693 0.0673076923076923 0.08413461538461539
0 0.8173076923076923 0.07091346153846154 0.11057692307692307 0.08052884615384616
0 0.6850961538461539 0.0985576923076923 0.09134615384615384 0.09495192307692307
0 0.16105769230769232 0.9290865384615384 0.06490384615384616 0.09615384615384616
0 0.39903846153846156 0.04326923076923077 0.10576923076923077 0.08413461538461539
0 0.6694711538461539 0.0673076923076923 0.09495192307692307 0.10096153846153846
0 0.028846153846153848 0.6177884615384616 0.056490384615384616 0.06971153846153846
0 0.4026442307692308 0.890625 0.06490384615384616 0.06490384615384616
0 0.2764423076923077 0.17548076923076922 0.12740384615384615 0.09735576923076923
0 0.7536057692307693 0.6923076923076923 0.07932692307692307 0.07091346153846154
0 0.53125 0.13942307692307693 0.0985576923076923 0.1045673076923077
0 0.3798076923076923 0.7896634615384616 0.1045673076923077 0.0829326923076923