0 0.5949519230769231 0.6875 0.0625 0.046875
0 0.4807692307692308 0.53125 0.052884615384615384 0.05048076923076923
0 0.45913461538461536 0.7632211538461539 0.055288461538461536 0.06610576923076923
0 0.59375 0.8209134615384616 0.042067307692307696 0.0625
0 0.4254807692307692 0.7067307692307693 0.08052884615384616 0.09375
0 0.4266826923076923 0.484375 0.06971153846153846 0.039663461538461536
0 0.5949519230769231 0.6454326923076923 0.046875 0.06370192307692307
0 0.4423076923076923 0.46033653846153844 0.04807692307692308 0.028846153846153848
0 0.4423076923076923 0.24519230769230768 0.04447115384615385 0.057692307692307696
0 0.4963942307692308 0.7271634615384616 0.036057692307692304 0.054086538461538464
0 0.3798076923076923 0.7692307692307693 0.06490384615384616 0.09014423076923077
0 0.3942307692307692 0.09134615384615384 0.07091346153846154 0.08413461538461539
0 0.453125 0.3016826923076923 0.054086538461538464 0.042067307692307696
0 0.5372596153846154 0.5348557692307693 0.03485576923076923 0.030048076923076924
0 0.46634615384615385 0.11658653846153846 0.052884615384615384 0.10817307692307693
0 0.3870192307692308 0.14903846153846154 0.1201923076923077 0.08653846153846154
0 0.6009615384615384 0.04447115384615385 0.04807692307692308 0.05048076923076923
0 0.5721153846153846 0.08653846153846154 0.05048076923076923 0.03485576923076923
0 0.46875 0.3798076923076923 0.07692307692307693 0.06610576923076923
0 0.49278846153846156 0.21995192307692307 0.03125 0.08052884615384616