0 0.9831730769230769 0.019230769230769232 0.028846153846153848 0.038461538461538464
0 0.9735576923076923 0.14783653846153846 0.04927884615384615 0.07211538461538461
0 0.921875 0.2644230769230769 0.15504807692307693 0.1141826923076923
0 0.8810096153846154 0.24519230769230768 0.18990384615384615 0.11177884615384616
0 0.65625 0.05889423076923077 0.27403846153846156 0.11778846153846154
0 0.5817307692307693 0.13221153846153846 0.06610576923076923 0.06610576923076923
0 0.2860576923076923 0.10216346153846154 0.16346153846153846 0.20432692307692307
0 0.09735576923076923 0.28966346153846156 0.19471153846153846 0.056490384615384616
0 0.203125 0.33413461538461536 0.29447115384615385 0.12740384615384615
0 0.35216346153846156 0.390625 0.13341346153846154 0.2692307692307692
0 0.5949519230769231 0.265625 0.21995192307692307 0.2824519230769231
0 0.5072115384615384 0.33653846153846156 0.1622596153846154 0.34134615384615385
0 0.5288461538461539 0.23677884615384615 0.21153846153846154 0.06971153846153846
0 0.49759615384615385 0.3918269230769231 0.20552884615384615 0.234375
0 0.7536057692307693 0.25240384615384615 0.109375 0.28725961538461536
0 0.6538461538461539 0.5576923076923077 0.07211538461538461 0.10697115384615384
0 0.7223557692307693 0.5060096153846154 0.3329326923076923 0.18870192307692307
0 0.7944711538461539 0.5673076923076923 0.24278846153846154 0.17307692307692307
0 0.35096153846153844 0.8774038461538461 0.25961538461538464 0.14903846153846154
0 0.6670673076923077 0.6887019230769231 0.08774038461538461 0.08653846153846154
0 0.0829326923076923 0.7680288461538461 0.14903846153846154 0.3786057692307692
0 0.010817307692307692 0.6165865384615384 0.020432692307692308 0.052884615384615384
0 0.14903846153846154 0.84375 0.1466346153846154 0.2091346153846154
0 0.07451923076923077 0.9471153846153846 0.14903846153846154 0.07211538461538461
0 0.13221153846153846 0.9362980769230769 0.26322115384615385 0.12259615384615384
0 0.23918269230769232 0.9819711538461539 0.054086538461538464 0.03365384615384615
0 0.32572115384615385 0.6274038461538461 0.3137019230769231 0.26322115384615385
0 0.34975961538461536 0.6995192307692307 0.056490384615384616 0.28966346153846156
0 0.33774038461538464 0.5300480769230769 0.15625 0.07091346153846154
0 0.39302884615384615 0.5456730769230769 0.23076923076923078 0.21995192307692307
0 0.6045673076923077 0.703125 0.08774038461538461 0.24639423076923078
0 0.5528846153846154 0.7632211538461539 0.08173076923076923 0.3786057692307692
0 0.6141826923076923 0.9663461538461539 0.040865384615384616 0.06490384615384616
0 0.8942307692307693 0.5528846153846154 0.2091346153846154 0.20072115384615385
0 0.9483173076923077 0.6394230769230769 0.10216346153846154 0.12980769230769232
0 0.9375 0.6694711538461539 0.12259615384615384 0.13221153846153846
0 0.9603365384615384 0.7451923076923077 0.07692307692307693 0.06850961538461539
0 0.8834134615384616 0.9567307692307693 0.2283653846153846 0.08173076923076923
0 0.7644230769230769 0.8701923076923077 0.2127403846153846 0.10216346153846154
0 0.8233173076923077 0.7788461538461539 0.20072115384615385 0.28365384615384615
0 0.8076923076923077 0.6742788461538461 0.3173076923076923 0.27884615384615385
0 0.028846153846153848 0.8076923076923077 0.056490384615384616 0.12740384615384615