0 0.8341346153846154 0.6213942307692307 0.06610576923076923 0.07572115384615384
0 0.9519230769230769 0.3269230769230769 0.09495192307692307 0.07211538461538461
0 0.6033653846153846 0.03125 0.08052884615384616 0.06129807692307692
0 0.6622596153846154 0.07572115384615384 0.09014423076923077 0.11177884615384616
0 0.7680288461538461 0.34615384615384615 0.05048076923076923 0.06850961538461539
0 0.9086538461538461 0.6298076923076923 0.08653846153846154 0.07091346153846154
0 0.7944711538461539 0.47115384615384615 0.06971153846153846 0.06850961538461539
0 0.7451923076923077 0.28725961538461536 0.06009615384615385 0.054086538461538464
0 0.9302884615384616 0.41586538461538464 0.07211538461538461 0.08774038461538461
0 0.6454326923076923 0.6418269230769231 0.0733173076923077 0.06610576923076923
0 0.859375 0.8016826923076923 0.0733173076923077 0.06490384615384616
0 0.5625 0.10096153846153846 0.08533653846153846 0.09735576923076923
0 0.9495192307692307 0.2776442307692308 0.046875 0.06971153846153846
0 0.65625 0.30408653846153844 0.04567307692307692 0.055288461538461536
0 0.6346153846153846 0.2512019230769231 0.06490384615384616 0.05048076923076923
0 0.9651442307692307 0.4831730769230769 0.06009615384615385 0.0673076923076923
0 0.7019230769230769 0.3629807692307692 0.04447115384615385 0.0733173076923077
0 0.03485576923076923 0.9074519230769231 0.042067307692307696 0.040865384615384616
0 0.7427884615384616 0.5 0.0625 0.051682692307692304