0 0.08774038461538461 0.14543269230769232 0.17548076923076922 0.12259615384615384
0 0.46033653846153844 0.9663461538461539 0.11658653846153846 0.06490384615384616
0 0.34615384615384615 0.2536057692307692 0.08173076923076923 0.09014423076923077
0 0.35697115384615385 0.052884615384615384 0.1658653846153846 0.10576923076923077
0 0.8449519230769231 0.7848557692307693 0.04927884615384615 0.03485576923076923
0 0.04326923076923077 0.484375 0.08653846153846154 0.056490384615384616
0 0.19230769230769232 0.5036057692307693 0.09735576923076923 0.08413461538461539
0 0.6598557692307693 0.41346153846153844 0.13581730769230768 0.06009615384615385
0 0.5985576923076923 0.39663461538461536 0.17307692307692307 0.12379807692307693
0 0.7475961538461539 0.34615384615384615 0.04326923076923077 0.038461538461538464
0 0.23918269230769232 0.1875 0.10697115384615384 0.11538461538461539
0 0.7824519230769231 0.22596153846153846 0.11057692307692307 0.15985576923076922
0 0.7560096153846154 0.8689903846153846 0.13581730769230768 0.0625
0 0.39663461538461536 0.140625 0.07091346153846154 0.09495192307692307
0 0.19951923076923078 0.28365384615384615 0.10216346153846154 0.054086538461538464
0 0.055288461538461536 0.27524038461538464 0.07211538461538461 0.06009615384615385
0 0.5084134615384616 0.8569711538461539 0.10336538461538461 0.055288461538461536
0 0.15384615384615385 0.42427884615384615 0.06971153846153846 0.05048076923076923
0 0.9507211538461539 0.2608173076923077 0.09615384615384616 0.11298076923076923
0 0.4423076923076923 0.2848557692307692 0.07932692307692307 0.06490384615384616
0 0.09375 0.04567307692307692 0.1875 0.09134615384615384
0 0.0673076923076923 0.3425480769230769 0.06009615384615385 0.055288461538461536
0 0.9639423076923077 0.47596153846153844 0.07091346153846154 0.06850961538461539
0 0.8329326923076923 0.43990384615384615 0.11899038461538461 0.16466346153846154
0 0.23076923076923078 0.8629807692307693 0.08413461538461539 0.08413461538461539
0 0.3329326923076923 0.7295673076923077 0.14783653846153846 0.078125
0 0.09495192307692307 0.6418269230769231 0.18990384615384615 0.10216346153846154
0 0.5805288461538461 0.21514423076923078 0.09735576923076923 0.10697115384615384
0 0.9603365384615384 0.35336538461538464 0.078125 0.05048076923076923
0 0.9002403846153846 0.11899038461538461 0.0829326923076923 0.13221153846153846
0 0.5877403846153846 0.7115384615384616 0.055288461538461536 0.04447115384615385
0 0.06370192307692307 0.953125 0.12740384615384615 0.0889423076923077