0 0.5649038461538461 0.9663461538461539 0.03485576923076923 0.055288461538461536
0 0.4639423076923077 0.9326923076923077 0.025240384615384616 0.04927884615384615
0 0.6586538461538461 0.8930288461538461 0.037259615384615384 0.04927884615384615
0 0.6310096153846154 0.8954326923076923 0.021634615384615384 0.04326923076923077
0 0.7439903846153846 0.984375 0.03365384615384615 0.028846153846153848
0 0.6959134615384616 0.90625 0.03125 0.036057692307692304
0 0.9170673076923077 0.9807692307692307 0.06370192307692307 0.036057692307692304
0 0.6995192307692307 0.8413461538461539 0.04326923076923077 0.05048076923076923
0 0.7920673076923077 0.8305288461538461 0.04807692307692308 0.055288461538461536
0 0.9543269230769231 0.9387019230769231 0.030048076923076924 0.038461538461538464
0 0.96875 0.8064903846153846 0.06129807692307692 0.04447115384615385
0 0.8617788461538461 0.8040865384615384 0.03365384615384615 0.046875
0 0.8870192307692307 0.7475961538461539 0.03485576923076923 0.02403846153846154
0 0.8834134615384616 0.7019230769230769 0.07091346153846154 0.037259615384615384
0 0.9038461538461539 0.5817307692307693 0.07572115384615384 0.051682692307692304
0 0.7740384615384616 0.47596153846153844 0.02403846153846154 0.04326923076923077
0 0.6550480769230769 0.453125 0.03485576923076923 0.03365384615384615
0 0.7079326923076923 0.43990384615384615 0.046875 0.037259615384615384
0 0.8653846153846154 0.30528846153846156 0.07091346153846154 0.042067307692307696
0 0.9098557692307693 0.25 0.08413461538461539 0.0733173076923077
0 0.9423076923076923 0.038461538461538464 0.09134615384615384 0.07692307692307693
0 0.3870192307692308 0.9387019230769231 0.03245192307692308 0.03125
0 0.3942307692307692 0.8701923076923077 0.027644230769230768 0.038461538461538464
0 0.05889423076923077 0.7872596153846154 0.039663461538461536 0.03365384615384615
0 0.018028846153846152 0.984375 0.036057692307692304 0.028846153846153848
0 0.2824519230769231 0.7716346153846154 0.04326923076923077 0.04567307692307692
0 0.36778846153846156 0.8329326923076923 0.03125 0.038461538461538464
0 0.33052884615384615 0.8052884615384616 0.027644230769230768 0.019230769230769232
0 0.7872596153846154 0.16706730769230768 0.055288461538461536 0.05889423076923077
0 0.7175480769230769 0.16706730769230768 0.04326923076923077 0.055288461538461536
0 0.6177884615384616 0.6862980769230769 0.039663461538461536 0.037259615384615384
0 0.07932692307692307 0.203125 0.042067307692307696 0.040865384615384616
0 0.33052884615384615 0.23557692307692307 0.025240384615384616 0.03365384615384615
0 0.27403846153846156 0.3389423076923077 0.03365384615384615 0.03245192307692308
0 0.22596153846153846 0.4266826923076923 0.040865384615384616 0.04567307692307692
0 0.5264423076923077 0.33052884615384615 0.03485576923076923 0.04447115384615385
0 0.6141826923076923 0.3786057692307692 0.036057692307692304 0.03485576923076923
0 0.49759615384615385 0.7211538461538461 0.039663461538461536 0.042067307692307696
0 0.38822115384615385 0.6598557692307693 0.019230769230769232 0.02403846153846154
0 0.39783653846153844 0.7283653846153846 0.039663461538461536 0.038461538461538464
0 0.15745192307692307 0.6574519230769231 0.03365384615384615 0.030048076923076924
0 0.057692307692307696 0.5865384615384616 0.056490384615384616 0.03245192307692308
0 0.39783653846153844 0.5745192307692307 0.030048076923076924 0.04447115384615385
0 0.4795673076923077 0.30528846153846156 0.03245192307692308 0.04807692307692308
0 0.04447115384615385 0.5576923076923077 0.037259615384615384 0.02403846153846154
0 0.8521634615384616 0.039663461538461536 0.04567307692307692 0.03365384615384615
0 0.8088942307692307 0.078125 0.06610576923076923 0.046875
0 0.6394230769230769 0.1045673076923077 0.03485576923076923 0.06009615384615385
0 0.5216346153846154 0.09134615384615384 0.038461538461538464 0.05048076923076923
0 0.5901442307692307 0.08052884615384616 0.04447115384615385 0.055288461538461536
0 0.4567307692307692 0.03245192307692308 0.039663461538461536 0.04927884615384615
0 0.17307692307692307 0.036057692307692304 0.040865384615384616 0.06490384615384616
0 0.04927884615384615 0.006009615384615385 0.021634615384615384 0.01201923076923077
0 0.1201923076923077 0.026442307692307692 0.03245192307692308 0.04447115384615385
0 0.5889423076923077 0.7067307692307693 0.037259615384615384 0.03485576923076923
0 0.008413461538461538 0.12980769230769232 0.016826923076923076 0.036057692307692304
0 0.16947115384615385 0.18028846153846154 0.03365384615384615 0.03245192307692308
0 0.20552884615384615 0.20072115384615385 0.05889423076923077 0.038461538461538464
0 0.9879807692307693 0.5733173076923077 0.019230769230769232 0.057692307692307696