0 0.17668269230769232 0.20673076923076922 0.04927884615384615 0.057692307692307696
0 0.28365384615384615 0.06009615384615385 0.03485576923076923 0.037259615384615384
0 0.09495192307692307 0.18028846153846154 0.019230769230769232 0.013221153846153846
0 0.546875 0.055288461538461536 0.03125 0.028846153846153848
0 0.4483173076923077 0.21033653846153846 0.020432692307692308 0.021634615384615384
0 0.6177884615384616 0.28365384615384615 0.056490384615384616 0.038461538461538464
0 0.5805288461538461 0.36658653846153844 0.056490384615384616 0.051682692307692304
0 0.9747596153846154 0.30288461538461536 0.026442307692307692 0.04447115384615385
0 0.8713942307692307 0.3870192307692308 0.02283653846153846 0.019230769230769232
0 0.8822115384615384 0.13701923076923078 0.019230769230769232 0.021634615384615384
0 0.09615384615384616 0.33774038461538464 0.057692307692307696 0.036057692307692304
0 0.40625 0.4483173076923077 0.019230769230769232 0.02403846153846154
0 0.9831730769230769 0.671875 0.027644230769230768 0.02283653846153846
0 0.9302884615384616 0.7704326923076923 0.06009615384615385 0.02403846153846154
0 0.9495192307692307 0.8257211538461539 0.06370192307692307 0.040865384615384616
0 0.9254807692307693 0.8966346153846154 0.04567307692307692 0.037259615384615384
0 0.9375 0.921875 0.04927884615384615 0.046875
0 0.4326923076923077 0.359375 0.016826923076923076 0.02403846153846154
0 0.3449519230769231 0.6129807692307693 0.04807692307692308 0.07572115384615384
0 0.24278846153846154 0.6298076923076923 0.052884615384615384 0.042067307692307696
0 0.14423076923076922 0.6646634615384616 0.07451923076923077 0.026442307692307692
0 0.4795673076923077 0.7163461538461539 0.03485576923076923 0.028846153846153848
0 0.5949519230769231 0.71875 0.03365384615384615 0.04447115384615385
0 0.31009615384615385 0.7079326923076923 0.042067307692307696 0.02403846153846154
0 0.5829326923076923 0.8076923076923077 0.04567307692307692 0.039663461538461536
0 0.6766826923076923 0.7463942307692307 0.02283653846153846 0.016826923076923076
0 0.5240384615384616 0.8185096153846154 0.03125 0.03365384615384615
0 0.6610576923076923 0.8173076923076923 0.036057692307692304 0.028846153846153848
0 0.6237980769230769 0.8461538461538461 0.042067307692307696 0.018028846153846152
0 0.49158653846153844 0.9098557692307693 0.036057692307692304 0.028846153846153848
0 0.36538461538461536 0.9567307692307693 0.027644230769230768 0.027644230769230768
0 0.17908653846153846 0.9302884615384616 0.020432692307692308 0.018028846153846152
0 0.8329326923076923 0.578125 0.020432692307692308 0.038461538461538464
0 0.36538461538461536 0.24759615384615385 0.025240384615384616 0.040865384615384616
0 0.7235576923076923 0.20673076923076922 0.028846153846153848 0.04326923076923077
0 0.6057692307692307 0.8425480769230769 0.02403846153846154 0.038461538461538464
0 0.6153846153846154 0.8689903846153846 0.06009615384615385 0.03485576923076923
0 0.40865384615384615 0.1935096153846154 0.038461538461538464 0.018028846153846152
0 0.9038461538461539 0.234375 0.05048076923076923 0.028846153846153848
0 0.47115384615384615 0.3389423076923077 0.03365384615384615 0.026442307692307692
0 0.16826923076923078 0.34134615384615385 0.026442307692307692 0.015625
0 0.5649038461538461 0.8653846153846154 0.03125 0.021634615384615384
0 0.2932692307692308 0.8870192307692307 0.06370192307692307 0.039663461538461536
0 0.8197115384615384 0.9615384615384616 0.02403846153846154 0.018028846153846152
0 0.49278846153846156 0.37740384615384615 0.021634615384615384 0.015625
0 0.484375 0.36778846153846156 0.030048076923076924 0.018028846153846152
0 0.421875 0.8076923076923077 0.01201923076923077 0.008413461538461538