0 0.8365384615384616 0.5048076923076923 0.057692307692307696 0.06009615384615385
0 0.8461538461538461 0.8617788461538461 0.03125 0.10697115384615384
0 0.2091346153846154 0.2764423076923077 0.0733173076923077 0.038461538461538464
0 0.9483173076923077 0.12860576923076922 0.038461538461538464 0.06971153846153846
0 0.15264423076923078 0.6045673076923077 0.07572115384615384 0.036057692307692304
0 0.984375 0.3137019230769231 0.030048076923076924 0.06971153846153846
0 0.3641826923076923 0.6286057692307693 0.03245192307692308 0.09615384615384616
0 0.7091346153846154 0.328125 0.05889423076923077 0.08173076923076923
0 0.5697115384615384 0.6814903846153846 0.05048076923076923 0.055288461538461536
0 0.9723557692307693 0.7584134615384616 0.04807692307692308 0.07211538461538461
0 0.5228365384615384 0.16346153846153846 0.04927884615384615 0.08653846153846154
0 0.6766826923076923 0.9194711538461539 0.051682692307692304 0.052884615384615384
0 0.8016826923076923 0.18870192307692307 0.06971153846153846 0.09735576923076923
0 0.7848557692307693 0.07211538461538461 0.04807692307692308 0.0733173076923077
0 0.24639423076923078 0.052884615384615384 0.07451923076923077 0.07692307692307693
0 0.9314903846153846 0.3088942307692308 0.027644230769230768 0.06971153846153846
0 0.11177884615384616 0.6935096153846154 0.06490384615384616 0.06009615384615385
0 0.3425480769230769 0.6923076923076923 0.078125 0.06850961538461539
0 0.9627403846153846 0.6742788461538461 0.04326923076923077 0.08173076923076923
0 0.7199519230769231 0.9302884615384616 0.03365384615384615 0.06129807692307692
0 0.8617788461538461 0.04927884615384615 0.03365384615384615 0.08774038461538461
0 0.7475961538461539 0.39663461538461536 0.055288461538461536 0.08052884615384616
0 0.3125 0.26802884615384615 0.07211538461538461 0.052884615384615384
0 0.7620192307692307 0.30528846153846156 0.055288461538461536 0.057692307692307696
0 0.8293269230769231 0.7247596153846154 0.08052884615384616 0.07211538461538461
0 0.16466346153846154 0.10817307692307693 0.06129807692307692 0.055288461538461536
0 0.5024038461538461 0.4795673076923077 0.07451923076923077 0.028846153846153848
0 0.078125 0.4375 0.038461538461538464 0.06850961538461539
0 0.6286057692307693 0.23798076923076922 0.05048076923076923 0.08533653846153846
0 0.04326923076923077 0.109375 0.08653846153846154 0.04567307692307692
0 0.7956730769230769 0.984375 0.06971153846153846 0.030048076923076924
0 0.5480769230769231 0.9699519230769231 0.038461538461538464 0.054086538461538464
0 0.6129807692307693 0.8040865384615384 0.042067307692307696 0.037259615384615384
0 0.020432692307692308 0.19831730769230768 0.040865384615384616 0.04447115384615385
0 0.26322115384615385 0.15144230769230768 0.051682692307692304 0.04326923076923077
0 0.8918269230769231 0.3485576923076923 0.05889423076923077 0.05048076923076923
0 0.9050480769230769 0.9651442307692307 0.055288461538461536 0.06490384615384616
0 0.36778846153846156 0.030048076923076924 0.055288461538461536 0.06009615384615385
0 0.8112980769230769 0.028846153846153848 0.04447115384615385 0.04567307692307692
0 0.3425480769230769 0.11057692307692307 0.054086538461538464 0.07211538461538461
0 0.21153846153846154 0.5757211538461539 0.06971153846153846 0.09134615384615384
0 0.4879807692307692 0.8762019230769231 0.054086538461538464 0.06971153846153846
0 0.8173076923076923 0.6382211538461539 0.06850961538461539 0.06850961538461539
0 0.18870192307692307 0.38822115384615385 0.07091346153846154 0.05048076923076923
0 0.08653846153846154 0.8990384615384616 0.078125 0.05048076923076923
0 0.7944711538461539 0.5336538461538461 0.06850961538461539 0.040865384615384616
0 0.9122596153846154 0.6598557692307693 0.03125 0.08173076923076923
0 0.9362980769230769 0.39302884615384615 0.0673076923076923 0.03365384615384615
0 0.030048076923076924 0.042067307692307696 0.06009615384615385 0.08052884615384616
0 0.03485576923076923 0.7572115384615384 0.06971153846153846 0.028846153846153848
0 0.578125 0.25841346153846156 0.0733173076923077 0.06971153846153846
0 0.09735576923076923 0.734375 0.06610576923076923 0.046875
0 0.7163461538461539 0.04927884615384615 0.028846153846153848 0.07572115384615384
0 0.10697115384615384 0.3076923076923077 0.06610576923076923 0.038461538461538464
0 0.19831730769230768 0.6490384615384616 0.10096153846153846 0.036057692307692304
0 0.30408653846153844 0.7512019230769231 0.046875 0.03365384615384615
0 0.02283653846153846 0.9663461538461539 0.04447115384615385 0.05048076923076923
0 0.8257211538461539 0.9615384615384616 0.04927884615384615 0.0733173076923077
0 0.020432692307692308 0.4170673076923077 0.026442307692307692 0.06490384615384616
0 0.45552884615384615 0.6766826923076923 0.040865384615384616 0.037259615384615384
0 0.31009615384615385 0.3545673076923077 0.07451923076923077 0.08052884615384616
0 0.5420673076923077 0.6165865384615384 0.04447115384615385 0.08533653846153846
0 0.33413461538461536 0.9819711538461539 0.038461538461538464 0.03485576923076923
0 0.6454326923076923 0.030048076923076924 0.026442307692307692 0.06009615384615385