0 0.31971153846153844 0.890625 0.09375 0.055288461538461536
0 0.7692307692307693 0.7415865384615384 0.055288461538461536 0.06971153846153846
0 0.8305288461538461 0.8197115384615384 0.09495192307692307 0.06009615384615385
0 0.84375 0.6971153846153846 0.06490384615384616 0.06850961538461539
0 0.15625 0.47596153846153844 0.07572115384615384 0.06610576923076923
0 0.6802884615384616 0.7115384615384616 0.05889423076923077 0.09134615384615384
0 0.38221153846153844 0.46634615384615385 0.08413461538461539 0.06850961538461539
0 0.6274038461538461 0.9447115384615384 0.10697115384615384 0.10697115384615384
0 0.06129807692307692 0.47475961538461536 0.12259615384615384 0.125
0 0.46634615384615385 0.20072115384615385 0.1141826923076923 0.037259615384615384
0 0.22115384615384615 0.14903846153846154 0.10096153846153846 0.06129807692307692
0 0.04807692307692308 0.16706730769230768 0.09134615384615384 0.10216346153846154
0 0.4326923076923077 0.5805288461538461 0.10216346153846154 0.06971153846153846
0 0.30528846153846156 0.8088942307692307 0.12860576923076922 0.09495192307692307
0 0.8305288461538461 0.23076923076923078 0.08052884615384616 0.11298076923076923
0 0.6706730769230769 0.08533653846153846 0.078125 0.10216346153846154
0 0.08052884615384616 0.7536057692307693 0.10216346153846154 0.09735576923076923
0 0.14182692307692307 0.9314903846153846 0.09014423076923077 0.055288461538461536
0 0.9170673076923077 0.5997596153846154 0.05889423076923077 0.04326923076923077
0 0.4987980769230769 0.6502403846153846 0.06971153846153846 0.04326923076923077
0 0.37740384615384615 0.9110576923076923 0.08052884615384616 0.057692307692307696
0 0.4483173076923077 0.019230769230769232 0.10697115384615384 0.036057692307692304
0 0.030048076923076924 0.3389423076923077 0.06009615384615385 0.06009615384615385
0 0.6923076923076923 0.8052884615384616 0.0673076923076923 0.040865384615384616
0 0.030048076923076924 0.8870192307692307 0.06009615384615385 0.038461538461538464
0 0.20432692307692307 0.8016826923076923 0.11538461538461539 0.06370192307692307
0 0.018028846153846152 0.7512019230769231 0.036057692307692304 0.0625
0 0.34134615384615385 0.25721153846153844 0.06850961538461539 0.06009615384615385
0 0.7439903846153846 0.5925480769230769 0.07451923076923077 0.12259615384615384
0 0.375 0.7668269230769231 0.06971153846153846 0.07932692307692307
0 0.12379807692307693 0.6045673076923077 0.09735576923076923 0.04927884615384615
0 0.9651442307692307 0.23557692307692307 0.054086538461538464 0.055288461538461536
0 0.040865384615384616 0.5300480769230769 0.04807692307692308 0.08173076923076923
0 0.09615384615384616 0.10817307692307693 0.09495192307692307 0.0985576923076923
0 0.20673076923076922 0.3798076923076923 0.08173076923076923 0.10697115384615384
0 0.039663461538461536 0.9326923076923077 0.07692307692307693 0.042067307692307696
0 0.8737980769230769 0.13701923076923078 0.052884615384615384 0.07211538461538461
0 0.421875 0.6237980769230769 0.09134615384615384 0.09975961538461539
0 0.08173076923076923 0.037259615384615384 0.07932692307692307 0.06009615384615385
0 0.040865384615384616 0.32091346153846156 0.07932692307692307 0.055288461538461536
0 0.22716346153846154 0.09495192307692307 0.06971153846153846 0.0829326923076923
0 0.48677884615384615 0.22716346153846154 0.06009615384615385 0.057692307692307696
0 0.6658653846153846 0.046875 0.08653846153846154 0.09375
0 0.9543269230769231 0.8485576923076923 0.078125 0.08173076923076923
0 0.4543269230769231 0.5396634615384616 0.09615384615384616 0.07572115384615384
0 0.2608173076923077 0.22355769230769232 0.08774038461538461 0.11658653846153846
0 0.234375 0.6177884615384616 0.12620192307692307 0.04447115384615385
0 0.6189903846153846 0.17548076923076922 0.08774038461538461 0.06129807692307692
0 0.18028846153846154 0.8798076923076923 0.078125 0.06370192307692307
0 0.16466346153846154 0.5348557692307693 0.11177884615384616 0.08413461538461539
0 0.7872596153846154 0.7824519230769231 0.04326923076923077 0.038461538461538464
0 0.6394230769230769 0.5528846153846154 0.039663461538461536 0.036057692307692304
0 0.1502403846153846 0.8088942307692307 0.09014423076923077 0.07932692307692307
0 0.78125 0.19471153846153846 0.057692307692307696 0.11057692307692307
0 0.2512019230769231 0.0733173076923077 0.08173076923076923 0.08413461538461539
0 0.9134615384615384 0.35697115384615385 0.06610576923076923 0.07572115384615384
0 0.019230769230769232 0.036057692307692304 0.038461538461538464 0.0673076923076923
0 0.03485576923076923 0.9639423076923077 0.06971153846153846 0.05889423076923077
0 0.7043269230769231 0.8966346153846154 0.0673076923076923 0.05048076923076923
0 0.6237980769230769 0.7043269230769231 0.08533653846153846 0.040865384615384616
0 0.22716346153846154 0.43990384615384615 0.07451923076923077 0.06971153846153846
0 0.8137019230769231 0.48677884615384615 0.06370192307692307 0.04567307692307692
0 0.6189903846153846 0.890625 0.12139423076923077 0.04447115384615385
0 0.875 0.21875 0.08533653846153846 0.06129807692307692
0 0.7704326923076923 0.9350961538461539 0.08052884615384616 0.06009615384615385
0 0.828125 0.5276442307692307 0.10336538461538461 0.1310096153846154
0 0.2920673076923077 0.5024038461538461 0.1141826923076923 0.06610576923076923
0 0.8725961538461539 0.5132211538461539 0.07451923076923077 0.09495192307692307
0 0.9747596153846154 0.030048076923076924 0.04927884615384615 0.06009615384615385
0 0.8774038461538461 0.8040865384615384 0.07211538461538461 0.08653846153846154
0 0.6454326923076923 0.4579326923076923 0.07572115384615384 0.07692307692307693
0 0.5516826923076923 0.18509615384615385 0.028846153846153848 0.0829326923076923
0 0.6814903846153846 0.43028846153846156 0.09495192307692307 0.078125
0 0.6875 0.20432692307692307 0.09495192307692307 0.05889423076923077