0 0.6935096153846154 0.6995192307692307 0.11778846153846154 0.10576923076923077
0 0.20072115384615385 0.46634615384615385 0.07692307692307693 0.06971153846153846
0 0.6742788461538461 0.21514423076923078 0.14302884615384615 0.10817307692307693
0 0.5889423076923077 0.10336538461538461 0.06009615384615385 0.056490384615384616
0 0.8737980769230769 0.6862980769230769 0.25 0.1045673076923077
0 0.8353365384615384 0.8858173076923077 0.08413461538461539 0.0829326923076923
0 0.484375 0.6634615384615384 0.11658653846153846 0.09014423076923077
0 0.45913461538461536 0.5913461538461539 0.06971153846153846 0.06490384615384616
0 0.9819711538461539 0.19471153846153846 0.03485576923076923 0.09134615384615384
0 0.14302884615384615 0.8822115384615384 0.07692307692307693 0.09375
0 0.7740384615384616 0.5889423076923077 0.08052884615384616 0.07572115384615384
0 0.6382211538461539 0.8870192307692307 0.12259615384615384 0.07692307692307693
0 0.609375 0.5612980769230769 0.11778846153846154 0.06370192307692307
0 0.05048076923076923 0.8533653846153846 0.10096153846153846 0.07211538461538461
0 0.3161057692307692 0.8569711538461539 0.08052884615384616 0.11177884615384616
0 0.3870192307692308 0.8605769230769231 0.08533653846153846 0.051682692307692304
0 0.8389423076923077 0.2800480769230769 0.09254807692307693 0.07572115384615384
0 0.6814903846153846 0.9615384615384616 0.09375 0.06009615384615385
0 0.9627403846153846 0.3004807692307692 0.07211538461538461 0.0985576923076923
0 0.038461538461538464 0.19951923076923078 0.07692307692307693 0.11658653846153846
0 0.7512019230769231 0.05048076923076923 0.11057692307692307 0.07572115384615384
0 0.921875 0.11177884615384616 0.11778846153846154 0.08653846153846154
0 0.27524038461538464 0.12379807692307693 0.08052884615384616 0.10817307692307693
0 0.7151442307692307 0.2704326923076923 0.052884615384615384 0.08533653846153846
0 0.9831730769230769 0.8485576923076923 0.03245192307692308 0.06009615384615385
0 0.25841346153846156 0.8810096153846154 0.07692307692307693 0.1814903846153846
0 0.7764423076923077 0.53125 0.07572115384615384 0.042067307692307696
0 0.8161057692307693 0.5673076923076923 0.14783653846153846 0.06129807692307692
0 0.5420673076923077 0.41346153846153844 0.16466346153846154 0.09615384615384616
0 0.10697115384615384 0.7367788461538461 0.08173076923076923 0.12379807692307693
0 0.3798076923076923 0.9591346153846154 0.18509615384615385 0.07932692307692307
0 0.35096153846153844 0.11778846153846154 0.06850961538461539 0.08173076923076923
0 0.125 0.24879807692307693 0.06129807692307692 0.11538461538461539
0 0.6069711538461539 0.53125 0.10216346153846154 0.040865384615384616
0 0.6057692307692307 0.6790865384615384 0.11899038461538461 0.06490384615384616
0 0.5757211538461539 0.9711538461538461 0.04927884615384615 0.055288461538461536
0 0.5 0.8221153846153846 0.13341346153846154 0.11057692307692307
0 0.36538461538461536 0.20552884615384615 0.09134615384615384 0.06490384615384616
0 0.8930288461538461 0.7620192307692307 0.10336538461538461 0.12620192307692307
0 0.7704326923076923 0.9795673076923077 0.08173076923076923 0.038461538461538464
0 0.2704326923076923 0.04807692307692308 0.17908653846153846 0.09254807692307693
0 0.9350961538461539 0.8305288461538461 0.08653846153846154 0.0625
0 0.9819711538461539 0.08413461538461539 0.03365384615384615 0.04927884615384615
0 0.38221153846153844 0.8112980769230769 0.056490384615384616 0.05889423076923077
0 0.06129807692307692 0.9170673076923077 0.0889423076923077 0.07451923076923077
0 0.5336538461538461 0.9675480769230769 0.04326923076923077 0.06370192307692307
0 0.06009615384615385 0.4579326923076923 0.08653846153846154 0.06971153846153846
0 0.47596153846153844 0.9723557692307693 0.10576923076923077 0.052884615384615384