0 0.9543269230769231 0.10096153846153846 0.09014423076923077 0.10336538461538461
0 0.7019230769230769 0.22956730769230768 0.06971153846153846 0.109375
0 0.1935096153846154 0.16826923076923078 0.11538461538461539 0.10096153846153846
0 0.7175480769230769 0.5288461538461539 0.08533653846153846 0.13701923076923078
0 0.8076923076923077 0.53125 0.12259615384615384 0.15384615384615385
0 0.09254807692307693 0.13341346153846154 0.10336538461538461 0.18870192307692307
0 0.9375 0.9627403846153846 0.12379807692307693 0.07091346153846154
0 0.12980769230769232 0.6730769230769231 0.1045673076923077 0.11177884615384616
0 0.6586538461538461 0.7980769230769231 0.0889423076923077 0.09134615384615384
0 0.20793269230769232 0.4423076923076923 0.15985576923076922 0.11177884615384616
0 0.8305288461538461 0.9759615384615384 0.12860576923076922 0.04447115384615385
0 0.6646634615384616 0.42427884615384615 0.109375 0.19471153846153846
0 0.8100961538461539 0.25961538461538464 0.08774038461538461 0.1201923076923077
0 0.8473557692307693 0.38100961538461536 0.14543269230769232 0.15504807692307693
0 0.35336538461538464 0.4951923076923077 0.08052884615384616 0.08774038461538461
0 0.29086538461538464 0.5048076923076923 0.0625 0.15504807692307693
0 0.7560096153846154 0.22115384615384615 0.08173076923076923 0.16826923076923078
0 0.34375 0.7115384615384616 0.17307692307692307 0.1778846153846154
0 0.9146634615384616 0.8942307692307693 0.1141826923076923 0.08653846153846154
0 0.78125 0.875 0.12740384615384615 0.16466346153846154