0 0.5048076923076923 0.7992788461538461 0.08533653846153846 0.1141826923076923
0 0.8774038461538461 0.6165865384615384 0.08653846153846154 0.08653846153846154
0 0.4014423076923077 0.8786057692307693 0.06370192307692307 0.06490384615384616
0 0.6117788461538461 0.08533653846153846 0.08052884615384616 0.14903846153846154
0 0.4639423076923077 0.7331730769230769 0.12259615384615384 0.10216346153846154
0 0.5348557692307693 0.8149038461538461 0.16105769230769232 0.09134615384615384
0 0.7716346153846154 0.27524038461538464 0.09014423076923077 0.1141826923076923
0 0.6995192307692307 0.9735576923076923 0.11298076923076923 0.051682692307692304
0 0.8112980769230769 0.16706730769230768 0.07572115384615384 0.14903846153846154
0 0.02283653846153846 0.5216346153846154 0.04447115384615385 0.056490384615384616
0 0.7391826923076923 0.9567307692307693 0.057692307692307696 0.08413461538461539
0 0.30528846153846156 0.24759615384615385 0.109375 0.15264423076923078
0 0.18990384615384615 0.18389423076923078 0.09375 0.09975961538461539
0 0.8954326923076923 0.7211538461538461 0.12860576923076922 0.06971153846153846
0 0.32211538461538464 0.36778846153846156 0.055288461538461536 0.0673076923076923
0 0.7139423076923077 0.4074519230769231 0.08533653846153846 0.12980769230769232
0 0.5276442307692307 0.22596153846153846 0.07692307692307693 0.08774038461538461
0 0.3088942307692308 0.5985576923076923 0.09375 0.052884615384615384
0 0.6826923076923077 0.5685096153846154 0.1045673076923077 0.0733173076923077
0 0.3329326923076923 0.051682692307692304 0.06610576923076923 0.10216346153846154
0 0.8485576923076923 0.9543269230769231 0.08413461538461539 0.04447115384615385
0 0.09375 0.25841346153846156 0.10817307692307693 0.07091346153846154
0 0.15144230769230768 0.7415865384615384 0.1346153846153846 0.09254807692307693
0 0.21754807692307693 0.06009615384615385 0.040865384615384616 0.06971153846153846
0 0.515625 0.9723557692307693 0.06009615384615385 0.052884615384615384
0 0.5228365384615384 0.5360576923076923 0.1310096153846154 0.07932692307692307
0 0.3858173076923077 0.6935096153846154 0.09254807692307693 0.06490384615384616
0 0.6694711538461539 0.7836538461538461 0.07091346153846154 0.08052884615384616
0 0.7608173076923077 0.37259615384615385 0.08413461538461539 0.1201923076923077
0 0.8209134615384616 0.8509615384615384 0.11658653846153846 0.10096153846153846
0 0.9735576923076923 0.359375 0.04927884615384615 0.19230769230769232
0 0.18269230769230768 0.038461538461538464 0.055288461538461536 0.07692307692307693
0 0.08653846153846154 0.9014423076923077 0.09134615384615384 0.0733173076923077
0 0.10817307692307693 0.7848557692307693 0.0733173076923077 0.04927884615384615
0 0.06009615384615385 0.1935096153846154 0.09134615384615384 0.08052884615384616
0 0.9663461538461539 0.27283653846153844 0.06610576923076923 0.11298076923076923
0 0.15865384615384615 0.4014423076923077 0.054086538461538464 0.11778846153846154
0 0.054086538461538464 0.04567307692307692 0.0733173076923077 0.0889423076923077
0 0.22355769230769232 0.9206730769230769 0.0829326923076923 0.06009615384615385
0 0.18509615384615385 0.43028846153846156 0.046875 0.09134615384615384
0 0.7848557692307693 0.7512019230769231 0.11658653846153846 0.08653846153846154
0 0.08653846153846154 0.8293269230769231 0.11899038461538461 0.05889423076923077
0 0.6983173076923077 0.042067307692307696 0.0625 0.0829326923076923
0 0.23197115384615385 0.8641826923076923 0.0829326923076923 0.07932692307692307
0 0.08052884615384616 0.328125 0.06610576923076923 0.10216346153846154