0 0.22115384615384615 0.5012019230769231 0.05889423076923077 0.055288461538461536
0 0.875 0.5769230769230769 0.07091346153846154 0.05048076923076923
0 0.9266826923076923 0.9831730769230769 0.04807692307692308 0.028846153846153848
0 0.5733173076923077 0.9519230769230769 0.0673076923076923 0.046875
0 0.359375 0.3473557692307692 0.13341346153846154 0.046875
0 0.9290865384615384 0.4495192307692308 0.052884615384615384 0.057692307692307696
0 0.7103365384615384 0.9819711538461539 0.03485576923076923 0.03365384615384615
0 0.8389423076923077 0.32572115384615385 0.10096153846153846 0.04927884615384615
0 0.7560096153846154 0.9435096153846154 0.09014423076923077 0.046875
0 0.5396634615384616 0.6418269230769231 0.06850961538461539 0.08653846153846154
0 0.4074519230769231 0.27163461538461536 0.05889423076923077 0.06009615384615385
0 0.5360576923076923 0.8966346153846154 0.09375 0.0625
0 0.6730769230769231 0.31009615384615385 0.06490384615384616 0.0625
0 0.7740384615384616 0.3641826923076923 0.07211538461538461 0.04807692307692308
0 0.22956730769230768 0.3954326923076923 0.05889423076923077 0.039663461538461536
0 0.08533653846153846 0.9050480769230769 0.052884615384615384 0.04447115384615385
0 0.5697115384615384 0.8605769230769231 0.08413461538461539 0.052884615384615384
0 0.5757211538461539 0.11177884615384616 0.08653846153846154 0.04447115384615385
0 0.8028846153846154 0.6201923076923077 0.06971153846153846 0.06129807692307692
0 0.31971153846153844 0.28125 0.05048076923076923 0.07211538461538461
0 0.8641826923076923 0.6117788461538461 0.042067307692307696 0.03125
0 0.7091346153846154 0.5961538461538461 0.04567307692307692 0.03485576923076923
0 0.8990384615384616 0.7163461538461539 0.078125 0.03485576923076923
0 0.5360576923076923 0.31490384615384615 0.06009615384615385 0.042067307692307696
0 0.9242788461538461 0.7379807692307693 0.09615384615384616 0.055288461538461536
0 0.6634615384615384 0.7235576923076923 0.09254807692307693 0.057692307692307696
0 0.4579326923076923 0.8954326923076923 0.037259615384615384 0.036057692307692304
0 0.4326923076923077 0.9266826923076923 0.09975961538461539 0.1141826923076923
0 0.5336538461538461 0.38221153846153844 0.05889423076923077 0.08413461538461539
0 0.9423076923076923 0.2548076923076923 0.06610576923076923 0.046875
0 0.11538461538461539 0.7007211538461539 0.07572115384615384 0.04447115384615385
0 0.890625 0.9134615384615384 0.07572115384615384 0.06610576923076923
0 0.05889423076923077 0.09014423076923077 0.1045673076923077 0.07692307692307693
0 0.21995192307692307 0.7283653846153846 0.11177884615384616 0.054086538461538464
0 0.4411057692307692 0.7079326923076923 0.028846153846153848 0.0673076923076923
0 0.8870192307692307 0.6418269230769231 0.06009615384615385 0.04927884615384615
0 0.1466346153846154 0.4831730769230769 0.07451923076923077 0.08413461538461539
0 0.04567307692307692 0.5540865384615384 0.055288461538461536 0.038461538461538464
0 0.2127403846153846 0.9026442307692307 0.09014423076923077 0.052884615384615384
0 0.4723557692307692 0.7079326923076923 0.06370192307692307 0.030048076923076924
0 0.9711538461538461 0.13822115384615385 0.055288461538461536 0.06850961538461539
0 0.3701923076923077 0.07091346153846154 0.07692307692307693 0.06009615384615385
0 0.09975961538461539 0.40865384615384615 0.07451923076923077 0.028846153846153848
0 0.7223557692307693 0.5420673076923077 0.078125 0.03365384615384615
0 0.4855769230769231 0.9014423076923077 0.04567307692307692 0.05048076923076923
0 0.19831730769230768 0.5757211538461539 0.19471153846153846 0.10697115384615384
0 0.2848557692307692 0.6646634615384616 0.15865384615384615 0.056490384615384616
0 0.6971153846153846 0.25240384615384615 0.08413461538461539 0.0985576923076923
0 0.8425480769230769 0.9495192307692307 0.06370192307692307 0.046875
0 0.6694711538461539 0.037259615384615384 0.037259615384615384 0.06490384615384616
0 0.9711538461538461 0.5240384615384616 0.052884615384615384 0.1502403846153846
0 0.4963942307692308 0.1466346153846154 0.10216346153846154 0.10216346153846154
0 0.02403846153846154 0.6334134615384616 0.046875 0.03365384615384615
0 0.5805288461538461 0.07572115384615384 0.08533653846153846 0.046875
0 0.984375 0.4387019230769231 0.028846153846153848 0.06009615384615385
0 0.4579326923076923 0.6129807692307693 0.07572115384615384 0.04326923076923077
0 0.36778846153846156 0.9182692307692307 0.04567307692307692 0.05889423076923077
0 0.9675480769230769 0.2920673076923077 0.06370192307692307 0.04927884615384615
0 0.8245192307692307 0.9807692307692307 0.10096153846153846 0.037259615384615384
0 0.7572115384615384 0.609375 0.05889423076923077 0.06009615384615385
0 0.3545673076923077 0.7680288461538461 0.09254807692307693 0.10096153846153846
0 0.0673076923076923 0.5240384615384616 0.07211538461538461 0.07211538461538461
0 0.5048076923076923 0.5961538461538461 0.06129807692307692 0.07211538461538461
0 0.609375 0.8329326923076923 0.04447115384615385 0.036057692307692304
0 0.6069711538461539 0.984375 0.08653846153846154 0.028846153846153848
0 0.8762019230769231 0.4951923076923077 0.08052884615384616 0.08413461538461539
0 0.9290865384615384 0.32572115384615385 0.052884615384615384 0.07451923076923077
0 0.265625 0.9723557692307693 0.0625 0.052884615384615384
0 0.5925480769230769 0.5240384615384616 0.038461538461538464 0.04447115384615385
0 0.36658653846153844 0.5649038461538461 0.08653846153846154 0.046875
0 0.7584134615384616 0.5721153846153846 0.0673076923076923 0.038461538461538464
0 0.7716346153846154 0.2860576923076923 0.036057692307692304 0.0889423076923077
0 0.7115384615384616 0.08052884615384616 0.046875 0.08653846153846154
0 0.5036057692307693 0.37740384615384615 0.03125 0.040865384615384616
0 0.11538461538461539 0.29927884615384615 0.11778846153846154 0.07572115384615384
0 0.26802884615384615 0.5324519230769231 0.06009615384615385 0.09254807692307693
0 0.7740384615384616 0.9014423076923077 0.10096153846153846 0.04807692307692308
0 0.40625 0.018028846153846152 0.06370192307692307 0.036057692307692304
0 0.5901442307692307 0.44591346153846156 0.06370192307692307 0.11057692307692307
0 0.030048076923076924 0.5144230769230769 0.06009615384615385 0.05048076923076923
0 0.4098557692307692 0.24759615384615385 0.09375 0.04927884615384615
0 0.20793269230769232 0.019230769230769232 0.0733173076923077 0.038461538461538464
0 0.234375 0.8557692307692307 0.08052884615384616 0.04567307692307692