0 0.7211538461538461 0.9122596153846154 0.06850961538461539 0.07451923076923077
0 0.6610576923076923 0.47115384615384615 0.06370192307692307 0.06971153846153846
0 0.9086538461538461 0.5 0.10096153846153846 0.06490384615384616
0 0.375 0.9134615384615384 0.0625 0.052884615384615384
0 0.36538461538461536 0.8161057692307693 0.06370192307692307 0.078125
0 0.49278846153846156 0.5048076923076923 0.07091346153846154 0.0985576923076923
0 0.025240384615384616 0.42427884615384615 0.05048076923076923 0.10096153846153846
0 0.8461538461538461 0.3485576923076923 0.06009615384615385 0.07451923076923077
0 0.9651442307692307 0.4375 0.0673076923076923 0.09615384615384616
0 0.7536057692307693 0.5 0.0733173076923077 0.07932692307692307
0 0.90625 0.6141826923076923 0.09375 0.06850961538461539
0 0.26322115384615385 0.6069711538461539 0.08173076923076923 0.052884615384615384
0 0.8425480769230769 0.9723557692307693 0.051682692307692304 0.054086538461538464
0 0.8569711538461539 0.5697115384615384 0.06610576923076923 0.06009615384615385
0 0.4411057692307692 0.6009615384615384 0.0889423076923077 0.08413461538461539
0 0.2776442307692308 0.5625 0.06971153846153846 0.06129807692307692
0 0.6574519230769231 0.5673076923076923 0.0625 0.06850961538461539
0 0.5805288461538461 0.4266826923076923 0.08413461538461539 0.07091346153846154
0 0.3161057692307692 0.6394230769230769 0.08774038461538461 0.06850961538461539
0 0.34134615384615385 0.46875 0.06850961538461539 0.04927884615384615
0 0.49278846153846156 0.953125 0.09735576923076923 0.06490384615384616
0 0.036057692307692304 0.9242788461538461 0.06971153846153846 0.09735576923076923
0 0.4014423076923077 0.5108173076923077 0.07451923076923077 0.09134615384615384
0 0.27283653846153844 0.4519230769230769 0.08774038461538461 0.0829326923076923
0 0.35096153846153844 0.42427884615384615 0.06850961538461539 0.04927884615384615
0 0.6706730769230769 0.40625 0.056490384615384616 0.0733173076923077
0 0.546875 0.9230769230769231 0.12259615384615384 0.109375
0 0.33653846153846156 0.7403846153846154 0.05889423076923077 0.07451923076923077
0 0.015625 0.515625 0.03125 0.057692307692307696
0 0.23317307692307693 0.9543269230769231 0.08052884615384616 0.09014423076923077
0 0.6021634615384616 0.9759615384615384 0.09134615384615384 0.046875
0 0.10216346153846154 0.45913461538461536 0.06971153846153846 0.06610576923076923