0 0.8713942307692307 0.16466346153846154 0.04927884615384615 0.07692307692307693
0 0.8533653846153846 0.8161057692307693 0.04326923076923077 0.05048076923076923
0 0.90625 0.5252403846153846 0.09254807692307693 0.09495192307692307
0 0.5396634615384616 0.3449519230769231 0.06850961538461539 0.09134615384615384
0 0.20192307692307693 0.13822115384615385 0.06490384615384616 0.08052884615384616
0 0.051682692307692304 0.039663461538461536 0.07091346153846154 0.06610576923076923
0 0.6490384615384616 0.2668269230769231 0.08052884615384616 0.09134615384615384
0 0.9399038461538461 0.9855769230769231 0.06971153846153846 0.026442307692307692
0 0.9302884615384616 0.7331730769230769 0.036057692307692304 0.0733173076923077
0 0.6923076923076923 0.171875 0.11057692307692307 0.10096153846153846
0 0.5805288461538461 0.59375 0.08413461538461539 0.0733173076923077
0 0.7007211538461539 0.4951923076923077 0.08173076923076923 0.04447115384615385
0 0.14423076923076922 0.9423076923076923 0.07572115384615384 0.051682692307692304
0 0.390625 0.14302884615384615 0.07451923076923077 0.10817307692307693
0 0.09975961538461539 0.20673076923076922 0.05889423076923077 0.06009615384615385
0 0.8810096153846154 0.8461538461538461 0.04326923076923077 0.040865384615384616
0 0.6502403846153846 0.9507211538461539 0.05889423076923077 0.05048076923076923
0 0.5444711538461539 0.030048076923076924 0.06009615384615385 0.06009615384615385
0 0.9447115384615384 0.8353365384615384 0.07451923076923077 0.040865384615384616
0 0.04567307692307692 0.5805288461538461 0.09134615384615384 0.13221153846153846
0 0.04927884615384615 0.7584134615384616 0.0673076923076923 0.055288461538461536
0 0.16105769230769232 0.5108173076923077 0.06610576923076923 0.07932692307692307