0 0.4170673076923077 0.328125 0.09254807692307693 0.054086538461538464
0 0.53125 0.3076923076923077 0.10576923076923077 0.10096153846153846
0 0.015625 0.5661057692307693 0.030048076923076924 0.08052884615384616
0 0.7680288461538461 0.33413461538461536 0.06610576923076923 0.08774038461538461
0 0.46153846153846156 0.6057692307692307 0.0889423076923077 0.06370192307692307
0 0.8978365384615384 0.6983173076923077 0.09975961538461539 0.06971153846153846
0 0.3786057692307692 0.7367788461538461 0.06129807692307692 0.025240384615384616
0 0.6923076923076923 0.6670673076923077 0.06971153846153846 0.04807692307692308
0 0.8822115384615384 0.6490384615384616 0.040865384615384616 0.0625
0 0.1141826923076923 0.6730769230769231 0.06009615384615385 0.05889423076923077
0 0.6514423076923077 0.9759615384615384 0.037259615384615384 0.037259615384615384
0 0.47115384615384615 0.5625 0.07211538461538461 0.08413461538461539
0 0.11658653846153846 0.9038461538461539 0.07451923076923077 0.04447115384615385
0 0.4579326923076923 0.7487980769230769 0.0673076923076923 0.055288461538461536
0 0.5588942307692307 0.23557692307692307 0.051682692307692304 0.07211538461538461
0 0.3870192307692308 0.5685096153846154 0.09134615384615384 0.0985576923076923
0 0.5456730769230769 0.036057692307692304 0.03485576923076923 0.06971153846153846
0 0.19831730769230768 0.17668269230769232 0.09615384615384616 0.12379807692307693
0 0.7644230769230769 0.9134615384615384 0.08653846153846154 0.11177884615384616
0 0.7211538461538461 0.234375 0.10096153846153846 0.08533653846153846
0 0.7524038461538461 0.6634615384615384 0.036057692307692304 0.055288461538461536
0 0.828125 0.53125 0.040865384615384616 0.08413461538461539
0 0.6442307692307693 0.6634615384615384 0.08052884615384616 0.0625
0 0.9855769230769231 0.9278846153846154 0.027644230769230768 0.06490384615384616
0 0.35697115384615385 0.6646634615384616 0.055288461538461536 0.04807692307692308
0 0.32572115384615385 0.5396634615384616 0.037259615384615384 0.0985576923076923
0 0.17427884615384615 0.3137019230769231 0.07572115384615384 0.054086538461538464
0 0.9567307692307693 0.025240384615384616 0.04326923076923077 0.04927884615384615
0 0.5324519230769231 0.9483173076923077 0.04567307692307692 0.04927884615384615
0 0.38461538461538464 0.7788461538461539 0.055288461538461536 0.03245192307692308
0 0.1778846153846154 0.8677884615384616 0.06129807692307692 0.027644230769230768
0 0.11298076923076923 0.026442307692307692 0.046875 0.052884615384615384
0 0.24639423076923078 0.6370192307692307 0.07211538461538461 0.07451923076923077
0 0.7704326923076923 0.019230769230769232 0.05048076923076923 0.036057692307692304
0 0.8317307692307693 0.671875 0.03245192307692308 0.06490384615384616
0 0.020432692307692308 0.6177884615384616 0.040865384615384616 0.05048076923076923
0 0.2536057692307692 0.9795673076923077 0.07211538461538461 0.038461538461538464
0 0.11177884615384616 0.3233173076923077 0.055288461538461536 0.026442307692307692
0 0.875 0.04447115384615385 0.036057692307692304 0.08052884615384616
0 0.4735576923076923 0.6887019230769231 0.06971153846153846 0.06971153846153846
0 0.6201923076923077 0.5889423076923077 0.056490384615384616 0.08052884615384616
0 0.6165865384615384 0.6862980769230769 0.054086538461538464 0.04567307692307692
0 0.17307692307692307 0.7223557692307693 0.10216346153846154 0.038461538461538464
0 0.75 0.5492788461538461 0.06490384615384616 0.038461538461538464
0 0.8617788461538461 0.1502403846153846 0.03245192307692308 0.09495192307692307
0 0.7427884615384616 0.18509615384615385 0.09134615384615384 0.09735576923076923
0 0.2860576923076923 0.09495192307692307 0.05889423076923077 0.055288461538461536
0 0.375 0.640625 0.06971153846153846 0.06490384615384616
0 0.5997596153846154 0.7427884615384616 0.03125 0.06610576923076923
0 0.8305288461538461 0.6418269230769231 0.07572115384615384 0.04927884615384615