0 0.7740384615384616 0.4495192307692308 0.09134615384615384 0.06009615384615385
0 0.7980769230769231 0.5444711538461539 0.13581730769230768 0.11057692307692307
0 0.5228365384615384 0.8173076923076923 0.13822115384615385 0.09014423076923077
0 0.33533653846153844 0.3485576923076923 0.1310096153846154 0.13221153846153846
0 0.24519230769230768 0.2860576923076923 0.16466346153846154 0.10216346153846154
0 0.8341346153846154 0.11778846153846154 0.09375 0.09615384615384616
0 0.41346153846153844 0.5132211538461539 0.09134615384615384 0.07692307692307693
0 0.9350961538461539 0.25841346153846156 0.12620192307692307 0.08653846153846154
0 0.08052884615384616 0.9627403846153846 0.055288461538461536 0.04807692307692308
0 0.8389423076923077 0.6310096153846154 0.125 0.08533653846153846
0 0.021634615384615384 0.140625 0.040865384615384616 0.0733173076923077
0 0.9507211538461539 0.9747596153846154 0.09735576923076923 0.04807692307692308
0 0.7307692307692307 0.030048076923076924 0.10697115384615384 0.06009615384615385
0 0.49278846153846156 0.9423076923076923 0.16105769230769232 0.11177884615384616
0 0.48197115384615385 0.8701923076923077 0.125 0.0829326923076923
0 0.4387019230769231 0.04807692307692308 0.12259615384615384 0.09615384615384616
0 0.2247596153846154 0.9350961538461539 0.12259615384615384 0.10096153846153846
0 0.5444711538461539 0.5757211538461539 0.16466346153846154 0.10216346153846154
0 0.8353365384615384 0.22956730769230768 0.13341346153846154 0.12379807692307693
0 0.33533653846153844 0.6069711538461539 0.06490384615384616 0.06971153846153846
0 0.17908653846153846 0.03365384615384615 0.07692307692307693 0.06009615384615385
0 0.12259615384615384 0.8822115384615384 0.08774038461538461 0.11658653846153846
0 0.23317307692307693 0.2283653846153846 0.13221153846153846 0.09254807692307693
0 0.25600961538461536 0.6694711538461539 0.1310096153846154 0.1201923076923077
0 0.9771634615384616 0.046875 0.04326923076923077 0.0889423076923077
0 0.9591346153846154 0.12379807692307693 0.07932692307692307 0.09375
0 0.5180288461538461 0.6598557692307693 0.12259615384615384 0.140625
0 0.10697115384615384 0.7704326923076923 0.08052884615384616 0.08052884615384616