0 0.9002403846153846 0.65625 0.08173076923076923 0.10096153846153846
0 0.13701923076923078 0.3233173076923077 0.109375 0.11177884615384616
0 0.5745192307692307 0.5264423076923077 0.09375 0.09495192307692307
0 0.056490384615384616 0.4951923076923077 0.11298076923076923 0.11057692307692307
0 0.5480769230769231 0.02283653846153846 0.10576923076923077 0.04567307692307692
0 0.04927884615384615 0.7632211538461539 0.09134615384615384 0.11778846153846154
0 0.028846153846153848 0.34134615384615385 0.057692307692307696 0.07692307692307693
0 0.6382211538461539 0.4735576923076923 0.10336538461538461 0.08774038461538461
0 0.08413461538461539 0.6826923076923077 0.16826923076923078 0.1045673076923077
0 0.7295673076923077 0.44471153846153844 0.0829326923076923 0.08052884615384616
0 0.45552884615384615 0.14543269230769232 0.06971153846153846 0.11778846153846154
0 0.39302884615384615 0.6322115384615384 0.07572115384615384 0.10336538461538461
0 0.6430288461538461 0.9399038461538461 0.125 0.1141826923076923
0 0.22355769230769232 0.7103365384615384 0.11778846153846154 0.07451923076923077
0 0.5420673076923077 0.7680288461538461 0.09735576923076923 0.10697115384615384
0 0.31490384615384615 0.16706730769230768 0.15625 0.14302884615384615
0 0.6634615384615384 0.30408653846153844 0.14903846153846154 0.15264423076923078
0 0.5084134615384616 0.9603365384615384 0.13942307692307693 0.07572115384615384
0 0.15745192307692307 0.13701923076923078 0.10096153846153846 0.11177884615384616
0 0.9447115384615384 0.5216346153846154 0.09735576923076923 0.07572115384615384
0 0.056490384615384616 0.8834134615384616 0.11298076923076923 0.15144230769230768
0 0.4375 0.037259615384615384 0.11057692307692307 0.07451923076923077
0 0.38461538461538464 0.234375 0.11899038461538461 0.09014423076923077
0 0.051682692307692304 0.4074519230769231 0.0829326923076923 0.08052884615384616
0 0.9026442307692307 0.1658653846153846 0.1935096153846154 0.06610576923076923
0 0.828125 0.5096153846153846 0.08052884615384616 0.08052884615384616
0 0.9663461538461539 0.6286057692307693 0.06490384615384616 0.06129807692307692
0 0.7728365384615384 0.5432692307692307 0.057692307692307696 0.07211538461538461