0 0.05048076923076923 0.6502403846153846 0.09975961538461539 0.05889423076923077
0 0.6358173076923077 0.21995192307692307 0.04447115384615385 0.07211538461538461
0 0.16346153846153846 0.10336538461538461 0.06370192307692307 0.02403846153846154
0 0.08653846153846154 0.055288461538461536 0.09615384615384616 0.028846153846153848
0 0.9543269230769231 0.32091346153846156 0.0889423076923077 0.06370192307692307
0 0.3161057692307692 0.14903846153846154 0.06971153846153846 0.027644230769230768
0 0.84375 0.020432692307692308 0.07932692307692307 0.038461538461538464
0 0.6033653846153846 0.14543269230769232 0.04927884615384615 0.052884615384615384
0 0.28725961538461536 0.265625 0.08533653846153846 0.06850961538461539
0 0.9543269230769231 0.6334134615384616 0.09014423076923077 0.046875
0 0.9411057692307693 0.2608173076923077 0.07091346153846154 0.042067307692307696
0 0.37259615384615385 0.5817307692307693 0.0733173076923077 0.10697115384615384
0 0.22596153846153846 0.2692307692307692 0.10576923076923077 0.06850961538461539
0 0.16105769230769232 0.7115384615384616 0.09134615384615384 0.0625
0 0.7560096153846154 0.6418269230769231 0.04927884615384615 0.06971153846153846
0 0.0625 0.234375 0.04927884615384615 0.0733173076923077
0 0.5300480769230769 0.02403846153846154 0.030048076923076924 0.04807692307692308
0 0.018028846153846152 0.5324519230769231 0.03365384615384615 0.1141826923076923
0 0.1141826923076923 0.640625 0.04567307692307692 0.07932692307692307
0 0.3762019230769231 0.6334134615384616 0.12259615384615384 0.07932692307692307
0 0.8185096153846154 0.9266826923076923 0.06971153846153846 0.07091346153846154
0 0.6298076923076923 0.3317307692307692 0.07091346153846154 0.027644230769230768
0 0.7956730769230769 0.12980769230769232 0.05048076923076923 0.04447115384615385
0 0.49278846153846156 0.4879807692307692 0.06370192307692307 0.039663461538461536
0 0.4254807692307692 0.6201923076923077 0.04927884615384615 0.06850961538461539
0 0.9435096153846154 0.15625 0.057692307692307696 0.03245192307692308
0 0.48677884615384615 0.2403846153846154 0.09375 0.0829326923076923
0 0.8064903846153846 0.23677884615384615 0.06971153846153846 0.11298076923076923
0 0.5516826923076923 0.6057692307692307 0.078125 0.038461538461538464
0 0.31850961538461536 0.9326923076923077 0.09375 0.036057692307692304
0 0.08774038461538461 0.9567307692307693 0.12980769230769232 0.052884615384615384
0 0.16826923076923078 0.7740384615384616 0.06490384615384616 0.037259615384615384
0 0.12139423076923077 0.2127403846153846 0.12259615384615384 0.04447115384615385
0 0.8473557692307693 0.6454326923076923 0.051682692307692304 0.055288461538461536
0 0.6574519230769231 0.015625 0.08052884615384616 0.028846153846153848
0 0.29927884615384615 0.38822115384615385 0.13701923076923078 0.03485576923076923
0 0.13581730769230768 0.15264423076923078 0.12980769230769232 0.07572115384615384
0 0.515625 0.17908653846153846 0.037259615384615384 0.09134615384615384
0 0.078125 0.4795673076923077 0.07091346153846154 0.04326923076923077
0 0.32572115384615385 0.025240384615384616 0.04567307692307692 0.046875
0 0.921875 0.12259615384615384 0.08533653846153846 0.037259615384615384
0 0.02283653846153846 0.84375 0.04326923076923077 0.06490384615384616
0 0.8028846153846154 0.30288461538461536 0.04807692307692308 0.08533653846153846
0 0.3125 0.3137019230769231 0.1045673076923077 0.046875
0 0.9855769230769231 0.7331730769230769 0.027644230769230768 0.030048076923076924
0 0.015625 0.3137019230769231 0.030048076923076924 0.056490384615384616
0 0.8245192307692307 0.40625 0.039663461538461536 0.030048076923076924
0 0.2956730769230769 0.625 0.05889423076923077 0.039663461538461536
0 0.3701923076923077 0.7872596153846154 0.09254807692307693 0.04447115384615385
0 0.9230769230769231 0.21875 0.06971153846153846 0.042067307692307696
0 0.7740384615384616 0.46153846153846156 0.06129807692307692 0.037259615384615384
0 0.9543269230769231 0.38461538461538464 0.06129807692307692 0.09615384615384616
0 0.23317307692307693 0.7043269230769231 0.055288461538461536 0.07572115384615384
0 0.8233173076923077 0.9819711538461539 0.054086538461538464 0.03365384615384615
0 0.6923076923076923 0.6225961538461539 0.09735576923076923 0.056490384615384616
0 0.7235576923076923 0.8641826923076923 0.08774038461538461 0.04447115384615385
0 0.6237980769230769 0.3641826923076923 0.12860576923076922 0.042067307692307696
0 0.8894230769230769 0.6947115384615384 0.08173076923076923 0.040865384615384616
0 0.5228365384615384 0.3088942307692308 0.0985576923076923 0.06009615384615385
0 0.32211538461538464 0.24278846153846154 0.06009615384615385 0.08173076923076923
0 0.1201923076923077 0.23677884615384615 0.09254807692307693 0.04927884615384615
0 0.5360576923076923 0.5817307692307693 0.0673076923076923 0.028846153846153848
0 0.7199519230769231 0.2536057692307692 0.06610576923076923 0.051682692307692304
0 0.4891826923076923 0.9831730769230769 0.051682692307692304 0.03245192307692308
0 0.5456730769230769 0.7560096153846154 0.08653846153846154 0.05048076923076923
0 0.36778846153846156 0.07451923076923077 0.0829326923076923 0.11057692307692307
0 0.20432692307692307 0.6286057692307693 0.08533653846153846 0.046875
0 0.5360576923076923 0.8798076923076923 0.030048076923076924 0.04567307692307692
0 0.24759615384615385 0.5420673076923077 0.10336538461538461 0.04927884615384615
0 0.14302884615384615 0.8413461538461539 0.056490384615384616 0.1141826923076923
0 0.8233173076923077 0.6009615384615384 0.04447115384615385 0.054086538461538464
0 0.039663461538461536 0.08413461538461539 0.07572115384615384 0.06490384615384616
0 0.15144230769230768 0.5540865384615384 0.10336538461538461 0.10216346153846154
0 0.31971153846153844 0.18028846153846154 0.04567307692307692 0.06490384615384616
0 0.3317307692307692 0.8954326923076923 0.10697115384615384 0.06850961538461539
0 0.7932692307692307 0.6983173076923077 0.052884615384615384 0.06490384615384616
0 0.2860576923076923 0.8305288461538461 0.09254807692307693 0.03485576923076923