0 0.0733173076923077 0.03245192307692308 0.06490384615384616 0.0625
0 0.07692307692307693 0.13942307692307693 0.09975961538461539 0.040865384615384616
0 0.04447115384615385 0.265625 0.0625 0.06009615384615385
0 0.057692307692307696 0.35096153846153844 0.06009615384615385 0.038461538461538464
0 0.23557692307692307 0.171875 0.19230769230769232 0.038461538461538464
0 0.6334134615384616 0.17908653846153846 0.10697115384615384 0.1875
0 0.47115384615384615 0.36899038461538464 0.06009615384615385 0.125
0 0.20072115384615385 0.26322115384615385 0.2091346153846154 0.18028846153846154
0 0.328125 0.3329326923076923 0.08653846153846154 0.04927884615384615
0 0.28365384615384615 0.4326923076923077 0.15144230769230768 0.24879807692307693
0 0.21153846153846154 0.43028846153846156 0.14302884615384615 0.12740384615384615
0 0.11778846153846154 0.5060096153846154 0.12740384615384615 0.18629807692307693
0 0.03245192307692308 0.6766826923076923 0.06490384615384616 0.040865384615384616
0 0.4795673076923077 0.5276442307692307 0.04567307692307692 0.10576923076923077
0 0.13581730769230768 0.8161057692307693 0.21875 0.20072115384615385
0 0.2091346153846154 0.8846153846153846 0.19471153846153846 0.1502403846153846
0 0.2776442307692308 0.8545673076923077 0.057692307692307696 0.16466346153846154
0 0.7211538461538461 0.6670673076923077 0.15625 0.13581730769230768
0 0.5432692307692307 0.6694711538461539 0.04807692307692308 0.030048076923076924
0 0.43509615384615385 0.625 0.04326923076923077 0.16466346153846154
0 0.8617788461538461 0.984375 0.037259615384615384 0.030048076923076924
0 0.9098557692307693 0.9507211538461539 0.038461538461538464 0.037259615384615384
0 0.8137019230769231 0.9507211538461539 0.15745192307692307 0.07572115384615384
0 0.6947115384615384 0.9711538461538461 0.09975961538461539 0.055288461538461536
0 0.9326923076923077 0.06971153846153846 0.051682692307692304 0.021634615384615384
0 0.921875 0.08653846153846154 0.14302884615384615 0.06850961538461539
0 0.8786057692307693 0.17307692307692307 0.08052884615384616 0.14543269230769232
0 0.9615384615384616 0.3701923076923077 0.07451923076923077 0.06009615384615385
0 0.9699519230769231 0.32091346153846156 0.055288461538461536 0.038461538461538464
0 0.828125 0.36538461538461536 0.18990384615384615 0.09375
0 0.9206730769230769 0.14182692307692307 0.15745192307692307 0.040865384615384616
0 0.9915865384615384 0.09375 0.015625 0.030048076923076924
0 0.07932692307692307 0.9627403846153846 0.06490384615384616 0.06129807692307692
0 0.17548076923076922 0.9819711538461539 0.03365384615384615 0.03485576923076923
0 0.020432692307692308 0.9807692307692307 0.03365384615384615 0.021634615384615384
0 0.36538461538461536 0.03125 0.026442307692307692 0.055288461538461536
0 0.34615384615384615 0.2860576923076923 0.15384615384615385 0.038461538461538464
0 0.10096153846153846 0.36538461538461536 0.056490384615384616 0.07932692307692307
0 0.4579326923076923 0.9651442307692307 0.07692307692307693 0.06850961538461539
0 0.8076923076923077 0.09134615384615384 0.055288461538461536 0.037259615384615384
0 0.9423076923076923 0.24278846153846154 0.07692307692307693 0.04927884615384615
0 0.9350961538461539 0.18269230769230768 0.052884615384615384 0.12980769230769232