0 0.45072115384615385 0.16947115384615385 0.07451923076923077 0.07572115384615384
0 0.2692307692307692 0.6766826923076923 0.038461538461538464 0.06971153846153846
0 0.859375 0.41346153846153844 0.040865384615384616 0.055288461538461536
0 0.7175480769230769 0.9326923076923077 0.06971153846153846 0.06850961538461539
0 0.8425480769230769 0.18389423076923078 0.0673076923076923 0.054086538461538464
0 0.9387019230769231 0.7103365384615384 0.08533653846153846 0.09495192307692307
0 0.7403846153846154 0.3389423076923077 0.05889423076923077 0.057692307692307696
0 0.7860576923076923 0.11658653846153846 0.0625 0.06009615384615385
0 0.036057692307692304 0.12139423076923077 0.051682692307692304 0.06971153846153846
0 0.8569711538461539 0.09615384615384616 0.056490384615384616 0.06009615384615385
0 0.6875 0.6706730769230769 0.08173076923076923 0.051682692307692304
0 0.8125 0.7680288461538461 0.054086538461538464 0.06370192307692307
0 0.04807692307692308 0.265625 0.05889423076923077 0.08173076923076923
0 0.234375 0.7944711538461539 0.07692307692307693 0.04807692307692308
0 0.2692307692307692 0.7475961538461539 0.078125 0.04447115384615385
0 0.7596153846153846 0.5721153846153846 0.08052884615384616 0.056490384615384616
0 0.8641826923076923 0.8822115384615384 0.09254807692307693 0.06490384615384616
0 0.10096153846153846 0.07932692307692307 0.055288461538461536 0.055288461538461536
0 0.7620192307692307 0.4411057692307692 0.0673076923076923 0.07572115384615384
0 0.4651442307692308 0.6478365384615384 0.0625 0.09735576923076923
0 0.7872596153846154 0.6514423076923077 0.0733173076923077 0.051682692307692304
0 0.27403846153846156 0.8497596153846154 0.06971153846153846 0.06009615384615385
0 0.921875 0.18509615384615385 0.04927884615384615 0.11778846153846154
0 0.4182692307692308 0.4723557692307692 0.06850961538461539 0.0673076923076923
0 0.9026442307692307 0.03485576923076923 0.06370192307692307 0.06971153846153846
0 0.7139423076923077 0.140625 0.0673076923076923 0.11057692307692307
0 0.9471153846153846 0.39663461538461536 0.0673076923076923 0.08052884615384616
0 0.8413461538461539 0.23317307692307693 0.06971153846153846 0.04927884615384615
0 0.056490384615384616 0.4362980769230769 0.0673076923076923 0.06129807692307692
0 0.8822115384615384 0.48677884615384615 0.05889423076923077 0.06009615384615385
0 0.17668269230769232 0.265625 0.0673076923076923 0.11538461538461539
0 0.08653846153846154 0.5132211538461539 0.052884615384615384 0.07451923076923077
0 0.13341346153846154 0.9627403846153846 0.078125 0.07211538461538461
0 0.4735576923076923 0.4014423076923077 0.057692307692307696 0.06490384615384616
0 0.43990384615384615 0.8641826923076923 0.0625 0.07932692307692307
0 0.5420673076923077 0.4362980769230769 0.06850961538461539 0.05048076923076923
0 0.15264423076923078 0.8125 0.06009615384615385 0.057692307692307696
0 0.671875 0.7271634615384616 0.07692307692307693 0.06129807692307692
0 0.49759615384615385 0.11057692307692307 0.0673076923076923 0.09615384615384616
0 0.7860576923076923 0.8365384615384616 0.06129807692307692 0.06129807692307692
0 0.2608173076923077 0.9615384615384616 0.0673076923076923 0.07572115384615384
0 0.2932692307692308 0.1141826923076923 0.046875 0.06850961538461539
0 0.07932692307692307 0.19591346153846154 0.04447115384615385 0.09134615384615384
0 0.7692307692307693 0.9639423076923077 0.05889423076923077 0.04927884615384615
0 0.9507211538461539 0.234375 0.07451923076923077 0.06971153846153846
0 0.23677884615384615 0.2439903846153846 0.05048076923076923 0.0733173076923077
0 0.6141826923076923 0.29447115384615385 0.054086538461538464 0.08774038461538461
0 0.16105769230769232 0.030048076923076924 0.05048076923076923 0.06009615384615385
0 0.4074519230769231 0.20072115384615385 0.038461538461538464 0.06490384615384616
0 0.3329326923076923 0.36778846153846156 0.07692307692307693 0.06610576923076923
0 0.265625 0.34375 0.06490384615384616 0.07572115384615384
0 0.6430288461538461 0.9699519230769231 0.05889423076923077 0.05889423076923077
0 0.078125 0.6610576923076923 0.06971153846153846 0.09975961538461539
0 0.8533653846153846 0.7139423076923077 0.06490384615384616 0.05889423076923077
0 0.5685096153846154 0.6538461538461539 0.0673076923076923 0.0985576923076923
0 0.32572115384615385 0.6370192307692307 0.06490384615384616 0.07692307692307693
0 0.390625 0.7379807692307693 0.08533653846153846 0.06009615384615385
0 0.02283653846153846 0.18990384615384615 0.04567307692307692 0.078125
0 0.2608173076923077 0.6009615384615384 0.046875 0.055288461538461536
0 0.6502403846153846 0.018028846153846152 0.06490384615384616 0.036057692307692304
0 0.5372596153846154 0.3269230769230769 0.07572115384615384 0.07572115384615384
0 0.703125 0.2692307692307692 0.05048076923076923 0.09375
0 0.9447115384615384 0.32572115384615385 0.057692307692307696 0.0625
0 0.3016826923076923 0.4411057692307692 0.06971153846153846 0.06370192307692307
0 0.1875 0.6490384615384616 0.06370192307692307 0.07211538461538461