0 0.6045673076923077 0.33653846153846156 0.05889423076923077 0.09735576923076923
0 0.6177884615384616 0.23557692307692307 0.06009615384615385 0.10697115384615384
0 0.7884615384615384 0.3473557692307692 0.07572115384615384 0.11658653846153846
0 0.921875 0.29086538461538464 0.10096153846153846 0.10096153846153846
0 0.8617788461538461 0.06370192307692307 0.06490384615384616 0.07091346153846154
0 0.6634615384615384 0.18028846153846154 0.04807692307692308 0.06971153846153846
0 0.7548076923076923 0.21394230769230768 0.06009615384615385 0.06610576923076923
0 0.8942307692307693 0.1346153846153846 0.06129807692307692 0.05889423076923077
0 0.5348557692307693 0.2668269230769231 0.11298076923076923 0.09615384615384616
0 0.8233173076923077 0.9603365384615384 0.057692307692307696 0.06490384615384616
0 0.75 0.9399038461538461 0.054086538461538464 0.05048076923076923
0 0.6778846153846154 0.042067307692307696 0.07091346153846154 0.0829326923076923
0 0.828125 0.5384615384615384 0.057692307692307696 0.06490384615384616