0 0.296875 0.9759615384615384 0.07572115384615384 0.046875
0 0.3125 0.22956730769230768 0.06971153846153846 0.10576923076923077
0 0.39903846153846156 0.8942307692307693 0.09975961538461539 0.11057692307692307
0 0.21394230769230768 0.20192307692307693 0.055288461538461536 0.055288461538461536
0 0.14182692307692307 0.8076923076923077 0.06971153846153846 0.056490384615384616
0 0.4795673076923077 0.9519230769230769 0.12860576923076922 0.09134615384615384
0 0.5216346153846154 0.7596153846153846 0.051682692307692304 0.052884615384615384
0 0.8425480769230769 0.7848557692307693 0.13581730769230768 0.07692307692307693
0 0.04567307692307692 0.09375 0.09134615384615384 0.08653846153846154
0 0.030048076923076924 0.48197115384615385 0.06009615384615385 0.08052884615384616
0 0.17668269230769232 0.056490384615384616 0.07451923076923077 0.11298076923076923
0 0.9651442307692307 0.14903846153846154 0.06850961538461539 0.07932692307692307
0 0.17307692307692307 0.25 0.06129807692307692 0.0889423076923077
0 0.5564903846153846 0.07211538461538461 0.10336538461538461 0.14423076923076922
0 0.47596153846153844 0.6370192307692307 0.04326923076923077 0.0733173076923077
0 0.703125 0.12259615384615384 0.05048076923076923 0.07451923076923077
0 0.9423076923076923 0.7271634615384616 0.11177884615384616 0.055288461538461536
0 0.49158653846153844 0.12259615384615384 0.06009615384615385 0.09134615384615384
0 0.2608173076923077 0.12379807692307693 0.11778846153846154 0.06850961538461539
0 0.43028846153846156 0.46875 0.09134615384615384 0.0625
0 0.08052884615384616 0.5637019230769231 0.08413461538461539 0.12259615384615384
0 0.34134615384615385 0.8305288461538461 0.04447115384615385 0.07211538461538461
0 0.2764423076923077 0.20072115384615385 0.051682692307692304 0.06850961538461539
0 0.5204326923076923 0.6814903846153846 0.06129807692307692 0.11778846153846154
0 0.6947115384615384 0.027644230769230768 0.109375 0.055288461538461536
0 0.6045673076923077 0.2932692307692308 0.07091346153846154 0.16706730769230768
0 0.9735576923076923 0.8653846153846154 0.04807692307692308 0.10697115384615384
0 0.6201923076923077 0.19110576923076922 0.07091346153846154 0.06610576923076923
0 0.8269230769230769 0.8701923076923077 0.11298076923076923 0.11778846153846154
0 0.8245192307692307 0.9807692307692307 0.07572115384615384 0.037259615384615384
0 0.6274038461538461 0.38461538461538464 0.06129807692307692 0.07211538461538461