0 0.5721153846153846 0.7163461538461539 0.08774038461538461 0.1971153846153846
0 0.24278846153846154 0.6490384615384616 0.08653846153846154 0.1778846153846154
0 0.2704326923076923 0.7079326923076923 0.14182692307692307 0.1045673076923077
0 0.16706730769230768 0.9266826923076923 0.16346153846153846 0.08052884615384616
0 0.2548076923076923 0.026442307692307692 0.11177884615384616 0.04927884615384615
0 0.7884615384615384 0.19110576923076922 0.12259615384615384 0.14903846153846154
0 0.7067307692307693 0.027644230769230768 0.16346153846153846 0.055288461538461536
0 0.3641826923076923 0.5961538461538461 0.24158653846153846 0.04447115384615385
0 0.13942307692307693 0.7944711538461539 0.11538461538461539 0.11778846153846154
0 0.6814903846153846 0.7307692307692307 0.0829326923076923 0.07932692307692307
0 0.9807692307692307 0.5997596153846154 0.036057692307692304 0.12980769230769232
0 0.9507211538461539 0.44711538461538464 0.08413461538461539 0.078125
0 0.8966346153846154 0.021634615384615384 0.08173076923076923 0.04326923076923077
0 0.9230769230769231 0.8954326923076923 0.0829326923076923 0.0985576923076923
0 0.1141826923076923 0.25240384615384615 0.07932692307692307 0.06971153846153846
0 0.6766826923076923 0.8894230769230769 0.10697115384615384 0.21995192307692307
0 0.7980769230769231 0.7740384615384616 0.14302884615384615 0.13701923076923078
0 0.6201923076923077 0.18028846153846154 0.109375 0.08052884615384616
0 0.9086538461538461 0.6778846153846154 0.1658653846153846 0.12740384615384615
0 0.8810096153846154 0.5396634615384616 0.11899038461538461 0.15264423076923078
0 0.9483173076923077 0.7620192307692307 0.0985576923076923 0.09254807692307693
0 0.8834134615384616 0.10336538461538461 0.10216346153846154 0.07692307692307693