0 0.8617788461538461 0.24278846153846154 0.11778846153846154 0.09254807692307693
0 0.19951923076923078 0.7463942307692307 0.10096153846153846 0.08533653846153846
0 0.20072115384615385 0.8978365384615384 0.12259615384615384 0.0673076923076923
0 0.19230769230769232 0.9723557692307693 0.0985576923076923 0.054086538461538464
0 0.9326923076923077 0.057692307692307696 0.1201923076923077 0.11177884615384616
0 0.23677884615384615 0.6286057692307693 0.14543269230769232 0.12259615384615384
0 0.10817307692307693 0.49158653846153844 0.08774038461538461 0.1201923076923077
0 0.2512019230769231 0.9783653846153846 0.06971153846153846 0.037259615384615384
0 0.06850961538461539 0.7211538461538461 0.09014423076923077 0.08052884615384616
0 0.028846153846153848 0.8305288461538461 0.057692307692307696 0.09375
0 0.04326923076923077 0.41466346153846156 0.08653846153846154 0.0889423076923077