0 0.9242788461538461 0.05048076923076923 0.040865384615384616 0.039663461538461536
0 0.9915865384615384 0.10576923076923077 0.014423076923076924 0.039663461538461536
0 0.9771634615384616 0.23557692307692307 0.04326923076923077 0.036057692307692304
0 0.9302884615384616 0.14543269230769232 0.052884615384615384 0.03485576923076923
0 0.7536057692307693 0.07572115384615384 0.04447115384615385 0.030048076923076924
0 0.6899038461538461 0.11778846153846154 0.046875 0.03125
0 0.5829326923076923 0.15625 0.055288461538461536 0.03245192307692308
0 0.6009615384615384 0.003605769230769231 0.03365384615384615 0.007211538461538462
0 0.43990384615384615 0.016826923076923076 0.04326923076923077 0.03365384615384615
0 0.5084134615384616 0.10216346153846154 0.030048076923076924 0.03365384615384615
0 0.47115384615384615 0.2283653846153846 0.046875 0.030048076923076924
0 0.40865384615384615 0.31971153846153844 0.037259615384615384 0.07572115384615384
0 0.49158653846153844 0.36177884615384615 0.03485576923076923 0.057692307692307696
0 0.3485576923076923 0.0889423076923077 0.040865384615384616 0.04807692307692308
0 0.13581730769230768 0.04927884615384615 0.03365384615384615 0.038461538461538464
0 0.0985576923076923 0.078125 0.03365384615384615 0.030048076923076924
0 0.07091346153846154 0.125 0.03245192307692308 0.038461538461538464
0 0.014423076923076924 0.15985576923076922 0.028846153846153848 0.04567307692307692
0 0.9819711538461539 0.6754807692307693 0.03245192307692308 0.038461538461538464
0 0.7884615384615384 0.5985576923076923 0.036057692307692304 0.037259615384615384
0 0.7524038461538461 0.6947115384615384 0.030048076923076924 0.04326923076923077
0 0.6610576923076923 0.7163461538461539 0.02283653846153846 0.027644230769230768
0 0.59375 0.7307692307692307 0.04447115384615385 0.040865384615384616
0 0.515625 0.6574519230769231 0.03125 0.04447115384615385
0 0.41466346153846156 0.6286057692307693 0.025240384615384616 0.026442307692307692
0 0.2848557692307692 0.6334134615384616 0.025240384615384616 0.028846153846153848
0 0.21514423076923078 0.6502403846153846 0.03245192307692308 0.03125
0 0.18990384615384615 0.6923076923076923 0.03485576923076923 0.038461538461538464
0 0.17668269230769232 0.7475961538461539 0.040865384615384616 0.04927884615384615
0 0.0625 0.7211538461538461 0.051682692307692304 0.046875
0 0.009615384615384616 0.6466346153846154 0.018028846153846152 0.04447115384615385
0 0.008413461538461538 0.6899038461538461 0.016826923076923076 0.03365384615384615
0 0.18870192307692307 0.009615384615384616 0.028846153846153848 0.019230769230769232
0 0.6358173076923077 0.09495192307692307 0.030048076923076924 0.027644230769230768