0 0.9867788461538461 0.055288461538461536 0.02403846153846154 0.06490384615384616
0 0.9375 0.04447115384615385 0.03245192307692308 0.030048076923076924
0 0.8725961538461539 0.0625 0.04447115384615385 0.03485576923076923
0 0.7932692307692307 0.014423076923076924 0.05048076923076923 0.028846153846153848
0 0.7067307692307693 0.0625 0.04326923076923077 0.046875
0 0.6586538461538461 0.015625 0.040865384615384616 0.030048076923076924
0 0.5673076923076923 0.027644230769230768 0.052884615384615384 0.046875
0 0.4639423076923077 0.020432692307692308 0.03365384615384615 0.036057692307692304
0 0.41466346153846156 0.01201923076923077 0.054086538461538464 0.02403846153846154
0 0.32211538461538464 0.05048076923076923 0.05048076923076923 0.03365384615384615
0 0.25600961538461536 0.04326923076923077 0.04447115384615385 0.040865384615384616
0 0.13221153846153846 0.052884615384615384 0.055288461538461536 0.039663461538461536
0 0.027644230769230768 0.0889423076923077 0.04927884615384615 0.038461538461538464
0 0.10336538461538461 0.6959134615384616 0.046875 0.04447115384615385
0 0.07692307692307693 0.7704326923076923 0.06971153846153846 0.039663461538461536
0 0.17307692307692307 0.7091346153846154 0.03245192307692308 0.030048076923076924
0 0.27884615384615385 0.6586538461538461 0.042067307692307696 0.028846153846153848
0 0.3581730769230769 0.671875 0.03485576923076923 0.042067307692307696
0 0.23798076923076922 0.734375 0.04447115384615385 0.06610576923076923
0 0.265625 0.8016826923076923 0.07692307692307693 0.06370192307692307
0 0.3401442307692308 0.8341346153846154 0.052884615384615384 0.04927884615384615
0 0.35096153846153844 0.8509615384615384 0.0985576923076923 0.10216346153846154
0 0.38461538461538464 0.8954326923076923 0.03245192307692308 0.0733173076923077
0 0.46634615384615385 0.7764423076923077 0.03485576923076923 0.039663461538461536
0 0.5048076923076923 0.8064903846153846 0.0625 0.06971153846153846
0 0.5444711538461539 0.796875 0.05889423076923077 0.07572115384615384
0 0.5757211538461539 0.8377403846153846 0.037259615384615384 0.057692307692307696
0 0.49038461538461536 0.8641826923076923 0.07451923076923077 0.06971153846153846
0 0.6838942307692307 0.6009615384615384 0.028846153846153848 0.036057692307692304
0 0.6286057692307693 0.6646634615384616 0.038461538461538464 0.03365384615384615
0 0.7295673076923077 0.7283653846153846 0.04447115384615385 0.04326923076923077
0 0.6850961538461539 0.7764423076923077 0.04567307692307692 0.07451923076923077
0 0.8040865384615384 0.7620192307692307 0.038461538461538464 0.040865384615384616
0 0.9350961538461539 0.6790865384615384 0.026442307692307692 0.02403846153846154
0 0.9098557692307693 0.7644230769230769 0.040865384615384616 0.06370192307692307
0 0.036057692307692304 0.7860576923076923 0.07211538461538461 0.04807692307692308
0 0.8677884615384616 0.13942307692307693 0.019230769230769232 0.016826923076923076