0 0.038461538461538464 0.14302884615384615 0.03485576923076923 0.03485576923076923
0 0.109375 0.12980769230769232 0.051682692307692304 0.051682692307692304
0 0.2824519230769231 0.0673076923076923 0.055288461538461536 0.04326923076923077
0 0.21634615384615385 0.0985576923076923 0.02283653846153846 0.030048076923076924
0 0.38341346153846156 0.09375 0.042067307692307696 0.039663461538461536
0 0.46875 0.026442307692307692 0.06129807692307692 0.052884615384615384
0 0.28125 0.18028846153846154 0.055288461538461536 0.04326923076923077
0 0.35096153846153844 0.19110576923076922 0.055288461538461536 0.04927884615384615
0 0.3641826923076923 0.13341346153846154 0.028846153846153848 0.026442307692307692
0 0.26802884615384615 0.21514423076923078 0.042067307692307696 0.037259615384615384
0 0.5600961538461539 0.046875 0.027644230769230768 0.039663461538461536
0 0.7295673076923077 0.046875 0.03485576923076923 0.04567307692307692
0 0.6502403846153846 0.17307692307692307 0.018028846153846152 0.027644230769230768
0 0.9266826923076923 0.08653846153846154 0.06610576923076923 0.038461538461538464
0 0.984375 0.02403846153846154 0.030048076923076924 0.04447115384615385
0 0.9098557692307693 0.1466346153846154 0.042067307692307696 0.04567307692307692
0 0.9855769230769231 0.1045673076923077 0.027644230769230768 0.055288461538461536
0 0.9014423076923077 0.7199519230769231 0.04927884615384615 0.03365384615384615
0 0.9795673076923077 0.6983173076923077 0.039663461538461536 0.03365384615384615
0 0.9831730769230769 0.7163461538461539 0.03245192307692308 0.02403846153846154
0 0.9855769230769231 0.7391826923076923 0.027644230769230768 0.03365384615384615
0 0.9795673076923077 0.7824519230769231 0.038461538461538464 0.04447115384615385
0 0.7019230769230769 0.8353365384615384 0.055288461538461536 0.051682692307692304
0 0.8353365384615384 0.7139423076923077 0.04807692307692308 0.04447115384615385
0 0.7944711538461539 0.7800480769230769 0.06850961538461539 0.04447115384615385
0 0.5204326923076923 0.7884615384615384 0.042067307692307696 0.04326923076923077
0 0.5721153846153846 0.7367788461538461 0.03245192307692308 0.04447115384615385
0 0.7391826923076923 0.6274038461538461 0.051682692307692304 0.04447115384615385
0 0.6105769230769231 0.6045673076923077 0.051682692307692304 0.04326923076923077
0 0.5060096153846154 0.6598557692307693 0.04447115384615385 0.040865384615384616
0 0.35096153846153844 0.7584134615384616 0.046875 0.055288461538461536
0 0.19471153846153846 0.6670673076923077 0.07932692307692307 0.04447115384615385
0 0.16947115384615385 0.6947115384615384 0.05048076923076923 0.021634615384615384
0 0.10697115384615384 0.7271634615384616 0.04447115384615385 0.04567307692307692
0 0.046875 0.7572115384615384 0.038461538461538464 0.04326923076923077
0 0.09014423076923077 0.014423076923076924 0.037259615384615384 0.028846153846153848
0 0.01201923076923077 0.21634615384615385 0.02403846153846154 0.030048076923076924
0 0.056490384615384616 0.5072115384615384 0.08052884615384616 0.08173076923076923
0 0.35096153846153844 0.3076923076923077 0.037259615384615384 0.036057692307692304
0 0.06610576923076923 0.7548076923076923 0.03485576923076923 0.039663461538461536
0 0.3485576923076923 0.8016826923076923 0.038461538461538464 0.036057692307692304
0 0.8485576923076923 0.7980769230769231 0.04567307692307692 0.04927884615384615
0 0.6454326923076923 0.19831730769230768 0.018028846153846152 0.027644230769230768
0 0.5180288461538461 0.109375 0.025240384615384616 0.019230769230769232
0 0.3125 0.15745192307692307 0.015625 0.013221153846153846
0 0.1875 0.1045673076923077 0.02283653846153846 0.02283653846153846
0 0.8197115384615384 0.7403846153846154 0.046875 0.028846153846153848