0 0.2536057692307692 0.28365384615384615 0.07572115384615384 0.056490384615384616
0 0.40625 0.2776442307692308 0.038461538461538464 0.055288461538461536
0 0.07211538461538461 0.31971153846153844 0.05889423076923077 0.038461538461538464
0 0.12379807692307693 0.2692307692307692 0.055288461538461536 0.0673076923076923
0 0.12139423076923077 0.19230769230769232 0.036057692307692304 0.030048076923076924
0 0.15384615384615385 0.22355769230769232 0.04447115384615385 0.06370192307692307
0 0.4963942307692308 0.18269230769230768 0.046875 0.08533653846153846
0 0.31971153846153844 0.23918269230769232 0.028846153846153848 0.036057692307692304
0 0.7019230769230769 0.24759615384615385 0.04807692307692308 0.036057692307692304
0 0.8665865384615384 0.17668269230769232 0.054086538461538464 0.07932692307692307
0 0.8112980769230769 0.1814903846153846 0.06009615384615385 0.03125
0 0.8413461538461539 0.26322115384615385 0.037259615384615384 0.06971153846153846
0 0.8798076923076923 0.23677884615384615 0.06490384615384616 0.04927884615384615
0 0.7836538461538461 0.06009615384615385 0.11177884615384616 0.027644230769230768
0 0.9242788461538461 0.27163461538461536 0.042067307692307696 0.037259615384615384
0 0.9699519230769231 0.24278846153846154 0.028846153846153848 0.0733173076923077
0 0.7668269230769231 0.34615384615384615 0.10216346153846154 0.046875
0 0.8858173076923077 0.35096153846153844 0.04927884615384615 0.06971153846153846
0 0.9591346153846154 0.375 0.05048076923076923 0.06850961538461539
0 0.6911057692307693 0.5709134615384616 0.03365384615384615 0.10216346153846154
0 0.5661057692307693 0.41466346153846156 0.04447115384615385 0.03365384615384615
0 0.3545673076923077 0.3894230769230769 0.1310096153846154 0.030048076923076924
0 0.4326923076923077 0.3798076923076923 0.09254807692307693 0.04807692307692308
0 0.3629807692307692 0.46634615384615385 0.07091346153846154 0.06009615384615385
0 0.2704326923076923 0.5444711538461539 0.042067307692307696 0.05048076923076923
0 0.15625 0.47836538461538464 0.040865384615384616 0.03485576923076923
0 0.5600961538461539 0.6658653846153846 0.08653846153846154 0.06129807692307692
0 0.6514423076923077 0.4423076923076923 0.0985576923076923 0.03365384615384615
0 0.06009615384615385 0.5709134615384616 0.03125 0.04447115384615385
0 0.9795673076923077 0.7007211538461539 0.010817307692307692 0.025240384615384616
0 0.9615384615384616 0.7908653846153846 0.040865384615384616 0.03365384615384615
0 0.7800480769230769 0.7620192307692307 0.07932692307692307 0.02403846153846154
0 0.8401442307692307 0.6983173076923077 0.04807692307692308 0.036057692307692304
0 0.7956730769230769 0.7319711538461539 0.03125 0.021634615384615384
0 0.6274038461538461 0.7139423076923077 0.09014423076923077 0.036057692307692304
0 0.5228365384615384 0.8377403846153846 0.03365384615384615 0.06129807692307692
0 0.5745192307692307 0.765625 0.025240384615384616 0.042067307692307696
0 0.5961538461538461 0.8137019230769231 0.054086538461538464 0.042067307692307696
0 0.5564903846153846 0.8641826923076923 0.04567307692307692 0.06490384615384616
0 0.21875 0.8064903846153846 0.038461538461538464 0.06490384615384616
0 0.2776442307692308 0.7740384615384616 0.11177884615384616 0.030048076923076924
0 0.29927884615384615 0.7175480769230769 0.04807692307692308 0.040865384615384616
0 0.3317307692307692 0.7524038461538461 0.05889423076923077 0.06009615384615385
0 0.38221153846153844 0.7632211538461539 0.04447115384615385 0.04927884615384615
0 0.4050480769230769 0.6442307692307693 0.09735576923076923 0.038461538461538464
0 0.47115384615384615 0.703125 0.055288461538461536 0.030048076923076924
0 0.390625 0.6838942307692307 0.08052884615384616 0.040865384615384616
0 0.3137019230769231 0.6682692307692307 0.06610576923076923 0.036057692307692304
0 0.12860576923076922 0.10697115384615384 0.040865384615384616 0.028846153846153848
0 0.890625 0.6706730769230769 0.0733173076923077 0.08052884615384616
0 0.8137019230769231 0.859375 0.03245192307692308 0.03125
0 0.5264423076923077 0.5697115384615384 0.09134615384615384 0.018028846153846152
0 0.4987980769230769 0.6706730769230769 0.08052884615384616 0.046875
0 0.24759615384615385 0.6923076923076923 0.02403846153846154 0.018028846153846152
0 0.06610576923076923 0.046875 0.03365384615384615 0.01201923076923077
0 0.8125 0.953125 0.018028846153846152 0.06971153846153846
0 0.9182692307692307 0.8942307692307693 0.03485576923076923 0.042067307692307696
0 0.9302884615384616 0.9314903846153846 0.04447115384615385 0.04567307692307692
0 0.35336538461538464 0.5865384615384616 0.06009615384615385 0.03125