0 0.12620192307692307 0.5444711538461539 0.07211538461538461 0.03485576923076923
0 0.2548076923076923 0.8774038461538461 0.06370192307692307 0.039663461538461536
0 0.04447115384615385 0.7487980769230769 0.07211538461538461 0.03125
0 0.42908653846153844 0.09615384615384616 0.06850961538461539 0.08173076923076923
0 0.7980769230769231 0.23197115384615385 0.0829326923076923 0.08653846153846154
0 0.13581730769230768 0.9915865384615384 0.07572115384615384 0.015625
0 0.46634615384615385 0.6514423076923077 0.037259615384615384 0.06370192307692307
0 0.484375 0.19230769230769232 0.03365384615384615 0.03485576923076923
0 0.8581730769230769 0.8978365384615384 0.04447115384615385 0.03365384615384615
0 0.45552884615384615 0.010817307692307692 0.056490384615384616 0.018028846153846152
0 0.35697115384615385 0.5408653846153846 0.055288461538461536 0.038461538461538464
0 0.12379807692307693 0.4423076923076923 0.0673076923076923 0.0889423076923077
0 0.20072115384615385 0.13942307692307693 0.03365384615384615 0.07451923076923077
0 0.8990384615384616 0.5841346153846154 0.07932692307692307 0.04807692307692308
0 0.8545673076923077 0.14543269230769232 0.046875 0.06850961538461539
0 0.4074519230769231 0.8737980769230769 0.04326923076923077 0.037259615384615384
0 0.4579326923076923 0.4098557692307692 0.057692307692307696 0.05048076923076923
0 0.2848557692307692 0.8173076923076923 0.07692307692307693 0.036057692307692304
0 0.4170673076923077 0.5 0.07211538461538461 0.057692307692307696
0 0.8269230769230769 0.6971153846153846 0.046875 0.07572115384615384
0 0.34615384615384615 0.9278846153846154 0.04927884615384615 0.025240384615384616
0 0.11177884615384616 0.9002403846153846 0.07451923076923077 0.04807692307692308
0 0.43990384615384615 0.609375 0.06009615384615385 0.039663461538461536
0 0.7992788461538461 0.35697115384615385 0.040865384615384616 0.06971153846153846
0 0.042067307692307696 0.19831730769230768 0.05048076923076923 0.051682692307692304
0 0.9278846153846154 0.8341346153846154 0.06490384615384616 0.03365384615384615
0 0.9399038461538461 0.5733173076923077 0.08774038461538461 0.06971153846153846
0 0.7512019230769231 0.051682692307692304 0.07692307692307693 0.055288461538461536
0 0.8233173076923077 0.8413461538461539 0.04447115384615385 0.046875
0 0.7632211538461539 0.5600961538461539 0.09014423076923077 0.028846153846153848
0 0.5612980769230769 0.9254807692307693 0.06850961538461539 0.040865384615384616
0 0.7548076923076923 0.9915865384615384 0.06009615384615385 0.015625
0 0.5865384615384616 0.22596153846153846 0.055288461538461536 0.078125
0 0.765625 0.8413461538461539 0.040865384615384616 0.036057692307692304
0 0.17668269230769232 0.9663461538461539 0.10216346153846154 0.03365384615384615
0 0.09975961538461539 0.7932692307692307 0.04567307692307692 0.02283653846153846
0 0.5168269230769231 0.8004807692307693 0.055288461538461536 0.04927884615384615
0 0.7451923076923077 0.22596153846153846 0.05048076923076923 0.07572115384615384
0 0.3233173076923077 0.22956730769230768 0.055288461538461536 0.055288461538461536
0 0.27283653846153844 0.6274038461538461 0.055288461538461536 0.03365384615384615
0 0.7331730769230769 0.46875 0.07692307692307693 0.052884615384615384
0 0.109375 0.8257211538461539 0.078125 0.037259615384615384
0 0.8461538461538461 0.640625 0.04807692307692308 0.055288461538461536
0 0.7524038461538461 0.5180288461538461 0.08052884615384616 0.06370192307692307
0 0.6899038461538461 0.8786057692307693 0.06490384615384616 0.025240384615384616
0 0.05889423076923077 0.5673076923076923 0.06971153846153846 0.07932692307692307
0 0.5336538461538461 0.8930288461538461 0.08653846153846154 0.04447115384615385
0 0.5853365384615384 0.5985576923076923 0.051682692307692304 0.019230769230769232
0 0.3473557692307692 0.6682692307692307 0.04326923076923077 0.046875
0 0.8389423076923077 0.35216346153846156 0.054086538461538464 0.02283653846153846
0 0.7632211538461539 0.5853365384615384 0.07572115384615384 0.020432692307692308
0 0.6358173076923077 0.49158653846153844 0.06129807692307692 0.04567307692307692
0 0.48197115384615385 0.34375 0.06850961538461539 0.07692307692307693
0 0.015625 0.26802884615384615 0.030048076923076924 0.037259615384615384
0 0.6947115384615384 0.7800480769230769 0.042067307692307696 0.027644230769230768
0 0.5661057692307693 0.4362980769230769 0.036057692307692304 0.04927884615384615
0 0.546875 0.9711538461538461 0.04807692307692308 0.056490384615384616
0 0.4326923076923077 0.6514423076923077 0.06610576923076923 0.06490384615384616
0 0.16346153846153846 0.27403846153846156 0.04567307692307692 0.03485576923076923
0 0.5612980769230769 0.46033653846153844 0.07572115384615384 0.04807692307692308
0 0.7319711538461539 0.6370192307692307 0.05048076923076923 0.036057692307692304
0 0.9435096153846154 0.25 0.055288461538461536 0.026442307692307692
0 0.3088942307692308 0.5612980769230769 0.04447115384615385 0.06370192307692307
0 0.18269230769230768 0.8762019230769231 0.037259615384615384 0.055288461538461536
0 0.12860576923076922 0.7427884615384616 0.06009615384615385 0.07932692307692307
0 0.3641826923076923 0.46033653846153844 0.056490384615384616 0.06009615384615385