0 0.5865384615384616 0.07211538461538461 0.07932692307692307 0.08653846153846154
0 0.057692307692307696 0.042067307692307696 0.09615384615384616 0.08413461538461539
0 0.359375 0.0889423076923077 0.1141826923076923 0.13701923076923078
0 0.9519230769230769 0.9759615384615384 0.09495192307692307 0.04567307692307692
0 0.13822115384615385 0.6213942307692307 0.08653846153846154 0.0673076923076923
0 0.31009615384615385 0.6177884615384616 0.078125 0.06971153846153846
0 0.4639423076923077 0.6526442307692307 0.11538461538461539 0.24759615384615385
0 0.7692307692307693 0.7235576923076923 0.13221153846153846 0.1346153846153846
0 0.36658653846153844 0.9567307692307693 0.09615384615384616 0.08173076923076923
0 0.4639423076923077 0.9567307692307693 0.10096153846153846 0.08173076923076923
0 0.20793269230769232 0.24519230769230768 0.09254807692307693 0.09014423076923077
0 0.1466346153846154 0.28966346153846156 0.08173076923076923 0.07932692307692307
0 0.6502403846153846 0.40865384615384615 0.11298076923076923 0.0985576923076923
0 0.7355769230769231 0.3016826923076923 0.11177884615384616 0.109375
0 0.8569711538461539 0.17067307692307693 0.11057692307692307 0.11177884615384616
0 0.8485576923076923 0.8293269230769231 0.08052884615384616 0.13221153846153846
0 0.35336538461538464 0.2403846153846154 0.15625 0.12259615384615384
0 0.037259615384615384 0.7235576923076923 0.07451923076923077 0.10576923076923077
0 0.7860576923076923 0.34134615384615385 0.07932692307692307 0.07211538461538461
0 0.8461538461538461 0.5336538461538461 0.14302884615384615 0.09014423076923077
0 0.40384615384615385 0.3401442307692308 0.056490384615384616 0.06610576923076923
0 0.31490384615384615 0.3389423076923077 0.06610576923076923 0.07572115384615384
0 0.5805288461538461 0.6670673076923077 0.15144230769230768 0.07451923076923077
0 0.5060096153846154 0.8485576923076923 0.09134615384615384 0.08533653846153846
0 0.09134615384615384 0.19110576923076922 0.11057692307692307 0.09134615384615384
0 0.9170673076923077 0.7548076923076923 0.10216346153846154 0.15625
0 0.7572115384615384 0.859375 0.09134615384615384 0.14903846153846154
0 0.5697115384615384 0.703125 0.05889423076923077 0.04567307692307692
0 0.9711538461538461 0.27283653846153844 0.056490384615384616 0.14903846153846154
0 0.3137019230769231 0.765625 0.08173076923076923 0.1201923076923077
0 0.7932692307692307 0.6634615384615384 0.11057692307692307 0.14423076923076922
0 0.6778846153846154 0.9254807692307693 0.1310096153846154 0.14543269230769232
0 0.9278846153846154 0.5324519230769231 0.10096153846153846 0.09014423076923077
0 0.23677884615384615 0.47115384615384615 0.15384615384615385 0.109375