0 0.8894230769230769 0.8798076923076923 0.1466346153846154 0.078125
0 0.9519230769230769 0.19471153846153846 0.09375 0.14302884615384615
0 0.8449519230769231 0.4483173076923077 0.18028846153846154 0.0829326923076923
0 0.03245192307692308 0.5600961538461539 0.056490384615384616 0.056490384615384616
0 0.7139423076923077 0.9375 0.19591346153846154 0.12379807692307693
0 0.16706730769230768 0.625 0.11658653846153846 0.11538461538461539
0 0.8293269230769231 0.5961538461538461 0.14423076923076922 0.10216346153846154
0 0.796875 0.15384615384615385 0.12860576923076922 0.1310096153846154
0 0.13822115384615385 0.9375 0.11177884615384616 0.0889423076923077
0 0.6322115384615384 0.08653846153846154 0.06610576923076923 0.12379807692307693
0 0.1658653846153846 0.9555288461538461 0.13822115384615385 0.08533653846153846
0 0.9627403846153846 0.8161057692307693 0.06850961538461539 0.07572115384615384
0 0.859375 0.4987980769230769 0.17307692307692307 0.0733173076923077
0 0.5889423076923077 0.09735576923076923 0.0733173076923077 0.13822115384615385
0 0.28365384615384615 0.6454326923076923 0.14903846153846154 0.11177884615384616
0 0.8641826923076923 0.7680288461538461 0.08413461538461539 0.0889423076923077
0 0.11057692307692307 0.5372596153846154 0.08533653846153846 0.057692307692307696
0 0.08413461538461539 0.6778846153846154 0.08653846153846154 0.08653846153846154
0 0.040865384615384616 0.9086538461538461 0.08173076923076923 0.0889423076923077
0 0.4795673076923077 0.051682692307692304 0.11057692307692307 0.10216346153846154
0 0.12740384615384615 0.38822115384615385 0.125 0.14182692307692307
0 0.8978365384615384 0.1045673076923077 0.09615384615384616 0.06370192307692307
0 0.3858173076923077 0.04927884615384615 0.13221153846153846 0.09735576923076923
0 0.5348557692307693 0.34615384615384615 0.10216346153846154 0.06971153846153846