0 0.6358173076923077 0.2608173076923077 0.057692307692307696 0.08653846153846154
0 0.018028846153846152 0.13581730769230768 0.036057692307692304 0.05889423076923077
0 0.42427884615384615 0.9747596153846154 0.055288461538461536 0.04927884615384615
0 0.49158653846153844 0.19471153846153846 0.06009615384615385 0.052884615384615384
0 0.09375 0.9867788461538461 0.054086538461538464 0.02403846153846154
0 0.8858173076923077 0.3870192307692308 0.06129807692307692 0.04927884615384615
0 0.027644230769230768 0.10576923076923077 0.038461538461538464 0.07692307692307693
0 0.8954326923076923 0.9411057692307693 0.09014423076923077 0.06850961538461539
0 0.10216346153846154 0.36177884615384615 0.12259615384615384 0.06971153846153846
0 0.16947115384615385 0.48677884615384615 0.05048076923076923 0.054086538461538464
0 0.9495192307692307 0.30528846153846156 0.04927884615384615 0.06850961538461539
0 0.7211538461538461 0.9507211538461539 0.10096153846153846 0.08653846153846154
0 0.8954326923076923 0.7956730769230769 0.08653846153846154 0.05889423076923077
0 0.9543269230769231 0.6514423076923077 0.08653846153846154 0.12740384615384615
0 0.4170673076923077 0.4098557692307692 0.06009615384615385 0.06490384615384616
0 0.4170673076923077 0.7992788461538461 0.18389423076923078 0.06490384615384616
0 0.8257211538461539 0.7956730769230769 0.09735576923076923 0.05048076923076923
0 0.29447115384615385 0.0829326923076923 0.08173076923076923 0.055288461538461536
0 0.8425480769230769 0.43509615384615385 0.125 0.056490384615384616
0 0.6730769230769231 0.4375 0.08653846153846154 0.06490384615384616
0 0.6995192307692307 0.15745192307692307 0.0889423076923077 0.06971153846153846
0 0.8112980769230769 0.8774038461538461 0.04447115384615385 0.037259615384615384
0 0.7235576923076923 0.3762019230769231 0.07572115384615384 0.09134615384615384
0 0.9086538461538461 0.0625 0.055288461538461536 0.04567307692307692
0 0.9759615384615384 0.2512019230769231 0.04447115384615385 0.056490384615384616
0 0.53125 0.6189903846153846 0.06971153846153846 0.04326923076923077
0 0.7860576923076923 0.6995192307692307 0.15745192307692307 0.07932692307692307
0 0.18509615384615385 0.5733173076923077 0.04567307692307692 0.0625
0 0.39302884615384615 0.26322115384615385 0.07091346153846154 0.10336538461538461
0 0.35096153846153844 0.7764423076923077 0.07211538461538461 0.10096153846153846
0 0.46153846153846156 0.5024038461538461 0.06490384615384616 0.05889423076923077
0 0.9146634615384616 0.8798076923076923 0.08774038461538461 0.04447115384615385
0 0.09975961538461539 0.8701923076923077 0.040865384615384616 0.08653846153846154
0 0.8461538461538461 0.5024038461538461 0.09375 0.054086538461538464
0 0.028846153846153848 0.44350961538461536 0.05048076923076923 0.055288461538461536
0 0.06370192307692307 0.5757211538461539 0.09134615384615384 0.10096153846153846
0 0.19230769230769232 0.7055288461538461 0.07091346153846154 0.11057692307692307
0 0.9435096153846154 0.5240384615384616 0.11057692307692307 0.11899038461538461
0 0.7079326923076923 0.03245192307692308 0.07091346153846154 0.06490384615384616
0 0.6466346153846154 0.8521634615384616 0.08653846153846154 0.06009615384615385
0 0.6502403846153846 0.3737980769230769 0.06370192307692307 0.055288461538461536
0 0.5997596153846154 0.9362980769230769 0.055288461538461536 0.11177884615384616
0 0.06009615384615385 0.3798076923076923 0.11899038461538461 0.08533653846153846
0 0.7884615384615384 0.38221153846153844 0.08533653846153846 0.07091346153846154
0 0.43028846153846156 0.9074519230769231 0.0733173076923077 0.04447115384615385
0 0.8485576923076923 0.2403846153846154 0.07091346153846154 0.04447115384615385
0 0.7295673076923077 0.5408653846153846 0.07211538461538461 0.06009615384615385
0 0.8221153846153846 0.28365384615384615 0.11778846153846154 0.14783653846153846
0 0.9711538461538461 0.0889423076923077 0.055288461538461536 0.08774038461538461
0 0.8786057692307693 0.015625 0.0673076923076923 0.03125
0 0.296875 0.6358173076923077 0.16346153846153846 0.07572115384615384
0 0.5276442307692307 0.01201923076923077 0.06370192307692307 0.02403846153846154
0 0.5396634615384616 0.3088942307692308 0.04927884615384615 0.056490384615384616
0 0.19230769230769232 0.3954326923076923 0.0625 0.05048076923076923
0 0.9242788461538461 0.14903846153846154 0.07572115384615384 0.12259615384615384
0 0.016826923076923076 0.765625 0.03365384615384615 0.056490384615384616
0 0.234375 0.19831730769230768 0.09254807692307693 0.04447115384615385
0 0.19471153846153846 0.7800480769230769 0.171875 0.08653846153846154
0 0.4519230769230769 0.12980769230769232 0.06971153846153846 0.057692307692307696
0 0.6538461538461539 0.6177884615384616 0.0625 0.04447115384615385
0 0.34134615384615385 0.8834134615384616 0.06009615384615385 0.05048076923076923
0 0.5288461538461539 0.09134615384615384 0.09134615384615384 0.09975961538461539
0 0.140625 0.84375 0.054086538461538464 0.07692307692307693
0 0.4579326923076923 0.35096153846153844 0.046875 0.04807692307692308
0 0.8725961538461539 0.6598557692307693 0.07451923076923077 0.055288461538461536
0 0.609375 0.7548076923076923 0.08653846153846154 0.08052884615384616
0 0.5 0.30288461538461536 0.051682692307692304 0.046875
0 0.6045673076923077 0.5901442307692307 0.051682692307692304 0.0625
0 0.027644230769230768 0.18870192307692307 0.055288461538461536 0.055288461538461536
0 0.7728365384615384 0.09495192307692307 0.0829326923076923 0.06009615384615385
0 0.4987980769230769 0.9146634615384616 0.06490384615384616 0.0673076923076923
0 0.9627403846153846 0.4206730769230769 0.07211538461538461 0.0673076923076923
0 0.6213942307692307 0.6490384615384616 0.07692307692307693 0.056490384615384616
0 0.1622596153846154 0.027644230769230768 0.06490384615384616 0.055288461538461536
0 0.5552884615384616 0.43028846153846156 0.04927884615384615 0.08413461538461539
0 0.9735576923076923 0.9711538461538461 0.051682692307692304 0.04447115384615385