0 0.4543269230769231 0.53125 0.06370192307692307 0.042067307692307696
0 0.7548076923076923 0.234375 0.04927884615384615 0.038461538461538464
0 0.5841346153846154 0.08774038461538461 0.07091346153846154 0.04447115384615385
0 0.8365384615384616 0.18870192307692307 0.07451923076923077 0.06009615384615385
0 0.9050480769230769 0.7920673076923077 0.04927884615384615 0.039663461538461536
0 0.453125 0.7776442307692307 0.0673076923076923 0.051682692307692304
0 0.9819711538461539 0.25721153846153844 0.03365384615384615 0.03245192307692308
0 0.37259615384615385 0.5697115384615384 0.055288461538461536 0.055288461538461536
0 0.11778846153846154 0.5769230769230769 0.057692307692307696 0.07572115384615384
0 0.5228365384615384 0.71875 0.05889423076923077 0.054086538461538464
0 0.48197115384615385 0.21514423076923078 0.04927884615384615 0.06009615384615385
0 0.6298076923076923 0.4807692307692308 0.057692307692307696 0.05048076923076923
0 0.5889423076923077 0.46634615384615385 0.039663461538461536 0.05048076923076923
0 0.484375 0.9026442307692307 0.054086538461538464 0.07091346153846154
0 0.3004807692307692 0.9783653846153846 0.07572115384615384 0.040865384615384616
0 0.5649038461538461 0.9423076923076923 0.06971153846153846 0.038461538461538464
0 0.296875 0.8509615384615384 0.04927884615384615 0.040865384615384616
0 0.6021634615384616 0.6658653846153846 0.04326923076923077 0.04447115384615385
0 0.0733173076923077 0.8173076923076923 0.0673076923076923 0.06370192307692307
0 0.6923076923076923 0.10336538461538461 0.06009615384615385 0.0625
0 0.6370192307692307 0.8701923076923077 0.08413461538461539 0.057692307692307696
0 0.20072115384615385 0.453125 0.08413461538461539 0.0985576923076923
0 0.7463942307692307 0.44471153846153844 0.04567307692307692 0.046875
0 0.8389423076923077 0.30528846153846156 0.051682692307692304 0.04927884615384615
0 0.6418269230769231 0.9567307692307693 0.05048076923076923 0.052884615384615384
0 0.8834134615384616 0.5769230769230769 0.042067307692307696 0.038461538461538464
0 0.08774038461538461 0.9867788461538461 0.054086538461538464 0.02403846153846154
0 0.6430288461538461 0.6622596153846154 0.038461538461538464 0.04326923076923077
0 0.7391826923076923 0.13822115384615385 0.06009615384615385 0.06610576923076923
0 0.9314903846153846 0.5192307692307693 0.06850961538461539 0.05889423076923077
0 0.09975961538461539 0.48677884615384615 0.04807692307692308 0.0625
0 0.6754807692307693 0.7560096153846154 0.0829326923076923 0.0673076923076923
0 0.8990384615384616 0.6262019230769231 0.05048076923076923 0.051682692307692304
0 0.0733173076923077 0.6766826923076923 0.054086538461538464 0.04447115384615385
0 0.9387019230769231 0.11177884615384616 0.04927884615384615 0.054086538461538464
0 0.9795673076923077 0.6778846153846154 0.038461538461538464 0.06971153846153846
0 0.8016826923076923 0.7776442307692307 0.054086538461538464 0.0733173076923077
0 0.11658653846153846 0.06490384615384616 0.1045673076923077 0.07211538461538461
0 0.984375 0.8533653846153846 0.030048076923076924 0.06610576923076923
0 0.3269230769230769 0.054086538461538464 0.07091346153846154 0.09134615384615384
0 0.18269230769230768 0.6598557692307693 0.06490384615384616 0.06490384615384616
0 0.4879807692307692 0.02403846153846154 0.038461538461538464 0.046875
0 0.030048076923076924 0.1935096153846154 0.06009615384615385 0.055288461538461536
0 0.03485576923076923 0.027644230769230768 0.0673076923076923 0.05048076923076923