0 0.6947115384615384 0.3473557692307692 0.12259615384615384 0.25721153846153844
0 0.24519230769230768 0.03365384615384615 0.07932692307692307 0.06610576923076923
0 0.1875 0.9543269230769231 0.09735576923076923 0.0889423076923077
0 0.9170673076923077 0.05048076923076923 0.11177884615384616 0.10096153846153846
0 0.5192307692307693 0.8305288461538461 0.10817307692307693 0.19471153846153846
0 0.6526442307692307 0.7175480769230769 0.054086538461538464 0.109375
0 0.33413461538461536 0.8233173076923077 0.11899038461538461 0.109375
0 0.036057692307692304 0.028846153846153848 0.07211538461538461 0.056490384615384616
0 0.04326923076923077 0.2800480769230769 0.08653846153846154 0.0985576923076923
0 0.515625 0.6033653846153846 0.14543269230769232 0.08774038461538461
0 0.921875 0.7548076923076923 0.12620192307692307 0.17548076923076922
0 0.7415865384615384 0.12379807692307693 0.1045673076923077 0.07932692307692307
0 0.4699519230769231 0.0889423076923077 0.17307692307692307 0.11778846153846154
0 0.8725961538461539 0.9567307692307693 0.10697115384615384 0.08173076923076923
0 0.22956730769230768 0.42908653846153844 0.05048076923076923 0.054086538461538464
0 0.34375 0.03245192307692308 0.13942307692307693 0.056490384615384616
0 0.8161057692307693 0.25721153846153844 0.13341346153846154 0.11177884615384616
0 0.04326923076923077 0.078125 0.08653846153846154 0.0829326923076923
0 0.27524038461538464 0.9254807692307693 0.1045673076923077 0.14302884615384615
0 0.40625 0.7524038461538461 0.10697115384615384 0.12379807692307693
0 0.7668269230769231 0.2247596153846154 0.1141826923076923 0.08774038461538461
0 0.3485576923076923 0.96875 0.09375 0.05889423076923077
0 0.8581730769230769 0.6057692307692307 0.15745192307692307 0.1141826923076923
0 0.9411057692307693 0.6526442307692307 0.05889423076923077 0.0829326923076923
0 0.7608173076923077 0.36658653846153844 0.10216346153846154 0.09254807692307693