0 0.8353365384615384 0.6862980769230769 0.12860576923076922 0.13581730769230768
0 0.7908653846153846 0.22956730769230768 0.11177884615384616 0.08533653846153846
0 0.7776442307692307 0.8942307692307693 0.14182692307692307 0.09615384615384616
0 0.10216346153846154 0.09134615384615384 0.20432692307692307 0.18269230769230768
0 0.4014423076923077 0.6069711538461539 0.08653846153846154 0.09014423076923077
0 0.6550480769230769 0.359375 0.06850961538461539 0.057692307692307696
0 0.20192307692307693 0.7788461538461539 0.26802884615384615 0.23197115384615385
0 0.44711538461538464 0.20552884615384615 0.15745192307692307 0.18389423076923078
0 0.8894230769230769 0.8209134615384616 0.14302884615384615 0.1310096153846154
0 0.08774038461538461 0.8978365384615384 0.078125 0.06490384615384616
0 0.36778846153846156 0.3713942307692308 0.11177884615384616 0.09014423076923077
0 0.6225961538461539 0.703125 0.21875 0.11057692307692307
0 0.5757211538461539 0.9375 0.14182692307692307 0.1141826923076923
0 0.7944711538461539 0.7451923076923077 0.08774038461538461 0.1502403846153846
0 0.9447115384615384 0.31971153846153844 0.0829326923076923 0.1201923076923077
0 0.39302884615384615 0.7235576923076923 0.10096153846153846 0.1201923076923077
0 0.3076923076923077 0.5625 0.12860576923076922 0.24879807692307693
0 0.5576923076923077 0.7055288461538461 0.1346153846153846 0.18389423076923078
0 0.7620192307692307 0.9783653846153846 0.07932692307692307 0.040865384615384616
0 0.12980769230769232 0.3076923076923077 0.10216346153846154 0.1658653846153846
0 0.8365384615384616 0.44350961538461536 0.18629807692307693 0.33653846153846156
0 0.5264423076923077 0.15384615384615385 0.14543269230769232 0.171875
0 0.7019230769230769 0.1201923076923077 0.14783653846153846 0.15144230769230768