0 0.9302884615384616 0.21634615384615385 0.055288461538461536 0.05048076923076923
0 0.7139423076923077 0.054086538461538464 0.06370192307692307 0.0889423076923077
0 0.8990384615384616 0.054086538461538464 0.03365384615384615 0.04567307692307692
0 0.49278846153846156 0.054086538461538464 0.06971153846153846 0.1045673076923077
0 0.3329326923076923 0.039663461538461536 0.04927884615384615 0.051682692307692304
0 0.2644230769230769 0.037259615384615384 0.08653846153846154 0.07451923076923077
0 0.18629807692307693 0.0829326923076923 0.08653846153846154 0.04927884615384615
0 0.22956730769230768 0.19230769230769232 0.054086538461538464 0.06129807692307692
0 0.3641826923076923 0.21153846153846154 0.04807692307692308 0.08173076923076923
0 0.43990384615384615 0.2776442307692308 0.055288461538461536 0.06490384615384616
0 0.5276442307692307 0.26322115384615385 0.046875 0.08653846153846154
0 0.5865384615384616 0.23918269230769232 0.040865384615384616 0.04927884615384615
0 0.453125 0.20192307692307693 0.04567307692307692 0.04447115384615385
0 0.2776442307692308 0.35336538461538464 0.057692307692307696 0.04807692307692308
0 0.18269230769230768 0.29086538461538464 0.06009615384615385 0.038461538461538464
0 0.4651442307692308 0.375 0.04447115384615385 0.04447115384615385
0 0.5132211538461539 0.41225961538461536 0.04807692307692308 0.046875
0 0.7764423076923077 0.5216346153846154 0.040865384615384616 0.10336538461538461
0 0.5084134615384616 0.5733173076923077 0.06490384615384616 0.07692307692307693
0 0.421875 0.7067307692307693 0.054086538461538464 0.057692307692307696
0 0.3485576923076923 0.6622596153846154 0.06009615384615385 0.046875
0 0.2860576923076923 0.7151442307692307 0.10576923076923077 0.040865384615384616
0 0.2764423076923077 0.6129807692307693 0.06009615384615385 0.04807692307692308
0 0.19831730769230768 0.5805288461538461 0.04447115384615385 0.09375
0 0.1622596153846154 0.5264423076923077 0.055288461538461536 0.052884615384615384
0 0.12259615384615384 0.48197115384615385 0.055288461538461536 0.04447115384615385
0 0.171875 0.43028846153846156 0.04807692307692308 0.055288461538461536
0 0.039663461538461536 0.43990384615384615 0.0673076923076923 0.04807692307692308
0 0.04927884615384615 0.6887019230769231 0.055288461538461536 0.09615384615384616
0 0.11538461538461539 0.7079326923076923 0.06129807692307692 0.06971153846153846
0 0.16706730769230768 0.6838942307692307 0.051682692307692304 0.04807692307692308
0 0.08774038461538461 0.7632211538461539 0.04927884615384615 0.04447115384615385
0 0.05889423076923077 0.8185096153846154 0.09495192307692307 0.07572115384615384
0 0.15745192307692307 0.8028846153846154 0.09014423076923077 0.06370192307692307
0 0.14182692307692307 0.8798076923076923 0.09495192307692307 0.07091346153846154
0 0.3581730769230769 0.8197115384615384 0.06490384615384616 0.057692307692307696
0 0.46033653846153844 0.9278846153846154 0.057692307692307696 0.06370192307692307
0 0.5180288461538461 0.7716346153846154 0.03485576923076923 0.03125
0 0.5637019230769231 0.8677884615384616 0.057692307692307696 0.042067307692307696
0 0.796875 0.8293269230769231 0.057692307692307696 0.06490384615384616
0 0.9326923076923077 0.9206730769230769 0.042067307692307696 0.036057692307692304
0 0.9783653846153846 0.6586538461538461 0.03245192307692308 0.03365384615384615
0 0.9038461538461539 0.5709134615384616 0.08653846153846154 0.051682692307692304
0 0.8942307692307693 0.39663461538461536 0.055288461538461536 0.054086538461538464
0 0.9242788461538461 0.27403846153846156 0.039663461538461536 0.038461538461538464
0 0.7115384615384616 0.24879807692307693 0.05048076923076923 0.03365384615384615
0 0.6298076923076923 0.11057692307692307 0.04927884615384615 0.04447115384615385
0 0.11177884615384616 0.14783653846153846 0.042067307692307696 0.03365384615384615
0 0.375 0.14302884615384615 0.051682692307692304 0.06971153846153846
0 0.3762019230769231 0.5913461538461539 0.039663461538461536 0.038461538461538464
0 0.22956730769230768 0.7860576923076923 0.04326923076923077 0.04927884615384615
0 0.7019230769230769 0.7079326923076923 0.06009615384615385 0.04447115384615385
0 0.7067307692307693 0.6646634615384616 0.054086538461538464 0.04807692307692308
0 0.265625 0.8365384615384616 0.0733173076923077 0.03365384615384615
0 0.5769230769230769 0.4735576923076923 0.051682692307692304 0.03485576923076923
0 0.5516826923076923 0.5 0.057692307692307696 0.06971153846153846
0 0.6923076923076923 0.4014423076923077 0.042067307692307696 0.04447115384615385
0 0.21514423076923078 0.90625 0.055288461538461536 0.04326923076923077
0 0.11899038461538461 0.004807692307692308 0.039663461538461536 0.009615384615384616