0 0.8052884615384616 0.45552884615384615 0.078125 0.09375
0 0.19230769230769232 0.4987980769230769 0.10817307692307693 0.10336538461538461
0 0.2548076923076923 0.21394230769230768 0.06971153846153846 0.08533653846153846
0 0.7524038461538461 0.109375 0.06490384615384616 0.11538461538461539
0 0.53125 0.7331730769230769 0.0625 0.13221153846153846
0 0.6730769230769231 0.025240384615384616 0.06971153846153846 0.04807692307692308
0 0.04927884615384615 0.5048076923076923 0.055288461538461536 0.07211538461538461
0 0.057692307692307696 0.4423076923076923 0.1045673076923077 0.0673076923076923
0 0.203125 0.12379807692307693 0.07211538461538461 0.07692307692307693
0 0.13341346153846154 0.15504807692307693 0.08533653846153846 0.08173076923076923
0 0.0673076923076923 0.056490384615384616 0.08052884615384616 0.0829326923076923
0 0.5997596153846154 0.5625 0.09014423076923077 0.1141826923076923
0 0.6862980769230769 0.13221153846153846 0.07692307692307693 0.06490384615384616
0 0.22115384615384615 0.18629807692307693 0.06971153846153846 0.13822115384615385
0 0.6682692307692307 0.5012019230769231 0.08653846153846154 0.08173076923076923
0 0.30408653846153844 0.04807692307692308 0.04927884615384615 0.0733173076923077
0 0.44471153846153844 0.3894230769230769 0.07572115384615384 0.1346153846153846
0 0.35336538461538464 0.025240384615384616 0.07211538461538461 0.04927884615384615
0 0.23798076923076922 0.30288461538461536 0.07091346153846154 0.07572115384615384
0 0.796875 0.171875 0.09495192307692307 0.09014423076923077
0 0.04447115384615385 0.6057692307692307 0.08173076923076923 0.11538461538461539
0 0.47596153846153844 0.6454326923076923 0.07692307692307693 0.12740384615384615
0 0.12379807692307693 0.021634615384615384 0.06009615384615385 0.04326923076923077
0 0.8605769230769231 0.12980769230769232 0.0733173076923077 0.10096153846153846
0 0.03245192307692308 0.0985576923076923 0.06490384615384616 0.0625
0 0.019230769230769232 0.4519230769230769 0.038461538461538464 0.11057692307692307
0 0.9038461538461539 0.26322115384615385 0.11778846153846154 0.0733173076923077
0 0.6742788461538461 0.3293269230769231 0.08052884615384616 0.10096153846153846
0 0.5721153846153846 0.6814903846153846 0.07572115384615384 0.1346153846153846
0 0.03365384615384615 0.28365384615384615 0.0673076923076923 0.08173076923076923
0 0.53125 0.109375 0.08052884615384616 0.09254807692307693