0 0.9290865384615384 0.8990384615384616 0.06850961538461539 0.10336538461538461
0 0.0625 0.35216346153846156 0.09495192307692307 0.08653846153846154
0 0.7704326923076923 0.7415865384615384 0.08653846153846154 0.07932692307692307
0 0.7271634615384616 0.8257211538461539 0.06490384615384616 0.08173076923076923
0 0.6670673076923077 0.7319711538461539 0.1045673076923077 0.078125
0 0.8521634615384616 0.16706730769230768 0.09735576923076923 0.07692307692307693
0 0.019230769230769232 0.953125 0.038461538461538464 0.0889423076923077
0 0.7536057692307693 0.3137019230769231 0.07451923076923077 0.06971153846153846
0 0.3317307692307692 0.36658653846153844 0.1045673076923077 0.10697115384615384
0 0.6430288461538461 0.3425480769230769 0.10697115384615384 0.09134615384615384
0 0.14903846153846154 0.5060096153846154 0.08653846153846154 0.10336538461538461
0 0.16947115384615385 0.4170673076923077 0.08653846153846154 0.14783653846153846
0 0.057692307692307696 0.24519230769230768 0.07692307692307693 0.14543269230769232
0 0.09615384615384616 0.7584134615384616 0.0889423076923077 0.07572115384615384
0 0.5180288461538461 0.8581730769230769 0.05889423076923077 0.057692307692307696
0 0.3329326923076923 0.18870192307692307 0.078125 0.10096153846153846
0 0.5817307692307693 0.4891826923076923 0.12740384615384615 0.08533653846153846
0 0.8557692307692307 0.9699519230769231 0.06610576923076923 0.056490384615384616
0 0.16826923076923078 0.22115384615384615 0.11298076923076923 0.09014423076923077
0 0.7259615384615384 0.15384615384615385 0.08653846153846154 0.078125
0 0.9026442307692307 0.13221153846153846 0.057692307692307696 0.10817307692307693
0 0.5552884615384616 0.6165865384615384 0.08413461538461539 0.0673076923076923
0 0.5396634615384616 0.3786057692307692 0.13942307692307693 0.10697115384615384
0 0.8004807692307693 0.375 0.13221153846153846 0.06129807692307692
0 0.7235576923076923 0.055288461538461536 0.19591346153846154 0.08413461538461539
0 0.2644230769230769 0.5805288461538461 0.13341346153846154 0.06610576923076923
0 0.8894230769230769 0.3004807692307692 0.14423076923076922 0.0673076923076923
0 0.5793269230769231 0.18870192307692307 0.08653846153846154 0.08653846153846154
0 0.5913461538461539 0.8161057692307693 0.14903846153846154 0.078125
0 0.8473557692307693 0.7379807692307693 0.0673076923076923 0.06971153846153846
0 0.39302884615384615 0.9555288461538461 0.06850961538461539 0.08653846153846154
0 0.6165865384615384 0.9134615384615384 0.0889423076923077 0.078125
0 0.08774038461538461 0.9711538461538461 0.07572115384615384 0.056490384615384616
0 0.9459134615384616 0.2620192307692308 0.09495192307692307 0.12860576923076922