0 0.24519230769230768 0.7680288461538461 0.09134615384615384 0.05048076923076923
0 0.03365384615384615 0.5685096153846154 0.055288461538461536 0.025240384615384616
0 0.15144230769230768 0.49399038461538464 0.06009615384615385 0.036057692307692304
0 0.07211538461538461 0.15985576923076922 0.12379807692307693 0.038461538461538464
0 0.984375 0.375 0.028846153846153848 0.07451923076923077
0 0.11298076923076923 0.2536057692307692 0.055288461538461536 0.04326923076923077
0 0.703125 0.5420673076923077 0.051682692307692304 0.042067307692307696
0 0.1622596153846154 0.65625 0.08052884615384616 0.04807692307692308
0 0.021634615384615384 0.8545673076923077 0.04326923076923077 0.038461538461538464
0 0.5889423076923077 0.4338942307692308 0.06971153846153846 0.06370192307692307
0 0.25721153846153844 0.3798076923076923 0.08052884615384616 0.1045673076923077
0 0.28125 0.6610576923076923 0.055288461538461536 0.08052884615384616
0 0.5192307692307693 0.5096153846153846 0.078125 0.038461538461538464
0 0.3870192307692308 0.015625 0.03485576923076923 0.028846153846153848
0 0.0733173076923077 0.8774038461538461 0.07932692307692307 0.038461538461538464
0 0.1875 0.234375 0.07091346153846154 0.06370192307692307
0 0.4375 0.3545673076923077 0.08413461538461539 0.04927884615384615
0 0.2536057692307692 0.13822115384615385 0.07451923076923077 0.06971153846153846
0 0.890625 0.5709134615384616 0.040865384615384616 0.0733173076923077
0 0.43509615384615385 0.18389423076923078 0.078125 0.06490384615384616
0 0.6274038461538461 0.5444711538461539 0.07572115384615384 0.04927884615384615
0 0.07091346153846154 0.7824519230769231 0.14182692307692307 0.10817307692307693
0 0.6201923076923077 0.5973557692307693 0.06009615384615385 0.038461538461538464
0 0.9663461538461539 0.7944711538461539 0.040865384615384616 0.04447115384615385
0 0.13822115384615385 0.1502403846153846 0.05889423076923077 0.03365384615384615
0 0.057692307692307696 0.22235576923076922 0.0625 0.04567307692307692
0 0.9651442307692307 0.9086538461538461 0.0673076923076923 0.12139423076923077
0 0.7536057692307693 0.6346153846153846 0.08052884615384616 0.055288461538461536
0 0.38461538461538464 0.06610576923076923 0.06129807692307692 0.07692307692307693
0 0.9663461538461539 0.7427884615384616 0.046875 0.055288461538461536
0 0.6153846153846154 0.9038461538461539 0.0673076923076923 0.026442307692307692
0 0.7668269230769231 0.9795673076923077 0.039663461538461536 0.038461538461538464
0 0.1201923076923077 0.7992788461538461 0.08173076923076923 0.052884615384615384
0 0.5588942307692307 0.8377403846153846 0.0889423076923077 0.06490384615384616
0 0.23918269230769232 0.96875 0.12379807692307693 0.05048076923076923
0 0.9326923076923077 0.6225961538461539 0.06490384615384616 0.056490384615384616
0 0.15264423076923078 0.0673076923076923 0.09254807692307693 0.037259615384615384
0 0.41947115384615385 0.6983173076923077 0.04807692307692308 0.04927884615384615
0 0.921875 0.9194711538461539 0.06370192307692307 0.03485576923076923
0 0.32091346153846156 0.10697115384615384 0.08533653846153846 0.06610576923076923
0 0.8509615384615384 0.8870192307692307 0.08052884615384616 0.06850961538461539
0 0.6514423076923077 0.8858173076923077 0.0673076923076923 0.03365384615384615
0 0.640625 0.37259615384615385 0.05889423076923077 0.09735576923076923
0 0.9435096153846154 0.7668269230769231 0.051682692307692304 0.037259615384615384
0 0.9435096153846154 0.296875 0.028846153846153848 0.06490384615384616
0 0.4951923076923077 0.7439903846153846 0.12379807692307693 0.0673076923076923
0 0.20793269230769232 0.6514423076923077 0.0985576923076923 0.07932692307692307
0 0.8617788461538461 0.5336538461538461 0.028846153846153848 0.05048076923076923
0 0.7127403846153846 0.6983173076923077 0.05889423076923077 0.08052884615384616
0 0.6658653846153846 0.7620192307692307 0.08774038461538461 0.0829326923076923
0 0.36177884615384615 0.7331730769230769 0.04927884615384615 0.11298076923076923
0 0.4338942307692308 0.5192307692307693 0.09975961538461539 0.036057692307692304
0 0.04927884615384615 0.11778846153846154 0.08052884615384616 0.04927884615384615
0 0.49278846153846156 0.21153846153846154 0.052884615384615384 0.06971153846153846
0 0.3245192307692308 0.7451923076923077 0.04567307692307692 0.042067307692307696
0 0.3112980769230769 0.17668269230769232 0.0889423076923077 0.0673076923076923
0 0.34134615384615385 0.030048076923076924 0.05048076923076923 0.06009615384615385
0 0.5588942307692307 0.44471153846153844 0.057692307692307696 0.06971153846153846
0 0.42427884615384615 0.37740384615384615 0.06009615384615385 0.06610576923076923
0 0.9603365384615384 0.1466346153846154 0.07692307692307693 0.10576923076923077
0 0.8425480769230769 0.9471153846153846 0.0625 0.03365384615384615
0 0.6057692307692307 0.7584134615384616 0.11298076923076923 0.09735576923076923
0 0.7199519230769231 0.46274038461538464 0.09615384615384616 0.03125
0 0.9423076923076923 0.48677884615384615 0.0733173076923077 0.042067307692307696
0 0.1045673076923077 0.07451923076923077 0.08533653846153846 0.11177884615384616
0 0.42427884615384615 0.4831730769230769 0.06971153846153846 0.036057692307692304