0 0.7548076923076923 0.9867788461538461 0.12620192307692307 0.02403846153846154
0 0.16826923076923078 0.9927884615384616 0.09615384615384616 0.013221153846153846
0 0.30528846153846156 0.9747596153846154 0.09254807692307693 0.04927884615384615
0 0.33653846153846156 0.9278846153846154 0.052884615384615384 0.057692307692307696
0 0.36538461538461536 0.9459134615384616 0.042067307692307696 0.04447115384615385
0 0.2644230769230769 0.9543269230769231 0.026442307692307692 0.09014423076923077
0 0.2668269230769231 0.8978365384615384 0.016826923076923076 0.042067307692307696
0 0.23197115384615385 0.9399038461538461 0.03125 0.06009615384615385
0 0.22956730769230768 0.9711538461538461 0.027644230769230768 0.055288461538461536
0 0.16947115384615385 0.9795673076923077 0.030048076923076924 0.039663461538461536
0 0.1622596153846154 0.9435096153846154 0.018028846153846152 0.025240384615384616
0 0.17307692307692307 0.9050480769230769 0.039663461538461536 0.07572115384615384
0 0.17307692307692307 0.7704326923076923 0.038461538461538464 0.07692307692307693
0 0.234375 0.8076923076923077 0.0673076923076923 0.08533653846153846
0 0.30528846153846156 0.8076923076923077 0.038461538461538464 0.06850961538461539
0 0.27163461538461536 0.7572115384615384 0.055288461538461536 0.037259615384615384
0 0.6346153846153846 0.8125 0.1201923076923077 0.12379807692307693
0 0.78125 0.8617788461538461 0.056490384615384616 0.037259615384615384
0 0.8100961538461539 0.8930288461538461 0.06850961538461539 0.040865384615384616
0 0.71875 0.8112980769230769 0.04807692307692308 0.046875
0 0.7764423076923077 0.6105769230769231 0.11177884615384616 0.125
0 0.6814903846153846 0.5745192307692307 0.038461538461538464 0.037259615384615384
0 0.5408653846153846 0.5300480769230769 0.052884615384615384 0.03485576923076923
0 0.6346153846153846 0.5036057692307693 0.038461538461538464 0.018028846153846152
0 0.7427884615384616 0.47115384615384615 0.06490384615384616 0.037259615384615384
0 0.7680288461538461 0.45072115384615385 0.04927884615384615 0.02403846153846154
0 0.7920673076923077 0.4026442307692308 0.055288461538461536 0.11538461538461539
0 0.6971153846153846 0.38221153846153844 0.08052884615384616 0.06610576923076923
0 0.6550480769230769 0.3954326923076923 0.06490384615384616 0.06009615384615385
0 0.7199519230769231 0.3161057692307692 0.09615384615384616 0.10697115384615384
0 0.5396634615384616 0.5901442307692307 0.04927884615384615 0.03485576923076923
0 0.578125 0.5985576923076923 0.055288461538461536 0.028846153846153848
0 0.38221153846153844 0.8161057692307693 0.03125 0.055288461538461536
0 0.6105769230769231 0.9375 0.05048076923076923 0.0733173076923077
0 0.5733173076923077 0.875 0.04447115384615385 0.09615384615384616
0 0.5096153846153846 0.7451923076923077 0.09375 0.04567307692307692
0 0.43990384615384615 0.7584134615384616 0.04927884615384615 0.08653846153846154
0 0.4170673076923077 0.7067307692307693 0.051682692307692304 0.10096153846153846
0 0.4723557692307692 0.6790865384615384 0.042067307692307696 0.10576923076923077
0 0.4723557692307692 0.6550480769230769 0.06610576923076923 0.04807692307692308
0 0.26322115384615385 0.5793269230769231 0.04927884615384615 0.03245192307692308
0 0.18269230769230768 0.5504807692307693 0.046875 0.07211538461538461
0 0.14423076923076922 0.47716346153846156 0.04927884615384615 0.06009615384615385
0 0.5120192307692307 0.921875 0.06009615384615385 0.11778846153846154
0 0.49759615384615385 0.8149038461538461 0.028846153846153848 0.038461538461538464
0 0.5024038461538461 0.8461538461538461 0.12139423076923077 0.06009615384615385
0 0.4170673076923077 0.8713942307692307 0.04567307692307692 0.0673076923076923
0 0.45552884615384615 0.9266826923076923 0.055288461538461536 0.14543269230769232
0 0.8064903846153846 0.8016826923076923 0.06850961538461539 0.04927884615384615
0 0.7884615384615384 0.7764423076923077 0.09014423076923077 0.03125
0 0.75 0.7884615384615384 0.028846153846153848 0.015625
0 0.3870192307692308 0.5769230769230769 0.055288461538461536 0.06009615384615385
0 0.41586538461538464 0.5492788461538461 0.04927884615384615 0.03125
0 0.49278846153846156 0.3942307692307692 0.04927884615384615 0.06490384615384616
0 0.5180288461538461 0.26802884615384615 0.06850961538461539 0.11778846153846154
0 0.4387019230769231 0.30528846153846156 0.055288461538461536 0.08413461538461539
0 0.44471153846153844 0.19230769230769232 0.0733173076923077 0.1310096153846154
0 0.3942307692307692 0.25721153846153844 0.05889423076923077 0.10697115384615384
0 0.13822115384615385 0.35096153846153844 0.03485576923076923 0.06610576923076923
0 0.17307692307692307 0.32572115384615385 0.07692307692307693 0.125
0 0.14182692307692307 0.26802884615384615 0.04326923076923077 0.09615384615384616
0 0.28365384615384615 0.2800480769230769 0.038461538461538464 0.08653846153846154
0 0.25 0.265625 0.07451923076923077 0.06850961538461539
0 0.3173076923076923 0.5072115384615384 0.07572115384615384 0.05048076923076923
0 0.359375 0.4519230769230769 0.06009615384615385 0.046875
0 0.3269230769230769 0.43028846153846156 0.09254807692307693 0.08052884615384616
0 0.31971153846153844 0.47475961538461536 0.04447115384615385 0.04326923076923077
0 0.3161057692307692 0.375 0.028846153846153848 0.037259615384615384