0 0.4807692307692308 0.25721153846153844 0.10096153846153846 0.04807692307692308
0 0.37259615384615385 0.5528846153846154 0.09375 0.055288461538461536
0 0.9158653846153846 0.18509615384615385 0.04927884615384615 0.036057692307692304
0 0.6538461538461539 0.6538461538461539 0.06971153846153846 0.040865384615384616
0 0.5120192307692307 0.5552884615384616 0.06129807692307692 0.06490384615384616
0 0.7956730769230769 0.030048076923076924 0.07692307692307693 0.06009615384615385
0 0.8810096153846154 0.5745192307692307 0.04807692307692308 0.06370192307692307
0 0.027644230769230768 0.5817307692307693 0.055288461538461536 0.04326923076923077
0 0.5300480769230769 0.20432692307692307 0.06009615384615385 0.02403846153846154
0 0.5961538461538461 0.12620192307692307 0.05889423076923077 0.030048076923076924
0 0.08653846153846154 0.0733173076923077 0.07451923076923077 0.055288461538461536
0 0.057692307692307696 0.17668269230769232 0.10697115384615384 0.0829326923076923
0 0.96875 0.2824519230769231 0.057692307692307696 0.08052884615384616
0 0.1201923076923077 0.8269230769230769 0.11298076923076923 0.05048076923076923
0 0.9098557692307693 0.6322115384615384 0.055288461538461536 0.08173076923076923
0 0.036057692307692304 0.05048076923076923 0.0625 0.07091346153846154
0 0.3269230769230769 0.20793269230769232 0.06009615384615385 0.04447115384615385
0 0.8774038461538461 0.65625 0.055288461538461536 0.036057692307692304
0 0.9819711538461539 0.6850961538461539 0.03365384615384615 0.04326923076923077
0 0.9242788461538461 0.7115384615384616 0.08653846153846154 0.04447115384615385
0 0.109375 0.14903846153846154 0.0985576923076923 0.037259615384615384
0 0.8233173076923077 0.10576923076923077 0.08052884615384616 0.0625
0 0.28365384615384615 0.6418269230769231 0.08774038461538461 0.042067307692307696
0 0.625 0.7764423076923077 0.10216346153846154 0.046875
0 0.8401442307692307 0.4050480769230769 0.04567307692307692 0.038461538461538464
0 0.7764423076923077 0.734375 0.036057692307692304 0.038461538461538464
0 0.3425480769230769 0.7872596153846154 0.07932692307692307 0.06490384615384616
0 0.5108173076923077 0.7127403846153846 0.07932692307692307 0.026442307692307692
0 0.2764423076923077 0.6658653846153846 0.1141826923076923 0.038461538461538464
0 0.7944711538461539 0.28365384615384615 0.05048076923076923 0.04447115384615385
0 0.5865384615384616 0.24639423076923078 0.07211538461538461 0.040865384615384616
0 0.3401442307692308 0.10697115384615384 0.09975961538461539 0.052884615384615384
0 0.11778846153846154 0.18870192307692307 0.07572115384615384 0.06971153846153846
0 0.9098557692307693 0.8689903846153846 0.06129807692307692 0.04447115384615385
0 0.9447115384615384 0.9194711538461539 0.08052884615384616 0.04447115384615385
0 0.03125 0.6117788461538461 0.057692307692307696 0.06370192307692307
0 0.9375 0.10336538461538461 0.07091346153846154 0.038461538461538464
0 0.09975961538461539 0.7295673076923077 0.06850961538461539 0.018028846153846152
0 0.5625 0.0829326923076923 0.0985576923076923 0.06490384615384616
0 0.5072115384615384 0.6634615384615384 0.08413461538461539 0.03365384615384615
0 0.9182692307692307 0.11899038461538461 0.06490384615384616 0.04807692307692308
0 0.13581730769230768 0.055288461538461536 0.04567307692307692 0.07451923076923077
0 0.8112980769230769 0.765625 0.038461538461538464 0.04927884615384615
0 0.265625 0.28725961538461536 0.078125 0.030048076923076924
0 0.9447115384615384 0.09375 0.051682692307692304 0.08052884615384616
0 0.5048076923076923 0.78125 0.10216346153846154 0.04447115384615385
0 0.7584134615384616 0.6490384615384616 0.06610576923076923 0.055288461538461536
0 0.5336538461538461 0.7439903846153846 0.0733173076923077 0.028846153846153848
0 0.9050480769230769 0.03245192307692308 0.04567307692307692 0.06490384615384616
0 0.0625 0.30408653846153844 0.09134615384615384 0.04447115384615385
0 0.390625 0.6141826923076923 0.057692307692307696 0.051682692307692304
0 0.25841346153846156 0.7680288461538461 0.0625 0.027644230769230768