0 0.4495192307692308 0.36658653846153844 0.06009615384615385 0.04927884615384615
0 0.38461538461538464 0.35216346153846156 0.06009615384615385 0.109375
0 0.6502403846153846 0.8413461538461539 0.0733173076923077 0.08413461538461539
0 0.2091346153846154 0.25 0.08533653846153846 0.08653846153846154
0 0.5048076923076923 0.5372596153846154 0.054086538461538464 0.06490384615384616
0 0.6935096153846154 0.039663461538461536 0.10817307692307693 0.06490384615384616
0 0.7475961538461539 0.5913461538461539 0.04927884615384615 0.054086538461538464
0 0.31971153846153844 0.390625 0.0733173076923077 0.06850961538461539
0 0.8305288461538461 0.38341346153846156 0.06490384615384616 0.0829326923076923
0 0.8894230769230769 0.45552884615384615 0.07572115384615384 0.15264423076923078
0 0.4375 0.25600961538461536 0.08653846153846154 0.07451923076923077
0 0.21995192307692307 0.7019230769230769 0.09254807692307693 0.10216346153846154
0 0.4375 0.4050480769230769 0.07451923076923077 0.05889423076923077
0 0.8894230769230769 0.078125 0.07091346153846154 0.06009615384615385
0 0.43149038461538464 0.057692307692307696 0.04927884615384615 0.06490384615384616
0 0.38100961538461536 0.6682692307692307 0.18028846153846154 0.08653846153846154
0 0.3076923076923077 0.7716346153846154 0.12740384615384615 0.0985576923076923
0 0.18389423076923078 0.8713942307692307 0.09615384615384616 0.07692307692307693
0 0.45552884615384615 0.7740384615384616 0.109375 0.08774038461538461
0 0.28725961538461536 0.17427884615384615 0.13822115384615385 0.10817307692307693
0 0.5252403846153846 0.9735576923076923 0.09014423076923077 0.051682692307692304
0 0.6382211538461539 0.6382211538461539 0.11057692307692307 0.08052884615384616
0 0.5276442307692307 0.20673076923076922 0.06129807692307692 0.0733173076923077
0 0.7872596153846154 0.6117788461538461 0.04927884615384615 0.054086538461538464
0 0.5865384615384616 0.16947115384615385 0.06850961538461539 0.0673076923076923
0 0.8209134615384616 0.9579326923076923 0.14903846153846154 0.08173076923076923
0 0.375 0.4387019230769231 0.057692307692307696 0.0673076923076923
0 0.3701923076923077 0.49038461538461536 0.07572115384615384 0.06610576923076923
0 0.39302884615384615 0.7884615384615384 0.08653846153846154 0.10336538461538461
0 0.48197115384615385 0.06850961538461539 0.06490384615384616 0.10096153846153846
0 0.18990384615384615 0.6442307692307693 0.15865384615384615 0.0733173076923077
0 0.6574519230769231 0.7752403846153846 0.08653846153846154 0.06009615384615385
0 0.3137019230769231 0.7115384615384616 0.13581730769230768 0.051682692307692304
0 0.5600961538461539 0.7463942307692307 0.08052884615384616 0.0829326923076923
0 0.9302884615384616 0.6274038461538461 0.05048076923076923 0.09014423076923077