0 0.04567307692307692 0.09615384615384616 0.06850961538461539 0.04326923076923077
0 0.34975961538461536 0.15384615384615385 0.056490384615384616 0.046875
0 0.5132211538461539 0.078125 0.06971153846153846 0.10336538461538461
0 0.4951923076923077 0.11658653846153846 0.04567307692307692 0.040865384615384616
0 0.4182692307692308 0.1875 0.04567307692307692 0.038461538461538464
0 0.4387019230769231 0.14783653846153846 0.054086538461538464 0.06370192307692307
0 0.5925480769230769 0.19831730769230768 0.04807692307692308 0.04447115384615385
0 0.5661057692307693 0.24278846153846154 0.04927884615384615 0.038461538461538464
0 0.4579326923076923 0.30408653846153844 0.055288461538461536 0.038461538461538464
0 0.7307692307692307 0.24278846153846154 0.06490384615384616 0.04927884615384615
0 0.7223557692307693 0.18028846153846154 0.038461538461538464 0.036057692307692304
0 0.8557692307692307 0.2644230769230769 0.04447115384615385 0.036057692307692304
0 0.8858173076923077 0.10216346153846154 0.06850961538461539 0.08173076923076923
0 0.08653846153846154 0.7524038461538461 0.04447115384615385 0.040865384615384616
0 0.03245192307692308 0.8677884615384616 0.04567307692307692 0.04447115384615385
0 0.0889423076923077 0.8954326923076923 0.039663461538461536 0.06490384615384616
0 0.13221153846153846 0.8762019230769231 0.04927884615384615 0.06009615384615385
0 0.2704326923076923 0.7908653846153846 0.038461538461538464 0.04326923076923077
0 0.31490384615384615 0.8064903846153846 0.042067307692307696 0.055288461538461536
0 0.12740384615384615 0.9759615384615384 0.055288461538461536 0.046875
0 0.4014423076923077 0.9495192307692307 0.0625 0.07451923076923077
0 0.484375 0.8978365384615384 0.055288461538461536 0.042067307692307696
0 0.6009615384615384 0.8870192307692307 0.054086538461538464 0.052884615384615384
0 0.44591346153846156 0.8689903846153846 0.052884615384615384 0.0625
0 0.7115384615384616 0.9278846153846154 0.05889423076923077 0.06850961538461539
0 0.5817307692307693 0.9855769230769231 0.056490384615384616 0.026442307692307692
0 0.8257211538461539 0.9002403846153846 0.07572115384615384 0.038461538461538464
0 0.8365384615384616 0.9362980769230769 0.06610576923076923 0.03485576923076923
0 0.8677884615384616 0.984375 0.07932692307692307 0.028846153846153848
0 0.9831730769230769 0.9879807692307693 0.03125 0.02283653846153846
0 0.1778846153846154 0.18269230769230768 0.03245192307692308 0.04447115384615385
0 0.32211538461538464 0.19471153846153846 0.02403846153846154 0.018028846153846152