0 0.6478365384615384 0.921875 0.109375 0.06129807692307692
0 0.7139423076923077 0.8485576923076923 0.06850961538461539 0.03245192307692308
0 0.9771634615384616 0.6995192307692307 0.04447115384615385 0.03365384615384615
0 0.9615384615384616 0.7271634615384616 0.056490384615384616 0.15865384615384615
0 0.5805288461538461 0.7680288461538461 0.04927884615384615 0.028846153846153848
0 0.6694711538461539 0.6995192307692307 0.06610576923076923 0.046875
0 0.7259615384615384 0.7199519230769231 0.03125 0.038461538461538464
0 0.7439903846153846 0.734375 0.051682692307692304 0.057692307692307696
0 0.7872596153846154 0.6706730769230769 0.038461538461538464 0.040865384615384616
0 0.8605769230769231 0.5625 0.04567307692307692 0.054086538461538464
0 0.8858173076923077 0.5396634615384616 0.036057692307692304 0.05048076923076923
0 0.6658653846153846 0.578125 0.055288461538461536 0.038461538461538464
0 0.6610576923076923 0.5528846153846154 0.08774038461538461 0.040865384615384616
0 0.4230769230769231 0.6153846153846154 0.14302884615384615 0.04807692307692308
0 0.6454326923076923 0.5048076923076923 0.05048076923076923 0.039663461538461536
0 0.546875 0.5408653846153846 0.04927884615384615 0.025240384615384616
0 0.5288461538461539 0.515625 0.07572115384615384 0.040865384615384616
0 0.9459134615384616 0.31971153846153844 0.04927884615384615 0.04447115384615385
0 0.8509615384615384 0.375 0.02403846153846154 0.056490384615384616
0 0.6514423076923077 0.38341346153846156 0.04927884615384615 0.028846153846153848
0 0.5012019230769231 0.35336538461538464 0.09615384615384616 0.052884615384615384
0 0.3762019230769231 0.33653846153846156 0.11778846153846154 0.046875
0 0.8485576923076923 0.2127403846153846 0.04567307692307692 0.06009615384615385
0 0.5600961538461539 0.25961538461538464 0.05889423076923077 0.040865384615384616
0 0.453125 0.1935096153846154 0.07572115384615384 0.055288461538461536
0 0.6478365384615384 0.19831730769230768 0.038461538461538464 0.051682692307692304
0 0.6899038461538461 0.234375 0.05048076923076923 0.07211538461538461
0 0.7776442307692307 0.14302884615384615 0.07451923076923077 0.06850961538461539
0 0.375 0.1622596153846154 0.037259615384615384 0.03485576923076923
0 0.6730769230769231 0.0889423076923077 0.046875 0.04807692307692308
0 0.6009615384615384 0.030048076923076924 0.06009615384615385 0.06009615384615385
0 0.6334134615384616 0.019230769230769232 0.054086538461538464 0.038461538461538464
0 0.90625 0.026442307692307692 0.06370192307692307 0.051682692307692304
0 0.8257211538461539 0.013221153846153846 0.03485576923076923 0.026442307692307692
0 0.3389423076923077 0.9735576923076923 0.11658653846153846 0.05048076923076923
0 0.13221153846153846 0.9098557692307693 0.06490384615384616 0.09975961538461539
0 0.09254807692307693 0.8401442307692307 0.051682692307692304 0.09615384615384616
0 0.03125 0.8149038461538461 0.06129807692307692 0.04447115384615385
0 0.1045673076923077 0.7451923076923077 0.055288461538461536 0.055288461538461536
0 0.0829326923076923 0.5649038461538461 0.04807692307692308 0.051682692307692304
0 0.06370192307692307 0.46274038461538464 0.06129807692307692 0.04326923076923077
0 0.22596153846153846 0.4567307692307692 0.04807692307692308 0.054086538461538464
0 0.19471153846153846 0.40865384615384615 0.055288461538461536 0.03485576923076923
0 0.20793269230769232 0.3798076923076923 0.055288461538461536 0.02403846153846154
0 0.020432692307692308 0.16706730769230768 0.039663461538461536 0.055288461538461536
0 0.18028846153846154 0.10697115384615384 0.07091346153846154 0.04927884615384615
0 0.10697115384615384 0.08173076923076923 0.04807692307692308 0.07932692307692307
0 0.15264423076923078 0.2247596153846154 0.03245192307692308 0.04326923076923077
0 0.01201923076923077 0.45072115384615385 0.02403846153846154 0.028846153846153848
0 0.6466346153846154 0.9471153846153846 0.04326923076923077 0.03485576923076923
0 0.6790865384615384 0.006009615384615385 0.039663461538461536 0.01201923076923077
0 0.19831730769230768 0.3713942307692308 0.054086538461538464 0.028846153846153848
0 0.007211538461538462 0.7415865384615384 0.013221153846153846 0.020432692307692308
0 0.6237980769230769 0.9903846153846154 0.038461538461538464 0.016826923076923076
0 0.36177884615384615 0.1466346153846154 0.055288461538461536 0.04447115384615385
0 0.9579326923076923 0.15264423076923078 0.028846153846153848 0.028846153846153848
0 0.16947115384615385 0.6322115384615384 0.04447115384615385 0.04326923076923077
0 0.12980769230769232 0.6165865384615384 0.04447115384615385 0.04326923076923077
0 0.15264423076923078 0.6009615384615384 0.04807692307692308 0.039663461538461536