0 0.11778846153846154 0.19831730769230768 0.026442307692307692 0.03365384615384615
0 0.07692307692307693 0.052884615384615384 0.09615384615384616 0.07451923076923077
0 0.030048076923076924 0.08052884615384616 0.040865384615384616 0.046875
0 0.5024038461538461 0.19230769230769232 0.028846153846153848 0.030048076923076924
0 0.4543269230769231 0.12860576923076922 0.051682692307692304 0.046875
0 0.44591346153846156 0.03245192307692308 0.03485576923076923 0.038461538461538464
0 0.4110576923076923 0.05889423076923077 0.039663461538461536 0.057692307692307696
0 0.875 0.078125 0.038461538461538464 0.055288461538461536
0 0.9254807692307693 0.018028846153846152 0.04447115384615385 0.03485576923076923
0 0.7391826923076923 0.07692307692307693 0.04447115384615385 0.046875
0 0.9254807692307693 0.15625 0.05889423076923077 0.06129807692307692
0 0.8810096153846154 0.19591346153846154 0.07091346153846154 0.052884615384615384
0 0.8305288461538461 0.25 0.054086538461538464 0.08413461538461539
0 0.8882211538461539 0.38461538461538464 0.055288461538461536 0.04326923076923077
0 0.9699519230769231 0.41346153846153844 0.04927884615384615 0.03365384615384615
0 0.9302884615384616 0.4735576923076923 0.06610576923076923 0.055288461538461536
0 0.90625 0.5252403846153846 0.09254807692307693 0.036057692307692304
0 0.9651442307692307 0.5528846153846154 0.0673076923076923 0.06129807692307692
0 0.8545673076923077 0.5829326923076923 0.07692307692307693 0.051682692307692304
0 0.7223557692307693 0.6117788461538461 0.052884615384615384 0.06009615384615385
0 0.8413461538461539 0.6502403846153846 0.04927884615384615 0.054086538461538464
0 0.90625 0.7860576923076923 0.06009615384615385 0.04807692307692308
0 0.84375 0.7908653846153846 0.056490384615384616 0.046875
0 0.7824519230769231 0.8413461538461539 0.0625 0.078125
0 0.9579326923076923 0.9230769230769231 0.06129807692307692 0.04927884615384615
0 0.8581730769230769 0.9627403846153846 0.051682692307692304 0.03125
0 0.5733173076923077 0.9495192307692307 0.04567307692307692 0.054086538461538464
0 0.5252403846153846 0.9591346153846154 0.04927884615384615 0.05048076923076923
0 0.49278846153846156 0.8293269230769231 0.037259615384615384 0.03365384615384615
0 0.39903846153846156 0.921875 0.04447115384615385 0.04927884615384615
0 0.3713942307692308 0.9711538461538461 0.038461538461538464 0.055288461538461536
0 0.3954326923076923 0.7764423076923077 0.056490384615384616 0.054086538461538464
0 0.4375 0.9266826923076923 0.04447115384615385 0.052884615384615384
0 0.46153846153846156 0.8810096153846154 0.056490384615384616 0.06009615384615385
0 0.44591346153846156 0.7524038461538461 0.052884615384615384 0.055288461538461536
0 0.4579326923076923 0.6634615384615384 0.06129807692307692 0.06370192307692307
0 0.53125 0.5372596153846154 0.04447115384615385 0.05048076923076923
0 0.5649038461538461 0.5216346153846154 0.052884615384615384 0.04807692307692308
0 0.46153846153846156 0.5709134615384616 0.055288461538461536 0.051682692307692304
0 0.4699519230769231 0.5216346153846154 0.05048076923076923 0.054086538461538464
0 0.46875 0.4735576923076923 0.055288461538461536 0.042067307692307696
0 0.3918269230769231 0.4495192307692308 0.036057692307692304 0.02403846153846154
0 0.44471153846153844 0.43028846153846156 0.07572115384615384 0.046875
0 0.44471153846153844 0.38822115384615385 0.07572115384615384 0.046875
0 0.4579326923076923 0.2860576923076923 0.04567307692307692 0.06490384615384616
0 0.43509615384615385 0.33653846153846156 0.04447115384615385 0.04326923076923077
0 0.22115384615384615 0.26322115384615385 0.055288461538461536 0.046875
0 0.06129807692307692 0.35697115384615385 0.04447115384615385 0.038461538461538464
0 0.036057692307692304 0.32211538461538464 0.04807692307692308 0.04447115384615385
0 0.0625 0.5913461538461539 0.06490384615384616 0.055288461538461536
0 0.0829326923076923 0.7127403846153846 0.051682692307692304 0.06370192307692307
0 0.07572115384615384 0.6586538461538461 0.06129807692307692 0.0625
0 0.0829326923076923 0.7716346153846154 0.04927884615384615 0.039663461538461536
0 0.06009615384615385 0.8870192307692307 0.056490384615384616 0.06490384615384616
0 0.027644230769230768 0.8329326923076923 0.055288461538461536 0.08533653846153846
0 0.039663461538461536 0.9759615384615384 0.04447115384615385 0.04447115384615385
0 0.09375 0.9783653846153846 0.04567307692307692 0.040865384615384616
0 0.41346153846153844 0.1466346153846154 0.03125 0.03485576923076923
0 0.8317307692307693 0.01201923076923077 0.052884615384615384 0.02403846153846154
0 0.7223557692307693 0.45552884615384615 0.027644230769230768 0.025240384615384616
0 0.7848557692307693 0.9867788461538461 0.03365384615384615 0.025240384615384616
0 0.8653846153846154 0.9891826923076923 0.04447115384615385 0.019230769230769232
0 0.09254807692307693 0.8257211538461539 0.04447115384615385 0.037259615384615384
0 0.014423076923076924 0.9086538461538461 0.028846153846153848 0.057692307692307696
0 0.006009615384615385 0.6526442307692307 0.01201923076923077 0.039663461538461536
0 0.006009615384615385 0.5661057692307693 0.01201923076923077 0.03125
0 0.008413461538461538 0.5336538461538461 0.016826923076923076 0.04326923076923077
0 0.016826923076923076 0.5024038461538461 0.03365384615384615 0.02403846153846154
0 0.021634615384615384 0.47716346153846156 0.04326923076923077 0.039663461538461536
0 0.007211538461538462 0.27163461538461536 0.014423076923076924 0.038461538461538464
0 0.3942307692307692 0.01201923076923077 0.0625 0.02403846153846154
0 0.3173076923076923 0.006009615384615385 0.052884615384615384 0.01201923076923077
0 0.3076923076923077 0.020432692307692308 0.04326923076923077 0.030048076923076924
0 0.9747596153846154 0.359375 0.04807692307692308 0.04447115384615385
0 0.9783653846153846 0.3786057692307692 0.042067307692307696 0.038461538461538464
0 0.43028846153846156 0.09495192307692307 0.03245192307692308 0.038461538461538464
0 0.4567307692307692 0.05889423076923077 0.028846153846153848 0.04447115384615385
0 0.4170673076923077 0.6778846153846154 0.04447115384615385 0.042067307692307696
0 0.4723557692307692 0.9326923076923077 0.030048076923076924 0.038461538461538464
0 0.026442307692307692 0.125 0.03245192307692308 0.042067307692307696