0 0.8557692307692307 0.9615384615384616 0.07932692307692307 0.040865384615384616
0 0.9771634615384616 0.9555288461538461 0.04447115384615385 0.04326923076923077
0 0.8617788461538461 0.8088942307692307 0.0625 0.08173076923076923
0 0.6778846153846154 0.7211538461538461 0.052884615384615384 0.046875
0 0.4735576923076923 0.7319711538461539 0.09254807692307693 0.05889423076923077
0 0.515625 0.7872596153846154 0.052884615384615384 0.051682692307692304
0 0.6526442307692307 0.9423076923076923 0.054086538461538464 0.05889423076923077
0 0.5961538461538461 0.9519230769230769 0.03485576923076923 0.046875
0 0.7884615384615384 0.5516826923076923 0.07211538461538461 0.11177884615384616
0 0.9747596153846154 0.7175480769230769 0.04807692307692308 0.030048076923076924
0 0.8834134615384616 0.13822115384615385 0.10697115384615384 0.06610576923076923
0 0.9723557692307693 0.1346153846153846 0.054086538461538464 0.036057692307692304
0 0.9603365384615384 0.16826923076923078 0.07692307692307693 0.03365384615384615
0 0.8737980769230769 0.25961538461538464 0.08533653846153846 0.03485576923076923
0 0.5961538461538461 0.2247596153846154 0.027644230769230768 0.028846153846153848
0 0.5120192307692307 0.2127403846153846 0.055288461538461536 0.03365384615384615
0 0.6887019230769231 0.3125 0.03365384615384615 0.06850961538461539
0 0.546875 0.3605769230769231 0.039663461538461536 0.040865384615384616
0 0.7956730769230769 0.33413461538461536 0.06490384615384616 0.04807692307692308
0 0.44591346153846156 0.10576923076923077 0.052884615384615384 0.04447115384615385
0 0.47115384615384615 0.040865384615384616 0.04447115384615385 0.04326923076923077
0 0.9459134615384616 0.042067307692307696 0.09735576923076923 0.039663461538461536
0 0.8365384615384616 0.03485576923076923 0.07211538461538461 0.06971153846153846
0 0.9663461538461539 0.021634615384615384 0.06490384615384616 0.038461538461538464
0 0.90625 0.4579326923076923 0.11057692307692307 0.057692307692307696
0 0.7127403846153846 0.45913461538461536 0.036057692307692304 0.05048076923076923
0 0.8653846153846154 0.3401442307692308 0.054086538461538464 0.020432692307692308
0 0.6490384615384616 0.9807692307692307 0.040865384615384616 0.025240384615384616
0 0.6646634615384616 0.6129807692307693 0.04447115384615385 0.038461538461538464
0 0.6225961538461539 0.6069711538461539 0.03125 0.040865384615384616
0 0.8629807692307693 0.6923076923076923 0.0829326923076923 0.03365384615384615
0 0.9242788461538461 0.6754807692307693 0.06971153846153846 0.036057692307692304