0 0.46153846153846156 0.5204326923076923 0.07572115384615384 0.055288461538461536
0 0.22956730769230768 0.33413461538461536 0.03485576923076923 0.06009615384615385
0 0.49038461538461536 0.3401442307692308 0.036057692307692304 0.07091346153846154
0 0.3449519230769231 0.40384615384615385 0.04447115384615385 0.04927884615384615
0 0.6766826923076923 0.16706730769230768 0.038461538461538464 0.021634615384615384
0 0.6213942307692307 0.1658653846153846 0.06009615384615385 0.11177884615384616
0 0.46634615384615385 0.125 0.025240384615384616 0.08653846153846154
0 0.7451923076923077 0.8930288461538461 0.054086538461538464 0.06490384615384616
0 0.7079326923076923 0.9134615384615384 0.055288461538461536 0.06971153846153846
0 0.5048076923076923 0.6706730769230769 0.030048076923076924 0.037259615384615384
0 0.6694711538461539 0.6237980769230769 0.04326923076923077 0.06009615384615385
0 0.7764423076923077 0.7139423076923077 0.02283653846153846 0.040865384615384616
0 0.14783653846153846 0.6538461538461539 0.042067307692307696 0.051682692307692304
0 0.0625 0.734375 0.056490384615384616 0.04447115384615385
0 0.010817307692307692 0.5216346153846154 0.021634615384615384 0.04567307692307692
0 0.03245192307692308 0.45552884615384615 0.06009615384615385 0.038461538461538464
0 0.9867788461538461 0.6274038461538461 0.02403846153846154 0.027644230769230768
0 0.010817307692307692 0.18990384615384615 0.020432692307692308 0.04447115384615385
0 0.01201923076923077 0.3016826923076923 0.02403846153846154 0.09615384615384616
0 0.3401442307692308 0.030048076923076924 0.054086538461538464 0.06009615384615385
0 0.6478365384615384 0.009615384615384616 0.020432692307692308 0.019230769230769232
0 0.6658653846153846 0.25 0.042067307692307696 0.04927884615384615
0 0.7524038461538461 0.3125 0.09615384615384616 0.07572115384615384
0 0.4110576923076923 0.028846153846153848 0.03485576923076923 0.056490384615384616
0 0.4495192307692308 0.03245192307692308 0.04927884615384615 0.06490384615384616
0 0.9711538461538461 0.014423076923076924 0.038461538461538464 0.028846153846153848
0 0.8581730769230769 0.40865384615384615 0.08774038461538461 0.04927884615384615
0 0.921875 0.45072115384615385 0.057692307692307696 0.04927884615384615
0 0.9795673076923077 0.421875 0.038461538461538464 0.036057692307692304
0 0.9723557692307693 0.28846153846153844 0.052884615384615384 0.025240384615384616
0 0.9855769230769231 0.3173076923076923 0.027644230769230768 0.030048076923076924
0 0.9639423076923077 0.375 0.0673076923076923 0.055288461538461536
0 0.9134615384615384 0.3173076923076923 0.04927884615384615 0.06370192307692307
0 0.14783653846153846 0.375 0.04447115384615385 0.036057692307692304
0 0.013221153846153846 0.35697115384615385 0.026442307692307692 0.03365384615384615
0 0.9915865384615384 0.036057692307692304 0.015625 0.04567307692307692
0 0.8497596153846154 0.9939903846153846 0.046875 0.010817307692307692