0 0.09254807692307693 0.6610576923076923 0.11658653846153846 0.08413461538461539
0 0.18269230769230768 0.9110576923076923 0.08774038461538461 0.12259615384615384
0 0.9699519230769231 0.8016826923076923 0.057692307692307696 0.12139423076923077
0 0.37259615384615385 0.265625 0.08533653846153846 0.10096153846153846
0 0.8545673076923077 0.5036057692307693 0.11177884615384616 0.21634615384615385
0 0.5997596153846154 0.36538461538461536 0.10096153846153846 0.0829326923076923
0 0.8088942307692307 0.5889423076923077 0.07572115384615384 0.0829326923076923
0 0.11538461538461539 0.8617788461538461 0.12740384615384615 0.09375
0 0.6634615384615384 0.9639423076923077 0.11177884615384616 0.06971153846153846
0 0.21634615384615385 0.07932692307692307 0.1310096153846154 0.15865384615384615
0 0.4543269230769231 0.9338942307692307 0.11658653846153846 0.11057692307692307
0 0.6310096153846154 0.5 0.06971153846153846 0.039663461538461536
0 0.04807692307692308 0.44711538461538464 0.09615384615384616 0.15504807692307693
0 0.6514423076923077 0.4579326923076923 0.13581730769230768 0.0985576923076923
0 0.9555288461538461 0.6778846153846154 0.08653846153846154 0.10096153846153846
0 0.04567307692307692 0.9483173076923077 0.09134615384615384 0.09375
0 0.9146634615384616 0.8100961538461539 0.12860576923076922 0.07211538461538461
0 0.7992788461538461 0.7139423076923077 0.09134615384615384 0.08653846153846154
0 0.7596153846153846 0.04927884615384615 0.09375 0.09615384615384616
0 0.9579326923076923 0.036057692307692304 0.0829326923076923 0.07091346153846154
0 0.36658653846153844 0.0733173076923077 0.10697115384615384 0.14302884615384615
0 0.8209134615384616 0.11177884615384616 0.11057692307692307 0.10096153846153846
0 0.3858173076923077 0.6189903846153846 0.10697115384615384 0.13221153846153846
0 0.36778846153846156 0.4519230769230769 0.1502403846153846 0.13701923076923078