0 0.38461538461538464 0.5697115384615384 0.09134615384615384 0.08413461538461539
0 0.6177884615384616 0.5564903846153846 0.06490384615384616 0.12980769230769232
0 0.3233173076923077 0.21875 0.07091346153846154 0.0733173076923077
0 0.8485576923076923 0.8245192307692307 0.07692307692307693 0.10697115384615384
0 0.7836538461538461 0.7151442307692307 0.11778846153846154 0.09615384615384616
0 0.5997596153846154 0.7007211538461539 0.09134615384615384 0.07572115384615384
0 0.34134615384615385 0.6538461538461539 0.0625 0.06850961538461539
0 0.8413461538461539 0.19951923076923078 0.057692307692307696 0.10697115384615384
0 0.9519230769230769 0.8557692307692307 0.06610576923076923 0.07572115384615384
0 0.7668269230769231 0.5564903846153846 0.09615384615384616 0.0673076923076923
0 0.9278846153846154 0.4987980769230769 0.09735576923076923 0.08052884615384616
0 0.5336538461538461 0.3701923076923077 0.06610576923076923 0.052884615384615384
0 0.3125 0.08533653846153846 0.0673076923076923 0.10096153846153846
0 0.25240384615384615 0.9206730769230769 0.05889423076923077 0.056490384615384616
0 0.04326923076923077 0.9759615384615384 0.08653846153846154 0.046875
0 0.8930288461538461 0.9651442307692307 0.08173076923076923 0.06850961538461539
0 0.7932692307692307 0.9182692307692307 0.06129807692307692 0.06850961538461539
0 0.2403846153846154 0.6454326923076923 0.07451923076923077 0.08413461538461539
0 0.6586538461538461 0.5048076923076923 0.078125 0.08533653846153846
0 0.125 0.5673076923076923 0.06971153846153846 0.1201923076923077
0 0.7560096153846154 0.6370192307692307 0.10576923076923077 0.11177884615384616
0 0.9579326923076923 0.1778846153846154 0.08052884615384616 0.07211538461538461
0 0.5480769230769231 0.07211538461538461 0.06490384615384616 0.1141826923076923
0 0.45072115384615385 0.8473557692307693 0.12740384615384615 0.07572115384615384
0 0.29447115384615385 0.7860576923076923 0.07932692307692307 0.0733173076923077
0 0.3701923076923077 0.21033653846153846 0.04447115384615385 0.05048076923076923
0 0.6983173076923077 0.8954326923076923 0.06850961538461539 0.07572115384615384
0 0.5408653846153846 0.5516826923076923 0.057692307692307696 0.06129807692307692
0 0.39903846153846156 0.7103365384615384 0.09134615384615384 0.0985576923076923
0 0.16947115384615385 0.2800480769230769 0.07091346153846154 0.11057692307692307
0 0.27403846153846156 0.09375 0.06009615384615385 0.09615384615384616
0 0.4807692307692308 0.6274038461538461 0.07572115384615384 0.11057692307692307
0 0.5180288461538461 0.3076923076923077 0.09615384615384616 0.0625
0 0.36177884615384615 0.9194711538461539 0.10576923076923077 0.0889423076923077
0 0.16346153846153846 0.8040865384615384 0.06971153846153846 0.06009615384615385
0 0.13341346153846154 0.9471153846153846 0.07211538461538461 0.10336538461538461
0 0.23076923076923078 0.4074519230769231 0.057692307692307696 0.11057692307692307
0 0.027644230769230768 0.6706730769230769 0.055288461538461536 0.12980769230769232
0 0.7115384615384616 0.9639423076923077 0.11057692307692307 0.07091346153846154
0 0.6189903846153846 0.10336538461538461 0.0673076923076923 0.06850961538461539
0 0.6382211538461539 0.7836538461538461 0.10096153846153846 0.08052884615384616
0 0.125 0.8653846153846154 0.07692307692307693 0.06610576923076923
0 0.042067307692307696 0.056490384615384616 0.08413461538461539 0.11177884615384616
0 0.875 0.5552884615384616 0.08052884615384616 0.1201923076923077
0 0.22355769230769232 0.7379807692307693 0.057692307692307696 0.09134615384615384
0 0.19230769230769232 0.6045673076923077 0.0673076923076923 0.1045673076923077
0 0.38100961538461536 0.41225961538461536 0.07451923076923077 0.06610576923076923
0 0.9423076923076923 0.9387019230769231 0.08653846153846154 0.06971153846153846