0 0.6189903846153846 0.45913461538461536 0.07572115384615384 0.04567307692307692
0 0.8533653846153846 0.16466346153846154 0.06490384615384616 0.06971153846153846
0 0.38461538461538464 0.1622596153846154 0.0673076923076923 0.055288461538461536
0 0.10096153846153846 0.90625 0.08173076923076923 0.09134615384615384
0 0.9122596153846154 0.8052884615384616 0.07211538461538461 0.06009615384615385
0 0.6454326923076923 0.7572115384615384 0.0733173076923077 0.06490384615384616
0 0.15144230769230768 0.03245192307692308 0.06610576923076923 0.055288461538461536
0 0.5384615384615384 0.4495192307692308 0.06009615384615385 0.04807692307692308
0 0.4795673076923077 0.36177884615384615 0.09134615384615384 0.056490384615384616
0 0.8064903846153846 0.6634615384615384 0.08774038461538461 0.056490384615384616
0 0.5973557692307693 0.036057692307692304 0.07451923076923077 0.057692307692307696
0 0.8858173076923077 0.3786057692307692 0.09495192307692307 0.051682692307692304
0 0.8990384615384616 0.31490384615384615 0.07572115384615384 0.05048076923076923
0 0.7572115384615384 0.48197115384615385 0.08173076923076923 0.05889423076923077
0 0.04927884615384615 0.296875 0.06490384615384616 0.05889423076923077
0 0.6814903846153846 0.11177884615384616 0.08173076923076923 0.07211538461538461
0 0.6346153846153846 0.34134615384615385 0.078125 0.0625
0 0.3545673076923077 0.890625 0.06129807692307692 0.055288461538461536
0 0.8509615384615384 0.6069711538461539 0.08173076923076923 0.06370192307692307
0 0.5576923076923077 0.9663461538461539 0.08774038461538461 0.06610576923076923
0 0.09735576923076923 0.3485576923076923 0.056490384615384616 0.04447115384615385
0 0.042067307692307696 0.8016826923076923 0.08413461538461539 0.0733173076923077
0 0.9507211538461539 0.7223557692307693 0.09014423076923077 0.06490384615384616
0 0.5745192307692307 0.10697115384615384 0.055288461538461536 0.056490384615384616
0 0.4891826923076923 0.08173076923076923 0.0829326923076923 0.0673076923076923
0 0.19951923076923078 0.3786057692307692 0.0625 0.04326923076923077
0 0.7355769230769231 0.5649038461538461 0.10697115384615384 0.051682692307692304
0 0.921875 0.09014423076923077 0.06370192307692307 0.051682692307692304
0 0.8269230769230769 0.0889423076923077 0.06370192307692307 0.039663461538461536
0 0.5060096153846154 0.6526442307692307 0.05889423076923077 0.04567307692307692
0 0.49399038461538464 0.028846153846153848 0.09735576923076923 0.057692307692307696
0 0.9675480769230769 0.6225961538461539 0.0625 0.07211538461538461
0 0.8822115384615384 0.5360576923076923 0.08052884615384616 0.07211538461538461
0 0.38221153846153844 0.5697115384615384 0.05048076923076923 0.05889423076923077
0 0.3954326923076923 0.24519230769230768 0.04807692307692308 0.06129807692307692
0 0.1466346153846154 0.34134615384615385 0.037259615384615384 0.040865384615384616
0 0.057692307692307696 0.5709134615384616 0.07091346153846154 0.055288461538461536
0 0.43990384615384615 0.9399038461538461 0.06971153846153846 0.06610576923076923
0 0.9711538461538461 0.1622596153846154 0.056490384615384616 0.06129807692307692
0 0.27163461538461536 0.953125 0.08052884615384616 0.09134615384615384
0 0.8341346153846154 0.038461538461538464 0.06129807692307692 0.05889423076923077
0 0.3137019230769231 0.32211538461538464 0.08173076923076923 0.055288461538461536
0 0.23677884615384615 0.49759615384615385 0.05889423076923077 0.06009615384615385
0 0.3798076923076923 0.7836538461538461 0.0625 0.057692307692307696
0 0.421875 0.6899038461538461 0.046875 0.05048076923076923
0 0.19230769230769232 0.6622596153846154 0.06490384615384616 0.06971153846153846
0 0.3161057692307692 0.6586538461538461 0.055288461538461536 0.06971153846153846
0 0.5865384615384616 0.5552884615384616 0.16346153846153846 0.052884615384615384
0 0.07211538461538461 0.016826923076923076 0.0625 0.03365384615384615
0 0.4375 0.5420673076923077 0.07211538461538461 0.06490384615384616
0 0.6117788461538461 0.9146634615384616 0.08413461538461539 0.06490384615384616
0 0.4639423076923077 0.6923076923076923 0.06370192307692307 0.06009615384615385
0 0.9230769230769231 0.5 0.08653846153846154 0.06490384615384616
0 0.46274038461538464 0.7740384615384616 0.06490384615384616 0.06009615384615385
0 0.9627403846153846 0.44471153846153844 0.0733173076923077 0.05889423076923077
0 0.06971153846153846 0.5 0.051682692307692304 0.051682692307692304
0 0.5661057692307693 0.30408653846153844 0.09134615384615384 0.06850961538461539
0 0.6586538461538461 0.6298076923076923 0.11899038461538461 0.07091346153846154
0 0.1622596153846154 0.9771634615384616 0.06129807692307692 0.04447115384615385
0 0.6754807692307693 0.42788461538461536 0.09134615384615384 0.055288461538461536
0 0.875 0.6959134615384616 0.06490384615384616 0.056490384615384616