0 0.13701923076923078 0.25600961538461536 0.14783653846153846 0.08653846153846154
0 0.9747596153846154 0.27884615384615385 0.04807692307692308 0.08173076923076923
0 0.4891826923076923 0.31850961538461536 0.06850961538461539 0.18028846153846154
0 0.3449519230769231 0.8425480769230769 0.13701923076923078 0.054086538461538464
0 0.3701923076923077 0.05048076923076923 0.10697115384615384 0.0985576923076923
0 0.5240384615384616 0.29927884615384615 0.1622596153846154 0.11899038461538461
0 0.5925480769230769 0.7079326923076923 0.19831730769230768 0.11177884615384616
0 0.7512019230769231 0.5228365384615384 0.22716346153846154 0.08533653846153846
0 0.8798076923076923 0.5973557692307693 0.12620192307692307 0.06490384615384616
0 0.06370192307692307 0.17067307692307693 0.12740384615384615 0.08052884615384616
0 0.39783653846153844 0.515625 0.0733173076923077 0.13701923076923078
0 0.5949519230769231 0.38461538461538464 0.0673076923076923 0.12259615384615384
0 0.28365384615384615 0.03365384615384615 0.08413461538461539 0.06610576923076923
0 0.7896634615384616 0.7548076923076923 0.10817307692307693 0.07692307692307693
0 0.44711538461538464 0.05048076923076923 0.09615384615384616 0.10096153846153846
0 0.38461538461538464 0.16947115384615385 0.14423076923076922 0.06490384615384616
0 0.9723557692307693 0.5480769230769231 0.052884615384615384 0.1502403846153846
0 0.23677884615384615 0.9663461538461539 0.09134615384615384 0.06490384615384616
0 0.15985576923076922 0.8846153846153846 0.12379807692307693 0.18389423076923078
0 0.7896634615384616 0.9314903846153846 0.20793269230769232 0.125
0 0.9110576923076923 0.38221153846153844 0.07451923076923077 0.19230769230769232
0 0.4014423076923077 0.8341346153846154 0.15384615384615385 0.1141826923076923
0 0.9615384615384616 0.8774038461538461 0.07451923076923077 0.16947115384615385
0 0.6971153846153846 0.59375 0.08653846153846154 0.09615384615384616
0 0.3329326923076923 0.9110576923076923 0.15384615384615385 0.09735576923076923
0 0.9447115384615384 0.7463942307692307 0.09375 0.07572115384615384