0 0.039663461538461536 0.140625 0.07932692307692307 0.0985576923076923
0 0.5480769230769231 0.04807692307692308 0.0985576923076923 0.06490384615384616
0 0.04447115384615385 0.43990384615384615 0.08774038461538461 0.09975961538461539
0 0.6141826923076923 0.7391826923076923 0.06971153846153846 0.10096153846153846
0 0.47115384615384615 0.6298076923076923 0.08774038461538461 0.09615384615384616
0 0.014423076923076924 0.7572115384615384 0.028846153846153848 0.1201923076923077
0 0.27283653846153844 0.984375 0.07091346153846154 0.028846153846153848
0 0.25721153846153844 0.03245192307692308 0.1045673076923077 0.06490384615384616
0 0.027644230769230768 0.8798076923076923 0.04447115384615385 0.055288461538461536
0 0.18389423076923078 0.42427884615384615 0.11658653846153846 0.078125
0 0.10817307692307693 0.7560096153846154 0.10576923076923077 0.06490384615384616
0 0.3269230769230769 0.45913461538461536 0.08052884615384616 0.10697115384615384
0 0.15504807692307693 0.4483173076923077 0.07692307692307693 0.040865384615384616
0 0.025240384615384616 0.22716346153846154 0.04927884615384615 0.07572115384615384
0 0.8990384615384616 0.9110576923076923 0.06009615384615385 0.06490384615384616
0 0.28125 0.8185096153846154 0.057692307692307696 0.06850961538461539
0 0.6382211538461539 0.17548076923076922 0.08413461538461539 0.07091346153846154
0 0.7103365384615384 0.48677884615384615 0.07451923076923077 0.0733173076923077
0 0.8052884615384616 0.4543269230769231 0.09975961538461539 0.10096153846153846
0 0.28846153846153844 0.34375 0.07692307692307693 0.10817307692307693
0 0.4567307692307692 0.7139423076923077 0.12259615384615384 0.09615384615384616
0 0.2127403846153846 0.8677884615384616 0.09134615384615384 0.09975961538461539
0 0.04927884615384615 0.9278846153846154 0.09134615384615384 0.06850961538461539
0 0.1201923076923077 0.1875 0.06971153846153846 0.06971153846153846
0 0.025240384615384616 0.5492788461538461 0.05048076923076923 0.10817307692307693
0 0.6550480769230769 0.6045673076923077 0.10096153846153846 0.10697115384615384