0 0.8629807692307693 0.6538461538461539 0.08052884615384616 0.07211538461538461
0 0.578125 0.703125 0.056490384615384616 0.08413461538461539
0 0.9495192307692307 0.6971153846153846 0.0985576923076923 0.06490384615384616
0 0.38100961538461536 0.7680288461538461 0.07211538461538461 0.078125
0 0.013221153846153846 0.9711538461538461 0.026442307692307692 0.052884615384615384
0 0.24158653846153846 0.7920673076923077 0.08413461538461539 0.078125
0 0.828125 0.921875 0.07932692307692307 0.10096153846153846
0 0.375 0.3894230769230769 0.08653846153846154 0.16826923076923078
0 0.5913461538461539 0.03485576923076923 0.10697115384615384 0.06850961538461539
0 0.7139423076923077 0.8834134615384616 0.054086538461538464 0.07572115384615384
0 0.46875 0.21153846153846154 0.1045673076923077 0.12259615384615384
0 0.6418269230769231 0.30528846153846156 0.06490384615384616 0.16826923076923078
0 0.7728365384615384 0.13221153846153846 0.06009615384615385 0.09735576923076923
0 0.2091346153846154 0.9651442307692307 0.10336538461538461 0.06850961538461539
0 0.8605769230769231 0.19951923076923078 0.056490384615384616 0.04927884615384615
0 0.7307692307692307 0.16826923076923078 0.09134615384615384 0.11057692307692307
0 0.6526442307692307 0.9699519230769231 0.1346153846153846 0.05889423076923077
0 0.5793269230769231 0.03485576923076923 0.10576923076923077 0.06971153846153846
0 0.42788461538461536 0.9579326923076923 0.12860576923076922 0.0829326923076923
0 0.41346153846153844 0.5961538461538461 0.0829326923076923 0.08774038461538461
0 0.8185096153846154 0.234375 0.07692307692307693 0.08533653846153846
0 0.8701923076923077 0.953125 0.08653846153846154 0.09014423076923077
0 0.9387019230769231 0.18990384615384615 0.08413461538461539 0.07692307692307693
0 0.3737980769230769 0.9194711538461539 0.1622596153846154 0.11899038461538461
0 0.26802884615384615 0.6514423076923077 0.13822115384615385 0.1045673076923077
0 0.0733173076923077 0.20673076923076922 0.08653846153846154 0.13341346153846154
0 0.6887019230769231 0.08052884615384616 0.0829326923076923 0.0889423076923077
0 0.9651442307692307 0.7848557692307693 0.0673076923076923 0.12259615384615384
0 0.6742788461538461 0.7728365384615384 0.16466346153846154 0.0985576923076923
0 0.9567307692307693 0.4879807692307692 0.08533653846153846 0.15144230769230768
0 0.8557692307692307 0.07091346153846154 0.09615384615384616 0.10216346153846154
0 0.051682692307692304 0.7463942307692307 0.06971153846153846 0.0673076923076923
0 0.8846153846153846 0.8581730769230769 0.13581730769230768 0.10096153846153846
0 0.9350961538461539 0.051682692307692304 0.07572115384615384 0.09134615384615384
0 0.9663461538461539 0.9350961538461539 0.06610576923076923 0.12860576923076922