0 0.8257211538461539 0.9134615384615384 0.030048076923076924 0.04326923076923077
0 0.9134615384615384 0.9795673076923077 0.06850961538461539 0.038461538461538464
0 0.96875 0.9651442307692307 0.054086538461538464 0.0673076923076923
0 0.9579326923076923 0.8233173076923077 0.04807692307692308 0.054086538461538464
0 0.9555288461538461 0.8737980769230769 0.0625 0.04927884615384615
0 0.828125 0.8413461538461539 0.03365384615384615 0.037259615384615384
0 0.8173076923076923 0.7884615384615384 0.042067307692307696 0.040865384615384616
0 0.8569711538461539 0.796875 0.06009615384615385 0.04567307692307692
0 0.6826923076923077 0.8305288461538461 0.0733173076923077 0.037259615384615384
0 0.7427884615384616 0.7860576923076923 0.03365384615384615 0.046875
0 0.7007211538461539 0.7848557692307693 0.07211538461538461 0.055288461538461536
0 0.8725961538461539 0.7295673076923077 0.04326923076923077 0.036057692307692304
0 0.8125 0.7367788461538461 0.04447115384615385 0.037259615384615384
0 0.7644230769230769 0.7163461538461539 0.03485576923076923 0.052884615384615384
0 0.5516826923076923 0.9831730769230769 0.12740384615384615 0.03125
0 0.8341346153846154 0.6875 0.052884615384615384 0.04447115384615385
0 0.7848557692307693 0.6298076923076923 0.051682692307692304 0.040865384615384616
0 0.8473557692307693 0.6201923076923077 0.04447115384615385 0.07572115384615384
0 0.9435096153846154 0.5949519230769231 0.038461538461538464 0.028846153846153848
0 0.7235576923076923 0.5276442307692307 0.03365384615384615 0.03365384615384615
0 0.7848557692307693 0.5456730769230769 0.038461538461538464 0.040865384615384616
0 0.9903846153846154 0.4831730769230769 0.016826923076923076 0.037259615384615384
0 0.8954326923076923 0.5048076923076923 0.040865384615384616 0.057692307692307696
0 0.9459134615384616 0.5 0.038461538461538464 0.040865384615384616
0 0.9254807692307693 0.4050480769230769 0.04927884615384615 0.03245192307692308
0 0.9014423076923077 0.37740384615384615 0.051682692307692304 0.040865384615384616
0 0.8834134615384616 0.3173076923076923 0.12139423076923077 0.12860576923076922
0 0.6754807692307693 0.31490384615384615 0.0829326923076923 0.11899038461538461
0 0.7403846153846154 0.28125 0.06490384615384616 0.06850961538461539
0 0.6418269230769231 0.20072115384615385 0.06490384615384616 0.04807692307692308
0 0.7824519230769231 0.17668269230769232 0.04447115384615385 0.037259615384615384
0 0.8209134615384616 0.1502403846153846 0.04447115384615385 0.09134615384615384
0 0.859375 0.15625 0.04447115384615385 0.07091346153846154
0 0.90625 0.1310096153846154 0.028846153846153848 0.039663461538461536
0 0.9242788461538461 0.03485576923076923 0.08173076923076923 0.04927884615384615
0 0.8257211538461539 0.03125 0.057692307692307696 0.0625
0 0.6237980769230769 0.03365384615384615 0.05889423076923077 0.056490384615384616
0 0.3713942307692308 0.9615384615384616 0.078125 0.07572115384615384
0 0.039663461538461536 0.9711538461538461 0.07932692307692307 0.056490384615384616
0 0.24278846153846154 0.8882211538461539 0.054086538461538464 0.046875
0 0.20432692307692307 0.8581730769230769 0.04567307692307692 0.039663461538461536
0 0.17307692307692307 0.8449519230769231 0.03125 0.046875
0 0.04807692307692308 0.8052884615384616 0.09615384615384616 0.038461538461538464
0 0.042067307692307696 0.8257211538461539 0.0733173076923077 0.04326923076923077
0 0.18870192307692307 0.7415865384615384 0.055288461538461536 0.05048076923076923
0 0.26322115384615385 0.7788461538461539 0.052884615384615384 0.06610576923076923
0 0.36177884615384615 0.7115384615384616 0.04927884615384615 0.039663461538461536
0 0.02283653846153846 0.6346153846153846 0.04567307692307692 0.0625
0 0.09014423076923077 0.6081730769230769 0.07692307692307693 0.04326923076923077
0 0.22115384615384615 0.6069711538461539 0.03365384615384615 0.04447115384615385
0 0.20072115384615385 0.6923076923076923 0.038461538461538464 0.040865384615384616
0 0.09014423076923077 0.5492788461538461 0.03485576923076923 0.027644230769230768
0 0.07211538461538461 0.5132211538461539 0.07211538461538461 0.040865384615384616
0 0.15384615384615385 0.53125 0.04326923076923077 0.04807692307692308
0 0.23918269230769232 0.5048076923076923 0.051682692307692304 0.038461538461538464
0 0.35336538461538464 0.46153846153846156 0.07692307692307693 0.0625
0 0.17427884615384615 0.46153846153846156 0.055288461538461536 0.019230769230769232
0 0.15384615384615385 0.43990384615384615 0.06490384615384616 0.027644230769230768
0 0.1141826923076923 0.4639423076923077 0.0889423076923077 0.039663461538461536
0 0.030048076923076924 0.4423076923076923 0.06009615384615385 0.03365384615384615
0 0.016826923076923076 0.39663461538461536 0.03365384615384615 0.04326923076923077
0 0.15985576923076922 0.3557692307692308 0.04927884615384615 0.056490384615384616
0 0.09254807692307693 0.32211538461538464 0.06490384615384616 0.04326923076923077
0 0.08653846153846154 0.2620192307692308 0.08173076923076923 0.0733173076923077
0 0.09735576923076923 0.2247596153846154 0.06610576923076923 0.03125
0 0.2091346153846154 0.22355769230769232 0.06610576923076923 0.03365384615384615
0 0.11057692307692307 0.15625 0.038461538461538464 0.02403846153846154
0 0.125 0.125 0.04447115384615385 0.026442307692307692
0 0.15384615384615385 0.07211538461538461 0.07451923076923077 0.030048076923076924
0 0.18629807692307693 0.038461538461538464 0.03125 0.06971153846153846
0 0.2403846153846154 0.018028846153846152 0.04807692307692308 0.03485576923076923
0 0.15625 0.29447115384615385 0.038461538461538464 0.02283653846153846
0 0.6646634615384616 0.03365384615384615 0.04447115384615385 0.03485576923076923
0 0.6117788461538461 0.010817307692307692 0.0829326923076923 0.021634615384615384
0 0.9399038461538461 0.010817307692307692 0.03365384615384615 0.021634615384615384
0 0.8689903846153846 0.9939903846153846 0.046875 0.010817307692307692
0 0.23197115384615385 0.2692307692307692 0.03125 0.025240384615384616
0 0.25240384615384615 0.671875 0.03485576923076923 0.037259615384615384
0 0.7451923076923077 0.34134615384615385 0.04326923076923077 0.025240384615384616
0 0.9927884615384616 0.9795673076923077 0.013221153846153846 0.036057692307692304