0 0.16706730769230768 0.75 0.11057692307692307 0.0829326923076923
0 0.140625 0.6177884615384616 0.18509615384615385 0.09975961538461539
0 0.328125 0.3269230769230769 0.12980769230769232 0.09375
0 0.08173076923076923 0.3762019230769231 0.08774038461538461 0.11177884615384616
0 0.7211538461538461 0.7307692307692307 0.09134615384615384 0.11658653846153846
0 0.6899038461538461 0.08774038461538461 0.07572115384615384 0.125
0 0.41586538461538464 0.49038461538461536 0.14903846153846154 0.0829326923076923
0 0.7848557692307693 0.5384615384615384 0.1141826923076923 0.08052884615384616
0 0.39903846153846156 0.5985576923076923 0.09735576923076923 0.07091346153846154
0 0.18509615384615385 0.09134615384615384 0.13221153846153846 0.09375
0 0.13581730769230768 0.9158653846153846 0.21033653846153846 0.16466346153846154
0 0.9375 0.7019230769230769 0.12259615384615384 0.1658653846153846
0 0.31009615384615385 0.5324519230769231 0.08533653846153846 0.05889423076923077
0 0.609375 0.9579326923076923 0.09254807692307693 0.07572115384615384
0 0.7908653846153846 0.12379807692307693 0.07572115384615384 0.09134615384615384
0 0.8677884615384616 0.33774038461538464 0.08533653846153846 0.10697115384615384
0 0.3701923076923077 0.3798076923076923 0.12259615384615384 0.06009615384615385
0 0.7560096153846154 0.3173076923076923 0.09615384615384616 0.08533653846153846
0 0.5540865384615384 0.08413461538461539 0.12740384615384615 0.14423076923076922
0 0.9387019230769231 0.20673076923076922 0.1201923076923077 0.10576923076923077
0 0.23197115384615385 0.6009615384615384 0.15985576923076922 0.08774038461538461