0 0.6394230769230769 0.06971153846153846 0.06971153846153846 0.12740384615384615
0 0.34375 0.5300480769230769 0.0889423076923077 0.10216346153846154
0 0.7319711538461539 0.0733173076923077 0.07932692307692307 0.07572115384615384
0 0.4807692307692308 0.34975961538461536 0.10576923076923077 0.15384615384615385
0 0.14783653846153846 0.8329326923076923 0.09134615384615384 0.09254807692307693
0 0.3233173076923077 0.9338942307692307 0.1201923076923077 0.10216346153846154
0 0.04807692307692308 0.2800480769230769 0.09615384615384616 0.0889423076923077
0 0.29447115384615385 0.21153846153846154 0.09975961538461539 0.08413461538461539
0 0.2932692307692308 0.04807692307692308 0.12259615384615384 0.09615384615384616
0 0.4963942307692308 0.016826923076923076 0.08052884615384616 0.028846153846153848
0 0.12259615384615384 0.6165865384615384 0.09375 0.08052884615384616
0 0.5721153846153846 0.10096153846153846 0.09254807692307693 0.14423076923076922
0 0.15865384615384615 0.49759615384615385 0.09975961538461539 0.09975961538461539
0 0.9326923076923077 0.9411057692307693 0.09254807692307693 0.1141826923076923
0 0.8798076923076923 0.47716346153846156 0.07572115384615384 0.09014423076923077
0 0.9819711538461539 0.5144230769230769 0.03485576923076923 0.040865384615384616
0 0.7704326923076923 0.8449519230769231 0.12259615384615384 0.11057692307692307
0 0.7283653846153846 0.6899038461538461 0.06370192307692307 0.07091346153846154
0 0.019230769230769232 0.9338942307692307 0.038461538461538464 0.08052884615384616
0 0.8834134615384616 0.38822115384615385 0.09495192307692307 0.09615384615384616
0 0.6622596153846154 0.12620192307692307 0.08774038461538461 0.11177884615384616
0 0.7608173076923077 0.5144230769230769 0.10096153846153846 0.09375
0 0.1310096153846154 0.037259615384615384 0.11177884615384616 0.07211538461538461
0 0.7836538461538461 0.15264423076923078 0.09615384615384616 0.0889423076923077
0 0.8966346153846154 0.7980769230769231 0.1141826923076923 0.08533653846153846
0 0.6442307692307693 0.8557692307692307 0.09735576923076923 0.0985576923076923
0 0.3557692307692308 0.04927884615384615 0.14543269230769232 0.09014423076923077
0 0.01201923076923077 0.5396634615384616 0.02403846153846154 0.07692307692307693
0 0.8762019230769231 0.7319711538461539 0.1141826923076923 0.09375
0 0.44471153846153844 0.46634615384615385 0.09375 0.0889423076923077
0 0.06129807692307692 0.4375 0.12259615384615384 0.1310096153846154
0 0.6442307692307693 0.2283653846153846 0.09615384615384616 0.08052884615384616
0 0.31971153846153844 0.8329326923076923 0.1466346153846154 0.12860576923076922
0 0.6646634615384616 0.5276442307692307 0.09615384615384616 0.0985576923076923
0 0.7632211538461539 0.6225961538461539 0.09254807692307693 0.08173076923076923