0 0.0985576923076923 0.03485576923076923 0.06490384615384616 0.06971153846153846
0 0.203125 0.1141826923076923 0.16466346153846154 0.09134615384615384
0 0.03485576923076923 0.1466346153846154 0.052884615384615384 0.07572115384615384
0 0.4326923076923077 0.4567307692307692 0.09134615384615384 0.06971153846153846
0 0.2932692307692308 0.4387019230769231 0.09495192307692307 0.16706730769230768
0 0.3858173076923077 0.6466346153846154 0.0673076923076923 0.07091346153846154
0 0.40625 0.5540865384615384 0.06370192307692307 0.07572115384615384
0 0.2776442307692308 0.7283653846153846 0.09375 0.07572115384615384
0 0.5216346153846154 0.8064903846153846 0.08413461538461539 0.09735576923076923
0 0.578125 0.8485576923076923 0.07932692307692307 0.04927884615384615
0 0.6670673076923077 0.8533653846153846 0.07692307692307693 0.06490384615384616
0 0.7680288461538461 0.8870192307692307 0.09615384615384616 0.09254807692307693
0 0.18389423076923078 0.9711538461538461 0.07692307692307693 0.055288461538461536
0 0.3004807692307692 0.9627403846153846 0.09254807692307693 0.07211538461538461
0 0.46875 0.9182692307692307 0.08052884615384616 0.06129807692307692
0 0.39903846153846156 0.9579326923076923 0.0733173076923077 0.0829326923076923
0 0.5504807692307693 0.9242788461538461 0.08413461538461539 0.1201923076923077
0 0.7704326923076923 0.9831730769230769 0.06009615384615385 0.03125
0 0.9747596153846154 0.8954326923076923 0.04927884615384615 0.06490384615384616
0 0.9350961538461539 0.796875 0.08173076923076923 0.07091346153846154
0 0.8377403846153846 0.7776442307692307 0.09134615384615384 0.08173076923076923
0 0.7992788461538461 0.6826923076923077 0.08413461538461539 0.10697115384615384
0 0.5612980769230769 0.6538461538461539 0.16346153846153846 0.06850961538461539
0 0.7007211538461539 0.5612980769230769 0.10096153846153846 0.08413461538461539
0 0.7848557692307693 0.3954326923076923 0.06370192307692307 0.0889423076923077
0 0.8377403846153846 0.3088942307692308 0.07211538461538461 0.08774038461538461
0 0.9399038461538461 0.3016826923076923 0.06009615384615385 0.0733173076923077
0 0.9086538461538461 0.36778846153846156 0.06009615384615385 0.09975961538461539
0 0.8509615384615384 0.4050480769230769 0.06490384615384616 0.07572115384615384
0 0.9627403846153846 0.3870192307692308 0.0733173076923077 0.08173076923076923
0 0.7524038461538461 0.20793269230769232 0.08052884615384616 0.07091346153846154
0 0.8533653846153846 0.07572115384615384 0.09375 0.15144230769230768
0 0.4723557692307692 0.15504807692307693 0.08653846153846154 0.15384615384615385
0 0.6550480769230769 0.019230769230769232 0.07451923076923077 0.038461538461538464
0 0.30288461538461536 0.4026442307692308 0.09495192307692307 0.09735576923076923
0 0.4723557692307692 0.9735576923076923 0.07572115384615384 0.051682692307692304