0 0.34975961538461536 0.6694711538461539 0.07572115384615384 0.09375
0 0.65625 0.6586538461538461 0.0733173076923077 0.09375
0 0.2536057692307692 0.11177884615384616 0.09254807692307693 0.22355769230769232
0 0.8713942307692307 0.33052884615384615 0.06971153846153846 0.0889423076923077
0 0.8581730769230769 0.4423076923076923 0.052884615384615384 0.07572115384615384
0 0.8197115384615384 0.6911057692307693 0.18028846153846154 0.140625
0 0.421875 0.6081730769230769 0.16706730769230768 0.09375
0 0.12620192307692307 0.0625 0.10336538461538461 0.10096153846153846
0 0.8161057692307693 0.859375 0.08653846153846154 0.1502403846153846
0 0.6442307692307693 0.9579326923076923 0.07692307692307693 0.08173076923076923
0 0.6971153846153846 0.11778846153846154 0.12259615384615384 0.203125
0 0.7271634615384616 0.53125 0.12620192307692307 0.08052884615384616
0 0.3954326923076923 0.20793269230769232 0.09134615384615384 0.10216346153846154
0 0.8209134615384616 0.35336538461538464 0.06610576923076923 0.06971153846153846
0 0.3629807692307692 0.36778846153846156 0.08173076923076923 0.12259615384615384
0 0.15264423076923078 0.4651442307692308 0.13701923076923078 0.09735576923076923
0 0.8581730769230769 0.014423076923076924 0.07451923076923077 0.028846153846153848
0 0.7451923076923077 0.6634615384615384 0.12379807692307693 0.09014423076923077
0 0.17307692307692307 0.8497596153846154 0.18509615384615385 0.11778846153846154
0 0.09254807692307693 0.9266826923076923 0.13822115384615385 0.12379807692307693
0 0.53125 0.36177884615384615 0.16466346153846154 0.078125
0 0.34134615384615385 0.06850961538461539 0.09615384615384616 0.08173076923076923
0 0.9543269230769231 0.421875 0.07572115384615384 0.046875
0 0.055288461538461536 0.42427884615384615 0.109375 0.12259615384615384
0 0.24158653846153846 0.9711538461538461 0.1346153846153846 0.055288461538461536
0 0.06971153846153846 0.6189903846153846 0.13942307692307693 0.10817307692307693
0 0.7199519230769231 0.2860576923076923 0.06009615384615385 0.08653846153846154
0 0.10216346153846154 0.3918269230769231 0.11658653846153846 0.078125
0 0.11899038461538461 0.14543269230769232 0.109375 0.1141826923076923
0 0.65625 0.5769230769230769 0.11658653846153846 0.0733173076923077
0 0.47836538461538464 0.9038461538461539 0.07572115384615384 0.09975961538461539
0 0.2608173076923077 0.43990384615384615 0.10096153846153846 0.08052884615384616