0 0.06129807692307692 0.2247596153846154 0.12259615384615384 0.078125
0 0.040865384615384616 0.2956730769230769 0.055288461538461536 0.07572115384615384
0 0.2608173076923077 0.31490384615384615 0.23677884615384615 0.06610576923076923
0 0.026442307692307692 0.22956730769230768 0.052884615384615384 0.12259615384615384
0 0.48197115384615385 0.18629807692307693 0.14302884615384615 0.0829326923076923
0 0.38822115384615385 0.16346153846153846 0.1875 0.056490384615384616
0 0.3329326923076923 0.01201923076923077 0.052884615384615384 0.02403846153846154
0 0.19591346153846154 0.036057692307692304 0.038461538461538464 0.02403846153846154
0 0.18389423076923078 0.014423076923076924 0.18870192307692307 0.028846153846153848
0 0.3870192307692308 0.04447115384615385 0.20673076923076922 0.04927884615384615
0 0.140625 0.020432692307692308 0.06009615384615385 0.040865384615384616
0 0.010817307692307692 0.6826923076923077 0.020432692307692308 0.03485576923076923
0 0.07932692307692307 0.7091346153846154 0.040865384615384616 0.04447115384615385
0 0.09375 0.5865384615384616 0.13822115384615385 0.0985576923076923
0 0.21514423076923078 0.828125 0.07451923076923077 0.051682692307692304
0 0.24278846153846154 0.9399038461538461 0.15384615384615385 0.11778846153846154
0 0.1141826923076923 0.9002403846153846 0.22716346153846154 0.09495192307692307
0 0.33774038461538464 0.7560096153846154 0.17427884615384615 0.13341346153846154
0 0.49278846153846156 0.8064903846153846 0.06009615384615385 0.13341346153846154
0 0.4651442307692308 0.7704326923076923 0.17668269230769232 0.078125
0 0.5853365384615384 0.8341346153846154 0.0985576923076923 0.13341346153846154
0 0.765625 0.9134615384615384 0.078125 0.11538461538461539
0 0.8966346153846154 0.8677884615384616 0.1141826923076923 0.13822115384615385
0 0.7884615384615384 0.9807692307692307 0.04447115384615385 0.036057692307692304
0 0.9579326923076923 0.9639423076923077 0.06370192307692307 0.07091346153846154
0 0.6370192307692307 0.9711538461538461 0.14423076923076922 0.04807692307692308
0 0.96875 0.8173076923076923 0.06009615384615385 0.10697115384615384
0 0.9447115384615384 0.6850961538461539 0.08413461538461539 0.040865384615384616
0 0.9819711538461539 0.734375 0.03365384615384615 0.20072115384615385
0 0.8725961538461539 0.703125 0.2247596153846154 0.16947115384615385
0 0.8161057692307693 0.6850961538461539 0.13221153846153846 0.125
0 0.328125 0.6334134615384616 0.039663461538461536 0.04447115384615385
0 0.49278846153846156 0.9771634615384616 0.06009615384615385 0.04447115384615385
0 0.43509615384615385 0.6021634615384616 0.12740384615384615 0.1622596153846154
0 0.3088942307692308 0.6322115384615384 0.14903846153846154 0.15264423076923078
0 0.4879807692307692 0.6959134615384616 0.12259615384615384 0.11057692307692307
0 0.703125 0.6899038461538461 0.07451923076923077 0.16947115384615385
0 0.6454326923076923 0.7067307692307693 0.07091346153846154 0.24639423076923078
0 0.6153846153846154 0.5612980769230769 0.08774038461538461 0.14903846153846154
0 0.8233173076923077 0.4723557692307692 0.08052884615384616 0.04447115384615385
0 0.75 0.42788461538461536 0.04326923076923077 0.07572115384615384
0 0.8665865384615384 0.47836538461538464 0.15985576923076922 0.12740384615384615
0 0.5600961538461539 0.4182692307692308 0.11899038461538461 0.10096153846153846
0 0.6117788461538461 0.4723557692307692 0.1778846153846154 0.12259615384615384
0 0.4483173076923077 0.40865384615384615 0.20072115384615385 0.11298076923076923
0 0.3389423076923077 0.36177884615384615 0.06009615384615385 0.19951923076923078
0 0.3954326923076923 0.4495192307692308 0.15384615384615385 0.20432692307692307
0 0.7259615384615384 0.6262019230769231 0.09735576923076923 0.1622596153846154
0 0.78125 0.3112980769230769 0.16105769230769232 0.16947115384615385
0 0.9326923076923077 0.16105769230769232 0.13341346153846154 0.12740384615384615
0 0.9302884615384616 0.10216346153846154 0.1346153846153846 0.13221153846153846
0 0.8653846153846154 0.06490384615384616 0.20072115384615385 0.12980769230769232
0 0.6298076923076923 0.140625 0.14182692307692307 0.09375
0 0.6430288461538461 0.08533653846153846 0.140625 0.16826923076923078
0 0.6021634615384616 0.15625 0.18990384615384615 0.09975961538461539
0 0.7175480769230769 0.36177884615384615 0.17427884615384615 0.056490384615384616
0 0.6610576923076923 0.3329326923076923 0.055288461538461536 0.06009615384615385