0 0.8689903846153846 0.41466346153846156 0.08533653846153846 0.054086538461538464
0 0.7487980769230769 0.3088942307692308 0.09254807692307693 0.10697115384615384
0 0.36538461538461536 0.453125 0.09254807692307693 0.07211538461538461
0 0.13701923076923078 0.34615384615384615 0.05889423076923077 0.040865384615384616
0 0.3918269230769231 0.36658653846153844 0.1310096153846154 0.06009615384615385
0 0.7379807692307693 0.23918269230769232 0.11778846153846154 0.09014423076923077
0 0.19831730769230768 0.5420673076923077 0.13221153846153846 0.04807692307692308
0 0.5745192307692307 0.47115384615384615 0.055288461538461536 0.052884615384615384
0 0.43028846153846156 0.609375 0.10576923076923077 0.06009615384615385
0 0.5396634615384616 0.13221153846153846 0.09495192307692307 0.07572115384615384
0 0.9579326923076923 0.4110576923076923 0.06129807692307692 0.07692307692307693
0 0.5204326923076923 0.296875 0.04447115384615385 0.055288461538461536
0 0.0889423076923077 0.1658653846153846 0.07572115384615384 0.07692307692307693
0 0.9735576923076923 0.32211538461538464 0.051682692307692304 0.07451923076923077
0 0.027644230769230768 0.578125 0.04927884615384615 0.04927884615384615
0 0.5865384615384616 0.40865384615384615 0.10096153846153846 0.08774038461538461
0 0.49759615384615385 0.47716346153846156 0.07211538461538461 0.07572115384615384
0 0.15384615384615385 0.44471153846153844 0.06850961538461539 0.05889423076923077
0 0.25240384615384615 0.1814903846153846 0.09735576923076923 0.08052884615384616
0 0.734375 0.4254807692307692 0.08052884615384616 0.10096153846153846
0 0.6658653846153846 0.038461538461538464 0.09254807692307693 0.07692307692307693
0 0.7548076923076923 0.16706730769230768 0.07572115384615384 0.09014423076923077
0 0.3389423076923077 0.1875 0.1045673076923077 0.09134615384615384
0 0.1310096153846154 0.203125 0.09735576923076923 0.0673076923076923
0 0.3401442307692308 0.5516826923076923 0.09014423076923077 0.07572115384615384
0 0.5709134615384616 0.06971153846153846 0.08653846153846154 0.10576923076923077
0 0.25240384615384615 0.4879807692307692 0.1502403846153846 0.078125
0 0.10216346153846154 0.2932692307692308 0.10216346153846154 0.057692307692307696