0 0.07211538461538461 0.9098557692307693 0.08052884615384616 0.06971153846153846
0 0.016826923076923076 0.24278846153846154 0.03365384615384615 0.09735576923076923
0 0.875 0.025240384615384616 0.04807692307692308 0.05048076923076923
0 0.052884615384615384 0.23076923076923078 0.0673076923076923 0.11778846153846154
0 0.7620192307692307 0.6346153846153846 0.08533653846153846 0.08533653846153846
0 0.6887019230769231 0.14182692307692307 0.046875 0.056490384615384616
0 0.23076923076923078 0.31490384615384615 0.0733173076923077 0.09254807692307693
0 0.6646634615384616 0.7620192307692307 0.09134615384615384 0.125
0 0.8473557692307693 0.9591346153846154 0.08533653846153846 0.06971153846153846
0 0.5420673076923077 0.38822115384615385 0.08173076923076923 0.12740384615384615
0 0.8509615384615384 0.8401442307692307 0.09735576923076923 0.09014423076923077
0 0.84375 0.24759615384615385 0.07692307692307693 0.109375
0 0.8677884615384616 0.35216346153846156 0.08173076923076923 0.1141826923076923
0 0.5384615384615384 0.6670673076923077 0.07211538461538461 0.09014423076923077
0 0.625 0.5552884615384616 0.07572115384615384 0.078125
0 0.8701923076923077 0.6286057692307693 0.06971153846153846 0.08653846153846154
0 0.027644230769230768 0.4110576923076923 0.055288461538461536 0.08052884615384616
0 0.8449519230769231 0.90625 0.09014423076923077 0.07572115384615384
0 0.30649038461538464 0.41586538461538464 0.07091346153846154 0.11177884615384616
0 0.6358173076923077 0.6802884615384616 0.07211538461538461 0.11538461538461539
0 0.7536057692307693 0.27403846153846156 0.0829326923076923 0.07211538461538461
0 0.9074519230769231 0.5192307692307693 0.10096153846153846 0.07091346153846154
0 0.6778846153846154 0.9110576923076923 0.12740384615384615 0.07692307692307693
0 0.9663461538461539 0.18028846153846154 0.06370192307692307 0.07211538461538461
0 0.7872596153846154 0.7067307692307693 0.06610576923076923 0.0625
0 0.0625 0.6706730769230769 0.08052884615384616 0.07932692307692307
0 0.055288461538461536 0.5516826923076923 0.08052884615384616 0.09495192307692307
0 0.48197115384615385 0.23197115384615385 0.0625 0.09014423076923077
0 0.7980769230769231 0.4723557692307692 0.08173076923076923 0.07572115384615384
0 0.44711538461538464 0.9086538461538461 0.06490384615384616 0.07932692307692307
0 0.29927884615384615 0.796875 0.06850961538461539 0.0829326923076923
0 0.9639423076923077 0.5961538461538461 0.06971153846153846 0.10336538461538461
0 0.22956730769230768 0.6069711538461539 0.06610576923076923 0.08774038461538461
0 0.9807692307692307 0.8221153846153846 0.036057692307692304 0.05889423076923077
0 0.6262019230769231 0.96875 0.06850961538461539 0.06129807692307692
0 0.6694711538461539 0.42788461538461536 0.09014423076923077 0.10216346153846154
0 0.5192307692307693 0.6177884615384616 0.07451923076923077 0.10576923076923077
0 0.6177884615384616 0.07932692307692307 0.052884615384615384 0.12860576923076922
0 0.9675480769230769 0.953125 0.06370192307692307 0.056490384615384616
0 0.9735576923076923 0.9014423076923077 0.051682692307692304 0.06370192307692307
0 0.16826923076923078 0.20673076923076922 0.06850961538461539 0.06490384615384616
0 0.8894230769230769 0.17067307692307693 0.08533653846153846 0.12259615384615384