0 0.9399038461538461 0.6538461538461539 0.11778846153846154 0.17427884615384615
0 0.38461538461538464 0.5973557692307693 0.10096153846153846 0.06490384615384616
0 0.5733173076923077 0.36177884615384615 0.057692307692307696 0.04927884615384615
0 0.026442307692307692 0.8569711538461539 0.052884615384615384 0.057692307692307696
0 0.328125 0.359375 0.078125 0.10697115384615384
0 0.7932692307692307 0.9362980769230769 0.08653846153846154 0.12620192307692307
0 0.7680288461538461 0.5348557692307693 0.1141826923076923 0.16105769230769232
0 0.3269230769230769 0.9278846153846154 0.09975961538461539 0.06009615384615385
0 0.9158653846153846 0.8774038461538461 0.16706730769230768 0.15985576923076922
0 0.4831730769230769 0.7235576923076923 0.09615384615384616 0.055288461538461536
0 0.1875 0.6081730769230769 0.08774038461538461 0.06971153846153846
0 0.3076923076923077 0.046875 0.16947115384615385 0.0889423076923077
0 0.1935096153846154 0.7475961538461539 0.0733173076923077 0.17427884615384615
0 0.35697115384615385 0.5444711538461539 0.11298076923076923 0.055288461538461536
0 0.8149038461538461 0.7848557692307693 0.07211538461538461 0.11177884615384616
0 0.47596153846153844 0.7632211538461539 0.078125 0.037259615384615384
0 0.12620192307692307 0.10817307692307693 0.10216346153846154 0.08533653846153846
0 0.021634615384615384 0.5072115384615384 0.04326923076923077 0.0673076923076923
0 0.7127403846153846 0.056490384615384616 0.13581730769230768 0.11177884615384616
0 0.6598557692307693 0.9230769230769231 0.06971153846153846 0.07091346153846154
0 0.09735576923076923 0.3605769230769231 0.08413461538461539 0.0733173076923077
0 0.5612980769230769 0.953125 0.10817307692307693 0.09134615384615384
0 0.8677884615384616 0.171875 0.11658653846153846 0.11177884615384616
0 0.0673076923076923 0.4387019230769231 0.13341346153846154 0.10336538461538461
0 0.28125 0.9711538461538461 0.08052884615384616 0.056490384615384616
0 0.48197115384615385 0.27403846153846156 0.19471153846153846 0.11899038461538461
0 0.36658653846153844 0.4891826923076923 0.051682692307692304 0.039663461538461536
0 0.0985576923076923 0.6502403846153846 0.056490384615384616 0.08774038461538461
0 0.5420673076923077 0.8221153846153846 0.06490384615384616 0.055288461538461536
0 0.36778846153846156 0.7151442307692307 0.08533653846153846 0.12860576923076922
0 0.5060096153846154 0.040865384615384616 0.08653846153846154 0.08052884615384616
0 0.2127403846153846 0.953125 0.10576923076923077 0.09254807692307693
0 0.7319711538461539 0.33052884615384615 0.16105769230769232 0.10576923076923077
0 0.5 0.49158653846153844 0.07451923076923077 0.14182692307692307
0 0.5709134615384616 0.6778846153846154 0.08052884615384616 0.109375
0 0.15144230769230768 0.02283653846153846 0.11538461538461539 0.04567307692307692
0 0.5829326923076923 0.15625 0.10336538461538461 0.1141826923076923