0 0.6670673076923077 0.04326923076923077 0.19951923076923078 0.08653846153846154
0 0.65625 0.6021634615384616 0.20072115384615385 0.13942307692307693
0 0.5192307692307693 0.5841346153846154 0.08052884615384616 0.06490384615384616
0 0.8822115384615384 0.7475961538461539 0.06009615384615385 0.15985576923076922
0 0.4891826923076923 0.5168269230769231 0.16466346153846154 0.07572115384615384
0 0.12259615384615384 0.4026442307692308 0.13221153846153846 0.10216346153846154
0 0.7055288461538461 0.3137019230769231 0.27283653846153844 0.18990384615384615
0 0.6237980769230769 0.4182692307692308 0.0673076923076923 0.04807692307692308
0 0.33533653846153844 0.14543269230769232 0.109375 0.09615384615384616
0 0.234375 0.7487980769230769 0.10576923076923077 0.09254807692307693
0 0.46634615384615385 0.8689903846153846 0.13221153846153846 0.0673076923076923
0 0.16346153846153846 0.42788461538461536 0.0625 0.051682692307692304
0 0.9399038461538461 0.7608173076923077 0.11778846153846154 0.0733173076923077
0 0.8064903846153846 0.9555288461538461 0.07932692307692307 0.07211538461538461
0 0.037259615384615384 0.026442307692307692 0.07451923076923077 0.04807692307692308
0 0.6069711538461539 0.21033653846153846 0.07572115384615384 0.08052884615384616
0 0.2956730769230769 0.6177884615384616 0.10216346153846154 0.078125
0 0.38221153846153844 0.34134615384615385 0.15504807692307693 0.09975961538461539
0 0.5360576923076923 0.265625 0.09134615384615384 0.04326923076923077
0 0.7451923076923077 0.4579326923076923 0.18990384615384615 0.13221153846153846
0 0.9399038461538461 0.296875 0.11899038461538461 0.16105769230769232
0 0.5516826923076923 0.056490384615384616 0.2403846153846154 0.11177884615384616
0 0.07692307692307693 0.8870192307692307 0.15384615384615385 0.07451923076923077
0 0.2704326923076923 0.8870192307692307 0.057692307692307696 0.03485576923076923
0 0.3557692307692308 0.8052884615384616 0.08653846153846154 0.23197115384615385
0 0.29447115384615385 0.06370192307692307 0.06971153846153846 0.12740384615384615
0 0.4831730769230769 0.7355769230769231 0.14783653846153846 0.12259615384615384
0 0.8942307692307693 0.9350961538461539 0.109375 0.06009615384615385
0 0.08533653846153846 0.3425480769230769 0.16947115384615385 0.1201923076923077
0 0.3485576923076923 0.27403846153846156 0.12740384615384615 0.10576923076923077
0 0.7259615384615384 0.078125 0.0625 0.042067307692307696
0 0.09134615384615384 0.8713942307692307 0.125 0.24879807692307693
0 0.703125 0.6538461538461539 0.07211538461538461 0.125
0 0.6694711538461539 0.4795673076923077 0.10096153846153846 0.054086538461538464
0 0.04807692307692308 0.7079326923076923 0.09615384615384616 0.09615384615384616
0 0.34375 0.25 0.12259615384615384 0.1141826923076923
0 0.1141826923076923 0.29447115384615385 0.051682692307692304 0.030048076923076924
0 0.8173076923076923 0.625 0.06850961538461539 0.04447115384615385
0 0.7391826923076923 0.46875 0.14302884615384615 0.20192307692307693
0 0.96875 0.9122596153846154 0.06129807692307692 0.055288461538461536
0 0.6201923076923077 0.8653846153846154 0.06490384615384616 0.09615384615384616
0 0.8762019230769231 0.04567307692307692 0.20432692307692307 0.09134615384615384
0 0.6382211538461539 0.17067307692307693 0.057692307692307696 0.078125
0 0.33653846153846156 0.65625 0.055288461538461536 0.0673076923076923
0 0.2956730769230769 0.6778846153846154 0.11778846153846154 0.07692307692307693
0 0.8245192307692307 0.7379807692307693 0.06490384615384616 0.1778846153846154
0 0.8533653846153846 0.34134615384615385 0.07692307692307693 0.10576923076923077
0 0.8473557692307693 0.17548076923076922 0.11658653846153846 0.06971153846153846
0 0.42427884615384615 0.07211538461538461 0.15985576923076922 0.08533653846153846
0 0.046875 0.140625 0.09134615384615384 0.2800480769230769
0 0.5625 0.45913461538461536 0.18870192307692307 0.055288461538461536
0 0.6887019230769231 0.07572115384615384 0.10697115384615384 0.12259615384615384
0 0.47596153846153844 0.27524038461538464 0.3004807692307692 0.2620192307692308
0 0.21995192307692307 0.027644230769230768 0.18990384615384615 0.055288461538461536
0 0.8629807692307693 0.8629807692307693 0.13701923076923078 0.06850961538461539
0 0.9675480769230769 0.5048076923076923 0.0625 0.20552884615384615
0 0.07692307692307693 0.9146634615384616 0.12740384615384615 0.1622596153846154
0 0.5817307692307693 0.46634615384615385 0.07451923076923077 0.09975961538461539
0 0.9423076923076923 0.1201923076923077 0.11177884615384616 0.10096153846153846
0 0.828125 0.4326923076923077 0.1622596153846154 0.21754807692307693
0 0.030048076923076924 0.9603365384615384 0.06009615384615385 0.07451923076923077
0 0.7860576923076923 0.14903846153846154 0.11778846153846154 0.09735576923076923
0 0.25 0.9110576923076923 0.11057692307692307 0.07692307692307693