0 0.484375 0.6634615384615384 0.06009615384615385 0.11057692307692307
0 0.9831730769230769 0.4266826923076923 0.03125 0.09254807692307693
0 0.46153846153846156 0.5252403846153846 0.04927884615384615 0.07932692307692307
0 0.40865384615384615 0.20192307692307693 0.09134615384615384 0.07211538461538461
0 0.9543269230769231 0.6213942307692307 0.09014423076923077 0.11778846153846154
0 0.9663461538461539 0.18028846153846154 0.052884615384615384 0.06971153846153846
0 0.23918269230769232 0.19230769230769232 0.0673076923076923 0.04807692307692308
0 0.8497596153846154 0.40865384615384615 0.09375 0.12259615384615384
0 0.7295673076923077 0.6262019230769231 0.04927884615384615 0.055288461538461536
0 0.8173076923076923 0.23798076923076922 0.04447115384615385 0.06009615384615385
0 0.3737980769230769 0.11057692307692307 0.07572115384615384 0.06610576923076923
0 0.16947115384615385 0.8894230769230769 0.08653846153846154 0.09134615384615384
0 0.7872596153846154 0.6069711538461539 0.06610576923076923 0.10096153846153846
0 0.390625 0.03365384615384615 0.0889423076923077 0.0673076923076923
0 0.9795673076923077 0.5096153846153846 0.039663461538461536 0.109375
0 0.38100961538461536 0.6237980769230769 0.10576923076923077 0.13822115384615385
0 0.0625 0.5913461538461539 0.0889423076923077 0.11658653846153846
0 0.5576923076923077 0.018028846153846152 0.057692307692307696 0.03485576923076923
0 0.07211538461538461 0.14543269230769232 0.0829326923076923 0.07932692307692307
0 0.7415865384615384 0.24519230769230768 0.06490384615384616 0.11538461538461539
0 0.7379807692307693 0.08173076923076923 0.08774038461538461 0.06850961538461539
0 0.5360576923076923 0.15144230769230768 0.051682692307692304 0.05889423076923077
0 0.3317307692307692 0.24158653846153846 0.06971153846153846 0.07211538461538461
0 0.31850961538461536 0.3858173076923077 0.09735576923076923 0.10817307692307693
0 0.028846153846153848 0.20793269230769232 0.056490384615384616 0.06490384615384616
0 0.19831730769230768 0.578125 0.07211538461538461 0.13221153846153846
0 0.28365384615384615 0.9603365384615384 0.06610576923076923 0.0733173076923077
0 0.8149038461538461 0.6009615384615384 0.0985576923076923 0.10697115384615384
0 0.5829326923076923 0.09975961538461539 0.036057692307692304 0.02403846153846154
0 0.22956730769230768 0.7295673076923077 0.12740384615384615 0.1141826923076923
0 0.19471153846153846 0.4411057692307692 0.12740384615384615 0.12259615384615384
0 0.015625 0.5072115384615384 0.030048076923076924 0.09375
0 0.6526442307692307 0.16706730769230768 0.07211538461538461 0.10697115384615384
0 0.0889423076923077 0.296875 0.1045673076923077 0.057692307692307696
0 0.7211538461538461 0.7884615384615384 0.08173076923076923 0.078125
0 0.4182692307692308 0.41346153846153844 0.07211538461538461 0.07572115384615384
0 0.7259615384615384 0.39903846153846156 0.11057692307692307 0.09014423076923077