0 0.015625 0.07932692307692307 0.030048076923076924 0.0673076923076923
0 0.0625 0.1502403846153846 0.05048076923076923 0.06971153846153846
0 0.018028846153846152 0.16105769230769232 0.03485576923076923 0.038461538461538464
0 0.09375 0.15504807692307693 0.0673076923076923 0.1658653846153846
0 0.43149038461538464 0.11538461538461539 0.08653846153846154 0.04927884615384615
0 0.4338942307692308 0.17067307692307693 0.08052884615384616 0.055288461538461536
0 0.4699519230769231 0.31490384615384615 0.0625 0.06370192307692307
0 0.42788461538461536 0.3233173076923077 0.06009615384615385 0.14903846153846154
0 0.4579326923076923 0.47836538461538464 0.057692307692307696 0.04927884615384615
0 0.5144230769230769 0.4963942307692308 0.04326923076923077 0.051682692307692304
0 0.421875 0.5348557692307693 0.03245192307692308 0.1141826923076923
0 0.296875 0.5913461538461539 0.11057692307692307 0.04447115384615385
0 0.6274038461538461 0.5913461538461539 0.06971153846153846 0.12379807692307693
0 0.2512019230769231 0.27524038461538464 0.10817307692307693 0.15865384615384615
0 0.13341346153846154 0.3245192307692308 0.0673076923076923 0.1201923076923077
0 0.18990384615384615 0.2956730769230769 0.06490384615384616 0.06490384615384616
0 0.171875 0.42908653846153844 0.07451923076923077 0.125
0 0.7680288461538461 0.38461538461538464 0.04927884615384615 0.10096153846153846
0 0.8557692307692307 0.38822115384615385 0.04567307692307692 0.042067307692307696
0 0.7451923076923077 0.45552884615384615 0.0733173076923077 0.04927884615384615
0 0.8545673076923077 0.4963942307692308 0.11538461538461539 0.0889423076923077
0 0.29927884615384615 0.703125 0.04927884615384615 0.06610576923076923
0 0.40024038461538464 0.6971153846153846 0.054086538461538464 0.06370192307692307
0 0.48677884615384615 0.7632211538461539 0.11177884615384616 0.08173076923076923
0 0.3942307692307692 0.7524038461538461 0.08653846153846154 0.04927884615384615
0 0.3605769230769231 0.8605769230769231 0.0829326923076923 0.12259615384615384
0 0.019230769230769232 0.6574519230769231 0.038461538461538464 0.0985576923076923
0 0.8052884615384616 0.7391826923076923 0.05889423076923077 0.10096153846153846
0 0.21033653846153846 0.9675480769230769 0.051682692307692304 0.06370192307692307
0 0.1045673076923077 0.9254807692307693 0.06009615384615385 0.04567307692307692
0 0.052884615384615384 0.9543269230769231 0.078125 0.0889423076923077
0 0.057692307692307696 0.054086538461538464 0.06490384615384616 0.10817307692307693
0 0.14783653846153846 0.8173076923076923 0.04447115384615385 0.21634615384615385
0 0.078125 0.8617788461538461 0.057692307692307696 0.11778846153846154
0 0.1141826923076923 0.6225961538461539 0.040865384615384616 0.054086538461538464
0 0.06009615384615385 0.6586538461538461 0.055288461538461536 0.0733173076923077
0 0.10817307692307693 0.7163461538461539 0.052884615384615384 0.12860576923076922
0 0.40384615384615385 0.9663461538461539 0.09375 0.06610576923076923
0 0.4987980769230769 0.96875 0.07932692307692307 0.046875
0 0.5841346153846154 0.9795673076923077 0.09014423076923077 0.038461538461538464
0 0.7548076923076923 0.8858173076923077 0.12259615384615384 0.10336538461538461
0 0.6838942307692307 0.8798076923076923 0.13221153846153846 0.13942307692307693
0 0.9399038461538461 0.984375 0.078125 0.028846153846153848
0 0.859375 0.9735576923076923 0.08052884615384616 0.051682692307692304
0 0.9134615384615384 0.7091346153846154 0.0625 0.06971153846153846
0 0.6995192307692307 0.6442307692307693 0.12379807692307693 0.2247596153846154
0 0.8052884615384616 0.5889423076923077 0.11778846153846154 0.06009615384615385
0 0.8990384615384616 0.5757211538461539 0.09134615384615384 0.0733173076923077
0 0.8713942307692307 0.6346153846153846 0.10096153846153846 0.06490384615384616
0 0.26802884615384615 0.013221153846153846 0.06009615384615385 0.025240384615384616
0 0.7283653846153846 0.027644230769230768 0.11538461538461539 0.055288461538461536
0 0.8112980769230769 0.30288461538461536 0.07091346153846154 0.11658653846153846
0 0.9675480769230769 0.4014423076923077 0.06370192307692307 0.05048076923076923
0 0.5108173076923077 0.8954326923076923 0.03365384615384615 0.03245192307692308
0 0.49399038461538464 0.9483173076923077 0.078125 0.10216346153846154
0 0.9555288461538461 0.03245192307692308 0.040865384615384616 0.06490384615384616
0 0.9807692307692307 0.10336538461538461 0.037259615384615384 0.04447115384615385
0 0.953125 0.24158653846153846 0.09134615384615384 0.06971153846153846
0 0.9230769230769231 0.30408653846153844 0.15264423076923078 0.06129807692307692
0 0.6358173076923077 0.27283653846153844 0.038461538461538464 0.0625
0 0.9831730769230769 0.4639423076923077 0.03125 0.036057692307692304
0 0.8701923076923077 0.6838942307692307 0.04807692307692308 0.055288461538461536
0 0.8365384615384616 0.7884615384615384 0.08653846153846154 0.109375
0 0.9867788461538461 0.9663461538461539 0.025240384615384616 0.04927884615384615
0 0.9879807692307693 0.7307692307692307 0.02283653846153846 0.04447115384615385
0 0.5516826923076923 0.8040865384615384 0.03125 0.027644230769230768
0 0.42908653846153844 0.008413461538461538 0.040865384615384616 0.016826923076923076
0 0.10216346153846154 0.7740384615384616 0.0673076923076923 0.05048076923076923
0 0.11538461538461539 0.8737980769230769 0.036057692307692304 0.040865384615384616
0 0.009615384615384616 0.9543269230769231 0.019230769230769232 0.0625
0 0.15625 0.34975961538461536 0.04927884615384615 0.038461538461538464
0 0.1622596153846154 0.3858173076923077 0.046875 0.03125
0 0.20793269230769232 0.37740384615384615 0.03365384615384615 0.03365384615384615
0 0.0733173076923077 0.7103365384615384 0.020432692307692308 0.02283653846153846