0 0.3485576923076923 0.2956730769230769 0.13942307692307693 0.051682692307692304
0 0.6850961538461539 0.4266826923076923 0.11298076923076923 0.039663461538461536
0 0.7560096153846154 0.3701923076923077 0.09975961538461539 0.02403846153846154
0 0.5612980769230769 0.8076923076923077 0.1201923076923077 0.06370192307692307
0 0.9627403846153846 0.24158653846153846 0.0733173076923077 0.039663461538461536
0 0.7572115384615384 0.1310096153846154 0.15504807692307693 0.08052884615384616
0 0.25721153846153844 0.14302884615384615 0.12980769230769232 0.07451923076923077
0 0.028846153846153848 0.9290865384615384 0.056490384615384616 0.03485576923076923
0 0.5841346153846154 0.3161057692307692 0.07692307692307693 0.06850961538461539
0 0.6237980769230769 0.19230769230769232 0.09735576923076923 0.04927884615384615
0 0.2692307692307692 0.15985576923076922 0.09495192307692307 0.057692307692307696
0 0.7524038461538461 0.40625 0.12860576923076922 0.051682692307692304
0 0.6826923076923077 0.20552884615384615 0.12379807692307693 0.08653846153846154
0 0.0673076923076923 0.3173076923076923 0.13341346153846154 0.054086538461538464
0 0.03365384615384615 0.42788461538461536 0.06610576923076923 0.06610576923076923
0 0.16466346153846154 0.875 0.125 0.027644230769230768
0 0.6887019230769231 0.9134615384615384 0.09735576923076923 0.02403846153846154
0 0.4831730769230769 0.43990384615384615 0.09975961538461539 0.04927884615384615
0 0.875 0.8545673076923077 0.039663461538461536 0.054086538461538464
0 0.8545673076923077 0.34615384615384615 0.1045673076923077 0.0625
0 0.06971153846153846 0.22956730769230768 0.0889423076923077 0.039663461538461536
0 0.22235576923076922 0.6923076923076923 0.12259615384615384 0.038461538461538464
0 0.6334134615384616 0.28365384615384615 0.09975961538461539 0.040865384615384616
0 0.33533653846153844 0.34134615384615385 0.0625 0.030048076923076924
0 0.5360576923076923 0.8521634615384616 0.07572115384615384 0.04567307692307692
0 0.9375 0.7956730769230769 0.06850961538461539 0.04567307692307692
0 0.6658653846153846 0.3112980769230769 0.0829326923076923 0.039663461538461536
0 0.9615384615384616 0.2932692307692308 0.07451923076923077 0.0625
0 0.2127403846153846 0.6802884615384616 0.055288461538461536 0.07211538461538461
0 0.8329326923076923 0.10096153846153846 0.11778846153846154 0.12620192307692307
0 0.3954326923076923 0.29086538461538464 0.10576923076923077 0.05048076923076923
0 0.9302884615384616 0.2920673076923077 0.078125 0.04807692307692308
0 0.4266826923076923 0.8209134615384616 0.09014423076923077 0.030048076923076924
0 0.028846153846153848 0.7415865384615384 0.057692307692307696 0.052884615384615384
0 0.14903846153846154 0.8221153846153846 0.06971153846153846 0.036057692307692304
0 0.8317307692307693 0.2548076923076923 0.08653846153846154 0.026442307692307692
0 0.8461538461538461 0.41346153846153844 0.07091346153846154 0.055288461538461536
0 0.1466346153846154 0.0985576923076923 0.06129807692307692 0.07091346153846154
0 0.19591346153846154 0.7692307692307693 0.09975961538461539 0.054086538461538464
0 0.5048076923076923 0.38822115384615385 0.14543269230769232 0.07211538461538461
0 0.1466346153846154 0.3233173076923077 0.1201923076923077 0.07572115384615384
0 0.5420673076923077 0.7103365384615384 0.05889423076923077 0.030048076923076924
0 0.5721153846153846 0.9026442307692307 0.10096153846153846 0.030048076923076924
0 0.140625 0.890625 0.11057692307692307 0.036057692307692304
0 0.4675480769230769 0.8966346153846154 0.12980769230769232 0.04447115384615385
0 0.3737980769230769 0.8413461538461539 0.1310096153846154 0.03365384615384615
0 0.2439903846153846 0.7704326923076923 0.15985576923076922 0.055288461538461536
0 0.8161057692307693 0.48677884615384615 0.078125 0.03365384615384615
0 0.39302884615384615 0.39903846153846156 0.08653846153846154 0.057692307692307696
0 0.3858173076923077 0.22115384615384615 0.12620192307692307 0.06490384615384616
0 0.051682692307692304 0.1875 0.10216346153846154 0.06370192307692307
0 0.22355769230769232 0.7391826923076923 0.08653846153846154 0.06009615384615385
0 0.6478365384615384 0.4387019230769231 0.08774038461538461 0.040865384615384616
0 0.9543269230769231 0.9014423076923077 0.0889423076923077 0.04326923076923077
0 0.5961538461538461 0.9459134615384616 0.07932692307692307 0.028846153846153848
0 0.4987980769230769 0.7956730769230769 0.07211538461538461 0.028846153846153848
0 0.3088942307692308 0.2704326923076923 0.042067307692307696 0.04927884615384615