0 0.014423076923076924 0.47836538461538464 0.028846153846153848 0.03365384615384615
0 0.9254807692307693 0.6658653846153846 0.08774038461538461 0.055288461538461536
0 0.06370192307692307 0.4014423076923077 0.054086538461538464 0.055288461538461536
0 0.46274038461538464 0.40384615384615385 0.027644230769230768 0.028846153846153848
0 0.9050480769230769 0.5324519230769231 0.052884615384615384 0.03245192307692308
0 0.7704326923076923 0.484375 0.028846153846153848 0.028846153846153848
0 0.5492788461538461 0.9831730769230769 0.03125 0.03245192307692308
0 0.015625 0.5108173076923077 0.030048076923076924 0.03365384615384615
0 0.7980769230769231 0.5733173076923077 0.05048076923076923 0.054086538461538464
0 0.43990384615384615 0.5949519230769231 0.04567307692307692 0.056490384615384616
0 0.5084134615384616 0.5180288461538461 0.03365384615384615 0.028846153846153848
0 0.4266826923076923 0.9771634615384616 0.036057692307692304 0.04326923076923077
0 0.5288461538461539 0.9639423076923077 0.036057692307692304 0.04927884615384615
0 0.47475961538461536 0.8257211538461539 0.046875 0.051682692307692304
0 0.5625 0.7199519230769231 0.038461538461538464 0.038461538461538464
0 0.4170673076923077 0.8233173076923077 0.02403846153846154 0.038461538461538464
0 0.4891826923076923 0.9711538461538461 0.042067307692307696 0.055288461538461536
0 0.8305288461538461 0.8665865384615384 0.037259615384615384 0.042067307692307696
0 0.038461538461538464 0.5444711538461539 0.07572115384615384 0.036057692307692304
0 0.03365384615384615 0.6983173076923077 0.040865384615384616 0.03245192307692308
0 0.7740384615384616 0.26802884615384615 0.02283653846153846 0.018028846153846152
0 0.8257211538461539 0.5865384615384616 0.03485576923076923 0.028846153846153848
0 0.5180288461538461 0.09375 0.06850961538461539 0.026442307692307692
0 0.8233173076923077 0.20552884615384615 0.025240384615384616 0.042067307692307696
0 0.0829326923076923 0.31009615384615385 0.056490384615384616 0.06129807692307692
0 0.35697115384615385 0.5516826923076923 0.1466346153846154 0.0673076923076923
0 0.47115384615384615 0.23197115384615385 0.036057692307692304 0.028846153846153848
0 0.9290865384615384 0.5336538461538461 0.08533653846153846 0.028846153846153848
0 0.02403846153846154 0.8040865384615384 0.046875 0.0673076923076923
0 0.7836538461538461 0.28966346153846156 0.025240384615384616 0.03365384615384615
0 0.8389423076923077 0.4110576923076923 0.025240384615384616 0.025240384615384616
0 0.08653846153846154 0.6634615384615384 0.02403846153846154 0.02283653846153846
0 0.1310096153846154 0.43509615384615385 0.02403846153846154 0.04326923076923077
0 0.5072115384615384 0.9639423076923077 0.03245192307692308 0.06610576923076923
0 0.7836538461538461 0.875 0.038461538461538464 0.055288461538461536
0 0.9206730769230769 0.9290865384615384 0.08173076923076923 0.08774038461538461
0 0.42908653846153844 0.40024038461538464 0.042067307692307696 0.028846153846153848
0 0.39903846153846156 0.23076923076923078 0.040865384615384616 0.06490384615384616
0 0.39302884615384615 0.6766826923076923 0.03365384615384615 0.04567307692307692
0 0.41225961538461536 0.203125 0.04927884615384615 0.03365384615384615
0 0.014423076923076924 0.5997596153846154 0.028846153846153848 0.030048076923076924
0 0.49158653846153844 0.1346153846153846 0.03245192307692308 0.055288461538461536
0 0.453125 0.9543269230769231 0.042067307692307696 0.06610576923076923
0 0.0733173076923077 0.47115384615384615 0.042067307692307696 0.06490384615384616
0 0.8449519230769231 0.19230769230769232 0.038461538461538464 0.04567307692307692
0 0.9182692307692307 0.8858173076923077 0.0673076923076923 0.10096153846153846
0 0.8798076923076923 0.5552884615384616 0.037259615384615384 0.02403846153846154
0 0.90625 0.16466346153846154 0.054086538461538464 0.04447115384615385
0 0.8725961538461539 0.9375 0.038461538461538464 0.036057692307692304
0 0.9615384615384616 0.921875 0.06610576923076923 0.07932692307692307
0 0.47475961538461536 0.9795673076923077 0.027644230769230768 0.038461538461538464
0 0.48197115384615385 0.025240384615384616 0.040865384615384616 0.05048076923076923
0 0.018028846153846152 0.12379807692307693 0.03485576923076923 0.04927884615384615
0 0.578125 0.6778846153846154 0.0733173076923077 0.03245192307692308
0 0.9278846153846154 0.4951923076923077 0.04567307692307692 0.026442307692307692
0 0.44711538461538464 0.12139423076923077 0.06490384615384616 0.06370192307692307
0 0.4170673076923077 0.7572115384615384 0.06009615384615385 0.04326923076923077
0 0.8125 0.06009615384615385 0.07692307692307693 0.07451923076923077
0 0.8677884615384616 0.5384615384615384 0.040865384615384616 0.030048076923076924
0 0.45072115384615385 0.4567307692307692 0.04326923076923077 0.028846153846153848
0 0.49759615384615385 0.7223557692307693 0.03485576923076923 0.06610576923076923
0 0.8209134615384616 0.030048076923076924 0.030048076923076924 0.04567307692307692
0 0.5372596153846154 0.038461538461538464 0.06129807692307692 0.07692307692307693
0 0.44711538461538464 0.21995192307692307 0.02403846153846154 0.026442307692307692
0 0.057692307692307696 0.5564903846153846 0.056490384615384616 0.04447115384615385
0 0.7668269230769231 0.6983173076923077 0.04807692307692308 0.03125
0 0.8389423076923077 0.11177884615384616 0.04447115384615385 0.054086538461538464
0 0.90625 0.8149038461538461 0.054086538461538464 0.037259615384615384
0 0.39903846153846156 0.08653846153846154 0.04447115384615385 0.04567307692307692
0 0.7283653846153846 0.33774038461538464 0.015625 0.030048076923076924
0 0.46875 0.7848557692307693 0.03365384615384615 0.03365384615384615
0 0.5060096153846154 0.640625 0.028846153846153848 0.08052884615384616
0 0.45072115384615385 0.5480769230769231 0.036057692307692304 0.027644230769230768
0 0.8786057692307693 0.15384615384615385 0.04927884615384615 0.04927884615384615
0 0.09975961538461539 0.5733173076923077 0.03365384615384615 0.07211538461538461
0 0.3858173076923077 0.5805288461538461 0.039663461538461536 0.030048076923076924
0 0.018028846153846152 0.375 0.036057692307692304 0.026442307692307692
0 0.84375 0.1622596153846154 0.05048076923076923 0.06971153846153846
0 0.390625 0.9326923076923077 0.039663461538461536 0.06971153846153846
0 0.43990384615384615 0.90625 0.05048076923076923 0.09254807692307693
0 0.5492788461538461 0.7475961538461539 0.06129807692307692 0.06850961538461539
0 0.5264423076923077 0.6682692307692307 0.02403846153846154 0.028846153846153848
0 0.5204326923076923 0.796875 0.026442307692307692 0.055288461538461536
0 0.171875 0.40865384615384615 0.03365384615384615 0.028846153846153848
0 0.9375 0.030048076923076924 0.07211538461538461 0.04927884615384615
0 0.4182692307692308 0.43990384615384615 0.04927884615384615 0.07091346153846154
0 0.11778846153846154 0.6346153846153846 0.038461538461538464 0.025240384615384616
0 0.5889423076923077 0.6346153846153846 0.03365384615384615 0.027644230769230768
0 0.1466346153846154 0.6670673076923077 0.04927884615384615 0.051682692307692304
0 0.4675480769230769 0.703125 0.038461538461538464 0.06370192307692307
0 0.4206730769230769 0.7283653846153846 0.039663461538461536 0.03245192307692308
0 0.41947115384615385 0.47475961538461536 0.025240384615384616 0.021634615384615384
0 0.8713942307692307 0.6021634615384616 0.052884615384615384 0.04447115384615385
0 0.016826923076923076 0.34975961538461536 0.03365384615384615 0.027644230769230768
0 0.13341346153846154 0.2848557692307692 0.11538461538461539 0.026442307692307692
0 0.5072115384615384 0.4879807692307692 0.03245192307692308 0.037259615384615384
0 0.8882211538461539 0.7596153846153846 0.0625 0.06971153846153846
0 0.8365384615384616 0.7632211538461539 0.037259615384615384 0.046875
0 0.44591346153846156 0.0673076923076923 0.02403846153846154 0.07091346153846154
0 0.08774038461538461 0.15985576923076922 0.03485576923076923 0.015625
0 0.04567307692307692 0.38822115384615385 0.06009615384615385 0.055288461538461536
0 0.8641826923076923 0.015625 0.042067307692307696 0.030048076923076924
0 0.9338942307692307 0.8617788461538461 0.06971153846153846 0.06971153846153846
0 0.8846153846153846 0.3485576923076923 0.06490384615384616 0.025240384615384616
0 0.5036057692307693 0.18990384615384615 0.025240384615384616 0.018028846153846152
0 0.8088942307692307 0.7019230769230769 0.027644230769230768 0.019230769230769232
0 0.8076923076923077 0.9675480769230769 0.04326923076923077 0.06370192307692307
0 0.7920673076923077 0.7596153846153846 0.03365384615384615 0.06850961538461539
0 0.8725961538461539 0.39663461538461536 0.040865384615384616 0.028846153846153848
0 0.5288461538461539 0.6177884615384616 0.025240384615384616 0.028846153846153848
0 0.515625 0.8461538461538461 0.028846153846153848 0.056490384615384616
0 0.8076923076923077 0.4387019230769231 0.03485576923076923 0.028846153846153848
0 0.8461538461538461 0.7391826923076923 0.037259615384615384 0.051682692307692304
0 0.47115384615384615 0.6117788461538461 0.06009615384615385 0.07451923076923077
0 0.9350961538461539 0.7091346153846154 0.09134615384615384 0.0985576923076923
0 0.018028846153846152 0.3233173076923077 0.03485576923076923 0.038461538461538464
0 0.0829326923076923 0.41346153846153844 0.06129807692307692 0.057692307692307696
0 0.3798076923076923 0.4326923076923077 0.04567307692307692 0.04567307692307692
0 0.9002403846153846 0.9879807692307693 0.08052884615384616 0.021634615384615384
0 0.8389423076923077 0.9579326923076923 0.025240384615384616 0.03125
0 0.8966346153846154 0.7439903846153846 0.04447115384615385 0.04807692307692308
0 0.5444711538461539 0.7704326923076923 0.06009615384615385 0.06610576923076923
0 0.8677884615384616 0.359375 0.05889423076923077 0.0625
0 0.7584134615384616 0.984375 0.028846153846153848 0.028846153846153848
0 0.5673076923076923 0.6129807692307693 0.038461538461538464 0.028846153846153848
0 0.08653846153846154 0.609375 0.03485576923076923 0.02403846153846154
0 0.04567307692307692 0.6189903846153846 0.027644230769230768 0.04807692307692308
0 0.054086538461538464 0.7800480769230769 0.04447115384615385 0.057692307692307696
0 0.9326923076923077 0.5697115384615384 0.07211538461538461 0.03485576923076923
0 0.078125 0.12620192307692307 0.036057692307692304 0.04807692307692308
0 0.90625 0.20552884615384615 0.10817307692307693 0.028846153846153848
0 0.4795673076923077 0.08173076923076923 0.05048076923076923 0.056490384615384616
0 0.8834134615384616 0.055288461538461536 0.08774038461538461 0.04927884615384615
0 0.8894230769230769 0.37740384615384615 0.055288461538461536 0.027644230769230768