0 0.9663461538461539 0.23197115384615385 0.03365384615384615 0.03485576923076923
0 0.9086538461538461 0.2776442307692308 0.03245192307692308 0.04567307692307692
0 0.9206730769230769 0.30288461538461536 0.06971153846153846 0.040865384615384616
0 0.9819711538461539 0.375 0.03485576923076923 0.056490384615384616
0 0.9350961538461539 0.3641826923076923 0.03485576923076923 0.05889423076923077
0 0.7908653846153846 0.3557692307692308 0.03365384615384615 0.06850961538461539
0 0.7932692307692307 0.26322115384615385 0.037259615384615384 0.05048076923076923
0 0.8269230769230769 0.2824519230769231 0.04326923076923077 0.05048076923076923
0 0.7319711538461539 0.3918269230769231 0.08052884615384616 0.109375
0 0.6947115384615384 0.21153846153846154 0.037259615384615384 0.04326923076923077
0 0.6682692307692307 0.04447115384615385 0.04927884615384615 0.06610576923076923
0 0.6514423076923077 0.38221153846153844 0.05889423076923077 0.12860576923076922
0 0.6069711538461539 0.42427884615384615 0.03365384615384615 0.06009615384615385
0 0.6033653846153846 0.29086538461538464 0.036057692307692304 0.04326923076923077
0 0.7103365384615384 0.039663461538461536 0.02403846153846154 0.027644230769230768
0 0.7572115384615384 0.6129807692307693 0.037259615384615384 0.09014423076923077
0 0.8004807692307693 0.6670673076923077 0.037259615384615384 0.03365384615384615
0 0.9639423076923077 0.6646634615384616 0.06971153846153846 0.09134615384615384
0 0.96875 0.6262019230769231 0.056490384615384616 0.03365384615384615
0 0.9615384615384616 0.5973557692307693 0.025240384615384616 0.03485576923076923
0 0.7980769230769231 0.8125 0.06610576923076923 0.06971153846153846
0 0.8737980769230769 0.8401442307692307 0.055288461538461536 0.03125
0 0.8485576923076923 0.9831730769230769 0.030048076923076924 0.03125
0 0.6586538461538461 0.953125 0.02403846153846154 0.038461538461538464
0 0.5949519230769231 0.8798076923076923 0.06610576923076923 0.11177884615384616
0 0.5973557692307693 0.7776442307692307 0.040865384615384616 0.055288461538461536
0 0.5673076923076923 0.8305288461538461 0.027644230769230768 0.028846153846153848
0 0.5649038461538461 0.8581730769230769 0.040865384615384616 0.021634615384615384
0 0.5336538461538461 0.9158653846153846 0.025240384615384616 0.046875
0 0.5384615384615384 0.9699519230769231 0.027644230769230768 0.025240384615384616
0 0.5108173076923077 0.7427884615384616 0.054086538461538464 0.0625
0 0.4735576923076923 0.7223557692307693 0.037259615384615384 0.038461538461538464
0 0.35697115384615385 0.9903846153846154 0.038461538461538464 0.016826923076923076
0 0.40865384615384615 0.013221153846153846 0.042067307692307696 0.026442307692307692
0 0.43990384615384615 0.040865384615384616 0.028846153846153848 0.06850961538461539
0 0.47596153846153844 0.12379807692307693 0.04326923076923077 0.07451923076923077
0 0.47115384615384615 0.06129807692307692 0.0625 0.10096153846153846
0 0.38822115384615385 0.20192307692307693 0.046875 0.051682692307692304
0 0.38461538461538464 0.21875 0.03485576923076923 0.04567307692307692
0 0.23677884615384615 0.20192307692307693 0.0673076923076923 0.125
0 0.30528846153846156 0.27524038461538464 0.038461538461538464 0.037259615384615384
0 0.13942307692307693 0.05889423076923077 0.04447115384615385 0.04927884615384615
0 0.11778846153846154 0.08052884615384616 0.08173076923076923 0.09375
0 0.12379807692307693 0.11057692307692307 0.07572115384615384 0.06610576923076923
0 0.014423076923076924 0.1141826923076923 0.028846153846153848 0.04326923076923077
0 0.019230769230769232 0.17307692307692307 0.038461538461538464 0.052884615384615384
0 0.009615384615384616 0.21033653846153846 0.019230769230769232 0.03125
0 0.02403846153846154 0.31850961538461536 0.046875 0.09615384615384616
0 0.07572115384615384 0.4230769230769231 0.06490384615384616 0.05048076923076923
0 0.019230769230769232 0.4483173076923077 0.038461538461538464 0.03125
0 0.171875 0.3605769230769231 0.046875 0.04326923076923077
0 0.15745192307692307 0.33052884615384615 0.040865384615384616 0.028846153846153848
0 0.22956730769230768 0.46274038461538464 0.040865384615384616 0.04927884615384615
0 0.31971153846153844 0.43149038461538464 0.03365384615384615 0.04447115384615385
0 0.1971153846153846 0.5384615384615384 0.09735576923076923 0.05889423076923077
0 0.08533653846153846 0.6526442307692307 0.040865384615384616 0.10096153846153846
0 0.14903846153846154 0.7403846153846154 0.09014423076923077 0.038461538461538464
0 0.19471153846153846 0.7043269230769231 0.03365384615384615 0.07211538461538461
0 0.28125 0.6887019230769231 0.046875 0.04447115384615385
0 0.07091346153846154 0.8870192307692307 0.07211538461538461 0.02403846153846154
0 0.1622596153846154 0.828125 0.04807692307692308 0.03365384615384615
0 0.41225961538461536 0.484375 0.038461538461538464 0.04447115384615385
0 0.4567307692307692 0.5637019230769231 0.05048076923076923 0.06490384615384616
0 0.53125 0.35216346153846156 0.037259615384615384 0.09735576923076923
0 0.4651442307692308 0.3293269230769231 0.05889423076923077 0.027644230769230768
0 0.4807692307692308 0.37259615384615385 0.039663461538461536 0.03485576923076923
0 0.4879807692307692 0.39663461538461536 0.042067307692307696 0.03365384615384615
0 0.5240384615384616 0.2692307692307692 0.018028846153846152 0.021634615384615384
0 0.5961538461538461 0.10817307692307693 0.018028846153846152 0.02403846153846154
0 0.33052884615384615 0.8798076923076923 0.038461538461538464 0.06129807692307692
0 0.007211538461538462 0.8028846153846154 0.013221153846153846 0.0673076923076923
0 0.15985576923076922 0.7704326923076923 0.038461538461538464 0.021634615384615384
0 0.5829326923076923 0.8125 0.08052884615384616 0.03245192307692308
0 0.6887019230769231 0.9158653846153846 0.02403846153846154 0.025240384615384616
0 0.4375 0.6923076923076923 0.02403846153846154 0.03125