0 0.8822115384615384 0.4014423076923077 0.06370192307692307 0.06370192307692307
0 0.265625 0.03125 0.07572115384615384 0.0625
0 0.05889423076923077 0.05889423076923077 0.06850961538461539 0.06850961538461539
0 0.5132211538461539 0.4326923076923077 0.06129807692307692 0.07692307692307693
0 0.8377403846153846 0.19471153846153846 0.07451923076923077 0.09375
0 0.109375 0.7067307692307693 0.11778846153846154 0.11177884615384616
0 0.9230769230769231 0.7259615384615384 0.06971153846153846 0.06370192307692307
0 0.5817307692307693 0.8485576923076923 0.06850961538461539 0.06490384615384616
0 0.20793269230769232 0.47115384615384615 0.051682692307692304 0.07451923076923077
0 0.5264423076923077 0.04447115384615385 0.06850961538461539 0.0673076923076923
0 0.4879807692307692 0.34975961538461536 0.055288461538461536 0.07451923076923077
0 0.7175480769230769 0.019230769230769232 0.06850961538461539 0.038461538461538464
0 0.8329326923076923 0.4014423076923077 0.09495192307692307 0.08173076923076923
0 0.7295673076923077 0.0673076923076923 0.06009615384615385 0.057692307692307696
0 0.8329326923076923 0.5444711538461539 0.0733173076923077 0.08653846153846154
0 0.5552884615384616 0.515625 0.08052884615384616 0.07451923076923077
0 0.9242788461538461 0.6129807692307693 0.09735576923076923 0.05048076923076923
0 0.5384615384615384 0.9543269230769231 0.06850961538461539 0.06009615384615385
0 0.640625 0.18028846153846154 0.06009615384615385 0.055288461538461536
0 0.026442307692307692 0.21394230769230768 0.052884615384615384 0.09375
0 0.5757211538461539 0.421875 0.0673076923076923 0.05889423076923077
0 0.34375 0.9543269230769231 0.10096153846153846 0.09014423076923077
0 0.9831730769230769 0.7223557692307693 0.03125 0.14543269230769232
0 0.5961538461538461 0.8076923076923077 0.052884615384615384 0.046875
0 0.15865384615384615 0.9615384615384616 0.0625 0.07572115384615384
0 0.6778846153846154 0.5901442307692307 0.052884615384615384 0.06971153846153846
0 0.9038461538461539 0.5600961538461539 0.06971153846153846 0.08173076923076923
0 0.8269230769230769 0.6334134615384616 0.0829326923076923 0.10576923076923077
0 0.6358173076923077 0.6033653846153846 0.06129807692307692 0.09014423076923077
0 0.8918269230769231 0.4699519230769231 0.06850961538461539 0.046875
0 0.8942307692307693 0.025240384615384616 0.07211538461538461 0.05048076923076923
0 0.7548076923076923 0.31971153846153844 0.08173076923076923 0.09735576923076923
0 0.9579326923076923 0.328125 0.051682692307692304 0.08774038461538461
0 0.6742788461538461 0.07572115384615384 0.078125 0.07091346153846154
0 0.9411057692307693 0.5336538461538461 0.04927884615384615 0.057692307692307696
0 0.9795673076923077 0.40865384615384615 0.039663461538461536 0.05889423076923077
0 0.03365384615384615 0.5913461538461539 0.06610576923076923 0.10336538461538461
0 0.021634615384615384 0.8990384615384616 0.04326923076923077 0.06490384615384616
0 0.9795673076923077 0.5432692307692307 0.038461538461538464 0.056490384615384616
0 0.04326923076923077 0.9507211538461539 0.08653846153846154 0.0889423076923077
0 0.0985576923076923 0.43028846153846156 0.08052884615384616 0.09134615384615384
0 0.875 0.9230769230769231 0.06971153846153846 0.051682692307692304
0 0.9266826923076923 0.37740384615384615 0.05889423076923077 0.06009615384615385
0 0.9050480769230769 0.078125 0.18870192307692307 0.09134615384615384
0 0.03125 0.4050480769230769 0.0625 0.0673076923076923
0 0.5144230769230769 0.9819711538461539 0.06490384615384616 0.03365384615384615
0 0.9831730769230769 0.6021634615384616 0.028846153846153848 0.040865384615384616
0 0.40865384615384615 0.4651442307692308 0.06009615384615385 0.06009615384615385
0 0.953125 0.47115384615384615 0.054086538461538464 0.08653846153846154
0 0.859375 0.6658653846153846 0.042067307692307696 0.08052884615384616
0 0.40384615384615385 0.027644230769230768 0.0673076923076923 0.055288461538461536
0 0.9134615384615384 0.7896634615384616 0.15745192307692307 0.10817307692307693
0 0.9831730769230769 0.47596153846153844 0.03125 0.07091346153846154
0 0.17908653846153846 0.8858173076923077 0.08052884615384616 0.07091346153846154
0 0.40024038461538464 0.9807692307692307 0.11057692307692307 0.037259615384615384
0 0.6021634615384616 0.9555288461538461 0.06129807692307692 0.05889423076923077