0 0.6454326923076923 0.6850961538461539 0.06009615384615385 0.04326923076923077
0 0.546875 0.6658653846153846 0.08533653846153846 0.08653846153846154
0 0.6153846153846154 0.12139423076923077 0.09615384615384616 0.04807692307692308
0 0.06009615384615385 0.890625 0.04927884615384615 0.09735576923076923
0 0.05889423076923077 0.06490384615384616 0.057692307692307696 0.055288461538461536
0 0.03485576923076923 0.1778846153846154 0.04927884615384615 0.08653846153846154
0 0.8161057692307693 0.7103365384615384 0.125 0.0829326923076923
0 0.5048076923076923 0.8149038461538461 0.09615384615384616 0.051682692307692304
0 0.018028846153846152 0.5492788461538461 0.03365384615384615 0.0625
0 0.5757211538461539 0.08653846153846154 0.09254807692307693 0.09615384615384616
0 0.03245192307692308 0.35336538461538464 0.038461538461538464 0.036057692307692304
0 0.6826923076923077 0.9230769230769231 0.15504807692307693 0.08533653846153846
0 0.5709134615384616 0.03245192307692308 0.11177884615384616 0.06009615384615385
0 0.47716346153846156 0.9783653846153846 0.07451923076923077 0.03365384615384615
0 0.028846153846153848 0.036057692307692304 0.052884615384615384 0.0625
0 0.08533653846153846 0.26802884615384615 0.06009615384615385 0.04326923076923077