0 0.6358173076923077 0.8389423076923077 0.1141826923076923 0.06009615384615385
0 0.9387019230769231 0.19831730769230768 0.12139423076923077 0.09254807692307693
0 0.9639423076923077 0.28125 0.07091346153846154 0.07932692307692307
0 0.25961538461538464 0.5889423076923077 0.10697115384615384 0.07572115384615384
0 0.5060096153846154 0.8413461538461539 0.15745192307692307 0.10096153846153846
0 0.7439903846153846 0.47596153846153844 0.09014423076923077 0.08533653846153846
0 0.8004807692307693 0.06490384615384616 0.11538461538461539 0.10336538461538461
0 0.8040865384615384 0.7103365384615384 0.12379807692307693 0.10697115384615384
0 0.44471153846153844 0.5841346153846154 0.08533653846153846 0.07932692307692307
0 0.7728365384615384 0.9483173076923077 0.15745192307692307 0.0985576923076923
0 0.484375 0.9699519230769231 0.09615384615384616 0.055288461538461536
0 0.5745192307692307 0.7475961538461539 0.11177884615384616 0.09014423076923077
0 0.05889423076923077 0.9350961538461539 0.11778846153846154 0.10336538461538461
0 0.8858173076923077 0.5 0.14423076923076922 0.0829326923076923
0 0.5360576923076923 0.40625 0.1141826923076923 0.09735576923076923
0 0.19951923076923078 0.13221153846153846 0.057692307692307696 0.09615384615384616
0 0.052884615384615384 0.12379807692307693 0.09254807692307693 0.10096153846153846
0 0.6490384615384616 0.054086538461538464 0.09134615384615384 0.07932692307692307
0 0.30528846153846156 0.30408653846153844 0.11298076923076923 0.10336538461538461
0 0.3076923076923077 0.6826923076923077 0.11778846153846154 0.09495192307692307
0 0.9711538461538461 0.14302884615384615 0.056490384615384616 0.08173076923076923
0 0.18389423076923078 0.8461538461538461 0.12139423076923077 0.09975961538461539
0 0.9615384615384616 0.030048076923076924 0.07211538461538461 0.06009615384615385
0 0.5877403846153846 0.9399038461538461 0.12740384615384615 0.08413461538461539
0 0.9735576923076923 0.6201923076923077 0.05048076923076923 0.11778846153846154