0 0.9050480769230769 0.8798076923076923 0.09375 0.05889423076923077
0 0.3629807692307692 0.07211538461538461 0.12980769230769232 0.14423076923076922
0 0.3004807692307692 0.9326923076923077 0.06971153846153846 0.10697115384615384
0 0.05889423076923077 0.2512019230769231 0.11778846153846154 0.040865384615384616
0 0.8401442307692307 0.028846153846153848 0.06971153846153846 0.057692307692307696
0 0.8918269230769231 0.953125 0.06971153846153846 0.09134615384615384
0 0.328125 0.7139423076923077 0.0733173076923077 0.11658653846153846
0 0.36538461538461536 0.32091346153846156 0.1141826923076923 0.06370192307692307
0 0.4699519230769231 0.19951923076923078 0.09495192307692307 0.12379807692307693
0 0.9759615384615384 0.41947115384615385 0.04567307692307692 0.15625
0 0.5841346153846154 0.9663461538461539 0.11778846153846154 0.06610576923076923
0 0.6538461538461539 0.9134615384615384 0.10216346153846154 0.10697115384615384
0 0.1875 0.7752403846153846 0.0985576923076923 0.19471153846153846
0 0.5132211538461539 0.5252403846153846 0.0625 0.09014423076923077
0 0.8125 0.2247596153846154 0.08653846153846154 0.06129807692307692
0 0.5132211538461539 0.3701923076923077 0.09375 0.055288461538461536
0 0.5817307692307693 0.30408653846153844 0.13701923076923078 0.1346153846153846
0 0.5661057692307693 0.6826923076923077 0.20072115384615385 0.09134615384615384
0 0.23557692307692307 0.4411057692307692 0.08413461538461539 0.06370192307692307
0 0.42908653846153844 0.5228365384615384 0.08413461538461539 0.09134615384615384
0 0.7103365384615384 0.24278846153846154 0.0673076923076923 0.06971153846153846
0 0.3016826923076923 0.22355769230769232 0.09375 0.16105769230769232
0 0.027644230769230768 0.14903846153846154 0.055288461538461536 0.10817307692307693
0 0.09134615384615384 0.84375 0.08052884615384616 0.09615384615384616
0 0.9134615384615384 0.6538461538461539 0.125 0.057692307692307696
0 0.2608173076923077 0.7163461538461539 0.06971153846153846 0.15625
0 0.16947115384615385 0.036057692307692304 0.0625 0.06009615384615385
0 0.9050480769230769 0.2980769230769231 0.07451923076923077 0.17427884615384615
0 0.2127403846153846 0.5733173076923077 0.055288461538461536 0.09254807692307693
0 0.7908653846153846 0.9735576923076923 0.06850961538461539 0.05048076923076923
0 0.09254807692307693 0.3389423076923077 0.06129807692307692 0.057692307692307696
0 0.8016826923076923 0.7680288461538461 0.1141826923076923 0.05889423076923077
0 0.35096153846153844 0.5600961538461539 0.06850961538461539 0.09735576923076923
0 0.890625 0.07572115384615384 0.051682692307692304 0.09735576923076923
0 0.09975961538461539 0.46274038461538464 0.140625 0.08653846153846154
0 0.2512019230769231 0.5685096153846154 0.09615384615384616 0.17427884615384615
0 0.7403846153846154 0.4651442307692308 0.14543269230769232 0.0829326923076923
0 0.5012019230769231 0.078125 0.19230769230769232 0.12620192307692307
0 0.34375 0.8100961538461539 0.07932692307692307 0.051682692307692304
0 0.04326923076923077 0.9050480769230769 0.08653846153846154 0.0733173076923077
0 0.09735576923076923 0.9627403846153846 0.09975961538461539 0.07211538461538461
0 0.7548076923076923 0.036057692307692304 0.0889423076923077 0.06009615384615385