0 0.25600961538461536 0.4987980769230769 0.06009615384615385 0.0673076923076923
0 0.23918269230769232 0.7872596153846154 0.06971153846153846 0.04567307692307692
0 0.9362980769230769 0.9795673076923077 0.054086538461538464 0.038461538461538464
0 0.7223557692307693 0.4567307692307692 0.08533653846153846 0.07572115384615384
0 0.6382211538461539 0.7524038461538461 0.06850961538461539 0.054086538461538464
0 0.11177884615384616 0.7079326923076923 0.04927884615384615 0.08653846153846154
0 0.49759615384615385 0.7151442307692307 0.09495192307692307 0.046875
0 0.9639423076923077 0.36658653846153844 0.06971153846153846 0.057692307692307696
0 0.02403846153846154 0.19110576923076922 0.04447115384615385 0.052884615384615384
0 0.5132211538461539 0.5216346153846154 0.09735576923076923 0.06129807692307692
0 0.7848557692307693 0.40024038461538464 0.06009615384615385 0.06971153846153846
0 0.21995192307692307 0.9519230769230769 0.0625 0.09375
0 0.4423076923076923 0.6490384615384616 0.09254807692307693 0.11658653846153846
0 0.0733173076923077 0.9495192307692307 0.0625 0.09975961538461539
0 0.6177884615384616 0.056490384615384616 0.09375 0.10336538461538461
0 0.9050480769230769 0.5877403846153846 0.15264423076923078 0.15384615384615385
0 0.2860576923076923 0.1814903846153846 0.11057692307692307 0.09014423076923077
0 0.9675480769230769 0.546875 0.06129807692307692 0.1622596153846154
0 0.9711538461538461 0.4326923076923077 0.055288461538461536 0.07211538461538461
0 0.53125 0.17307692307692307 0.09615384615384616 0.09134615384615384
0 0.859375 0.703125 0.109375 0.08413461538461539
0 0.6322115384615384 0.4567307692307692 0.11177884615384616 0.08413461538461539
0 0.7391826923076923 0.5432692307692307 0.07572115384615384 0.057692307692307696
0 0.5552884615384616 0.6298076923076923 0.18028846153846154 0.10697115384615384
0 0.03485576923076923 0.515625 0.06971153846153846 0.0625
0 0.5420673076923077 0.03125 0.06009615384615385 0.06129807692307692
0 0.9158653846153846 0.11177884615384616 0.16706730769230768 0.06129807692307692
0 0.9146634615384616 0.6814903846153846 0.0985576923076923 0.052884615384615384
0 0.5709134615384616 0.8377403846153846 0.07692307692307693 0.13701923076923078
0 0.09134615384615384 0.6514423076923077 0.09134615384615384 0.1310096153846154
0 0.46153846153846156 0.2247596153846154 0.05889423076923077 0.054086538461538464
0 0.6887019230769231 0.9627403846153846 0.055288461538461536 0.07211538461538461
0 0.6033653846153846 0.5637019230769231 0.09254807692307693 0.09375
0 0.3329326923076923 0.19230769230769232 0.042067307692307696 0.08052884615384616
0 0.7728365384615384 0.7920673076923077 0.18389423076923078 0.09134615384615384
0 0.2512019230769231 0.5853365384615384 0.038461538461538464 0.06490384615384616
0 0.11057692307692307 0.21394230769230768 0.13581730769230768 0.0673076923076923
0 0.6911057692307693 0.25841346153846156 0.09615384615384616 0.11778846153846154
0 0.06129807692307692 0.8365384615384616 0.12259615384615384 0.1875
0 0.41947115384615385 0.8725961538461539 0.10096153846153846 0.0733173076923077
0 0.48197115384615385 0.15865384615384615 0.08533653846153846 0.051682692307692304
0 0.18509615384615385 0.5709134615384616 0.0625 0.08173076923076923
0 0.7620192307692307 0.04567307692307692 0.08173076923076923 0.09134615384615384
0 0.2608173076923077 0.359375 0.15384615384615385 0.06009615384615385
0 0.5492788461538461 0.47596153846153844 0.07932692307692307 0.12740384615384615
0 0.6514423076923077 0.8629807692307693 0.0829326923076923 0.09735576923076923
0 0.203125 0.036057692307692304 0.15745192307692307 0.055288461538461536
0 0.6165865384615384 0.3173076923076923 0.06009615384615385 0.06370192307692307
0 0.03245192307692308 0.2704326923076923 0.06490384615384616 0.14423076923076922
0 0.23076923076923078 0.21875 0.18990384615384615 0.14182692307692307
0 0.8076923076923077 0.046875 0.06370192307692307 0.052884615384615384
0 0.6382211538461539 0.9411057692307693 0.10096153846153846 0.055288461538461536
0 0.10216346153846154 0.8389423076923077 0.08413461538461539 0.12980769230769232