0 0.359375 0.14302884615384615 0.078125 0.08173076923076923
0 0.46634615384615385 0.6117788461538461 0.08413461538461539 0.09014423076923077
0 0.07091346153846154 0.6887019230769231 0.038461538461538464 0.05048076923076923
0 0.7379807692307693 0.8882211538461539 0.07211538461538461 0.0625
0 0.7463942307692307 0.484375 0.09134615384615384 0.078125
0 0.5673076923076923 0.71875 0.06971153846153846 0.07211538461538461
0 0.390625 0.7836538461538461 0.07692307692307693 0.06490384615384616
0 0.9182692307692307 0.3076923076923077 0.06009615384615385 0.06490384615384616
0 0.453125 0.1778846153846154 0.09615384615384616 0.09495192307692307
0 0.6141826923076923 0.07211538461538461 0.10336538461538461 0.07451923076923077
0 0.32091346153846156 0.2548076923076923 0.07692307692307693 0.16947115384615385
0 0.042067307692307696 0.05048076923076923 0.08413461538461539 0.07091346153846154
0 0.6586538461538461 0.1141826923076923 0.04447115384615385 0.052884615384615384
0 0.8485576923076923 0.703125 0.05889423076923077 0.04447115384615385
0 0.9134615384615384 0.6634615384615384 0.11298076923076923 0.08413461538461539
0 0.6225961538461539 0.7860576923076923 0.09134615384615384 0.052884615384615384
0 0.9290865384615384 0.75 0.06850961538461539 0.06490384615384616
0 0.2283653846153846 0.03485576923076923 0.08173076923076923 0.06971153846153846
0 0.5288461538461539 0.6802884615384616 0.07211538461538461 0.07572115384615384
0 0.13822115384615385 0.7524038461538461 0.06490384615384616 0.0625
0 0.703125 0.9735576923076923 0.06370192307692307 0.05048076923076923
0 0.8810096153846154 0.9266826923076923 0.055288461538461536 0.06370192307692307
0 0.19951923076923078 0.328125 0.0625 0.057692307692307696
0 0.030048076923076924 0.6766826923076923 0.06009615384615385 0.06009615384615385
0 0.27884615384615385 0.8449519230769231 0.09735576923076923 0.08413461538461539
0 0.31490384615384615 0.04326923076923077 0.07451923076923077 0.08653846153846154
0 0.5168269230769231 0.20072115384615385 0.038461538461538464 0.06009615384615385
0 0.35336538461538464 0.5757211538461539 0.09615384615384616 0.07572115384615384
0 0.8822115384615384 0.7632211538461539 0.04326923076923077 0.04447115384615385
0 0.18990384615384615 0.7199519230769231 0.11298076923076923 0.07572115384615384
0 0.1141826923076923 0.4567307692307692 0.056490384615384616 0.06009615384615385
0 0.9759615384615384 0.7079326923076923 0.04567307692307692 0.0829326923076923
0 0.1622596153846154 0.09254807692307693 0.09014423076923077 0.11177884615384616
0 0.04807692307692308 0.9723557692307693 0.09615384615384616 0.05048076923076923
0 0.6153846153846154 0.23918269230769232 0.1045673076923077 0.0733173076923077
0 0.71875 0.671875 0.07572115384615384 0.06009615384615385
0 0.6826923076923077 0.6177884615384616 0.08052884615384616 0.0625
0 0.2548076923076923 0.30288461538461536 0.07572115384615384 0.08653846153846154
0 0.40625 0.46875 0.08052884615384616 0.0625
0 0.78125 0.039663461538461536 0.07091346153846154 0.07932692307692307
0 0.1778846153846154 0.640625 0.08653846153846154 0.06490384615384616
0 0.23798076923076922 0.4699519230769231 0.0673076923076923 0.0733173076923077
0 0.9302884615384616 0.24759615384615385 0.07692307692307693 0.0673076923076923
0 0.28966346153846156 0.921875 0.06490384615384616 0.06610576923076923
0 0.24639423076923078 0.9711538461538461 0.1045673076923077 0.055288461538461536
0 0.8533653846153846 0.4879807692307692 0.07451923076923077 0.057692307692307696
0 0.2704326923076923 0.078125 0.06009615384615385 0.07692307692307693
0 0.019230769230769232 0.3137019230769231 0.038461538461538464 0.09375
0 0.6935096153846154 0.7415865384615384 0.10096153846153846 0.07572115384615384
0 0.8701923076923077 0.6009615384615384 0.08052884615384616 0.06610576923076923
0 0.2764423076923077 0.6129807692307693 0.09615384615384616 0.08052884615384616
0 0.03245192307692308 0.17307692307692307 0.06490384615384616 0.09014423076923077
0 0.9194711538461539 0.15504807692307693 0.06850961538461539 0.07091346153846154
0 0.5805288461538461 0.38461538461538464 0.08052884615384616 0.09134615384615384
0 0.9759615384615384 0.1622596153846154 0.04447115384615385 0.07451923076923077
0 0.9375 0.9314903846153846 0.05048076923076923 0.07572115384615384
0 0.3762019230769231 0.6322115384615384 0.06129807692307692 0.06490384615384616
0 0.2247596153846154 0.9182692307692307 0.07692307692307693 0.07572115384615384
0 0.7764423076923077 0.9807692307692307 0.06009615384615385 0.037259615384615384
0 0.054086538461538464 0.3918269230769231 0.06370192307692307 0.1466346153846154
0 0.4411057692307692 0.27283653846153844 0.06490384615384616 0.06009615384615385