0 0.7632211538461539 0.6165865384615384 0.12259615384615384 0.04326923076923077
0 0.6826923076923077 0.7199519230769231 0.11057692307692307 0.06370192307692307
0 0.7788461538461539 0.24759615384615385 0.11177884615384616 0.04447115384615385
0 0.7055288461538461 0.9675480769230769 0.10216346153846154 0.05889423076923077
0 0.06009615384615385 0.054086538461538464 0.09735576923076923 0.08173076923076923
0 0.36778846153846156 0.953125 0.13701923076923078 0.055288461538461536
0 0.921875 0.9771634615384616 0.055288461538461536 0.039663461538461536
0 0.6514423076923077 0.8665865384615384 0.04927884615384615 0.04447115384615385
0 0.8076923076923077 0.055288461538461536 0.11778846153846154 0.052884615384615384
0 0.8064903846153846 0.49158653846153844 0.09254807692307693 0.07211538461538461
0 0.32211538461538464 0.8004807692307693 0.12740384615384615 0.07211538461538461
0 0.4987980769230769 0.6670673076923077 0.07692307692307693 0.09975961538461539
0 0.18269230769230768 0.7415865384615384 0.10697115384615384 0.04567307692307692
0 0.10096153846153846 0.44471153846153844 0.10216346153846154 0.08052884615384616
0 0.7307692307692307 0.5408653846153846 0.0625 0.04807692307692308
0 0.5961538461538461 0.9603365384615384 0.09615384615384616 0.03365384615384615
0 0.6694711538461539 0.48197115384615385 0.055288461538461536 0.06490384615384616
0 0.04567307692307692 0.13581730769230768 0.06610576923076923 0.054086538461538464
0 0.7944711538461539 0.2512019230769231 0.12860576923076922 0.055288461538461536
0 0.7908653846153846 0.8329326923076923 0.12740384615384615 0.10216346153846154
0 0.13221153846153846 0.8870192307692307 0.09975961538461539 0.06370192307692307
0 0.10697115384615384 0.9423076923076923 0.12980769230769232 0.057692307692307696
0 0.6670673076923077 0.6670673076923077 0.07932692307692307 0.04927884615384615
0 0.7115384615384616 0.15625 0.0625 0.04927884615384615
0 0.8617788461538461 0.7379807692307693 0.13221153846153846 0.12740384615384615
0 0.07211538461538461 0.7848557692307693 0.10576923076923077 0.042067307692307696
0 0.1466346153846154 0.5036057692307693 0.13942307692307693 0.07451923076923077