0 0.8197115384615384 0.71875 0.05889423076923077 0.0733173076923077
0 0.9591346153846154 0.9735576923076923 0.06971153846153846 0.04927884615384615
0 0.7463942307692307 0.31971153846153844 0.054086538461538464 0.12139423076923077
0 0.8197115384615384 0.25 0.05889423076923077 0.12740384615384615
0 0.5396634615384616 0.12259615384615384 0.054086538461538464 0.09134615384615384
0 0.8665865384615384 0.8052884615384616 0.05889423076923077 0.06370192307692307
0 0.9711538461538461 0.5144230769230769 0.055288461538461536 0.09254807692307693
0 0.8762019230769231 0.19831730769230768 0.0673076923076923 0.07932692307692307
0 0.8028846153846154 0.4987980769230769 0.056490384615384616 0.07932692307692307
0 0.7367788461538461 0.47596153846153844 0.09735576923076923 0.140625
0 0.7475961538461539 0.6742788461538461 0.08052884615384616 0.08653846153846154
0 0.6923076923076923 0.8930288461538461 0.09134615384615384 0.0625
0 0.9362980769230769 0.6298076923076923 0.06370192307692307 0.08653846153846154
0 0.8930288461538461 0.8545673076923077 0.04326923076923077 0.06370192307692307