0 0.8413461538461539 0.44471153846153844 0.09134615384615384 0.08774038461538461
0 0.6298076923076923 0.25 0.038461538461538464 0.030048076923076924
0 0.5685096153846154 0.75 0.06009615384615385 0.04927884615384615
0 0.6923076923076923 0.21995192307692307 0.07451923076923077 0.07091346153846154
0 0.03245192307692308 0.5408653846153846 0.04447115384615385 0.046875
0 0.5865384615384616 0.4651442307692308 0.08533653846153846 0.06009615384615385
0 0.6454326923076923 0.8149038461538461 0.06009615384615385 0.03125
0 0.4735576923076923 0.36899038461538464 0.07692307692307693 0.0673076923076923
0 0.056490384615384616 0.7019230769230769 0.04326923076923077 0.04326923076923077
0 0.18028846153846154 0.09615384615384616 0.04927884615384615 0.06009615384615385
0 0.6502403846153846 0.890625 0.0985576923076923 0.078125
0 0.765625 0.3954326923076923 0.08173076923076923 0.07572115384615384
0 0.6382211538461539 0.328125 0.10697115384615384 0.07692307692307693
0 0.6754807692307693 0.9783653846153846 0.051682692307692304 0.036057692307692304
0 0.7115384615384616 0.7055288461538461 0.051682692307692304 0.056490384615384616
0 0.7091346153846154 0.40384615384615385 0.1201923076923077 0.08774038461538461
0 0.5216346153846154 0.8882211538461539 0.04447115384615385 0.040865384615384616
0 0.0673076923076923 0.48197115384615385 0.03365384615384615 0.038461538461538464
0 0.8137019230769231 0.27524038461538464 0.09014423076923077 0.07572115384615384
0 0.9230769230769231 0.5528846153846154 0.15264423076923078 0.0733173076923077
0 0.9206730769230769 0.6959134615384616 0.09134615384615384 0.04927884615384615
0 0.05889423076923077 0.10697115384615384 0.04927884615384615 0.056490384615384616
0 0.7319711538461539 0.84375 0.09014423076923077 0.046875
0 0.6742788461538461 0.6081730769230769 0.10576923076923077 0.08052884615384616
0 0.6069711538461539 0.039663461538461536 0.04927884615384615 0.055288461538461536