0 0.29927884615384615 0.15865384615384615 0.10336538461538461 0.1141826923076923
0 0.5372596153846154 0.47596153846153844 0.10697115384615384 0.125
0 0.9350961538461539 0.5540865384615384 0.12740384615384615 0.12259615384615384
0 0.6189903846153846 0.9026442307692307 0.11177884615384616 0.09735576923076923
0 0.6430288461538461 0.8389423076923077 0.08413461538461539 0.057692307692307696
0 0.9435096153846154 0.3762019230769231 0.11177884615384616 0.12740384615384615
0 0.9074519230769231 0.8040865384615384 0.10576923076923077 0.08413461538461539
0 0.3942307692307692 0.8257211538461539 0.09254807692307693 0.10216346153846154
0 0.6418269230769231 0.046875 0.10216346153846154 0.09134615384615384
0 0.24759615384615385 0.7704326923076923 0.109375 0.0673076923076923
0 0.4375 0.8798076923076923 0.06370192307692307 0.07091346153846154
0 0.4987980769230769 0.7608173076923077 0.09134615384615384 0.10216346153846154
0 0.4795673076923077 0.34615384615384615 0.13822115384615385 0.10817307692307693
0 0.7596153846153846 0.6947115384615384 0.12259615384615384 0.18028846153846154
0 0.8413461538461539 0.1814903846153846 0.10576923076923077 0.09615384615384616
0 0.5853365384615384 0.49278846153846156 0.08653846153846154 0.14302884615384615
0 0.22956730769230768 0.6899038461538461 0.12860576923076922 0.08052884615384616
0 0.7572115384615384 0.234375 0.13822115384615385 0.09375
0 0.21634615384615385 0.052884615384615384 0.12259615384615384 0.07572115384615384
0 0.48677884615384615 0.10336538461538461 0.09615384615384616 0.13822115384615385