0 0.22596153846153846 0.3485576923076923 0.0829326923076923 0.06009615384615385
0 0.44350961538461536 0.07932692307692307 0.08653846153846154 0.056490384615384616
0 0.4206730769230769 0.265625 0.10216346153846154 0.03365384615384615
0 0.1658653846153846 0.7463942307692307 0.09254807692307693 0.03365384615384615
0 0.49158653846153844 0.4170673076923077 0.057692307692307696 0.03365384615384615
0 0.12259615384615384 0.7019230769230769 0.09495192307692307 0.042067307692307696
0 0.16105769230769232 0.6346153846153846 0.09134615384615384 0.056490384615384616
0 0.22115384615384615 0.6382211538461539 0.10576923076923077 0.06971153846153846
0 0.9170673076923077 0.7752403846153846 0.1141826923076923 0.055288461538461536
0 0.31490384615384615 0.34975961538461536 0.109375 0.046875
0 0.7043269230769231 0.9038461538461539 0.0985576923076923 0.04927884615384615
0 0.5925480769230769 0.49278846153846156 0.057692307692307696 0.056490384615384616
0 0.6814903846153846 0.7391826923076923 0.06490384615384616 0.037259615384615384
0 0.35096153846153844 0.7367788461538461 0.04447115384615385 0.03365384615384615
0 0.43149038461538464 0.45552884615384615 0.05889423076923077 0.04326923076923077
0 0.8858173076923077 0.040865384615384616 0.07451923076923077 0.07932692307692307
0 0.13942307692307693 0.8173076923076923 0.1201923076923077 0.06370192307692307
0 0.36778846153846156 0.5829326923076923 0.10697115384615384 0.055288461538461536
0 0.734375 0.7980769230769231 0.06370192307692307 0.036057692307692304
0 0.2512019230769231 0.875 0.08653846153846154 0.039663461538461536
0 0.47115384615384615 0.1201923076923077 0.09975961538461539 0.07091346153846154
0 0.5216346153846154 0.5997596153846154 0.12740384615384615 0.06490384615384616
0 0.16706730769230768 0.6009615384615384 0.0829326923076923 0.025240384615384616
0 0.5853365384615384 0.03485576923076923 0.09615384615384616 0.06009615384615385
0 0.8713942307692307 0.11778846153846154 0.04567307692307692 0.046875
0 0.4483173076923077 0.8257211538461539 0.09254807692307693 0.04567307692307692
0 0.22956730769230768 0.9867788461538461 0.1201923076923077 0.02403846153846154
0 0.2692307692307692 0.796875 0.08533653846153846 0.03125
0 0.37740384615384615 0.036057692307692304 0.10336538461538461 0.055288461538461536
0 0.7548076923076923 0.5721153846153846 0.09254807692307693 0.054086538461538464
0 0.23557692307692307 0.6802884615384616 0.07572115384615384 0.03125
0 0.41947115384615385 0.2283653846153846 0.06971153846153846 0.0673076923076923
0 0.71875 0.34615384615384615 0.125 0.039663461538461536
0 0.24639423076923078 0.171875 0.10216346153846154 0.040865384615384616
0 0.5204326923076923 0.6814903846153846 0.08052884615384616 0.038461538461538464
0 0.47596153846153844 0.8173076923076923 0.09615384615384616 0.04807692307692308
0 0.984375 0.8822115384615384 0.030048076923076924 0.046875
0 0.07211538461538461 0.3954326923076923 0.13701923076923078 0.09975961538461539
0 0.8100961538461539 0.7572115384615384 0.09254807692307693 0.06490384615384616
0 0.8774038461538461 0.31971153846153844 0.10697115384615384 0.06610576923076923
0 0.9050480769230769 0.46634615384615385 0.11538461538461539 0.0625
0 0.8713942307692307 0.42427884615384615 0.07572115384615384 0.046875
0 0.3173076923076923 0.5096153846153846 0.06009615384615385 0.04927884615384615
0 0.06490384615384616 0.6358173076923077 0.07451923076923077 0.030048076923076924
0 0.03485576923076923 0.9675480769230769 0.06971153846153846 0.0625
0 0.8930288461538461 0.9783653846153846 0.06490384615384616 0.042067307692307696
0 0.140625 0.4951923076923077 0.08533653846153846 0.037259615384615384
0 0.8076923076923077 0.39903846153846156 0.078125 0.04567307692307692
0 0.038461538461538464 0.24519230769230768 0.07692307692307693 0.08774038461538461
0 0.19230769230769232 0.46033653846153844 0.11778846153846154 0.06009615384615385
0 0.09975961538461539 0.9891826923076923 0.06971153846153846 0.018028846153846152
0 0.3918269230769231 0.0829326923076923 0.08052884615384616 0.07211538461538461
0 0.9122596153846154 0.5985576923076923 0.07692307692307693 0.03365384615384615
0 0.1201923076923077 0.578125 0.09615384615384616 0.03365384615384615
0 0.8317307692307693 0.2439903846153846 0.054086538461538464 0.10697115384615384
0 0.35697115384615385 0.4110576923076923 0.12259615384615384 0.0673076923076923
0 0.8245192307692307 0.5072115384615384 0.12139423076923077 0.04447115384615385
0 0.6935096153846154 0.9362980769230769 0.09495192307692307 0.052884615384615384
0 0.7103365384615384 0.375 0.0829326923076923 0.051682692307692304
0 0.6081730769230769 0.7704326923076923 0.10216346153846154 0.039663461538461536
0 0.21875 0.1141826923076923 0.11177884615384616 0.054086538461538464
0 0.6598557692307693 0.8341346153846154 0.056490384615384616 0.039663461538461536
0 0.6610576923076923 0.5108173076923077 0.07692307692307693 0.03245192307692308
0 0.33653846153846156 0.8978365384615384 0.07091346153846154 0.036057692307692304
0 0.2920673076923077 0.7680288461538461 0.0889423076923077 0.06009615384615385
0 0.8197115384615384 0.5793269230769231 0.05048076923076923 0.05048076923076923
0 0.9555288461538461 0.703125 0.05889423076923077 0.046875
0 0.4423076923076923 0.38822115384615385 0.09735576923076923 0.037259615384615384
0 0.8149038461538461 0.9314903846153846 0.06009615384615385 0.038461538461538464
0 0.32572115384615385 0.8882211538461539 0.07572115384615384 0.038461538461538464
0 0.6754807692307693 0.4423076923076923 0.06370192307692307 0.04927884615384615
0 0.4230769230769231 0.7836538461538461 0.05889423076923077 0.039663461538461536
0 0.24759615384615385 0.07091346153846154 0.109375 0.042067307692307696
0 0.29447115384615385 0.16706730769230768 0.08052884615384616 0.039663461538461536