0 0.20192307692307693 0.7548076923076923 0.04447115384615385 0.03125
0 0.546875 0.40384615384615385 0.040865384615384616 0.028846153846153848
0 0.06971153846153846 0.7367788461538461 0.07572115384615384 0.025240384615384616
0 0.34375 0.7055288461538461 0.052884615384615384 0.030048076923076924
0 0.31009615384615385 0.33653846153846156 0.046875 0.027644230769230768
0 0.17668269230769232 0.4411057692307692 0.052884615384615384 0.0673076923076923
0 0.7175480769230769 0.5516826923076923 0.06850961538461539 0.02403846153846154
0 0.46274038461538464 0.44711538461538464 0.04447115384615385 0.040865384615384616
0 0.36538461538461536 0.578125 0.037259615384615384 0.057692307692307696
0 0.2247596153846154 0.6742788461538461 0.055288461538461536 0.038461538461538464
0 0.23076923076923078 0.7067307692307693 0.0673076923076923 0.02403846153846154
0 0.6310096153846154 0.640625 0.09134615384615384 0.05889423076923077
0 0.13701923076923078 0.65625 0.056490384615384616 0.021634615384615384
0 0.296875 0.48197115384615385 0.04567307692307692 0.040865384615384616
0 0.5216346153846154 0.7884615384615384 0.018028846153846152 0.055288461538461536
0 0.453125 0.9194711538461539 0.026442307692307692 0.02283653846153846
0 0.04807692307692308 0.7055288461538461 0.07091346153846154 0.013221153846153846
0 0.13822115384615385 0.7055288461538461 0.03245192307692308 0.018028846153846152
0 0.44711538461538464 0.28846153846153844 0.026442307692307692 0.036057692307692304
0 0.15264423076923078 0.06850961538461539 0.038461538461538464 0.039663461538461536
0 0.025240384615384616 0.8100961538461539 0.05048076923076923 0.03245192307692308
0 0.13221153846153846 0.9891826923076923 0.056490384615384616 0.018028846153846152
0 0.4326923076923077 0.2548076923076923 0.03125 0.02403846153846154
0 0.49158653846153844 0.8894230769230769 0.038461538461538464 0.019230769230769232
0 0.4963942307692308 0.4230769230769231 0.021634615384615384 0.019230769230769232
0 0.4110576923076923 0.28365384615384615 0.018028846153846152 0.03365384615384615
0 0.35697115384615385 0.9411057692307693 0.027644230769230768 0.03125
0 0.328125 0.9375 0.04326923076923077 0.046875
0 0.6514423076923077 0.9206730769230769 0.04807692307692308 0.04927884615384615
0 0.2704326923076923 0.8221153846153846 0.051682692307692304 0.040865384615384616
0 0.5432692307692307 0.5480769230769231 0.036057692307692304 0.04326923076923077
0 0.4519230769230769 0.49399038461538464 0.036057692307692304 0.03125
0 0.4987980769230769 0.859375 0.03365384615384615 0.03365384615384615