0 0.009615384615384616 0.9639423076923077 0.019230769230769232 0.06971153846153846
0 0.20192307692307693 0.6586538461538461 0.18028846153846154 0.09975961538461539
0 0.8978365384615384 0.5733173076923077 0.055288461538461536 0.0733173076923077
0 0.38822115384615385 0.7115384615384616 0.10096153846153846 0.10336538461538461
0 0.04447115384615385 0.3557692307692308 0.08774038461538461 0.1935096153846154
0 0.25240384615384615 0.8569711538461539 0.1346153846153846 0.09615384615384616
0 0.21153846153846154 0.1502403846153846 0.06610576923076923 0.054086538461538464
0 0.9050480769230769 0.036057692307692304 0.08653846153846154 0.04326923076923077
0 0.5552884615384616 0.984375 0.07932692307692307 0.030048076923076924
0 0.421875 0.8990384615384616 0.06971153846153846 0.08173076923076923
0 0.8413461538461539 0.671875 0.13581730769230768 0.09615384615384616
0 0.7752403846153846 0.9855769230769231 0.10216346153846154 0.027644230769230768
0 0.7007211538461539 0.046875 0.10817307692307693 0.08533653846153846
0 0.7944711538461539 0.18028846153846154 0.054086538461538464 0.08413461538461539
0 0.4254807692307692 0.4423076923076923 0.07932692307692307 0.054086538461538464
0 0.7980769230769231 0.39903846153846156 0.11658653846153846 0.14182692307692307
0 0.16947115384615385 0.03245192307692308 0.055288461538461536 0.06490384615384616
0 0.6129807692307693 0.4110576923076923 0.12379807692307693 0.0889423076923077
0 0.3329326923076923 0.4338942307692308 0.04927884615384615 0.0625
0 0.04807692307692308 0.15144230769230768 0.09495192307692307 0.10216346153846154
0 0.19591346153846154 0.9915865384615384 0.06850961538461539 0.014423076923076924
0 0.027644230769230768 0.8557692307692307 0.055288461538461536 0.1201923076923077
0 0.5360576923076923 0.9555288461538461 0.05889423076923077 0.04447115384615385
0 0.5264423076923077 0.578125 0.07572115384615384 0.09495192307692307
0 0.3389423076923077 0.9627403846153846 0.06490384615384616 0.05048076923076923
0 0.9567307692307693 0.0985576923076923 0.07572115384615384 0.07091346153846154
0 0.31971153846153844 0.6454326923076923 0.12139423076923077 0.06971153846153846
0 0.7307692307692307 0.9711538461538461 0.1045673076923077 0.055288461538461536