0 0.7896634615384616 0.6298076923076923 0.025240384615384616 0.040865384615384616
0 0.7199519230769231 0.5889423076923077 0.04326923076923077 0.04927884615384615
0 0.7247596153846154 0.5420673076923077 0.04927884615384615 0.04567307692307692
0 0.8497596153846154 0.3641826923076923 0.057692307692307696 0.07091346153846154
0 0.8040865384615384 0.3293269230769231 0.028846153846153848 0.08052884615384616
0 0.7007211538461539 0.3545673076923077 0.052884615384615384 0.06610576923076923
0 0.7307692307692307 0.2439903846153846 0.04927884615384615 0.05889423076923077
0 0.5661057692307693 0.20072115384615385 0.06490384615384616 0.04567307692307692
0 0.8449519230769231 0.08413461538461539 0.046875 0.06490384615384616
0 0.8990384615384616 0.06009615384615385 0.054086538461538464 0.04567307692307692
0 0.5588942307692307 0.0625 0.04567307692307692 0.042067307692307696
0 0.5540865384615384 0.12980769230769232 0.06009615384615385 0.038461538461538464
0 0.3954326923076923 0.09254807692307693 0.040865384615384616 0.036057692307692304
0 0.2860576923076923 0.08533653846153846 0.07091346153846154 0.057692307692307696
0 0.1141826923076923 0.19471153846153846 0.06490384615384616 0.0625
0 0.04447115384615385 0.42788461538461536 0.07451923076923077 0.1045673076923077
0 0.42908653846153844 0.6778846153846154 0.051682692307692304 0.09014423076923077
0 0.3918269230769231 0.7788461538461539 0.06009615384615385 0.06009615384615385
0 0.3389423076923077 0.7055288461538461 0.03245192307692308 0.0625
0 0.30528846153846156 0.6478365384615384 0.03485576923076923 0.040865384615384616
0 0.22355769230769232 0.6322115384615384 0.037259615384615384 0.046875
0 0.057692307692307696 0.6802884615384616 0.036057692307692304 0.04447115384615385
0 0.0829326923076923 0.6045673076923077 0.03365384615384615 0.05048076923076923
0 0.03245192307692308 0.6201923076923077 0.04927884615384615 0.03485576923076923
0 0.2548076923076923 0.5685096153846154 0.054086538461538464 0.038461538461538464
0 0.109375 0.5661057692307693 0.04447115384615385 0.037259615384615384
0 0.038461538461538464 0.14903846153846154 0.0625 0.03365384615384615
0 0.13822115384615385 0.13701923076923078 0.051682692307692304 0.04927884615384615
0 0.3173076923076923 0.24519230769230768 0.02283653846153846 0.028846153846153848
0 0.17548076923076922 0.921875 0.040865384615384616 0.038461538461538464
0 0.40024038461538464 0.9326923076923077 0.038461538461538464 0.020432692307692308
0 0.125 0.47115384615384615 0.030048076923076924 0.038461538461538464
0 0.3942307692307692 0.46033653846153844 0.04927884615384615 0.03245192307692308
0 0.5889423076923077 0.5805288461538461 0.054086538461538464 0.038461538461538464
0 0.6105769230769231 0.4735576923076923 0.04927884615384615 0.08052884615384616
0 0.7199519230769231 0.3076923076923077 0.040865384615384616 0.027644230769230768
0 0.609375 0.4026442307692308 0.040865384615384616 0.03485576923076923
0 0.34615384615384615 0.2980769230769231 0.03125 0.03125
0 0.41586538461538464 0.22956730769230768 0.054086538461538464 0.042067307692307696
0 0.515625 0.20072115384615385 0.04567307692307692 0.06610576923076923
0 0.21153846153846154 0.11899038461538461 0.09375 0.057692307692307696
0 0.6802884615384616 0.057692307692307696 0.046875 0.07692307692307693
0 0.7163461538461539 0.08653846153846154 0.078125 0.06610576923076923
0 0.8509615384615384 0.8858173076923077 0.06610576923076923 0.04326923076923077
0 0.5444711538461539 0.4639423076923077 0.03245192307692308 0.038461538461538464
0 0.23197115384615385 0.6959134615384616 0.039663461538461536 0.08173076923076923
0 0.30528846153846156 0.6742788461538461 0.02403846153846154 0.021634615384615384
0 0.4579326923076923 0.7391826923076923 0.038461538461538464 0.026442307692307692
0 0.6875 0.390625 0.036057692307692304 0.05048076923076923
0 0.5012019230769231 0.016826923076923076 0.03245192307692308 0.018028846153846152
0 0.5949519230769231 0.9194711538461539 0.057692307692307696 0.042067307692307696
0 0.6442307692307693 0.9182692307692307 0.038461538461538464 0.04927884615384615
0 0.7331730769230769 0.04447115384615385 0.038461538461538464 0.038461538461538464
0 0.7115384615384616 0.04927884615384615 0.026442307692307692 0.046875
0 0.265625 0.1935096153846154 0.039663461538461536 0.04326923076923077
0 0.47475961538461536 0.18269230769230768 0.03125 0.038461538461538464
0 0.5072115384615384 0.6105769230769231 0.03485576923076923 0.040865384615384616