0 0.4375 0.8509615384615384 0.09254807692307693 0.06971153846153846
0 0.3557692307692308 0.9182692307692307 0.11177884615384616 0.026442307692307692
0 0.9134615384615384 0.26322115384615385 0.07932692307692307 0.056490384615384616
0 0.5985576923076923 0.055288461538461536 0.06850961538461539 0.06490384615384616
0 0.18028846153846154 0.25 0.11538461538461539 0.08533653846153846
0 0.6658653846153846 0.8653846153846154 0.08653846153846154 0.0733173076923077
0 0.796875 0.3858173076923077 0.07451923076923077 0.036057692307692304
0 0.30528846153846156 0.8461538461538461 0.0733173076923077 0.04447115384615385
0 0.13581730769230768 0.5673076923076923 0.12379807692307693 0.04326923076923077
0 0.030048076923076924 0.671875 0.057692307692307696 0.04927884615384615
0 0.6490384615384616 0.2692307692307692 0.03125 0.09014423076923077
0 0.5612980769230769 0.5360576923076923 0.06490384615384616 0.06129807692307692
0 0.7235576923076923 0.9387019230769231 0.05048076923076923 0.06610576923076923
0 0.578125 0.8497596153846154 0.08052884615384616 0.07692307692307693
0 0.41586538461538464 0.5180288461538461 0.054086538461538464 0.06850961538461539
0 0.609375 0.02283653846153846 0.07572115384615384 0.04447115384615385
0 0.02403846153846154 0.15625 0.04807692307692308 0.0625
0 0.9519230769230769 0.4543269230769231 0.06129807692307692 0.021634615384615384
0 0.9170673076923077 0.5661057692307693 0.038461538461538464 0.037259615384615384
0 0.41346153846153844 0.31850961538461536 0.0625 0.04927884615384615
0 0.4639423076923077 0.6286057692307693 0.1346153846153846 0.06009615384615385
0 0.0625 0.6610576923076923 0.1141826923076923 0.04447115384615385
0 0.9555288461538461 0.028846153846153848 0.08653846153846154 0.04447115384615385
0 0.23677884615384615 0.7848557692307693 0.07572115384615384 0.03365384615384615
0 0.4483173076923077 0.9735576923076923 0.09615384615384616 0.040865384615384616
0 0.4050480769230769 0.24158653846153846 0.07091346153846154 0.05048076923076923
0 0.3870192307692308 0.8641826923076923 0.13942307692307693 0.06971153846153846
0 0.0673076923076923 0.028846153846153848 0.09375 0.04927884615384615
0 0.34975961538461536 0.5456730769230769 0.09254807692307693 0.07932692307692307
0 0.4735576923076923 0.53125 0.078125 0.04326923076923077
0 0.125 0.8786057692307693 0.08653846153846154 0.04927884615384615
0 0.19951923076923078 0.4795673076923077 0.09254807692307693 0.06370192307692307
0 0.5192307692307693 0.31490384615384615 0.08653846153846154 0.06490384615384616
0 0.6322115384615384 0.6778846153846154 0.07211538461538461 0.07572115384615384
0 0.5108173076923077 0.0625 0.09615384615384616 0.1045673076923077
0 0.04326923076923077 0.125 0.08413461538461539 0.04447115384615385
0 0.4651442307692308 0.5697115384615384 0.08653846153846154 0.051682692307692304
0 0.8509615384615384 0.984375 0.04927884615384615 0.026442307692307692
0 0.03365384615384615 0.5901442307692307 0.06490384615384616 0.051682692307692304
0 0.4170673076923077 0.16826923076923078 0.109375 0.06009615384615385
0 0.24879807692307693 0.5793269230769231 0.09495192307692307 0.09735576923076923
0 0.1814903846153846 0.16466346153846154 0.13221153846153846 0.07451923076923077
0 0.6947115384615384 0.2439903846153846 0.11057692307692307 0.13701923076923078
0 0.9735576923076923 0.18990384615384615 0.05048076923076923 0.052884615384615384
0 0.4831730769230769 0.17307692307692307 0.07091346153846154 0.038461538461538464
0 0.051682692307692304 0.8725961538461539 0.10336538461538461 0.03125
0 0.1346153846153846 0.9855769230769231 0.07572115384615384 0.025240384615384616
0 0.8389423076923077 0.625 0.08533653846153846 0.10336538461538461
0 0.2800480769230769 0.484375 0.0733173076923077 0.04807692307692308
0 0.21634615384615385 0.6430288461538461 0.07211538461538461 0.09014423076923077
0 0.04447115384615385 0.2548076923076923 0.08413461538461539 0.07572115384615384
0 0.18509615384615385 0.10817307692307693 0.09134615384615384 0.057692307692307696
0 0.8305288461538461 0.6911057692307693 0.06009615384615385 0.08653846153846154
0 0.9603365384615384 0.5625 0.057692307692307696 0.054086538461538464
0 0.15625 0.40865384615384615 0.09254807692307693 0.06129807692307692
0 0.16706730769230768 0.9266826923076923 0.10096153846153846 0.039663461538461536
0 0.33413461538461536 0.27884615384615385 0.13221153846153846 0.09735576923076923
0 0.6646634615384616 0.984375 0.04447115384615385 0.030048076923076924
0 0.5288461538461539 0.5649038461538461 0.12379807692307693 0.04927884615384615
0 0.7872596153846154 0.6165865384615384 0.08533653846153846 0.08173076923076923
0 0.08653846153846154 0.640625 0.11298076923076923 0.04326923076923077
0 0.265625 0.9447115384615384 0.14903846153846154 0.10576923076923077
0 0.9651442307692307 0.609375 0.06850961538461539 0.055288461538461536
0 0.8052884615384616 0.7211538461538461 0.08653846153846154 0.036057692307692304
0 0.039663461538461536 0.7956730769230769 0.07932692307692307 0.03365384615384615
0 0.8377403846153846 0.26322115384615385 0.10096153846153846 0.06129807692307692
0 0.7596153846153846 0.5528846153846154 0.08413461538461539 0.05889423076923077
0 0.23317307692307693 0.8389423076923077 0.0985576923076923 0.052884615384615384
0 0.31490384615384615 0.5973557692307693 0.08052884615384616 0.0733173076923077
0 0.6502403846153846 0.3545673076923077 0.07451923076923077 0.0673076923076923
0 0.7728365384615384 0.5120192307692307 0.07572115384615384 0.09615384615384616
0 0.9302884615384616 0.30528846153846156 0.09134615384615384 0.06850961538461539
0 0.5817307692307693 0.2091346153846154 0.11778846153846154 0.057692307692307696
0 0.9423076923076923 0.8677884615384616 0.08533653846153846 0.10096153846153846
0 0.8197115384615384 0.9326923076923077 0.054086538461538464 0.055288461538461536
0 0.03245192307692308 0.5288461538461539 0.06490384615384616 0.0625
0 0.5036057692307693 0.234375 0.09254807692307693 0.10336538461538461
0 0.12860576923076922 0.4891826923076923 0.09615384615384616 0.0673076923076923