0 0.9242788461538461 0.8341346153846154 0.038461538461538464 0.038461538461538464
0 0.9459134615384616 0.2860576923076923 0.06610576923076923 0.051682692307692304
0 0.5685096153846154 0.46875 0.028846153846153848 0.037259615384615384
0 0.359375 0.09975961538461539 0.02403846153846154 0.020432692307692308
0 0.44471153846153844 0.3629807692307692 0.039663461538461536 0.0673076923076923
0 0.5036057692307693 0.8858173076923077 0.040865384615384616 0.09495192307692307
0 0.9795673076923077 0.026442307692307692 0.038461538461538464 0.04447115384615385
0 0.5216346153846154 0.2848557692307692 0.02403846153846154 0.040865384615384616
0 0.6322115384615384 0.2824519230769231 0.028846153846153848 0.025240384615384616
0 0.8401442307692307 0.10576923076923077 0.03125 0.057692307692307696
0 0.4050480769230769 0.6887019230769231 0.03485576923076923 0.025240384615384616
0 0.4098557692307692 0.6057692307692307 0.04807692307692308 0.09134615384615384
0 0.9038461538461539 0.20432692307692307 0.040865384615384616 0.02283653846153846
0 0.0889423076923077 0.8028846153846154 0.06009615384615385 0.039663461538461536
0 0.390625 0.8533653846153846 0.027644230769230768 0.13581730769230768
0 0.9206730769230769 0.41225961538461536 0.038461538461538464 0.07692307692307693
0 0.5456730769230769 0.953125 0.042067307692307696 0.055288461538461536
0 0.4879807692307692 0.18990384615384615 0.054086538461538464 0.06370192307692307
0 0.9086538461538461 0.18389423076923078 0.025240384615384616 0.018028846153846152
0 0.41947115384615385 0.020432692307692308 0.037259615384615384 0.039663461538461536
0 0.4543269230769231 0.96875 0.046875 0.06009615384615385
0 0.4423076923076923 0.8713942307692307 0.07932692307692307 0.0673076923076923
0 0.8930288461538461 0.038461538461538464 0.027644230769230768 0.03485576923076923
0 0.8076923076923077 0.5492788461538461 0.0673076923076923 0.040865384615384616
0 0.40865384615384615 0.5432692307692307 0.04927884615384615 0.07451923076923077
0 0.703125 0.22355769230769232 0.04447115384615385 0.028846153846153848
0 0.9867788461538461 0.5925480769230769 0.025240384615384616 0.028846153846153848
0 0.5432692307692307 0.4483173076923077 0.028846153846153848 0.026442307692307692
0 0.9146634615384616 0.6983173076923077 0.04567307692307692 0.028846153846153848
0 0.8389423076923077 0.9362980769230769 0.0733173076923077 0.038461538461538464
0 0.3762019230769231 0.3605769230769231 0.05889423076923077 0.030048076923076924
0 0.9723557692307693 0.6658653846153846 0.027644230769230768 0.04807692307692308