0 0.5757211538461539 0.8798076923076923 0.15384615384615385 0.0889423076923077
0 0.9050480769230769 0.6430288461538461 0.054086538461538464 0.08052884615384616
0 0.9699519230769231 0.39903846153846156 0.057692307692307696 0.0625
0 0.6358173076923077 0.47716346153846156 0.17908653846153846 0.13341346153846154
0 0.3112980769230769 0.054086538461538464 0.1346153846153846 0.10817307692307693
0 0.07692307692307693 0.6382211538461539 0.06610576923076923 0.08653846153846154
0 0.35096153846153844 0.7740384615384616 0.0829326923076923 0.11298076923076923
0 0.5144230769230769 0.5024038461538461 0.04447115384615385 0.0625
0 0.5012019230769231 0.3713942307692308 0.0733173076923077 0.06490384615384616
0 0.4543269230769231 0.03365384615384615 0.13221153846153846 0.06610576923076923
0 0.8076923076923077 0.4182692307692308 0.078125 0.08653846153846154
0 0.96875 0.484375 0.06129807692307692 0.0733173076923077
0 0.08774038461538461 0.09375 0.12860576923076922 0.0829326923076923
0 0.6454326923076923 0.8197115384615384 0.10336538461538461 0.07692307692307693
0 0.6045673076923077 0.019230769230769232 0.11057692307692307 0.038461538461538464
0 0.2824519230769231 0.35697115384615385 0.09615384615384616 0.14182692307692307
0 0.40865384615384615 0.9783653846153846 0.06490384615384616 0.040865384615384616
0 0.5204326923076923 0.7548076923076923 0.08533653846153846 0.24278846153846154
0 0.06850961538461539 0.5372596153846154 0.13581730769230768 0.09134615384615384
0 0.9819711538461539 0.28365384615384615 0.03365384615384615 0.05889423076923077
0 0.6262019230769231 0.9579326923076923 0.09134615384615384 0.08052884615384616
0 0.3389423076923077 0.14302884615384615 0.09615384615384616 0.08413461538461539
0 0.9435096153846154 0.5733173076923077 0.06971153846153846 0.07091346153846154
0 0.1622596153846154 0.19831730769230768 0.15865384615384615 0.13221153846153846
0 0.9375 0.6959134615384616 0.0733173076923077 0.09014423076923077
0 0.9471153846153846 0.9423076923076923 0.08413461538461539 0.11298076923076923
0 0.026442307692307692 0.33413461538461536 0.052884615384615384 0.05889423076923077
0 0.21754807692307693 0.41346153846153844 0.08533653846153846 0.078125
0 0.8473557692307693 0.3233173076923077 0.0625 0.05889423076923077
0 0.671875 0.23317307692307693 0.07932692307692307 0.09134615384615384
0 0.4495192307692308 0.9278846153846154 0.13581730769230768 0.1141826923076923
0 0.020432692307692308 0.7692307692307693 0.039663461538461536 0.06370192307692307
0 0.7451923076923077 0.6225961538461539 0.06971153846153846 0.13581730769230768
0 0.6069711538461539 0.6995192307692307 0.12620192307692307 0.0889423076923077
0 0.26802884615384615 0.7836538461538461 0.06009615384615385 0.052884615384615384
0 0.13341346153846154 0.7632211538461539 0.12379807692307693 0.07211538461538461
0 0.18389423076923078 0.6430288461538461 0.10336538461538461 0.140625
0 0.7992788461538461 0.23918269230769232 0.06971153846153846 0.10216346153846154