0 0.2824519230769231 0.5168269230769231 0.09134615384615384 0.10817307692307693
0 0.47115384615384615 0.3641826923076923 0.051682692307692304 0.038461538461538464
0 0.06971153846153846 0.4891826923076923 0.08052884615384616 0.07572115384615384
0 0.5757211538461539 0.16826923076923078 0.14903846153846154 0.08052884615384616
0 0.01201923076923077 0.6754807692307693 0.02403846153846154 0.08653846153846154
0 0.6875 0.04447115384615385 0.09134615384615384 0.06370192307692307
0 0.328125 0.33413461538461536 0.11899038461538461 0.0625
0 0.5889423076923077 0.2512019230769231 0.0889423076923077 0.07451923076923077
0 0.6490384615384616 0.14903846153846154 0.06850961538461539 0.07211538461538461
0 0.0985576923076923 0.9819711538461539 0.13341346153846154 0.03365384615384615
0 0.5036057692307693 0.08413461538461539 0.08052884615384616 0.055288461538461536
0 0.015625 0.3269230769230769 0.030048076923076924 0.11057692307692307
0 0.8569711538461539 0.06490384615384616 0.11177884615384616 0.08052884615384616
0 0.48197115384615385 0.8966346153846154 0.09615384615384616 0.07572115384615384
0 0.9302884615384616 0.8401442307692307 0.13581730769230768 0.09254807692307693
0 0.7596153846153846 0.2920673076923077 0.109375 0.0673076923076923
0 0.7956730769230769 0.9483173076923077 0.06850961538461539 0.10096153846153846
0 0.578125 0.34615384615384615 0.09134615384615384 0.09375
0 0.30408653846153844 0.9591346153846154 0.06971153846153846 0.06009615384615385
0 0.8004807692307693 0.4675480769230769 0.0733173076923077 0.09134615384615384
0 0.9038461538461539 0.39302884615384615 0.11177884615384616 0.08173076923076923
0 0.625 0.5252403846153846 0.052884615384615384 0.030048076923076924
0 0.9639423076923077 0.6153846153846154 0.07091346153846154 0.08173076923076923
0 0.7367788461538461 0.21634615384615385 0.09735576923076923 0.054086538461538464
0 0.2608173076923077 0.2608173076923077 0.09615384615384616 0.09014423076923077
0 0.24519230769230768 0.08774038461538461 0.11538461538461539 0.08052884615384616
0 0.8125 0.35336538461538464 0.06370192307692307 0.03485576923076923