0 0.29086538461538464 0.16346153846153846 0.14783653846153846 0.17067307692307693
0 0.49158653846153844 0.13581730769230768 0.06490384615384616 0.08052884615384616
0 0.921875 0.9783653846153846 0.04447115384615385 0.042067307692307696
0 0.25841346153846156 0.4963942307692308 0.0985576923076923 0.08173076923076923
0 0.6274038461538461 0.4735576923076923 0.040865384615384616 0.036057692307692304
0 0.4326923076923077 0.8521634615384616 0.0829326923076923 0.11177884615384616
0 0.4266826923076923 0.9362980769230769 0.04567307692307692 0.056490384615384616
0 0.3870192307692308 0.96875 0.11778846153846154 0.06009615384615385
0 0.3581730769230769 0.9242788461538461 0.040865384615384616 0.038461538461538464
0 0.28365384615384615 0.8653846153846154 0.07091346153846154 0.11538461538461539
0 0.24158653846153846 0.9350961538461539 0.16947115384615385 0.12740384615384615
0 0.5516826923076923 0.9242788461538461 0.026442307692307692 0.019230769230769232
0 0.3173076923076923 0.9350961538461539 0.06009615384615385 0.052884615384615384