0 0.3317307692307692 0.48677884615384615 0.06129807692307692 0.028846153846153848
0 0.9074519230769231 0.9519230769230769 0.02403846153846154 0.020432692307692308
0 0.7776442307692307 0.8125 0.03245192307692308 0.03245192307692308
0 0.9086538461538461 0.8725961538461539 0.021634615384615384 0.02283653846153846
0 0.5168269230769231 0.7800480769230769 0.025240384615384616 0.013221153846153846
0 0.453125 0.7175480769230769 0.028846153846153848 0.030048076923076924
0 0.5853365384615384 0.6201923076923077 0.030048076923076924 0.04326923076923077
0 0.7764423076923077 0.6165865384615384 0.040865384615384616 0.036057692307692304
0 0.7572115384615384 0.6694711538461539 0.03365384615384615 0.05889423076923077
0 0.3485576923076923 0.6165865384615384 0.055288461538461536 0.03245192307692308
0 0.31971153846153844 0.6586538461538461 0.028846153846153848 0.05048076923076923
0 0.40865384615384615 0.5528846153846154 0.038461538461538464 0.015625
0 0.49399038461538464 0.5288461538461539 0.042067307692307696 0.02403846153846154
0 0.8786057692307693 0.6706730769230769 0.057692307692307696 0.038461538461538464
0 0.7776442307692307 0.23918269230769232 0.036057692307692304 0.036057692307692304
0 0.32211538461538464 0.24879807692307693 0.051682692307692304 0.03365384615384615
0 0.4266826923076923 0.3713942307692308 0.03365384615384615 0.021634615384615384
0 0.5372596153846154 0.42427884615384615 0.06370192307692307 0.03125
0 0.8221153846153846 0.057692307692307696 0.02403846153846154 0.055288461538461536
0 0.9411057692307693 0.11298076923076923 0.02403846153846154 0.054086538461538464
0 0.8473557692307693 0.41947115384615385 0.051682692307692304 0.037259615384615384
0 0.9375 0.4362980769230769 0.038461538461538464 0.030048076923076924
0 0.5805288461538461 0.09375 0.05048076923076923 0.04326923076923077
0 0.4831730769230769 0.010817307692307692 0.0625 0.021634615384615384
0 0.5649038461538461 0.23798076923076922 0.015625 0.021634615384615384