0 0.037259615384615384 0.013221153846153846 0.07451923076923077 0.025240384615384616
0 0.06490384615384616 0.6802884615384616 0.08653846153846154 0.15865384615384615
0 0.39783653846153844 0.7716346153846154 0.056490384615384616 0.09134615384615384
0 0.038461538461538464 0.44471153846153844 0.07692307692307693 0.1201923076923077
0 0.16947115384615385 0.7524038461538461 0.10336538461538461 0.1310096153846154
0 0.16826923076923078 0.026442307692307692 0.06610576923076923 0.052884615384615384
0 0.18028846153846154 0.3557692307692308 0.09014423076923077 0.0733173076923077
0 0.6418269230769231 0.7091346153846154 0.14423076923076922 0.16466346153846154
0 0.7764423076923077 0.02283653846153846 0.046875 0.038461538461538464
0 0.09254807692307693 0.07572115384615384 0.057692307692307696 0.06009615384615385
0 0.33653846153846156 0.7079326923076923 0.07211538461538461 0.08653846153846154
0 0.9026442307692307 0.04567307692307692 0.13221153846153846 0.08653846153846154
0 0.5913461538461539 0.7632211538461539 0.0733173076923077 0.078125
0 0.06009615384615385 0.27524038461538464 0.06009615384615385 0.056490384615384616
0 0.8245192307692307 0.8954326923076923 0.09495192307692307 0.19591346153846154
0 0.5180288461538461 0.9615384615384616 0.09735576923076923 0.07211538461538461
0 0.1935096153846154 0.7463942307692307 0.08533653846153846 0.17908653846153846
0 0.07451923076923077 0.12860576923076922 0.054086538461538464 0.04927884615384615
0 0.5036057692307693 0.22956730769230768 0.06850961538461539 0.19471153846153846
0 0.7019230769230769 0.030048076923076924 0.10216346153846154 0.06009615384615385
0 0.45552884615384615 0.5661057692307693 0.11658653846153846 0.1778846153846154
0 0.24278846153846154 0.5600961538461539 0.08413461538461539 0.18990384615384615
0 0.53125 0.6983173076923077 0.06971153846153846 0.12740384615384615
0 0.8509615384615384 0.33774038461538464 0.20673076923076922 0.18269230769230768
0 0.3425480769230769 0.37740384615384615 0.09615384615384616 0.08533653846153846
0 0.04326923076923077 0.9038461538461539 0.08653846153846154 0.12980769230769232
0 0.3076923076923077 0.9447115384615384 0.12980769230769232 0.1045673076923077
0 0.6526442307692307 0.15504807692307693 0.09735576923076923 0.10697115384615384
0 0.5853365384615384 0.14903846153846154 0.07692307692307693 0.16466346153846154
0 0.35336538461538464 0.9350961538461539 0.039663461538461536 0.052884615384615384
0 0.6706730769230769 0.3701923076923077 0.03485576923076923 0.10697115384615384
0 0.6021634615384616 0.4483173076923077 0.13221153846153846 0.21394230769230768
0 0.9483173076923077 0.5793269230769231 0.09134615384615384 0.30288461538461536
0 0.6814903846153846 0.96875 0.09134615384615384 0.06009615384615385
0 0.15264423076923078 0.49759615384615385 0.07572115384615384 0.13701923076923078
0 0.2704326923076923 0.027644230769230768 0.12980769230769232 0.055288461538461536
0 0.17307692307692307 0.140625 0.06850961538461539 0.12740384615384615