0 0.46875 0.328125 0.026442307692307692 0.020432692307692308
0 0.08052884615384616 0.31971153846153844 0.03485576923076923 0.03125
0 0.49399038461538464 0.23076923076923078 0.03125 0.027644230769230768
0 0.02403846153846154 0.8557692307692307 0.038461538461538464 0.02403846153846154
0 0.039663461538461536 0.5576923076923077 0.021634615384615384 0.016826923076923076
0 0.4675480769230769 0.5012019230769231 0.037259615384615384 0.02283653846153846
0 0.9387019230769231 0.1141826923076923 0.013221153846153846 0.020432692307692308
0 0.8545673076923077 0.22956730769230768 0.018028846153846152 0.015625
0 0.33653846153846156 0.7415865384615384 0.06129807692307692 0.037259615384615384
0 0.4675480769230769 0.6334134615384616 0.026442307692307692 0.06490384615384616
0 0.5144230769230769 0.734375 0.019230769230769232 0.038461538461538464
0 0.44591346153846156 0.7091346153846154 0.018028846153846152 0.018028846153846152
0 0.9194711538461539 0.8641826923076923 0.02403846153846154 0.027644230769230768
0 0.3473557692307692 0.46875 0.02403846153846154 0.014423076923076924
0 0.5108173076923077 0.125 0.03365384615384615 0.055288461538461536
0 0.90625 0.5240384615384616 0.02403846153846154 0.03125
0 0.5625 0.5336538461538461 0.03365384615384615 0.019230769230769232
0 0.515625 0.33052884615384615 0.021634615384615384 0.038461538461538464
0 0.5817307692307693 0.21634615384615385 0.026442307692307692 0.038461538461538464
0 0.3737980769230769 0.7608173076923077 0.036057692307692304 0.026442307692307692
0 0.8894230769230769 0.5600961538461539 0.028846153846153848 0.021634615384615384
0 0.8269230769230769 0.23197115384615385 0.030048076923076924 0.04326923076923077
0 0.9783653846153846 0.6995192307692307 0.040865384615384616 0.02283653846153846
0 0.1346153846153846 0.18389423076923078 0.021634615384615384 0.028846153846153848
0 0.4254807692307692 0.27163461538461536 0.027644230769230768 0.03245192307692308
0 0.43028846153846156 0.39903846153846156 0.027644230769230768 0.028846153846153848
0 0.45552884615384615 0.6634615384615384 0.014423076923076924 0.013221153846153846
0 0.4362980769230769 0.6298076923076923 0.02283653846153846 0.020432692307692308
0 0.9194711538461539 0.9447115384615384 0.0733173076923077 0.04326923076923077
0 0.40024038461538464 0.7139423076923077 0.019230769230769232 0.042067307692307696
0 0.46274038461538464 0.5384615384615384 0.042067307692307696 0.016826923076923076
0 0.9206730769230769 0.17427884615384615 0.04447115384615385 0.02403846153846154
0 0.3557692307692308 0.6742788461538461 0.03365384615384615 0.015625
0 0.8617788461538461 0.1141826923076923 0.046875 0.025240384615384616
0 0.39302884615384615 0.5060096153846154 0.036057692307692304 0.026442307692307692
0 0.9459134615384616 0.2644230769230769 0.021634615384615384 0.03125