0 0.5060096153846154 0.9375 0.08653846153846154 0.12259615384615384
0 0.9098557692307693 0.9759615384615384 0.08173076923076923 0.040865384615384616
0 0.0625 0.7331730769230769 0.125 0.13341346153846154
0 0.6033653846153846 0.6117788461538461 0.08413461538461539 0.07572115384615384
0 0.3088942307692308 0.9447115384615384 0.07451923076923077 0.08653846153846154
0 0.9723557692307693 0.09615384615384616 0.052884615384615384 0.07932692307692307
0 0.2091346153846154 0.6875 0.09735576923076923 0.07932692307692307
0 0.18870192307692307 0.3125 0.1310096153846154 0.06610576923076923
0 0.8521634615384616 0.7992788461538461 0.0985576923076923 0.09375
0 0.40024038461538464 0.9735576923076923 0.0829326923076923 0.05048076923076923
0 0.484375 0.6610576923076923 0.10336538461538461 0.1141826923076923
0 0.9495192307692307 0.038461538461538464 0.09615384615384616 0.07692307692307693
0 0.5396634615384616 0.7007211538461539 0.07091346153846154 0.07451923076923077
0 0.49759615384615385 0.37740384615384615 0.07451923076923077 0.0673076923076923
0 0.5096153846153846 0.28846153846153844 0.0625 0.06850961538461539
0 0.8725961538461539 0.052884615384615384 0.08774038461538461 0.08173076923076923
0 0.8762019230769231 0.5120192307692307 0.0889423076923077 0.0673076923076923
0 0.7295673076923077 0.9242788461538461 0.09134615384615384 0.09375
0 0.3269230769230769 0.765625 0.12980769230769232 0.09615384615384616