0 0.5817307692307693 0.9375 0.12860576923076922 0.09975961538461539
0 0.04326923076923077 0.8100961538461539 0.08653846153846154 0.0673076923076923
0 0.796875 0.2692307692307692 0.109375 0.10697115384615384
0 0.9146634615384616 0.31009615384615385 0.10096153846153846 0.1622596153846154
0 0.34975961538461536 0.9711538461538461 0.13822115384615385 0.052884615384615384
0 0.0985576923076923 0.35096153846153844 0.18509615384615385 0.17307692307692307
0 0.5961538461538461 0.20673076923076922 0.08052884615384616 0.12620192307692307
0 0.6430288461538461 0.10697115384615384 0.11177884615384616 0.0985576923076923
0 0.16706730769230768 0.7367788461538461 0.11177884615384616 0.1310096153846154
0 0.7620192307692307 0.7764423076923077 0.07932692307692307 0.10817307692307693
0 0.08653846153846154 0.7355769230769231 0.10697115384615384 0.0733173076923077
0 0.7151442307692307 0.8461538461538461 0.0673076923076923 0.15865384615384615
0 0.6887019230769231 0.7704326923076923 0.03365384615384615 0.09495192307692307
0 0.8016826923076923 0.8918269230769231 0.07692307692307693 0.171875
0 0.890625 0.6117788461538461 0.0733173076923077 0.1502403846153846
0 0.4519230769230769 0.6081730769230769 0.08052884615384616 0.07211538461538461
0 0.140625 0.4699519230769231 0.1201923076923077 0.13701923076923078
0 0.8064903846153846 0.6935096153846154 0.10336538461538461 0.09134615384615384