0 0.32572115384615385 0.8822115384615384 0.10096153846153846 0.08173076923076923
0 0.25721153846153844 0.41225961538461536 0.07572115384615384 0.0829326923076923
0 0.2956730769230769 0.6911057692307693 0.07091346153846154 0.078125
0 0.7932692307692307 0.7608173076923077 0.0625 0.054086538461538464
0 0.17668269230769232 0.6105769230769231 0.11298076923076923 0.09495192307692307
0 0.042067307692307696 0.5516826923076923 0.06009615384615385 0.08653846153846154
0 0.2091346153846154 0.8509615384615384 0.08413461538461539 0.11177884615384616
0 0.8341346153846154 0.8725961538461539 0.13221153846153846 0.056490384615384616
0 0.04447115384615385 0.953125 0.07932692307692307 0.08052884615384616
0 0.21995192307692307 0.5420673076923077 0.07692307692307693 0.0733173076923077
0 0.03485576923076923 0.42908653846153844 0.04447115384615385 0.04927884615384615
0 0.6310096153846154 0.6682692307692307 0.10336538461538461 0.1141826923076923
0 0.359375 0.5697115384615384 0.06850961538461539 0.06490384615384616
0 0.6105769230769231 0.8401442307692307 0.08413461538461539 0.06009615384615385
0 0.7451923076923077 0.3954326923076923 0.07932692307692307 0.11057692307692307
0 0.9074519230769231 0.625 0.07692307692307693 0.06850961538461539
0 0.6622596153846154 0.8858173076923077 0.039663461538461536 0.07932692307692307
0 0.7860576923076923 0.5697115384615384 0.08173076923076923 0.09495192307692307
0 0.8533653846153846 0.6682692307692307 0.0985576923076923 0.0889423076923077
0 0.7391826923076923 0.6983173076923077 0.07451923076923077 0.13581730769230768
0 0.5841346153846154 0.8990384615384616 0.1201923076923077 0.07451923076923077
0 0.18629807692307693 0.33052884615384615 0.10576923076923077 0.09134615384615384
0 0.8125 0.9074519230769231 0.13221153846153846 0.08052884615384616
0 0.03245192307692308 0.8545673076923077 0.06490384615384616 0.07451923076923077
0 0.34615384615384615 0.9387019230769231 0.07692307692307693 0.07451923076923077
0 0.2704326923076923 0.6177884615384616 0.0889423076923077 0.09615384615384616
0 0.5480769230769231 0.5841346153846154 0.12259615384615384 0.13822115384615385
0 0.3786057692307692 0.8569711538461539 0.08774038461538461 0.09254807692307693
0 0.6153846153846154 0.9326923076923077 0.052884615384615384 0.06009615384615385
0 0.3954326923076923 0.9411057692307693 0.06009615384615385 0.09014423076923077
0 0.3137019230769231 0.5588942307692307 0.05048076923076923 0.06009615384615385