0 0.5300480769230769 0.6514423076923077 0.18990384615384615 0.13221153846153846
0 0.12860576923076922 0.41947115384615385 0.10697115384615384 0.12379807692307693
0 0.34375 0.7644230769230769 0.0829326923076923 0.06490384615384616
0 0.18509615384615385 0.7283653846153846 0.06490384615384616 0.08052884615384616
0 0.08173076923076923 0.3088942307692308 0.11057692307692307 0.07932692307692307
0 0.7608173076923077 0.5564903846153846 0.11778846153846154 0.055288461538461536
0 0.6538461538461539 0.4495192307692308 0.10697115384615384 0.0889423076923077
0 0.5240384615384616 0.056490384615384616 0.078125 0.11177884615384616
0 0.18870192307692307 0.4579326923076923 0.140625 0.08653846153846154
0 0.8317307692307693 0.5817307692307693 0.10697115384615384 0.05048076923076923
0 0.02283653846153846 0.4699519230769231 0.039663461538461536 0.05889423076923077
0 0.4987980769230769 0.4639423076923077 0.078125 0.06971153846153846
0 0.7944711538461539 0.4326923076923077 0.13221153846153846 0.0733173076923077
0 0.4963942307692308 0.6141826923076923 0.06009615384615385 0.05889423076923077
0 0.5372596153846154 0.265625 0.05048076923076923 0.06370192307692307
0 0.03245192307692308 0.5949519230769231 0.039663461538461536 0.054086538461538464
0 0.3762019230769231 0.7139423076923077 0.1814903846153846 0.054086538461538464
0 0.5997596153846154 0.1622596153846154 0.05048076923076923 0.036057692307692304
0 0.6009615384615384 0.6129807692307693 0.07451923076923077 0.07451923076923077
0 0.11177884615384616 0.6225961538461539 0.04567307692307692 0.038461538461538464
0 0.6502403846153846 0.8665865384615384 0.04567307692307692 0.10817307692307693
0 0.04447115384615385 0.9603365384615384 0.08774038461538461 0.078125
0 0.3762019230769231 0.5324519230769231 0.22115384615384615 0.07932692307692307
0 0.8125 0.45913461538461536 0.07091346153846154 0.054086538461538464