0 0.1466346153846154 0.8197115384615384 0.08774038461538461 0.0733173076923077
0 0.171875 0.9735576923076923 0.07091346153846154 0.051682692307692304
0 0.8677884615384616 0.9759615384615384 0.06490384615384616 0.046875
0 0.25600961538461536 0.8665865384615384 0.06370192307692307 0.1045673076923077
0 0.9158653846153846 0.8894230769230769 0.057692307692307696 0.06490384615384616
0 0.8762019230769231 0.7596153846153846 0.0625 0.06610576923076923
0 0.6322115384615384 0.9350961538461539 0.056490384615384616 0.056490384615384616
0 0.7932692307692307 0.8762019230769231 0.0829326923076923 0.07211538461538461
0 0.6850961538461539 0.9350961538461539 0.05048076923076923 0.06490384615384616
0 0.16346153846153846 0.8846153846153846 0.07211538461538461 0.08052884615384616
0 0.9302884615384616 0.7776442307692307 0.04927884615384615 0.04927884615384615