0 0.20072115384615385 0.02283653846153846 0.05048076923076923 0.04447115384615385
0 0.3581730769230769 0.078125 0.039663461538461536 0.054086538461538464
0 0.41346153846153844 0.12980769230769232 0.040865384615384616 0.055288461538461536
0 0.18269230769230768 0.14423076923076922 0.04927884615384615 0.06129807692307692
0 0.12620192307692307 0.18028846153846154 0.12259615384615384 0.09615384615384616
0 0.039663461538461536 0.11057692307692307 0.06850961538461539 0.06009615384615385
0 0.0673076923076923 0.22956730769230768 0.08533653846153846 0.0733173076923077
0 0.46274038461538464 0.27403846153846156 0.06490384615384616 0.04927884615384615
0 0.5072115384615384 0.2127403846153846 0.02403846153846154 0.03485576923076923
0 0.3713942307692308 0.3016826923076923 0.018028846153846152 0.02283653846153846
0 0.47836538461538464 0.36538461538461536 0.03365384615384615 0.028846153846153848
0 0.234375 0.3762019230769231 0.028846153846153848 0.03485576923076923
0 0.12740384615384615 0.5528846153846154 0.04447115384615385 0.03485576923076923
0 0.390625 0.6862980769230769 0.07692307692307693 0.06129807692307692
0 0.09375 0.8713942307692307 0.036057692307692304 0.05048076923076923
0 0.4375 0.984375 0.03365384615384615 0.02283653846153846
0 0.48677884615384615 0.9915865384615384 0.03365384615384615 0.014423076923076924
0 0.43509615384615385 0.8990384615384616 0.046875 0.055288461538461536
0 0.30408653846153844 0.984375 0.019230769230769232 0.02403846153846154
0 0.13221153846153846 0.9314903846153846 0.04567307692307692 0.040865384615384616
0 0.125 0.5805288461538461 0.02403846153846154 0.016826923076923076
0 0.008413461538461538 0.10216346153846154 0.016826923076923076 0.026442307692307692
0 0.3173076923076923 0.36778846153846156 0.040865384615384616 0.046875
0 0.359375 0.1875 0.046875 0.04567307692307692
0 0.06971153846153846 0.49038461538461536 0.038461538461538464 0.03485576923076923
0 0.31971153846153844 0.4651442307692308 0.018028846153846152 0.016826923076923076
0 0.028846153846153848 0.6358173076923077 0.04927884615384615 0.03365384615384615
0 0.05048076923076923 0.6923076923076923 0.03485576923076923 0.03365384615384615
0 0.21153846153846154 0.640625 0.04927884615384615 0.06129807692307692
0 0.04927884615384615 0.7572115384615384 0.028846153846153848 0.04927884615384615
0 0.34134615384615385 0.8701923076923077 0.06610576923076923 0.04326923076923077
0 0.34615384615384615 0.7788461538461539 0.06370192307692307 0.03365384615384615
0 0.27403846153846156 0.7932692307692307 0.042067307692307696 0.03365384615384615