0 0.06129807692307692 0.11057692307692307 0.08413461538461539 0.08413461538461539
0 0.36899038461538464 0.0625 0.08173076923076923 0.078125
0 0.3713942307692308 0.12259615384615384 0.06971153846153846 0.09735576923076923
0 0.5637019230769231 0.020432692307692308 0.14302884615384615 0.040865384615384616
0 0.4879807692307692 0.014423076923076924 0.03125 0.028846153846153848
0 0.6947115384615384 0.15504807692307693 0.2403846153846154 0.11177884615384616
0 0.8677884615384616 0.1201923076923077 0.09014423076923077 0.07211538461538461
0 0.030048076923076924 0.3233173076923077 0.06009615384615385 0.07211538461538461
0 0.09495192307692307 0.3605769230769231 0.1658653846153846 0.2439903846153846
0 0.078125 0.4567307692307692 0.04326923076923077 0.055288461538461536
0 0.32211538461538464 0.49158653846153844 0.078125 0.04447115384615385
0 0.4254807692307692 0.5685096153846154 0.07451923076923077 0.0625
0 0.8930288461538461 0.3401442307692308 0.1778846153846154 0.11298076923076923
0 0.96875 0.37740384615384615 0.06009615384615385 0.14903846153846154
0 0.9158653846153846 0.44350961538461536 0.08173076923076923 0.19471153846153846
0 0.9254807692307693 0.5384615384615384 0.13221153846153846 0.08774038461538461
0 0.49038461538461536 0.48197115384615385 0.09375 0.07211538461538461
0 0.4651442307692308 0.4110576923076923 0.08173076923076923 0.12740384615384615
0 0.5733173076923077 0.4362980769230769 0.11538461538461539 0.10336538461538461
0 0.6454326923076923 0.47115384615384615 0.06009615384615385 0.055288461538461536
0 0.29447115384615385 0.6237980769230769 0.11899038461538461 0.06490384615384616
0 0.054086538461538464 0.6971153846153846 0.08052884615384616 0.07451923076923077
0 0.10697115384615384 0.8305288461538461 0.06610576923076923 0.06971153846153846
0 0.04567307692307692 0.9435096153846154 0.09134615384615384 0.11057692307692307
0 0.1971153846153846 0.8088942307692307 0.11298076923076923 0.15985576923076922
0 0.21394230769230768 0.9038461538461539 0.07211538461538461 0.12259615384615384
0 0.3701923076923077 0.8569711538461539 0.07572115384615384 0.06009615384615385
0 0.2932692307692308 0.7740384615384616 0.09014423076923077 0.12139423076923077
0 0.8064903846153846 0.8449519230769231 0.08653846153846154 0.09975961538461539
0 0.8245192307692307 0.9639423076923077 0.13341346153846154 0.07091346153846154
0 0.5168269230769231 0.9519230769230769 0.08052884615384616 0.09495192307692307
0 0.8942307692307693 0.9483173076923077 0.06129807692307692 0.10096153846153846
0 0.9026442307692307 0.7740384615384616 0.19230769230769232 0.07572115384615384
0 0.7944711538461539 0.7632211538461539 0.08653846153846154 0.07211538461538461
0 0.7439903846153846 0.71875 0.055288461538461536 0.055288461538461536
0 0.9807692307692307 0.06009615384615385 0.036057692307692304 0.10096153846153846
0 0.5528846153846154 0.4050480769230769 0.03125 0.028846153846153848