0 0.23798076923076922 0.03485576923076923 0.078125 0.06971153846153846
0 0.1622596153846154 0.8088942307692307 0.0733173076923077 0.09254807692307693
0 0.5516826923076923 0.17908653846153846 0.057692307692307696 0.052884615384615384
0 0.12259615384615384 0.7151442307692307 0.06009615384615385 0.05889423076923077
0 0.5384615384615384 0.9110576923076923 0.03125 0.02403846153846154
0 0.3545673076923077 0.96875 0.07451923076923077 0.06009615384615385
0 0.40625 0.3389423076923077 0.08413461538461539 0.04927884615384615
0 0.765625 0.3581730769230769 0.078125 0.038461538461538464
0 0.3557692307692308 0.8137019230769231 0.052884615384615384 0.05048076923076923
0 0.47115384615384615 0.3954326923076923 0.08413461538461539 0.0733173076923077
0 0.9579326923076923 0.14182692307692307 0.06971153846153846 0.04567307692307692
0 0.7608173076923077 0.59375 0.07572115384615384 0.054086538461538464
0 0.11057692307692307 0.3485576923076923 0.04447115384615385 0.057692307692307696
0 0.2548076923076923 0.7824519230769231 0.06490384615384616 0.06129807692307692
0 0.31850961538461536 0.7211538461538461 0.06370192307692307 0.06850961538461539
0 0.6153846153846154 0.08774038461538461 0.09134615384615384 0.06490384615384616
0 0.6478365384615384 0.8185096153846154 0.06490384615384616 0.046875
0 0.47115384615384615 0.9350961538461539 0.08413461538461539 0.06009615384615385
0 0.9651442307692307 0.8533653846153846 0.06009615384615385 0.056490384615384616
0 0.9471153846153846 0.5432692307692307 0.07572115384615384 0.0625
0 0.29086538461538464 0.08533653846153846 0.06370192307692307 0.06971153846153846
0 0.44471153846153844 0.20192307692307693 0.07451923076923077 0.054086538461538464
0 0.35096153846153844 0.5144230769230769 0.07692307692307693 0.08173076923076923