0 0.7355769230769231 0.16706730769230768 0.02403846153846154 0.06971153846153846
0 0.7331730769230769 0.35697115384615385 0.039663461538461536 0.07091346153846154
0 0.734375 0.44350961538461536 0.04447115384615385 0.040865384615384616
0 0.6442307692307693 0.36177884615384615 0.020432692307692308 0.04807692307692308
0 0.5576923076923077 0.3317307692307692 0.04447115384615385 0.0889423076923077
0 0.546875 0.36177884615384615 0.03365384615384615 0.037259615384615384
0 0.43509615384615385 0.265625 0.026442307692307692 0.0625
0 0.4699519230769231 0.3125 0.03245192307692308 0.0673076923076923
0 0.4423076923076923 0.3004807692307692 0.028846153846153848 0.07932692307692307
0 0.2860576923076923 0.34134615384615385 0.051682692307692304 0.057692307692307696
0 0.2247596153846154 0.3016826923076923 0.039663461538461536 0.12259615384615384
0 0.5576923076923077 0.4182692307692308 0.038461538461538464 0.039663461538461536
0 0.5961538461538461 0.4639423076923077 0.027644230769230768 0.02403846153846154
0 0.6057692307692307 0.4891826923076923 0.01201923076923077 0.02283653846153846
0 0.6322115384615384 0.46153846153846156 0.052884615384615384 0.04927884615384615
0 0.625 0.4891826923076923 0.04447115384615385 0.0889423076923077
0 0.5877403846153846 0.4963942307692308 0.030048076923076924 0.06009615384615385
0 0.4338942307692308 0.40384615384615385 0.055288461538461536 0.04447115384615385
0 0.4567307692307692 0.44471153846153844 0.04807692307692308 0.046875
0 0.41466346153846156 0.45552884615384615 0.055288461538461536 0.039663461538461536
0 0.31971153846153844 0.44591346153846156 0.07211538461538461 0.04927884615384615
0 0.3076923076923077 0.4807692307692308 0.055288461538461536 0.05889423076923077
0 0.2644230769230769 0.515625 0.0673076923076923 0.06129807692307692
0 0.234375 0.5300480769230769 0.05889423076923077 0.06850961538461539
0 0.22115384615384615 0.5745192307692307 0.03125 0.037259615384615384
0 0.41466346153846156 0.5408653846153846 0.037259615384615384 0.04326923076923077
0 0.3545673076923077 0.5492788461538461 0.06009615384615385 0.04807692307692308
0 0.6021634615384616 0.5637019230769231 0.06009615384615385 0.036057692307692304
0 0.5360576923076923 0.578125 0.0625 0.042067307692307696
0 0.7283653846153846 0.6213942307692307 0.04927884615384615 0.042067307692307696
0 0.6189903846153846 0.6177884615384616 0.057692307692307696 0.03365384615384615
0 0.65625 0.6887019230769231 0.028846153846153848 0.04927884615384615
0 0.6117788461538461 0.6742788461538461 0.027644230769230768 0.040865384615384616
0 0.5709134615384616 0.6694711538461539 0.02403846153846154 0.03485576923076923
0 0.5516826923076923 0.6766826923076923 0.03365384615384615 0.036057692307692304
0 0.5396634615384616 0.6911057692307693 0.028846153846153848 0.038461538461538464
0 0.5192307692307693 0.6466346153846154 0.056490384615384616 0.05048076923076923
0 0.48677884615384615 0.6454326923076923 0.025240384615384616 0.018028846153846152
0 0.45913461538461536 0.6394230769230769 0.042067307692307696 0.036057692307692304
0 0.43149038461538464 0.6742788461538461 0.055288461538461536 0.03125
0 0.3605769230769231 0.6153846153846154 0.05048076923076923 0.042067307692307696
0 0.7391826923076923 0.734375 0.055288461538461536 0.03245192307692308
0 0.7115384615384616 0.7427884615384616 0.013221153846153846 0.019230769230769232
0 0.7271634615384616 0.7536057692307693 0.010817307692307692 0.018028846153846152
0 0.7055288461538461 0.7223557692307693 0.013221153846153846 0.013221153846153846
0 0.6862980769230769 0.8004807692307693 0.0673076923076923 0.051682692307692304
0 0.5829326923076923 0.7728365384615384 0.020432692307692308 0.04567307692307692
0 0.7668269230769231 0.9459134615384616 0.014423076923076924 0.025240384615384616
0 0.7608173076923077 0.8774038461538461 0.02283653846153846 0.04927884615384615
0 0.6370192307692307 0.8858173076923077 0.0625 0.07572115384615384
0 0.6117788461538461 0.8990384615384616 0.036057692307692304 0.08052884615384616
0 0.6382211538461539 0.9050480769230769 0.036057692307692304 0.039663461538461536
0 0.6141826923076923 0.9194711538461539 0.038461538461538464 0.03125
0 0.5865384615384616 0.9074519230769231 0.038461538461538464 0.09615384615384616
0 0.5625 0.9242788461538461 0.04447115384615385 0.07211538461538461
0 0.5564903846153846 0.8149038461538461 0.046875 0.06370192307692307
0 0.5480769230769231 0.9711538461538461 0.03485576923076923 0.055288461538461536
0 0.4987980769230769 0.9290865384615384 0.02403846153846154 0.07572115384615384
0 0.47475961538461536 0.9579326923076923 0.036057692307692304 0.08173076923076923
0 0.44471153846153844 0.9651442307692307 0.055288461538461536 0.06850961538461539
0 0.390625 0.9314903846153846 0.037259615384615384 0.05048076923076923
0 0.3293269230769231 0.9903846153846154 0.04447115384615385 0.016826923076923076
0 0.49759615384615385 0.7572115384615384 0.03365384615384615 0.06850961538461539
0 0.4795673076923077 0.8112980769230769 0.05048076923076923 0.05048076923076923
0 0.4230769230769231 0.7536057692307693 0.036057692307692304 0.04927884615384615
0 0.38221153846153844 0.7079326923076923 0.038461538461538464 0.04447115384615385
0 0.3485576923076923 0.734375 0.037259615384615384 0.036057692307692304
0 0.33533653846153844 0.6850961538461539 0.021634615384615384 0.026442307692307692
0 0.3016826923076923 0.734375 0.04567307692307692 0.055288461538461536
0 0.2980769230769231 0.8064903846153846 0.03365384615384615 0.07692307692307693
0 0.25 0.875 0.09134615384615384 0.055288461538461536