0 0.8569711538461539 0.9831730769230769 0.039663461538461536 0.03245192307692308
0 0.7836538461538461 0.9819711538461539 0.07451923076923077 0.03485576923076923
0 0.75 0.9302884615384616 0.026442307692307692 0.038461538461538464
0 0.7992788461538461 0.8870192307692307 0.046875 0.038461538461538464
0 0.6298076923076923 0.9723557692307693 0.054086538461538464 0.040865384615384616
0 0.6646634615384616 0.9242788461538461 0.06490384615384616 0.037259615384615384
0 0.5252403846153846 0.9591346153846154 0.09615384615384616 0.028846153846153848
0 0.6622596153846154 0.8641826923076923 0.08173076923076923 0.054086538461538464
0 0.6262019230769231 0.8185096153846154 0.06490384615384616 0.04807692307692308
0 0.9122596153846154 0.7584134615384616 0.04326923076923077 0.052884615384615384
0 0.8052884615384616 0.734375 0.03485576923076923 0.02283653846153846
0 0.6153846153846154 0.7644230769230769 0.04447115384615385 0.03485576923076923
0 0.5612980769230769 0.7391826923076923 0.05889423076923077 0.042067307692307696
0 0.7331730769230769 0.7175480769230769 0.07692307692307693 0.04447115384615385
0 0.6237980769230769 0.6610576923076923 0.037259615384615384 0.04567307692307692
0 0.8389423076923077 0.6346153846153846 0.042067307692307696 0.03485576923076923
0 0.9735576923076923 0.6165865384615384 0.028846153846153848 0.028846153846153848
0 0.8677884615384616 0.5793269230769231 0.04447115384615385 0.025240384615384616
0 0.7307692307692307 0.5444711538461539 0.03365384615384615 0.02403846153846154
0 0.6826923076923077 0.5096153846153846 0.046875 0.037259615384615384
0 0.6045673076923077 0.4639423076923077 0.07692307692307693 0.057692307692307696
0 0.8197115384615384 0.41586538461538464 0.09134615384615384 0.07091346153846154
0 0.6574519230769231 0.3389423076923077 0.04807692307692308 0.03245192307692308
0 0.8221153846153846 0.33653846153846156 0.09615384615384616 0.06490384615384616
0 0.8918269230769231 0.27283653846153844 0.054086538461538464 0.03485576923076923
0 0.8064903846153846 0.21394230769230768 0.06009615384615385 0.04326923076923077
0 0.9122596153846154 0.13942307692307693 0.10817307692307693 0.04447115384615385
0 0.7415865384615384 0.06009615384615385 0.04807692307692308 0.04447115384615385
0 0.7115384615384616 0.08413461538461539 0.039663461538461536 0.04927884615384615
0 0.7632211538461539 0.11177884615384616 0.03365384615384615 0.06971153846153846
0 0.671875 0.037259615384615384 0.08173076923076923 0.052884615384615384
0 0.5504807692307693 0.025240384615384616 0.08413461538461539 0.04927884615384615
0 0.5072115384615384 0.09735576923076923 0.046875 0.06850961538461539
0 0.5372596153846154 0.9411057692307693 0.08413461538461539 0.021634615384615384
0 0.5649038461538461 0.9134615384615384 0.036057692307692304 0.03125
0 0.8858173076923077 0.453125 0.02283653846153846 0.04447115384615385
0 0.9110576923076923 0.49278846153846156 0.038461538461538464 0.04447115384615385
0 0.9615384615384616 0.4879807692307692 0.03245192307692308 0.052884615384615384
0 0.6514423076923077 0.49759615384615385 0.055288461538461536 0.046875
0 0.9903846153846154 0.421875 0.016826923076923076 0.02403846153846154
0 0.7451923076923077 0.41586538461538464 0.055288461538461536 0.06129807692307692
0 0.8064903846153846 0.26322115384615385 0.030048076923076924 0.06850961538461539
0 0.6069711538461539 0.20072115384615385 0.040865384615384616 0.030048076923076924
0 0.8822115384615384 0.042067307692307696 0.028846153846153848 0.08413461538461539
0 0.6538461538461539 0.046875 0.06490384615384616 0.046875
0 0.3293269230769231 0.9435096153846154 0.040865384615384616 0.027644230769230768
0 0.4375 0.7824519230769231 0.09254807692307693 0.055288461538461536
0 0.018028846153846152 0.9543269230769231 0.036057692307692304 0.03125
0 0.0673076923076923 0.8774038461538461 0.06129807692307692 0.05889423076923077
0 0.16105769230769232 0.7884615384615384 0.10817307692307693 0.06610576923076923
0 0.328125 0.6694711538461539 0.04927884615384615 0.04447115384615385
0 0.30408653846153844 0.5673076923076923 0.038461538461538464 0.052884615384615384
0 0.265625 0.6286057692307693 0.0625 0.04447115384615385
0 0.21875 0.6502403846153846 0.08052884615384616 0.028846153846153848
0 0.27403846153846156 0.6826923076923077 0.0733173076923077 0.0625
0 0.1201923076923077 0.6442307692307693 0.028846153846153848 0.09615384615384616
0 0.35096153846153844 0.4795673076923077 0.036057692307692304 0.03365384615384615
0 0.09134615384615384 0.5216346153846154 0.055288461538461536 0.03125
0 0.1310096153846154 0.5060096153846154 0.057692307692307696 0.03245192307692308
0 0.054086538461538464 0.47115384615384615 0.07692307692307693 0.03485576923076923
0 0.013221153846153846 0.46153846153846156 0.026442307692307692 0.04927884615384615
0 0.16826923076923078 0.4110576923076923 0.06009615384615385 0.020432692307692308
0 0.0733173076923077 0.38221153846153844 0.04927884615384615 0.030048076923076924
0 0.09735576923076923 0.39302884615384615 0.04927884615384615 0.028846153846153848
0 0.46875 0.35096153846153844 0.040865384615384616 0.037259615384615384
0 0.39302884615384615 0.34975961538461536 0.03125 0.037259615384615384
0 0.29927884615384615 0.3762019230769231 0.09615384615384616 0.054086538461538464
0 0.17668269230769232 0.35096153846153844 0.038461538461538464 0.037259615384615384
0 0.056490384615384616 0.33774038461538464 0.09615384615384616 0.036057692307692304
0 0.14423076923076922 0.3293269230769231 0.07572115384615384 0.04326923076923077
0 0.1310096153846154 0.2980769230769231 0.09615384615384616 0.027644230769230768
0 0.1141826923076923 0.2620192307692308 0.10697115384615384 0.03365384615384615
0 0.057692307692307696 0.18870192307692307 0.08533653846153846 0.03365384615384615
0 0.1466346153846154 0.21033653846153846 0.08052884615384616 0.036057692307692304
0 0.20552884615384615 0.21754807692307693 0.052884615384615384 0.06610576923076923
0 0.30528846153846156 0.23918269230769232 0.04326923076923077 0.06129807692307692
0 0.4362980769230769 0.2860576923076923 0.03245192307692308 0.06009615384615385
0 0.3605769230769231 0.125 0.06129807692307692 0.051682692307692304
0 0.02283653846153846 0.08052884615384616 0.04567307692307692 0.038461538461538464
0 0.109375 0.026442307692307692 0.09615384615384616 0.051682692307692304
0 0.33653846153846156 0.8762019230769231 0.03365384615384615 0.028846153846153848
0 0.025240384615384616 0.6875 0.05048076923076923 0.03365384615384615
0 0.6790865384615384 0.6971153846153846 0.018028846153846152 0.02403846153846154
0 0.19471153846153846 0.16706730769230768 0.0985576923076923 0.06129807692307692
0 0.056490384615384616 0.22235576923076922 0.08052884615384616 0.037259615384615384
0 0.04326923076923077 0.2512019230769231 0.08653846153846154 0.03365384615384615
0 0.7572115384615384 0.4855769230769231 0.03125 0.021634615384615384
0 0.6057692307692307 0.9927884615384616 0.04447115384615385 0.013221153846153846
0 0.1875 0.9951923076923077 0.04927884615384615 0.008413461538461538
0 0.010817307692307692 0.026442307692307692 0.020432692307692308 0.051682692307692304
0 0.8076923076923077 0.36778846153846156 0.1201923076923077 0.037259615384615384
0 0.7788461538461539 0.48677884615384615 0.03485576923076923 0.052884615384615384
0 0.7067307692307693 0.33413461538461536 0.055288461538461536 0.03365384615384615
0 0.31009615384615385 0.84375 0.03485576923076923 0.02283653846153846
0 0.9927884615384616 0.16466346153846154 0.013221153846153846 0.02283653846153846
0 0.9831730769230769 0.5673076923076923 0.03125 0.036057692307692304
0 0.203125 0.9242788461538461 0.016826923076923076 0.030048076923076924
0 0.3125 0.3112980769230769 0.051682692307692304 0.03245192307692308
0 0.5348557692307693 0.4182692307692308 0.09975961538461539 0.06971153846153846