0 0.328125 0.7524038461538461 0.04927884615384615 0.0673076923076923
0 0.15264423076923078 0.7391826923076923 0.055288461538461536 0.06009615384615385
0 0.2776442307692308 0.8233173076923077 0.06971153846153846 0.055288461538461536
0 0.09615384615384616 0.8725961538461539 0.14302884615384615 0.09735576923076923
0 0.9819711538461539 0.2608173076923077 0.03365384615384615 0.040865384615384616
0 0.33533653846153844 0.4519230769230769 0.06850961538461539 0.06490384615384616
0 0.9302884615384616 0.44591346153846156 0.0733173076923077 0.0673076923076923
0 0.3401442307692308 0.8473557692307693 0.07211538461538461 0.08774038461538461
0 0.1502403846153846 0.15504807692307693 0.06850961538461539 0.055288461538461536
0 0.640625 0.2860576923076923 0.10096153846153846 0.12980769230769232
0 0.41947115384615385 0.15264423076923078 0.06971153846153846 0.07692307692307693
0 0.6658653846153846 0.5973557692307693 0.08052884615384616 0.046875
0 0.5420673076923077 0.6622596153846154 0.07211538461538461 0.06129807692307692
0 0.22596153846153846 0.109375 0.07932692307692307 0.1346153846153846
0 0.9771634615384616 0.15504807692307693 0.04326923076923077 0.052884615384615384
0 0.052884615384615384 0.4362980769230769 0.0625 0.23677884615384615
0 0.6105769230769231 0.40625 0.09975961538461539 0.11177884615384616
0 0.4807692307692308 0.22235576923076922 0.0673076923076923 0.07932692307692307
0 0.14423076923076922 0.9459134615384616 0.06610576923076923 0.055288461538461536
0 0.9663461538461539 0.3713942307692308 0.06490384615384616 0.09014423076923077
0 0.90625 0.29447115384615385 0.10096153846153846 0.08653846153846154
0 0.9074519230769231 0.3485576923076923 0.054086538461538464 0.06370192307692307
0 0.09495192307692307 0.5805288461538461 0.07091346153846154 0.06971153846153846
0 0.7788461538461539 0.5180288461538461 0.04567307692307692 0.06009615384615385
0 0.6814903846153846 0.9663461538461539 0.078125 0.06610576923076923
0 0.44350961538461536 0.42427884615384615 0.06850961538461539 0.07451923076923077
0 0.703125 0.08173076923076923 0.039663461538461536 0.038461538461538464
0 0.051682692307692304 0.703125 0.08653846153846154 0.0673076923076923
0 0.390625 0.890625 0.06490384615384616 0.078125
0 0.4831730769230769 0.6850961538461539 0.057692307692307696 0.0625
0 0.3942307692307692 0.28725961538461536 0.08052884615384616 0.07692307692307693
0 0.9447115384615384 0.6634615384615384 0.07451923076923077 0.09615384615384616
0 0.8293269230769231 0.1201923076923077 0.06850961538461539 0.07091346153846154
0 0.9206730769230769 0.59375 0.04807692307692308 0.052884615384615384
0 0.7740384615384616 0.3016826923076923 0.14903846153846154 0.09495192307692307
0 0.9819711538461539 0.7451923076923077 0.03365384615384615 0.08653846153846154
0 0.16105769230769232 0.5384615384615384 0.1502403846153846 0.12860576923076922
0 0.2668269230769231 0.734375 0.056490384615384616 0.08653846153846154
0 0.8701923076923077 0.4014423076923077 0.10096153846153846 0.06370192307692307
0 0.109375 0.47716346153846156 0.06490384615384616 0.07091346153846154
0 0.9278846153846154 0.7463942307692307 0.06009615384615385 0.06490384615384616
0 0.8870192307692307 0.8918269230769231 0.08774038461538461 0.06009615384615385
0 0.6021634615384616 0.14302884615384615 0.0889423076923077 0.13221153846153846
0 0.5288461538461539 0.3786057692307692 0.07211538461538461 0.09375
0 0.06490384615384616 0.38341346153846156 0.08653846153846154 0.055288461538461536
0 0.6875 0.6983173076923077 0.0673076923076923 0.06370192307692307
0 0.6802884615384616 0.03125 0.06610576923076923 0.055288461538461536
0 0.3858173076923077 0.35697115384615385 0.13942307692307693 0.09735576923076923
0 0.6129807692307693 0.6213942307692307 0.04927884615384615 0.06009615384615385
0 0.9783653846153846 0.10096153846153846 0.042067307692307696 0.055288461538461536
0 0.2091346153846154 0.8076923076923077 0.06971153846153846 0.0625
0 0.7463942307692307 0.052884615384615384 0.06971153846153846 0.10096153846153846
0 0.5288461538461539 0.046875 0.09134615384615384 0.042067307692307696
0 0.7728365384615384 0.7007211538461539 0.08653846153846154 0.09615384615384616
0 0.8689903846153846 0.5600961538461539 0.06850961538461539 0.0625
0 0.8449519230769231 0.7199519230769231 0.07211538461538461 0.11538461538461539
0 0.5588942307692307 0.90625 0.10817307692307693 0.0829326923076923
0 0.640625 0.09615384615384616 0.04807692307692308 0.06971153846153846
0 0.026442307692307692 0.6069711538461539 0.051682692307692304 0.07091346153846154
0 0.35096153846153844 0.7752403846153846 0.05889423076923077 0.06009615384615385