0 0.5516826923076923 0.051682692307692304 0.08052884615384616 0.10216346153846154
0 0.5649038461538461 0.6586538461538461 0.09735576923076923 0.06610576923076923
0 0.5853365384615384 0.9723557692307693 0.10096153846153846 0.052884615384615384
0 0.3858173076923077 0.21514423076923078 0.0733173076923077 0.09615384615384616
0 0.8882211538461539 0.9519230769230769 0.08052884615384616 0.09495192307692307
0 0.040865384615384616 0.12620192307692307 0.08052884615384616 0.07451923076923077
0 0.6586538461538461 0.1622596153846154 0.078125 0.055288461538461536
0 0.19591346153846154 0.5048076923076923 0.06490384615384616 0.18509615384615385
0 0.671875 0.44591346153846156 0.0889423076923077 0.09134615384615384
0 0.5480769230769231 0.5961538461538461 0.07091346153846154 0.06971153846153846
0 0.6887019230769231 0.23197115384615385 0.1466346153846154 0.109375
0 0.30408653846153844 0.39302884615384615 0.0673076923076923 0.0733173076923077
0 0.9435096153846154 0.6045673076923077 0.0829326923076923 0.0985576923076923
0 0.7896634615384616 0.17427884615384615 0.10216346153846154 0.10576923076923077
0 0.44350961538461536 0.6189903846153846 0.07572115384615384 0.07572115384615384
0 0.8545673076923077 0.4519230769230769 0.06610576923076923 0.13221153846153846
0 0.7163461538461539 0.020432692307692308 0.09134615384615384 0.040865384615384616
0 0.32572115384615385 0.48197115384615385 0.0889423076923077 0.08774038461538461
0 0.3629807692307692 0.10216346153846154 0.0889423076923077 0.14302884615384615
0 0.6947115384615384 0.6514423076923077 0.07211538461538461 0.0829326923076923
0 0.7079326923076923 0.5276442307692307 0.05889423076923077 0.07572115384615384
0 0.3401442307692308 0.5985576923076923 0.08653846153846154 0.1045673076923077
0 0.41466346153846156 0.3762019230769231 0.0733173076923077 0.109375
0 0.2860576923076923 0.7740384615384616 0.1045673076923077 0.13341346153846154
0 0.15985576923076922 0.28125 0.09014423076923077 0.09134615384615384
0 0.9158653846153846 0.039663461538461536 0.0673076923076923 0.07932692307692307
0 0.36899038461538464 0.6862980769230769 0.055288461538461536 0.06009615384615385
0 0.6105769230769231 0.5012019230769231 0.10096153846153846 0.07692307692307693
0 0.6165865384615384 0.028846153846153848 0.0889423076923077 0.056490384615384616
0 0.41947115384615385 0.9026442307692307 0.08413461538461539 0.08653846153846154
0 0.018028846153846152 0.18990384615384615 0.03485576923076923 0.08173076923076923
0 0.6129807692307693 0.8269230769230769 0.12740384615384615 0.07932692307692307
0 0.0889423076923077 0.5288461538461539 0.07091346153846154 0.09014423076923077
0 0.9459134615384616 0.23918269230769232 0.10336538461538461 0.07572115384615384