0 0.7223557692307693 0.8641826923076923 0.15865384615384615 0.12379807692307693
0 0.33774038461538464 0.8569711538461539 0.11658653846153846 0.08653846153846154
0 0.051682692307692304 0.9182692307692307 0.06129807692307692 0.06971153846153846
0 0.9266826923076923 0.4338942307692308 0.11177884615384616 0.07932692307692307
0 0.7271634615384616 0.4375 0.13341346153846154 0.09134615384615384
0 0.027644230769230768 0.31971153846153844 0.055288461538461536 0.20192307692307693
0 0.12980769230769232 0.6081730769230769 0.12139423076923077 0.13581730769230768
0 0.4879807692307692 0.30408653846153844 0.0985576923076923 0.11298076923076923
0 0.0985576923076923 0.6766826923076923 0.19591346153846154 0.09134615384615384
0 0.9615384615384616 0.5360576923076923 0.07451923076923077 0.12259615384615384
0 0.8461538461538461 0.30528846153846156 0.18028846153846154 0.08774038461538461
0 0.5168269230769231 0.21514423076923078 0.10576923076923077 0.17067307692307693
0 0.2956730769230769 0.5757211538461539 0.0673076923076923 0.07451923076923077
0 0.5456730769230769 0.3581730769230769 0.07932692307692307 0.10576923076923077
0 0.21634615384615385 0.16466346153846154 0.09375 0.12259615384615384
0 0.7427884615384616 0.34615384615384615 0.19110576923076922 0.07572115384615384
0 0.13942307692307693 0.9134615384615384 0.09615384615384616 0.09254807692307693
0 0.9423076923076923 0.32091346153846156 0.1141826923076923 0.078125
0 0.08533653846153846 0.7728365384615384 0.16947115384615385 0.09014423076923077
0 0.5661057692307693 0.23197115384615385 0.20432692307692307 0.11177884615384616
0 0.31009615384615385 0.5649038461538461 0.08413461538461539 0.09375
0 0.16346153846153846 0.9771634615384616 0.11298076923076923 0.04326923076923077
0 0.7512019230769231 0.9375 0.12740384615384615 0.08052884615384616
0 0.9074519230769231 0.5048076923076923 0.08653846153846154 0.09495192307692307
0 0.3581730769230769 0.40384615384615385 0.09735576923076923 0.09975961538461539
0 0.7872596153846154 0.25721153846153844 0.16346153846153846 0.09014423076923077
0 0.9038461538461539 0.375 0.19110576923076922 0.09014423076923077
0 0.0625 0.15384615384615385 0.125 0.09735576923076923
0 0.38100961538461536 0.5024038461538461 0.0985576923076923 0.13341346153846154
0 0.3076923076923077 0.04326923076923077 0.09254807692307693 0.06490384615384616