0 0.6766826923076923 0.4014423076923077 0.055288461538461536 0.12620192307692307
0 0.5360576923076923 0.6177884615384616 0.07572115384615384 0.06971153846153846
0 0.8233173076923077 0.8137019230769231 0.07211538461538461 0.04326923076923077
0 0.6201923076923077 0.890625 0.08653846153846154 0.06009615384615385
0 0.5637019230769231 0.734375 0.06490384615384616 0.08653846153846154
0 0.6454326923076923 0.48197115384615385 0.0889423076923077 0.07572115384615384
0 0.46274038461538464 0.3173076923076923 0.052884615384615384 0.055288461538461536
0 0.8329326923076923 0.8569711538461539 0.14182692307692307 0.06129807692307692
0 0.6850961538461539 0.30288461538461536 0.09615384615384616 0.07572115384615384
0 0.6358173076923077 0.8100961538461539 0.06971153846153846 0.09615384615384616
0 0.8569711538461539 0.9338942307692307 0.12740384615384615 0.05048076923076923
0 0.49278846153846156 0.038461538461538464 0.07451923076923077 0.07451923076923077
0 0.5997596153846154 0.7908653846153846 0.06129807692307692 0.08052884615384616
0 0.3942307692307692 0.9615384615384616 0.052884615384615384 0.07572115384615384
0 0.8846153846153846 0.5384615384615384 0.09254807692307693 0.06129807692307692
0 0.9002403846153846 0.65625 0.06009615384615385 0.05048076923076923
0 0.765625 0.6478365384615384 0.06009615384615385 0.06490384615384616
0 0.4375 0.09615384615384616 0.039663461538461536 0.10096153846153846
0 0.8100961538461539 0.7632211538461539 0.09254807692307693 0.0625
0 0.7728365384615384 0.171875 0.11778846153846154 0.055288461538461536
0 0.6358173076923077 0.014423076923076924 0.054086538461538464 0.028846153846153848
0 0.5120192307692307 0.25600961538461536 0.10817307692307693 0.056490384615384616
0 0.5637019230769231 0.6045673076923077 0.04567307692307692 0.04326923076923077
0 0.5588942307692307 0.026442307692307692 0.056490384615384616 0.04927884615384615
0 0.6334134615384616 0.6033653846153846 0.09134615384615384 0.055288461538461536
0 0.3173076923076923 0.5721153846153846 0.0673076923076923 0.0829326923076923
0 0.7860576923076923 0.04326923076923077 0.06009615384615385 0.08653846153846154
0 0.9026442307692307 0.8545673076923077 0.08052884615384616 0.046875
0 0.5420673076923077 0.29447115384615385 0.06850961538461539 0.07451923076923077
0 0.6911057692307693 0.5444711538461539 0.12620192307692307 0.08173076923076923
0 0.9242788461538461 0.14903846153846154 0.09254807692307693 0.10697115384615384