0 0.7716346153846154 0.6213942307692307 0.13701923076923078 0.038461538461538464
0 0.046875 0.7836538461538461 0.09254807692307693 0.04807692307692308
0 0.07091346153846154 0.171875 0.13822115384615385 0.08533653846153846
0 0.8786057692307693 0.3329326923076923 0.06490384615384616 0.07572115384615384
0 0.4375 0.9759615384615384 0.125 0.04447115384615385
0 0.34975961538461536 0.8305288461538461 0.13822115384615385 0.04447115384615385
0 0.9819711538461539 0.328125 0.03485576923076923 0.0673076923076923
0 0.8377403846153846 0.3629807692307692 0.09134615384615384 0.12740384615384615
0 0.5540865384615384 0.09254807692307693 0.11778846153846154 0.10216346153846154
0 0.234375 0.5817307692307693 0.0829326923076923 0.04447115384615385
0 0.49759615384615385 0.47475961538461536 0.09975961538461539 0.037259615384615384
0 0.6923076923076923 0.16947115384615385 0.06129807692307692 0.04447115384615385
0 0.7980769230769231 0.08173076923076923 0.09134615384615384 0.057692307692307696
0 0.4579326923076923 0.39302884615384615 0.13701923076923078 0.09615384615384616
0 0.7079326923076923 0.27283653846153844 0.06009615384615385 0.0985576923076923
0 0.2764423076923077 0.5697115384615384 0.09134615384615384 0.040865384615384616
0 0.7992788461538461 0.15745192307692307 0.03365384615384615 0.06971153846153846
0 0.4362980769230769 0.5324519230769231 0.07692307692307693 0.054086538461538464
0 0.06850961538461539 0.7403846153846154 0.13581730769230768 0.04326923076923077
0 0.036057692307692304 0.5480769230769231 0.07211538461538461 0.06610576923076923
0 0.0889423076923077 0.10576923076923077 0.11899038461538461 0.06850961538461539
0 0.5060096153846154 0.30528846153846156 0.07572115384615384 0.055288461538461536
0 0.2848557692307692 0.703125 0.1346153846153846 0.055288461538461536
0 0.9579326923076923 0.7391826923076923 0.07932692307692307 0.08653846153846154
0 0.37740384615384615 0.34375 0.078125 0.055288461538461536
0 0.46153846153846156 0.4951923076923077 0.09254807692307693 0.054086538461538464
0 0.7295673076923077 0.33774038461538464 0.06490384615384616 0.05889423076923077
0 0.7427884615384616 0.38100961538461536 0.11298076923076923 0.04927884615384615
0 0.07451923076923077 0.26322115384615385 0.09975961538461539 0.052884615384615384
0 0.25721153846153844 0.2091346153846154 0.20192307692307693 0.040865384615384616
0 0.7247596153846154 0.7211538461538461 0.07211538461538461 0.040865384615384616
0 0.6826923076923077 0.44591346153846156 0.0889423076923077 0.046875
0 0.484375 0.4110576923076923 0.10096153846153846 0.055288461538461536
0 0.20793269230769232 0.7572115384615384 0.07451923076923077 0.078125
0 0.8798076923076923 0.7091346153846154 0.07932692307692307 0.055288461538461536
0 0.2704326923076923 0.09615384615384616 0.1141826923076923 0.06610576923076923
0 0.23918269230769232 0.7163461538461539 0.11177884615384616 0.06490384615384616
0 0.057692307692307696 0.39663461538461536 0.11538461538461539 0.08052884615384616
0 0.12379807692307693 0.07451923076923077 0.11177884615384616 0.09615384615384616
0 0.13221153846153846 0.15625 0.13942307692307693 0.052884615384615384
0 0.12860576923076922 0.5108173076923077 0.11298076923076923 0.06129807692307692
0 0.35697115384615385 0.5925480769230769 0.08173076923076923 0.03365384615384615
0 0.6983173076923077 0.040865384615384616 0.06009615384615385 0.07451923076923077
0 0.5252403846153846 0.7403846153846154 0.09615384615384616 0.052884615384615384
0 0.23918269230769232 0.3449519230769231 0.10336538461538461 0.05889423076923077
0 0.6586538461538461 0.5901442307692307 0.07451923076923077 0.04447115384615385
0 0.8930288461538461 0.8100961538461539 0.0889423076923077 0.14543269230769232
0 0.9242788461538461 0.4723557692307692 0.1310096153846154 0.09615384615384616
0 0.15865384615384615 0.4423076923076923 0.08052884615384616 0.04927884615384615
0 0.12379807692307693 0.40024038461538464 0.09375 0.038461538461538464
0 0.9723557692307693 0.1466346153846154 0.054086538461538464 0.04447115384615385
0 0.32572115384615385 0.04807692307692308 0.08173076923076923 0.08052884615384616
0 0.06850961538461539 0.7415865384615384 0.13701923076923078 0.04326923076923077
0 0.9603365384615384 0.65625 0.07572115384615384 0.07091346153846154
0 0.33653846153846156 0.4951923076923077 0.09375 0.057692307692307696
0 0.7704326923076923 0.45552884615384615 0.10096153846153846 0.054086538461538464
0 0.1875 0.9711538461538461 0.055288461538461536 0.055288461538461536
0 0.3894230769230769 0.5408653846153846 0.0829326923076923 0.04447115384615385
0 0.9867788461538461 0.6021634615384616 0.025240384615384616 0.03485576923076923
0 0.7608173076923077 0.7668269230769231 0.09615384615384616 0.04447115384615385
0 0.9435096153846154 0.0829326923076923 0.06850961538461539 0.04927884615384615
0 0.22596153846153846 0.5228365384615384 0.06971153846153846 0.04447115384615385
0 0.7860576923076923 0.5913461538461539 0.11298076923076923 0.03485576923076923
0 0.030048076923076924 0.8713942307692307 0.06009615384615385 0.036057692307692304
0 0.4879807692307692 0.09254807692307693 0.055288461538461536 0.04807692307692308
0 0.5036057692307693 0.90625 0.07211538461538461 0.037259615384615384
0 0.3557692307692308 0.40865384615384615 0.11778846153846154 0.0625
0 0.11057692307692307 0.96875 0.07572115384615384 0.05889423076923077
0 0.057692307692307696 0.3401442307692308 0.09615384615384616 0.04927884615384615
0 0.4675480769230769 0.9435096153846154 0.09134615384615384 0.057692307692307696
0 0.3173076923076923 0.7848557692307693 0.06009615384615385 0.04807692307692308
0 0.3701923076923077 0.453125 0.08052884615384616 0.040865384615384616
0 0.6586538461538461 0.484375 0.09615384615384616 0.0829326923076923
0 0.5697115384615384 0.3786057692307692 0.16346153846153846 0.07572115384615384
0 0.40384615384615385 0.05889423076923077 0.11899038461538461 0.09495192307692307
0 0.5913461538461539 0.5336538461538461 0.09014423076923077 0.05048076923076923
0 0.12860576923076922 0.38341346153846156 0.12980769230769232 0.046875
0 0.9399038461538461 0.4266826923076923 0.08533653846153846 0.11778846153846154
0 0.20552884615384615 0.24759615384615385 0.09014423076923077 0.05889423076923077