0 0.14302884615384615 0.22235576923076922 0.06850961538461539 0.05889423076923077
0 0.057692307692307696 0.026442307692307692 0.0673076923076923 0.052884615384615384
0 0.19951923076923078 0.8737980769230769 0.06129807692307692 0.0625
0 0.1045673076923077 0.8305288461538461 0.07451923076923077 0.07451923076923077
0 0.3004807692307692 0.9266826923076923 0.10576923076923077 0.11177884615384616
0 0.23557692307692307 0.15865384615384615 0.09375 0.09495192307692307
0 0.6526442307692307 0.5588942307692307 0.09134615384615384 0.08413461538461539
0 0.11658653846153846 0.31490384615384615 0.16706730769230768 0.08413461538461539
0 0.3858173076923077 0.4338942307692308 0.08774038461538461 0.078125
0 0.2403846153846154 0.4639423076923077 0.06971153846153846 0.09615384615384616
0 0.6935096153846154 0.6189903846153846 0.09975961538461539 0.06490384615384616
0 0.5204326923076923 0.875 0.07572115384615384 0.1045673076923077
0 0.59375 0.7704326923076923 0.10216346153846154 0.10817307692307693
0 0.7007211538461539 0.47115384615384615 0.11177884615384616 0.055288461538461536
0 0.7764423076923077 0.453125 0.055288461538461536 0.10216346153846154
0 0.9411057692307693 0.5060096153846154 0.09615384615384616 0.06850961538461539
0 0.8365384615384616 0.7235576923076923 0.08413461538461539 0.0673076923076923
0 0.1141826923076923 0.42908653846153844 0.10697115384615384 0.09134615384615384
0 0.7752403846153846 0.2127403846153846 0.09375 0.09134615384615384
0 0.8846153846153846 0.1875 0.10576923076923077 0.0733173076923077
0 0.3125 0.27524038461538464 0.08052884615384616 0.10697115384615384
0 0.15384615384615385 0.039663461538461536 0.08774038461538461 0.07932692307692307
0 0.5564903846153846 0.96875 0.09134615384615384 0.05889423076923077
0 0.48677884615384615 0.30408653846153844 0.07451923076923077 0.0829326923076923
0 0.10697115384615384 0.6694711538461539 0.04927884615384615 0.055288461538461536
0 0.4795673076923077 0.09615384615384616 0.08173076923076923 0.09254807692307693
0 0.40024038461538464 0.8665865384615384 0.0829326923076923 0.09254807692307693
0 0.5588942307692307 0.06129807692307692 0.07211538461538461 0.0889423076923077
0 0.9591346153846154 0.9507211538461539 0.0733173076923077 0.07451923076923077