0 0.7764423076923077 0.5324519230769231 0.12620192307692307 0.09615384615384616
0 0.33413461538461536 0.2644230769230769 0.16105769230769232 0.078125
0 0.056490384615384616 0.234375 0.11298076923076923 0.06971153846153846
0 0.6586538461538461 0.025240384615384616 0.11298076923076923 0.04927884615384615
0 0.6658653846153846 0.0985576923076923 0.11177884615384616 0.08052884615384616
0 0.2776442307692308 0.16105769230769232 0.08533653846153846 0.09495192307692307
0 0.9771634615384616 0.7860576923076923 0.04326923076923077 0.06490384615384616
0 0.5168269230769231 0.4206730769230769 0.23076923076923078 0.09014423076923077
0 0.2091346153846154 0.41225961538461536 0.10216346153846154 0.07451923076923077
0 0.7007211538461539 0.7572115384615384 0.09735576923076923 0.08533653846153846
0 0.9627403846153846 0.19471153846153846 0.0733173076923077 0.08052884615384616
0 0.05889423076923077 0.484375 0.10216346153846154 0.052884615384615384
0 0.8882211538461539 0.30649038461538464 0.07211538461538461 0.06610576923076923
0 0.5192307692307693 0.9867788461538461 0.06971153846153846 0.02403846153846154
0 0.96875 0.1201923076923077 0.06129807692307692 0.08533653846153846
0 0.7644230769230769 0.2668269230769231 0.09254807692307693 0.0625
0 0.5204326923076923 0.17668269230769232 0.22355769230769232 0.09134615384615384
0 0.6887019230769231 0.6514423076923077 0.15865384615384615 0.09495192307692307
0 0.04567307692307692 0.08533653846153846 0.09134615384615384 0.11899038461538461
0 0.8329326923076923 0.6177884615384616 0.07692307692307693 0.0625
0 0.9483173076923077 0.41346153846153844 0.10216346153846154 0.06370192307692307
0 0.08413461538461539 0.9723557692307693 0.08052884615384616 0.052884615384615384
0 0.7319711538461539 0.37740384615384615 0.140625 0.06850961538461539
0 0.5528846153846154 0.33413461538461536 0.09615384615384616 0.09134615384615384
0 0.8954326923076923 0.7379807692307693 0.056490384615384616 0.09134615384615384
0 0.8545673076923077 0.0625 0.09375 0.1045673076923077
0 0.5649038461538461 0.03485576923076923 0.06971153846153846 0.06971153846153846
0 0.84375 0.8990384615384616 0.12740384615384615 0.078125
0 0.056490384615384616 0.5685096153846154 0.11177884615384616 0.06490384615384616
0 0.9290865384615384 0.9771634615384616 0.06490384615384616 0.04326923076923077
0 0.4831730769230769 0.8257211538461539 0.10096153846153846 0.08052884615384616