0 0.06971153846153846 0.71875 0.13822115384615385 0.1201923076923077
0 0.0985576923076923 0.028846153846153848 0.08653846153846154 0.056490384615384616
0 0.2776442307692308 0.3088942307692308 0.19110576923076922 0.10096153846153846
0 0.7331730769230769 0.9555288461538461 0.12259615384615384 0.08774038461538461
0 0.4266826923076923 0.042067307692307696 0.19230769230769232 0.08413461538461539
0 0.5757211538461539 0.49038461538461536 0.171875 0.10096153846153846
0 0.5108173076923077 0.6826923076923077 0.15384615384615385 0.08173076923076923
0 0.8858173076923077 0.109375 0.22355769230769232 0.10817307692307693
0 0.2704326923076923 0.4699519230769231 0.21394230769230768 0.14903846153846154
0 0.9326923076923077 0.3173076923076923 0.09134615384615384 0.15625
0 0.056490384615384616 0.9495192307692307 0.11298076923076923 0.09615384615384616
0 0.36177884615384615 0.6394230769230769 0.15264423076923078 0.12620192307692307
0 0.140625 0.8425480769230769 0.16947115384615385 0.18509615384615385
0 0.12259615384615384 0.9182692307692307 0.13701923076923078 0.07932692307692307
0 0.6610576923076923 0.9086538461538461 0.06370192307692307 0.140625
0 0.3329326923076923 0.9098557692307693 0.09254807692307693 0.15504807692307693
0 0.4951923076923077 0.8461538461538461 0.10096153846153846 0.08413461538461539
0 0.5348557692307693 0.24519230769230768 0.2704326923076923 0.1045673076923077
0 0.6165865384615384 0.9002403846153846 0.07572115384615384 0.08774038461538461
0 0.9050480769230769 0.6490384615384616 0.07091346153846154 0.06009615384615385