0 0.14903846153846154 0.051682692307692304 0.13221153846153846 0.10096153846153846
0 0.96875 0.47115384615384615 0.06009615384615385 0.06971153846153846
0 0.8545673076923077 0.5877403846153846 0.10096153846153846 0.09134615384615384
0 0.055288461538461536 0.4230769230769231 0.09134615384615384 0.15625
0 0.14783653846153846 0.9519230769230769 0.1141826923076923 0.09254807692307693
0 0.5252403846153846 0.10817307692307693 0.0625 0.07091346153846154
0 0.036057692307692304 0.7307692307692307 0.07091346153846154 0.24278846153846154
0 0.4543269230769231 0.45552884615384615 0.11899038461538461 0.15985576923076922
0 0.6730769230769231 0.5877403846153846 0.12860576923076922 0.12740384615384615
0 0.5372596153846154 0.7091346153846154 0.08413461538461539 0.09134615384615384
0 0.5408653846153846 0.21634615384615385 0.10336538461538461 0.13822115384615385
0 0.6742788461538461 0.10697115384615384 0.10096153846153846 0.18990384615384615
0 0.7271634615384616 0.7439903846153846 0.2127403846153846 0.16346153846153846
0 0.17668269230769232 0.7680288461538461 0.21634615384615385 0.16346153846153846
0 0.25721153846153844 0.1935096153846154 0.11778846153846154 0.1622596153846154
0 0.9338942307692307 0.3317307692307692 0.1310096153846154 0.11177884615384616
0 0.3449519230769231 0.11778846153846154 0.12259615384615384 0.08173076923076923
0 0.8293269230769231 0.3762019230769231 0.21754807692307693 0.13822115384615385
0 0.2548076923076923 0.6141826923076923 0.14543269230769232 0.171875
0 0.6358173076923077 0.39783653846153844 0.18509615384615385 0.14903846153846154