0 0.4375 0.6382211538461539 0.1045673076923077 0.10697115384615384
0 0.8040865384615384 0.3076923076923077 0.07692307692307693 0.10216346153846154
0 0.03365384615384615 0.09254807692307693 0.0673076923076923 0.06009615384615385
0 0.16105769230769232 0.8677884615384616 0.16466346153846154 0.09254807692307693
0 0.06129807692307692 0.9483173076923077 0.12259615384615384 0.10096153846153846
0 0.4423076923076923 0.5372596153846154 0.09134615384615384 0.18028846153846154
0 0.7572115384615384 0.2512019230769231 0.11658653846153846 0.09254807692307693
0 0.9819711538461539 0.40625 0.03365384615384615 0.16706730769230768
0 0.8293269230769231 0.5372596153846154 0.11778846153846154 0.09375
0 0.0733173076923077 0.609375 0.10096153846153846 0.15384615384615385
0 0.07572115384615384 0.19110576923076922 0.13221153846153846 0.11177884615384616
0 0.5985576923076923 0.08052884615384616 0.09134615384615384 0.12259615384615384
0 0.5649038461538461 0.7235576923076923 0.11538461538461539 0.08052884615384616
0 0.7860576923076923 0.7307692307692307 0.12740384615384615 0.10216346153846154
0 0.9783653846153846 0.7944711538461539 0.038461538461538464 0.08774038461538461
0 0.23317307692307693 0.359375 0.10336538461538461 0.09615384615384616
0 0.6057692307692307 0.8810096153846154 0.16105769230769232 0.08052884615384616
0 0.3605769230769231 0.5072115384615384 0.07572115384615384 0.0673076923076923
0 0.625 0.29447115384615385 0.11899038461538461 0.11177884615384616
0 0.046875 0.027644230769230768 0.09375 0.055288461538461536
0 0.6875 0.7247596153846154 0.11177884615384616 0.08653846153846154
0 0.6141826923076923 0.6177884615384616 0.08533653846153846 0.11057692307692307
0 0.5625 0.796875 0.040865384615384616 0.09495192307692307
0 0.5769230769230769 0.4387019230769231 0.09975961538461539 0.14182692307692307
0 0.65625 0.19951923076923078 0.12620192307692307 0.08413461538461539
0 0.4230769230769231 0.3942307692307692 0.1346153846153846 0.11177884615384616
0 0.6875 0.5841346153846154 0.0889423076923077 0.0889423076923077
0 0.9507211538461539 0.5132211538461539 0.07211538461538461 0.06850961538461539
0 0.21995192307692307 0.19471153846153846 0.08173076923076923 0.09615384615384616
0 0.8882211538461539 0.018028846153846152 0.08774038461538461 0.03365384615384615
0 0.15384615384615385 0.7836538461538461 0.21514423076923078 0.08774038461538461
0 0.8689903846153846 0.6358173076923077 0.09735576923076923 0.16947115384615385
0 0.29447115384615385 0.15745192307692307 0.08774038461538461 0.15985576923076922
0 0.8954326923076923 0.8737980769230769 0.09615384615384616 0.09495192307692307
0 0.3076923076923077 0.057692307692307696 0.08533653846153846 0.10697115384615384
0 0.7319711538461539 0.016826923076923076 0.05048076923076923 0.03365384615384615