0 0.1814903846153846 0.23677884615384615 0.14423076923076922 0.08653846153846154
0 0.03485576923076923 0.9651442307692307 0.06971153846153846 0.06490384615384616
0 0.6959134615384616 0.030048076923076924 0.06850961538461539 0.06009615384615385
0 0.15625 0.6766826923076923 0.07091346153846154 0.08052884615384616
0 0.9807692307692307 0.8401442307692307 0.037259615384615384 0.08052884615384616
0 0.4987980769230769 0.9483173076923077 0.1201923076923077 0.07091346153846154
0 0.7295673076923077 0.8293269230769231 0.06971153846153846 0.05889423076923077
0 0.09014423076923077 0.5168269230769231 0.06009615384615385 0.0673076923076923
0 0.7199519230769231 0.2848557692307692 0.14302884615384615 0.06370192307692307
0 0.8377403846153846 0.04927884615384615 0.08052884615384616 0.09735576923076923
0 0.7415865384615384 0.15264423076923078 0.0733173076923077 0.09975961538461539
0 0.7211538461538461 0.9014423076923077 0.08774038461538461 0.0889423076923077
0 0.6706730769230769 0.6370192307692307 0.125 0.08052884615384616
0 0.038461538461538464 0.4879807692307692 0.07572115384615384 0.04447115384615385
0 0.9447115384615384 0.5973557692307693 0.078125 0.109375
0 0.9375 0.27403846153846156 0.042067307692307696 0.078125
0 0.8161057692307693 0.9675480769230769 0.06490384615384616 0.06370192307692307
0 0.12740384615384615 0.9411057692307693 0.07572115384615384 0.08413461538461539
0 0.9735576923076923 0.1935096153846154 0.04927884615384615 0.14903846153846154
0 0.4338942307692308 0.7716346153846154 0.13701923076923078 0.0889423076923077
0 0.5576923076923077 0.08173076923076923 0.0733173076923077 0.1466346153846154
0 0.2608173076923077 0.9170673076923077 0.11778846153846154 0.09615384615384616
0 0.9266826923076923 0.38221153846153844 0.07091346153846154 0.11778846153846154
0 0.03365384615384615 0.5973557692307693 0.06610576923076923 0.06850961538461539
0 0.4855769230769231 0.625 0.09134615384615384 0.0733173076923077
0 0.5829326923076923 0.33052884615384615 0.11177884615384616 0.05889423076923077
0 0.06370192307692307 0.13822115384615385 0.12259615384615384 0.09014423076923077
0 0.30528846153846156 0.7103365384615384 0.140625 0.07091346153846154
0 0.6045673076923077 0.4987980769230769 0.14182692307692307 0.06850961538461539
0 0.6009615384615384 0.22115384615384615 0.06490384615384616 0.12379807692307693
0 0.9795673076923077 0.0985576923076923 0.038461538461538464 0.09134615384615384
0 0.7932692307692307 0.5336538461538461 0.0985576923076923 0.078125
0 0.7704326923076923 0.8701923076923077 0.06490384615384616 0.07211538461538461
0 0.39783653846153844 0.10096153846153846 0.0625 0.12740384615384615
0 0.027644230769230768 0.8569711538461539 0.055288461538461536 0.07932692307692307
0 0.5492788461538461 0.45072115384615385 0.09134615384615384 0.04927884615384615
0 0.9038461538461539 0.7115384615384616 0.056490384615384616 0.08653846153846154
0 0.6201923076923077 0.9447115384615384 0.07692307692307693 0.0733173076923077
0 0.734375 0.6995192307692307 0.07091346153846154 0.06370192307692307
0 0.9723557692307693 0.7548076923076923 0.054086538461538464 0.0733173076923077
0 0.6502403846153846 0.7415865384615384 0.1045673076923077 0.078125
0 0.8677884615384616 0.42908653846153844 0.056490384615384616 0.07211538461538461
0 0.3641826923076923 0.4266826923076923 0.18990384615384615 0.057692307692307696
0 0.49399038461538464 0.15625 0.04927884615384615 0.06971153846153846
0 0.8762019230769231 0.5504807692307693 0.06009615384615385 0.08052884615384616