0 0.9807692307692307 0.6105769230769231 0.020432692307692308 0.10216346153846154
0 0.9807692307692307 0.20072115384615385 0.021634615384615384 0.12740384615384615
0 0.9206730769230769 0.15504807692307693 0.078125 0.12379807692307693
0 0.8233173076923077 0.640625 0.09615384615384616 0.0733173076923077
0 0.39302884615384615 0.9266826923076923 0.04447115384615385 0.13581730769230768
0 0.6201923076923077 0.7620192307692307 0.09495192307692307 0.07091346153846154
0 0.5757211538461539 0.8293269230769231 0.052884615384615384 0.0673076923076923
0 0.8197115384615384 0.4375 0.09375 0.04567307692307692
0 0.515625 0.3076923076923077 0.06490384615384616 0.055288461538461536
0 0.1622596153846154 0.22716346153846154 0.04447115384615385 0.03365384615384615
0 0.1622596153846154 0.27884615384615385 0.054086538461538464 0.03125
0 0.8533653846153846 0.9627403846153846 0.11899038461538461 0.07091346153846154
0 0.8413461538461539 0.8125 0.08653846153846154 0.13341346153846154
0 0.7644230769230769 0.8245192307692307 0.09375 0.08774038461538461
0 0.5444711538461539 0.7379807692307693 0.055288461538461536 0.055288461538461536
0 0.3004807692307692 0.8882211538461539 0.09134615384615384 0.1778846153846154
0 0.15745192307692307 0.8846153846153846 0.06370192307692307 0.06490384615384616
0 0.04927884615384615 0.9170673076923077 0.057692307692307696 0.054086538461538464
0 0.08653846153846154 0.7259615384615384 0.04326923076923077 0.040865384615384616
0 0.32572115384615385 0.5829326923076923 0.06129807692307692 0.057692307692307696
0 0.24158653846153846 0.5456730769230769 0.037259615384615384 0.06129807692307692
0 0.5721153846153846 0.4495192307692308 0.03365384615384615 0.028846153846153848
0 0.5588942307692307 0.4675480769230769 0.04447115384615385 0.03485576923076923
0 0.49759615384615385 0.41466346153846156 0.04927884615384615 0.18389423076923078
0 0.2403846153846154 0.4579326923076923 0.0733173076923077 0.038461538461538464
0 0.1875 0.41947115384615385 0.057692307692307696 0.03245192307692308
0 0.1141826923076923 0.453125 0.07692307692307693 0.10817307692307693
0 0.12259615384615384 0.5360576923076923 0.04927884615384615 0.10096153846153846
0 0.32572115384615385 0.28725961538461536 0.12740384615384615 0.04807692307692308
0 0.3557692307692308 0.33413461538461536 0.10817307692307693 0.028846153846153848
0 0.3870192307692308 0.390625 0.038461538461538464 0.08774038461538461
0 0.37740384615384615 0.3762019230769231 0.05889423076923077 0.030048076923076924
0 0.6382211538461539 0.3425480769230769 0.03125 0.03125
0 0.0733173076923077 0.2091346153846154 0.056490384615384616 0.039663461538461536
0 0.07451923076923077 0.22596153846153846 0.09375 0.06971153846153846
0 0.24759615384615385 0.1778846153846154 0.09014423076923077 0.057692307692307696
0 0.16346153846153846 0.025240384615384616 0.14182692307692307 0.05048076923076923
0 0.48197115384615385 0.0625 0.052884615384615384 0.04447115384615385
0 0.45552884615384615 0.10697115384615384 0.11177884615384616 0.027644230769230768
0 0.6490384615384616 0.039663461538461536 0.0625 0.046875
0 0.5661057692307693 0.08413461538461539 0.07932692307692307 0.055288461538461536
0 0.5036057692307693 0.12620192307692307 0.14783653846153846 0.04567307692307692
0 0.6911057692307693 0.14423076923076922 0.11298076923076923 0.055288461538461536
0 0.6899038461538461 0.24759615384615385 0.05048076923076923 0.04447115384615385
0 0.7319711538461539 0.2920673076923077 0.056490384615384616 0.04807692307692308
0 0.14903846153846154 0.6382211538461539 0.046875 0.04326923076923077
0 0.5901442307692307 0.984375 0.078125 0.028846153846153848
0 0.3173076923076923 0.6610576923076923 0.04447115384615385 0.04927884615384615
0 0.3161057692307692 0.765625 0.028846153846153848 0.03365384615384615
0 0.20072115384615385 0.21875 0.037259615384615384 0.028846153846153848