0 0.3317307692307692 0.1045673076923077 0.051682692307692304 0.055288461538461536
0 0.3269230769230769 0.15625 0.06850961538461539 0.0625
0 0.3629807692307692 0.11177884615384616 0.04927884615384615 0.04927884615384615
0 0.34615384615384615 0.0625 0.05889423076923077 0.06971153846153846
0 0.40865384615384615 0.23317307692307693 0.07572115384615384 0.04927884615384615
0 0.32572115384615385 0.22115384615384615 0.03365384615384615 0.028846153846153848
0 0.31009615384615385 0.20072115384615385 0.009615384615384616 0.021634615384615384
0 0.28966346153846156 0.23918269230769232 0.013221153846153846 0.013221153846153846
0 0.5865384615384616 0.27403846153846156 0.08533653846153846 0.078125
0 0.703125 0.31490384615384615 0.09375 0.038461538461538464
0 0.7331730769230769 0.3894230769230769 0.09134615384615384 0.028846153846153848
0 0.65625 0.38822115384615385 0.11057692307692307 0.06971153846153846
0 0.7151442307692307 0.47596153846153844 0.09615384615384616 0.038461538461538464
0 0.5757211538461539 0.5216346153846154 0.06490384615384616 0.021634615384615384
0 0.6201923076923077 0.6069711538461539 0.06490384615384616 0.021634615384615384
0 0.5444711538461539 0.6105769230769231 0.11298076923076923 0.07091346153846154
0 0.38221153846153844 0.4735576923076923 0.056490384615384616 0.020432692307692308
0 0.33653846153846156 0.47596153846153844 0.021634615384615384 0.018028846153846152
0 0.171875 0.46634615384615385 0.054086538461538464 0.03365384615384615
0 0.20793269230769232 0.3173076923076923 0.04447115384615385 0.04927884615384615
0 0.18870192307692307 0.2920673076923077 0.046875 0.06009615384615385
0 0.10336538461538461 0.22355769230769232 0.026442307692307692 0.03125
0 0.1346153846153846 0.21875 0.013221153846153846 0.010817307692307692
0 0.09134615384615384 0.1935096153846154 0.038461538461538464 0.04927884615384615
0 0.3269230769230769 0.5757211538461539 0.06850961538461539 0.038461538461538464
0 0.33413461538461536 0.6213942307692307 0.1346153846153846 0.06490384615384616
0 0.41225961538461536 0.6201923076923077 0.027644230769230768 0.030048076923076924
0 0.06490384615384616 0.5492788461538461 0.040865384615384616 0.046875
0 0.109375 0.6730769230769231 0.06009615384615385 0.07091346153846154
0 0.171875 0.7007211538461539 0.038461538461538464 0.026442307692307692
0 0.24278846153846154 0.7175480769230769 0.06370192307692307 0.04326923076923077
0 0.22956730769230768 0.7572115384615384 0.018028846153846152 0.028846153846153848
0 0.1658653846153846 0.8016826923076923 0.02403846153846154 0.038461538461538464
0 0.042067307692307696 0.8076923076923077 0.013221153846153846 0.046875
0 0.45913461538461536 0.7632211538461539 0.08653846153846154 0.08413461538461539
0 0.4735576923076923 0.7283653846153846 0.019230769230769232 0.018028846153846152
0 0.7596153846153846 0.7680288461538461 0.12740384615384615 0.0625
0 0.796875 0.8028846153846154 0.16105769230769232 0.0673076923076923
0 0.6610576923076923 0.8389423076923077 0.13701923076923078 0.07932692307692307
0 0.5913461538461539 0.7908653846153846 0.051682692307692304 0.02283653846153846
0 0.4110576923076923 0.9819711538461539 0.07692307692307693 0.03485576923076923
0 0.16466346153846154 0.4423076923076923 0.026442307692307692 0.02403846153846154
0 0.051682692307692304 0.08052884615384616 0.030048076923076924 0.0829326923076923
0 0.6802884615384616 0.14182692307692307 0.08653846153846154 0.056490384615384616
0 0.27283653846153844 0.5420673076923077 0.019230769230769232 0.016826923076923076