0 0.296875 0.5516826923076923 0.11057692307692307 0.10216346153846154
0 0.5697115384615384 0.8365384615384616 0.07572115384615384 0.06490384615384616
0 0.7019230769230769 0.265625 0.057692307692307696 0.07572115384615384
0 0.38822115384615385 0.49759615384615385 0.15504807692307693 0.16947115384615385
0 0.140625 0.040865384615384616 0.07572115384615384 0.08052884615384616
0 0.8125 0.35697115384615385 0.10096153846153846 0.10096153846153846
0 0.04807692307692308 0.17668269230769232 0.09615384615384616 0.0829326923076923
0 0.1346153846153846 0.7572115384615384 0.14302884615384615 0.11177884615384616
0 0.390625 0.6286057692307693 0.10096153846153846 0.11538461538461539
0 0.7415865384615384 0.47596153846153844 0.08413461538461539 0.109375
0 0.13581730769230768 0.328125 0.10336538461538461 0.0829326923076923
0 0.5072115384615384 0.03125 0.09014423076923077 0.06129807692307692
0 0.18990384615384615 0.4519230769230769 0.109375 0.11899038461538461
0 0.8942307692307693 0.4338942307692308 0.07091346153846154 0.06129807692307692
0 0.06129807692307692 0.8233173076923077 0.07692307692307693 0.08774038461538461
0 0.8545673076923077 0.6790865384615384 0.08653846153846154 0.08653846153846154
0 0.9615384615384616 0.2848557692307692 0.07572115384615384 0.10336538461538461
0 0.9326923076923077 0.21634615384615385 0.13221153846153846 0.09975961538461539
0 0.7764423076923077 0.6526442307692307 0.125 0.09975961538461539
0 0.20192307692307693 0.6358173076923077 0.08413461538461539 0.06971153846153846
0 0.14423076923076922 0.6634615384615384 0.0985576923076923 0.10817307692307693
0 0.8485576923076923 0.9399038461538461 0.11298076923076923 0.11778846153846154