0 0.5865384615384616 0.16105769230769232 0.07932692307692307 0.1141826923076923
0 0.4891826923076923 0.025240384615384616 0.039663461538461536 0.039663461538461536
0 0.49038461538461536 0.9747596153846154 0.08052884615384616 0.04927884615384615
0 0.025240384615384616 0.8233173076923077 0.05048076923076923 0.10336538461538461
0 0.2608173076923077 0.5841346153846154 0.07932692307692307 0.06009615384615385
0 0.7319711538461539 0.34375 0.06490384615384616 0.07572115384615384
0 0.038461538461538464 0.41346153846153844 0.04447115384615385 0.0625
0 0.7596153846153846 0.038461538461538464 0.06490384615384616 0.07692307692307693
0 0.5913461538461539 0.5600961538461539 0.20432692307692307 0.08413461538461539
0 0.08533653846153846 0.0673076923076923 0.08413461538461539 0.078125
0 0.8485576923076923 0.7908653846153846 0.06490384615384616 0.0673076923076923
0 0.7127403846153846 0.5492788461538461 0.09134615384615384 0.08653846153846154
0 0.703125 0.828125 0.0889423076923077 0.06490384615384616
0 0.5300480769230769 0.8016826923076923 0.07211538461538461 0.07572115384615384
0 0.34615384615384615 0.4326923076923077 0.0625 0.12259615384615384
0 0.9555288461538461 0.0985576923076923 0.0733173076923077 0.07572115384615384
0 0.2644230769230769 0.8677884615384616 0.06850961538461539 0.12980769230769232
0 0.390625 0.13822115384615385 0.12379807692307693 0.06129807692307692
0 0.016826923076923076 0.078125 0.03365384615384615 0.07572115384615384
0 0.30408653846153844 0.16105769230769232 0.13341346153846154 0.0673076923076923
0 0.9783653846153846 0.1502403846153846 0.042067307692307696 0.040865384615384616
0 0.6610576923076923 0.45552884615384615 0.10697115384615384 0.06850961538461539
0 0.19831730769230768 0.5264423076923077 0.0733173076923077 0.11778846153846154
0 0.9326923076923077 0.05889423076923077 0.07932692307692307 0.06009615384615385
0 0.019230769230769232 0.33413461538461536 0.038461538461538464 0.09615384615384616
0 0.6983173076923077 0.953125 0.11057692307692307 0.07572115384615384
0 0.49158653846153844 0.0889423076923077 0.052884615384615384 0.057692307692307696
0 0.6610576923076923 0.08413461538461539 0.21394230769230768 0.09735576923076923
0 0.9567307692307693 0.016826923076923076 0.08173076923076923 0.03365384615384615
0 0.5120192307692307 0.23197115384615385 0.06009615384615385 0.11177884615384616
0 0.9362980769230769 0.59375 0.06009615384615385 0.06129807692307692
0 0.9375 0.65625 0.10216346153846154 0.09014423076923077
0 0.40024038461538464 0.8064903846153846 0.125 0.2283653846153846
0 0.7512019230769231 0.46634615384615385 0.09615384615384616 0.09134615384615384
0 0.8245192307692307 0.5372596153846154 0.09735576923076923 0.08052884615384616
0 0.26322115384615385 0.6694711538461539 0.06971153846153846 0.09495192307692307
0 0.8774038461538461 0.703125 0.11298076923076923 0.08533653846153846
0 0.2824519230769231 0.46274038461538464 0.11057692307692307 0.15384615384615385
0 0.7379807692307693 0.24759615384615385 0.1045673076923077 0.11177884615384616
0 0.31850961538461536 0.20432692307692307 0.06490384615384616 0.0625
0 0.07211538461538461 0.4519230769230769 0.08413461538461539 0.14423076923076922
0 0.33052884615384615 0.03125 0.06971153846153846 0.06129807692307692
0 0.9086538461538461 0.46153846153846156 0.14543269230769232 0.11538461538461539
0 0.030048076923076924 0.25 0.056490384615384616 0.07451923076923077
0 0.47716346153846156 0.6382211538461539 0.0985576923076923 0.1502403846153846
0 0.96875 0.12620192307692307 0.06009615384615385 0.04927884615384615
0 0.9735576923076923 0.8004807692307693 0.05048076923076923 0.08774038461538461
0 0.5552884615384616 0.953125 0.07572115384615384 0.07451923076923077
0 0.18629807692307693 0.140625 0.06490384615384616 0.055288461538461536
0 0.9783653846153846 0.5516826923076923 0.040865384615384616 0.08413461538461539
0 0.9651442307692307 0.20793269230769232 0.06850961538461539 0.07692307692307693
0 0.1141826923076923 0.390625 0.14783653846153846 0.06850961538461539
0 0.8930288461538461 0.9290865384615384 0.13822115384615385 0.13701923076923078
0 0.13581730769230768 0.4735576923076923 0.05889423076923077 0.07091346153846154
0 0.5492788461538461 0.6153846153846154 0.10096153846153846 0.06009615384615385
0 0.27403846153846156 0.5480769230769231 0.054086538461538464 0.055288461538461536
0 0.5745192307692307 0.984375 0.08653846153846154 0.028846153846153848