0 0.8197115384615384 0.10336538461538461 0.05048076923076923 0.03365384615384615
0 0.7548076923076923 0.0673076923076923 0.028846153846153848 0.042067307692307696
0 0.7896634615384616 0.055288461538461536 0.039663461538461536 0.05048076923076923
0 0.8100961538461539 0.2127403846153846 0.03485576923076923 0.04447115384615385
0 0.9663461538461539 0.16706730769230768 0.037259615384615384 0.030048076923076924
0 0.5240384615384616 0.051682692307692304 0.038461538461538464 0.06370192307692307
0 0.5552884615384616 0.13221153846153846 0.030048076923076924 0.021634615384615384
0 0.8954326923076923 0.1778846153846154 0.02283653846153846 0.037259615384615384
0 0.9819711538461539 0.6033653846153846 0.03365384615384615 0.04807692307692308
0 0.8137019230769231 0.5985576923076923 0.04447115384615385 0.06490384615384616
0 0.7355769230769231 0.7247596153846154 0.04447115384615385 0.037259615384615384
0 0.8545673076923077 0.5985576923076923 0.036057692307692304 0.038461538461538464
0 0.9362980769230769 0.7199519230769231 0.039663461538461536 0.046875
0 0.6021634615384616 0.7103365384615384 0.03365384615384615 0.027644230769230768
0 0.6322115384615384 0.7115384615384616 0.028846153846153848 0.028846153846153848
0 0.4254807692307692 0.6069711538461539 0.03245192307692308 0.04927884615384615
0 0.46153846153846156 0.6045673076923077 0.04447115384615385 0.04927884615384615
0 0.29086538461538464 0.6574519230769231 0.026442307692307692 0.027644230769230768
0 0.5757211538461539 0.8161057692307693 0.038461538461538464 0.051682692307692304
0 0.2920673076923077 0.8185096153846154 0.04447115384615385 0.055288461538461536
0 0.3389423076923077 0.8209134615384616 0.040865384615384616 0.039663461538461536
0 0.35096153846153844 0.8461538461538461 0.04927884615384615 0.03365384615384615
0 0.5925480769230769 0.8954326923076923 0.036057692307692304 0.052884615384615384
0 0.6478365384615384 0.9338942307692307 0.03125 0.056490384615384616
0 0.18028846153846154 0.7271634615384616 0.04447115384615385 0.037259615384615384
0 0.19230769230769232 0.9338942307692307 0.06490384615384616 0.06490384615384616
0 0.13581730769230768 0.15865384615384615 0.04447115384615385 0.04927884615384615
0 0.41466346153846156 0.12620192307692307 0.04567307692307692 0.037259615384615384
0 0.07692307692307693 0.15865384615384615 0.039663461538461536 0.03365384615384615
0 0.15384615384615385 0.09375 0.030048076923076924 0.028846153846153848
0 0.25 0.09014423076923077 0.03245192307692308 0.03125
0 0.22115384615384615 0.15504807692307693 0.039663461538461536 0.02403846153846154
0 0.09615384615384616 0.1971153846153846 0.052884615384615384 0.040865384615384616
0 0.19591346153846154 0.040865384615384616 0.04326923076923077 0.04567307692307692
0 0.6959134615384616 0.02283653846153846 0.036057692307692304 0.04567307692307692
0 0.9879807692307693 0.8161057692307693 0.02283653846153846 0.039663461538461536
0 0.016826923076923076 0.6502403846153846 0.03365384615384615 0.03365384615384615
0 0.265625 0.7007211538461539 0.02283653846153846 0.018028846153846152