0 0.9435096153846154 0.010817307692307692 0.11057692307692307 0.020432692307692308
0 0.23197115384615385 0.14302884615384615 0.1971153846153846 0.13221153846153846
0 0.1466346153846154 0.11298076923076923 0.06971153846153846 0.05048076923076923
0 0.037259615384615384 0.359375 0.07451923076923077 0.10096153846153846
0 0.2776442307692308 0.33413461538461536 0.078125 0.11298076923076923
0 0.42788461538461536 0.34615384615384615 0.09375 0.14302884615384615
0 0.6814903846153846 0.3173076923076923 0.14903846153846154 0.06850961538461539
0 0.6538461538461539 0.4110576923076923 0.2247596153846154 0.13822115384615385
0 0.1935096153846154 0.9651442307692307 0.07932692307692307 0.0673076923076923
0 0.7512019230769231 0.7103365384615384 0.15865384615384615 0.06850961538461539
0 0.8617788461538461 0.6742788461538461 0.09375 0.09375
0 0.9663461538461539 0.7151442307692307 0.06490384615384616 0.04807692307692308
0 0.5132211538461539 0.7319711538461539 0.12139423076923077 0.19110576923076922
0 0.3894230769230769 0.5600961538461539 0.1310096153846154 0.06009615384615385
0 0.39302884615384615 0.6454326923076923 0.08774038461538461 0.06850961538461539
0 0.5612980769230769 0.6237980769230769 0.14302884615384615 0.09615384615384616
0 0.9639423076923077 0.46634615384615385 0.07091346153846154 0.0889423076923077
0 0.8149038461538461 0.5456730769230769 0.10336538461538461 0.052884615384615384
0 0.9290865384615384 0.546875 0.13942307692307693 0.0733173076923077
0 0.8088942307692307 0.42427884615384615 0.12860576923076922 0.08052884615384616
0 0.7632211538461539 0.3858173076923077 0.09134615384615384 0.04927884615384615