0 0.4326923076923077 0.9134615384615384 0.06370192307692307 0.03365384615384615
0 0.984375 0.5697115384615384 0.028846153846153848 0.036057692307692304
0 0.8317307692307693 0.07091346153846154 0.06129807692307692 0.08052884615384616
0 0.35697115384615385 0.028846153846153848 0.06490384615384616 0.055288461538461536
0 0.8846153846153846 0.057692307692307696 0.06490384615384616 0.06129807692307692
0 0.15625 0.02403846153846154 0.09134615384615384 0.04807692307692308
0 0.3701923076923077 0.4987980769230769 0.08052884615384616 0.030048076923076924
0 0.4110576923076923 0.6358173076923077 0.0673076923076923 0.03125
0 0.6177884615384616 0.9182692307692307 0.05048076923076923 0.03125
0 0.6274038461538461 0.15865384615384615 0.07091346153846154 0.04927884615384615
0 0.17668269230769232 0.6358173076923077 0.07091346153846154 0.036057692307692304
0 0.07692307692307693 0.02403846153846154 0.06971153846153846 0.04807692307692308
0 0.13822115384615385 0.5324519230769231 0.06009615384615385 0.020432692307692308
0 0.4182692307692308 0.27524038461538464 0.046875 0.038461538461538464
0 0.671875 0.1875 0.0625 0.04567307692307692
0 0.5889423076923077 0.6706730769230769 0.04927884615384615 0.038461538461538464
0 0.859375 0.6670673076923077 0.051682692307692304 0.03245192307692308
0 0.9266826923076923 0.234375 0.04567307692307692 0.042067307692307696
0 0.9699519230769231 0.18990384615384615 0.042067307692307696 0.04807692307692308
0 0.171875 0.9519230769230769 0.055288461538461536 0.027644230769230768
0 0.5 0.5564903846153846 0.07211538461538461 0.03125
0 0.9675480769230769 0.10697115384615384 0.06009615384615385 0.04447115384615385
0 0.9194711538461539 0.5252403846153846 0.03485576923076923 0.039663461538461536
0 0.06009615384615385 0.09975961538461539 0.09735576923076923 0.042067307692307696
0 0.171875 0.25240384615384615 0.06850961538461539 0.025240384615384616
0 0.07932692307692307 0.9867788461538461 0.10697115384615384 0.02283653846153846
0 0.5408653846153846 0.20793269230769232 0.06971153846153846 0.07211538461538461
0 0.14783653846153846 0.6538461538461539 0.04326923076923077 0.03245192307692308
0 0.4170673076923077 0.04567307692307692 0.0673076923076923 0.07932692307692307
0 0.6802884615384616 0.22355769230769232 0.03125 0.036057692307692304
0 0.5685096153846154 0.2800480769230769 0.04447115384615385 0.03245192307692308
0 0.9711538461538461 0.9326923076923077 0.028846153846153848 0.028846153846153848
0 0.5829326923076923 0.9675480769230769 0.052884615384615384 0.019230769230769232
0 0.7608173076923077 0.5540865384615384 0.040865384615384616 0.03365384615384615
0 0.578125 0.9471153846153846 0.042067307692307696 0.03365384615384615
0 0.6983173076923077 0.45072115384615385 0.07692307692307693 0.04326923076923077
0 0.6694711538461539 0.13341346153846154 0.06971153846153846 0.040865384615384616
0 0.9591346153846154 0.02283653846153846 0.04447115384615385 0.042067307692307696
0 0.09014423076923077 0.6165865384615384 0.08533653846153846 0.04326923076923077
0 0.3858173076923077 0.9867788461538461 0.06009615384615385 0.02403846153846154
0 0.3112980769230769 0.019230769230769232 0.08413461538461539 0.038461538461538464
0 0.17427884615384615 0.5685096153846154 0.08774038461538461 0.03365384615384615
0 0.7920673076923077 0.4423076923076923 0.06490384615384616 0.04927884615384615
0 0.29086538461538464 0.5552884615384616 0.09975961538461539 0.03365384615384615
0 0.046875 0.2764423076923077 0.04927884615384615 0.03245192307692308
0 0.04567307692307692 0.054086538461538464 0.0889423076923077 0.06009615384615385
0 0.10697115384615384 0.16706730769230768 0.0625 0.04326923076923077
0 0.8882211538461539 0.7247596153846154 0.06971153846153846 0.038461538461538464
0 0.11298076923076923 0.4735576923076923 0.11177884615384616 0.055288461538461536
0 0.6887019230769231 0.6225961538461539 0.08052884615384616 0.03365384615384615
0 0.2980769230769231 0.9387019230769231 0.07692307692307693 0.027644230769230768
0 0.042067307692307696 0.5625 0.08052884615384616 0.04326923076923077
0 0.12259615384615384 0.546875 0.10576923076923077 0.03365384615384615
0 0.9783653846153846 0.6466346153846154 0.03245192307692308 0.025240384615384616
0 0.171875 0.875 0.08052884615384616 0.019230769230769232
0 0.4579326923076923 0.19110576923076922 0.07091346153846154 0.04807692307692308
0 0.23197115384615385 0.9879807692307693 0.06850961538461539 0.02283653846153846
0 0.8810096153846154 0.5168269230769231 0.055288461538461536 0.036057692307692304
0 0.037259615384615384 0.49038461538461536 0.07211538461538461 0.02403846153846154
0 0.6935096153846154 0.5637019230769231 0.057692307692307696 0.038461538461538464
0 0.9242788461538461 0.5961538461538461 0.052884615384615384 0.036057692307692304
0 0.23317307692307693 0.24278846153846154 0.07932692307692307 0.03245192307692308
0 0.33533653846153844 0.125 0.09134615384615384 0.05048076923076923
0 0.4579326923076923 0.27163461538461536 0.06490384615384616 0.04326923076923077
0 0.6177884615384616 0.20072115384615385 0.05889423076923077 0.055288461538461536
0 0.9350961538461539 0.04567307692307692 0.046875 0.051682692307692304
0 0.38221153846153844 0.20432692307692307 0.054086538461538464 0.039663461538461536
0 0.5612980769230769 0.5853365384615384 0.0985576923076923 0.027644230769230768
0 0.5757211538461539 0.5625 0.0733173076923077 0.02403846153846154
0 0.33774038461538464 0.46274038461538464 0.0733173076923077 0.03245192307692308