0 0.7163461538461539 0.13822115384615385 0.11177884615384616 0.054086538461538464
0 0.96875 0.8425480769230769 0.06009615384615385 0.06009615384615385
0 0.18028846153846154 0.6274038461538461 0.1502403846153846 0.055288461538461536
0 0.9375 0.20072115384615385 0.06370192307692307 0.06009615384615385
0 0.9483173076923077 0.9459134615384616 0.10096153846153846 0.06370192307692307
0 0.12139423076923077 0.1935096153846154 0.09735576923076923 0.08413461538461539
0 0.7980769230769231 0.027644230769230768 0.14423076923076922 0.055288461538461536
0 0.4170673076923077 0.16706730769230768 0.16947115384615385 0.11778846153846154
0 0.3233173076923077 0.125 0.12740384615384615 0.07211538461538461
0 0.12139423076923077 0.8870192307692307 0.21634615384615385 0.1201923076923077
0 0.6286057692307693 0.15504807692307693 0.11177884615384616 0.0733173076923077
0 0.11658653846153846 0.6706730769230769 0.23317307692307693 0.08173076923076923
0 0.07932692307692307 0.7403846153846154 0.15865384615384615 0.0889423076923077
0 0.5709134615384616 0.06009615384615385 0.14903846153846154 0.11899038461538461
0 0.038461538461538464 0.9699519230769231 0.07692307692307693 0.04447115384615385
0 0.4987980769230769 0.31850961538461536 0.11778846153846154 0.06009615384615385
0 0.1201923076923077 0.328125 0.10096153846153846 0.08052884615384616
0 0.30528846153846156 0.6947115384615384 0.06490384615384616 0.021634615384615384
0 0.7427884615384616 0.1658653846153846 0.14903846153846154 0.055288461538461536
0 0.9399038461538461 0.7740384615384616 0.11778846153846154 0.0673076923076923
0 0.53125 0.27403846153846156 0.13221153846153846 0.13341346153846154
0 0.7992788461538461 0.8990384615384616 0.11298076923076923 0.06850961538461539
0 0.30288461538461536 0.7451923076923077 0.20072115384615385 0.055288461538461536
0 0.2620192307692308 0.7367788461538461 0.06009615384615385 0.13221153846153846
0 0.7379807692307693 0.38100961538461536 0.056490384615384616 0.09735576923076923
0 0.23677884615384615 0.06490384615384616 0.10697115384615384 0.07211538461538461
0 0.7896634615384616 0.7632211538461539 0.10096153846153846 0.09615384615384616