0 0.9603365384615384 0.040865384615384616 0.078125 0.08052884615384616
0 0.9146634615384616 0.1045673076923077 0.16346153846153846 0.15985576923076922
0 0.8197115384615384 0.24158653846153846 0.040865384615384616 0.05889423076923077
0 0.8629807692307693 0.26322115384615385 0.08052884615384616 0.07211538461538461
0 0.984375 0.27163461538461536 0.030048076923076924 0.03245192307692308
0 0.9567307692307693 0.24639423076923078 0.08413461538461539 0.04927884615384615
0 0.9735576923076923 0.36538461538461536 0.051682692307692304 0.038461538461538464
0 0.9495192307692307 0.4375 0.0985576923076923 0.039663461538461536
0 0.7584134615384616 0.3317307692307692 0.15745192307692307 0.04567307692307692
0 0.8209134615384616 0.36899038461538464 0.09134615384615384 0.04927884615384615
0 0.9206730769230769 0.47115384615384615 0.020432692307692308 0.027644230769230768
0 0.8858173076923077 0.4855769230769231 0.038461538461538464 0.040865384615384616
0 0.6742788461538461 0.5444711538461539 0.08653846153846154 0.051682692307692304
0 0.7836538461538461 0.5252403846153846 0.13942307692307693 0.10817307692307693
0 0.9651442307692307 0.5276442307692307 0.0673076923076923 0.036057692307692304
0 0.9723557692307693 0.6418269230769231 0.054086538461538464 0.03125
0 0.8810096153846154 0.6105769230769231 0.05048076923076923 0.02403846153846154
0 0.7379807692307693 0.6141826923076923 0.042067307692307696 0.054086538461538464
0 0.9507211538461539 0.7103365384615384 0.038461538461538464 0.055288461538461536
0 0.7463942307692307 0.7139423076923077 0.07692307692307693 0.046875
0 0.9555288461538461 0.40865384615384615 0.05889423076923077 0.028846153846153848
0 0.9194711538461539 0.8329326923076923 0.054086538461538464 0.055288461538461536
0 0.5649038461538461 0.5264423076923077 0.052884615384615384 0.06009615384615385
0 0.6370192307692307 0.625 0.04447115384615385 0.06009615384615385
0 0.39903846153846156 0.5348557692307693 0.04567307692307692 0.04326923076923077
0 0.5180288461538461 0.6442307692307693 0.028846153846153848 0.04447115384615385
0 0.3545673076923077 0.8173076923076923 0.028846153846153848 0.02403846153846154
0 0.41225961538461536 0.7512019230769231 0.04807692307692308 0.04447115384615385
0 0.5252403846153846 0.7620192307692307 0.038461538461538464 0.05048076923076923
0 0.49759615384615385 0.7235576923076923 0.06610576923076923 0.054086538461538464
0 0.5216346153846154 0.8161057692307693 0.054086538461538464 0.04567307692307692
0 0.5180288461538461 0.8449519230769231 0.040865384615384616 0.038461538461538464
0 0.6862980769230769 0.8834134615384616 0.0985576923076923 0.055288461538461536
0 0.7139423076923077 0.7980769230769231 0.13581730769230768 0.056490384615384616
0 0.6622596153846154 0.9254807692307693 0.08653846153846154 0.0625
0 0.8389423076923077 0.9375 0.0985576923076923 0.06129807692307692
0 0.8149038461538461 0.9555288461538461 0.03485576923076923 0.039663461538461536
0 0.8461538461538461 0.8449519230769231 0.03125 0.03485576923076923
0 0.9447115384615384 0.9146634615384616 0.1045673076923077 0.038461538461538464
0 0.921875 0.9326923076923077 0.15144230769230768 0.12980769230769232
0 0.44591346153846156 0.9098557692307693 0.04447115384615385 0.055288461538461536
0 0.22355769230769232 0.9915865384615384 0.0829326923076923 0.015625
0 0.13581730769230768 0.9759615384615384 0.04927884615384615 0.04447115384615385
0 0.265625 0.8641826923076923 0.052884615384615384 0.054086538461538464
0 0.08533653846153846 0.8293269230769231 0.04326923076923077 0.038461538461538464
0 0.20552884615384615 0.7704326923076923 0.0625 0.038461538461538464
0 0.24879807692307693 0.8149038461538461 0.03365384615384615 0.054086538461538464
0 0.2704326923076923 0.7752403846153846 0.03365384615384615 0.030048076923076924
0 0.08052884615384616 0.7055288461538461 0.040865384615384616 0.040865384615384616
0 0.01201923076923077 0.8521634615384616 0.02403846153846154 0.06009615384615385
0 0.014423076923076924 0.6598557692307693 0.028846153846153848 0.039663461538461536
0 0.09254807692307693 0.6694711538461539 0.027644230769230768 0.040865384615384616
0 0.125 0.6286057692307693 0.04567307692307692 0.04447115384615385
0 0.2548076923076923 0.5252403846153846 0.03485576923076923 0.04326923076923077
0 0.4182692307692308 0.4026442307692308 0.08653846153846154 0.038461538461538464
0 0.234375 0.48197115384615385 0.028846153846153848 0.025240384615384616
0 0.30649038461538464 0.4855769230769231 0.055288461538461536 0.06610576923076923
0 0.07692307692307693 0.4651442307692308 0.04447115384615385 0.09254807692307693
0 0.07692307692307693 0.4074519230769231 0.08173076923076923 0.030048076923076924
0 0.036057692307692304 0.45072115384615385 0.030048076923076924 0.019230769230769232
0 0.025240384615384616 0.23197115384615385 0.05048076923076923 0.06971153846153846
0 0.140625 0.3112980769230769 0.057692307692307696 0.11177884615384616
0 0.24759615384615385 0.28125 0.056490384615384616 0.04447115384615385
0 0.2764423076923077 0.3137019230769231 0.02283653846153846 0.03365384615384615
0 0.4567307692307692 0.1502403846153846 0.05048076923076923 0.042067307692307696
0 0.43028846153846156 0.22716346153846154 0.06971153846153846 0.039663461538461536
0 0.5288461538461539 0.42427884615384615 0.037259615384615384 0.046875
0 0.5012019230769231 0.2608173076923077 0.040865384615384616 0.04927884615384615
0 0.625 0.2283653846153846 0.036057692307692304 0.04447115384615385
0 0.6862980769230769 0.1622596153846154 0.055288461538461536 0.03485576923076923
0 0.7127403846153846 0.22956730769230768 0.036057692307692304 0.037259615384615384
0 0.6358173076923077 0.018028846153846152 0.039663461538461536 0.036057692307692304
0 0.08052884615384616 0.171875 0.06490384615384616 0.055288461538461536
0 0.09014423076923077 0.12259615384615384 0.042067307692307696 0.04447115384615385
0 0.4483173076923077 0.019230769230769232 0.07932692307692307 0.038461538461538464
0 0.27884615384615385 0.03365384615384615 0.02283653846153846 0.018028846153846152
0 0.21634615384615385 0.027644230769230768 0.040865384615384616 0.055288461538461536
0 0.41586538461538464 0.09975961538461539 0.12379807692307693 0.042067307692307696
0 0.13942307692307693 0.04447115384615385 0.039663461538461536 0.08774038461538461
0 0.2980769230769231 0.13822115384615385 0.05048076923076923 0.10216346153846154
0 0.6177884615384616 0.08774038461538461 0.03365384615384615 0.03485576923076923
0 0.18269230769230768 0.20552884615384615 0.030048076923076924 0.03125
0 0.5805288461538461 0.014423076923076924 0.03485576923076923 0.028846153846153848
0 0.04326923076923077 0.2800480769230769 0.08533653846153846 0.07572115384615384