0 0.6971153846153846 0.7043269230769231 0.05048076923076923 0.0733173076923077
0 0.7740384615384616 0.9050480769230769 0.03485576923076923 0.05048076923076923
0 0.7067307692307693 0.39903846153846156 0.09254807692307693 0.05048076923076923
0 0.9338942307692307 0.7463942307692307 0.07451923076923077 0.05048076923076923
0 0.5432692307692307 0.9146634615384616 0.040865384615384616 0.09014423076923077
0 0.5192307692307693 0.15625 0.051682692307692304 0.04927884615384615
0 0.8822115384615384 0.44591346153846156 0.055288461538461536 0.04807692307692308
0 0.296875 0.7451923076923077 0.08413461538461539 0.06370192307692307
0 0.18509615384615385 0.7776442307692307 0.052884615384615384 0.078125
0 0.453125 0.2512019230769231 0.057692307692307696 0.04927884615384615
0 0.46875 0.7391826923076923 0.037259615384615384 0.06490384615384616
0 0.7572115384615384 0.31490384615384615 0.03125 0.07451923076923077
0 0.7980769230769231 0.6262019230769231 0.09615384615384616 0.0625
0 0.1141826923076923 0.0889423076923077 0.051682692307692304 0.06490384615384616
0 0.38822115384615385 0.9579326923076923 0.08774038461538461 0.06009615384615385
0 0.2668269230769231 0.026442307692307692 0.03365384615384615 0.05048076923076923
0 0.7439903846153846 0.6862980769230769 0.04567307692307692 0.042067307692307696
0 0.9651442307692307 0.3858173076923077 0.05048076923076923 0.10817307692307693
0 0.4891826923076923 0.4074519230769231 0.054086538461538464 0.07572115384615384
0 0.027644230769230768 0.7764423076923077 0.055288461538461536 0.038461538461538464
0 0.23677884615384615 0.8882211538461539 0.036057692307692304 0.03485576923076923
0 0.057692307692307696 0.39903846153846156 0.03245192307692308 0.08052884615384616
0 0.45072115384615385 0.8137019230769231 0.05048076923076923 0.04927884615384615
0 0.20793269230769232 0.296875 0.08052884615384616 0.038461538461538464
0 0.8257211538461539 0.13221153846153846 0.04927884615384615 0.08052884615384616
0 0.6826923076923077 0.36538461538461536 0.046875 0.0625
0 0.38461538461538464 0.5865384615384616 0.028846153846153848 0.06009615384615385
0 0.7896634615384616 0.47475961538461536 0.06971153846153846 0.10096153846153846
0 0.25841346153846156 0.09375 0.052884615384615384 0.054086538461538464
0 0.06850961538461539 0.16947115384615385 0.03365384615384615 0.06490384615384616
0 0.13581730769230768 0.22235576923076922 0.04807692307692308 0.03365384615384615
0 0.4170673076923077 0.7860576923076923 0.055288461538461536 0.056490384615384616
0 0.6694711538461539 0.5 0.11298076923076923 0.055288461538461536
0 0.7055288461538461 0.5480769230769231 0.042067307692307696 0.07572115384615384
0 0.3557692307692308 0.9891826923076923 0.20072115384615385 0.019230769230769232
0 0.1466346153846154 0.15144230769230768 0.08052884615384616 0.07932692307692307
0 0.1310096153846154 0.7560096153846154 0.03125 0.051682692307692304
0 0.7199519230769231 0.4579326923076923 0.06610576923076923 0.06009615384615385
0 0.36658653846153844 0.4543269230769231 0.037259615384615384 0.06971153846153846
0 0.453125 0.5877403846153846 0.039663461538461536 0.054086538461538464
0 0.6225961538461539 0.7524038461538461 0.07692307692307693 0.052884615384615384
0 0.9747596153846154 0.24639423076923078 0.04807692307692308 0.06850961538461539
0 0.16466346153846154 0.9795673076923077 0.08653846153846154 0.036057692307692304
0 0.7067307692307693 0.8894230769230769 0.04927884615384615 0.051682692307692304
0 0.44591346153846156 0.46875 0.07451923076923077 0.08653846153846154
0 0.8786057692307693 0.07692307692307693 0.06009615384615385 0.046875
0 0.042067307692307696 0.8978365384615384 0.08413461538461539 0.06009615384615385
0 0.5336538461538461 0.5637019230769231 0.10817307692307693 0.04326923076923077
0 0.453125 0.15144230769230768 0.026442307692307692 0.06370192307692307
0 0.06009615384615385 0.8161057692307693 0.06490384615384616 0.036057692307692304
0 0.3701923076923077 0.8401442307692307 0.09615384615384616 0.02283653846153846