0 0.5096153846153846 0.29447115384615385 0.10817307692307693 0.06490384615384616
0 0.3713942307692308 0.484375 0.10096153846153846 0.0889423076923077
0 0.7115384615384616 0.9110576923076923 0.12740384615384615 0.10216346153846154
0 0.3641826923076923 0.04326923076923077 0.0673076923076923 0.08413461538461539
0 0.44711538461538464 0.43990384615384615 0.08413461538461539 0.13221153846153846
0 0.19951923076923078 0.640625 0.12259615384615384 0.10576923076923077
0 0.7271634615384616 0.5180288461538461 0.06850961538461539 0.0829326923076923
0 0.9495192307692307 0.17427884615384615 0.0985576923076923 0.0889423076923077
0 0.15625 0.17548076923076922 0.0673076923076923 0.1310096153846154
0 0.06129807692307692 0.020432692307692308 0.078125 0.040865384615384616
0 0.9867788461538461 0.32572115384615385 0.02403846153846154 0.09134615384615384
0 0.9735576923076923 0.8569711538461539 0.04927884615384615 0.15865384615384615
0 0.04567307692307692 0.7944711538461539 0.09134615384615384 0.13822115384615385
0 0.10697115384615384 0.6165865384615384 0.13581730769230768 0.06490384615384616
0 0.14423076923076922 0.24639423076923078 0.09975961538461539 0.1875
0 0.45552884615384615 0.2548076923076923 0.07451923076923077 0.07692307692307693
0 0.8677884615384616 0.03125 0.10096153846153846 0.06009615384615385
0 0.8581730769230769 0.8377403846153846 0.09975961538461539 0.07932692307692307
0 0.23918269230769232 0.0625 0.06490384615384616 0.12379807692307693
0 0.9326923076923077 0.24879807692307693 0.12980769230769232 0.07692307692307693
0 0.056490384615384616 0.53125 0.11298076923076923 0.07692307692307693
0 0.027644230769230768 0.9098557692307693 0.055288461538461536 0.17427884615384615
0 0.056490384615384616 0.45072115384615385 0.11177884615384616 0.109375
0 0.9254807692307693 0.75 0.11177884615384616 0.07692307692307693
0 0.28846153846153844 0.07451923076923077 0.09134615384615384 0.14903846153846154
0 0.17067307692307693 0.36658653846153844 0.17427884615384615 0.1502403846153846
0 0.5685096153846154 0.038461538461538464 0.08052884615384616 0.07692307692307693
0 0.38221153846153844 0.32211538461538464 0.125 0.04447115384615385
0 0.5865384615384616 0.9795673076923077 0.11298076923076923 0.038461538461538464
0 0.59375 0.6730769230769231 0.14543269230769232 0.06129807692307692