0 0.9651442307692307 0.14543269230769232 0.06009615384615385 0.036057692307692304
0 0.8858173076923077 0.16947115384615385 0.0829326923076923 0.046875
0 0.7235576923076923 0.16105769230769232 0.15745192307692307 0.09495192307692307
0 0.9771634615384616 0.2704326923076923 0.04447115384615385 0.04807692307692308
0 0.9206730769230769 0.33413461538461536 0.08774038461538461 0.025240384615384616
0 0.6274038461538461 0.3233173076923077 0.07091346153846154 0.038461538461538464
0 0.7403846153846154 0.3701923076923077 0.12379807692307693 0.040865384615384616
0 0.8701923076923077 0.6670673076923077 0.05048076923076923 0.055288461538461536
0 0.9675480769230769 0.6850961538461539 0.04927884615384615 0.037259615384615384
0 0.9603365384615384 0.7451923076923077 0.046875 0.027644230769230768
0 0.8954326923076923 0.7391826923076923 0.14783653846153846 0.06009615384615385
0 0.7115384615384616 0.7475961538461539 0.04326923076923077 0.07091346153846154
0 0.6418269230769231 0.6995192307692307 0.051682692307692304 0.055288461538461536
0 0.41346153846153844 0.7716346153846154 0.07572115384615384 0.07692307692307693
0 0.37259615384615385 0.7740384615384616 0.08173076923076923 0.038461538461538464
0 0.390625 0.8617788461538461 0.038461538461538464 0.06971153846153846
0 0.4375 0.6526442307692307 0.038461538461538464 0.030048076923076924
0 0.46634615384615385 0.3389423076923077 0.03485576923076923 0.027644230769230768
0 0.3317307692307692 0.4170673076923077 0.13701923076923078 0.055288461538461536
0 0.28725961538461536 0.33653846153846156 0.09615384615384616 0.025240384615384616
0 0.4050480769230769 0.26322115384615385 0.0829326923076923 0.04447115384615385
0 0.3545673076923077 0.28365384615384615 0.06009615384615385 0.04927884615384615
0 0.29927884615384615 0.0985576923076923 0.052884615384615384 0.12379807692307693
0 0.09014423076923077 0.24879807692307693 0.03365384615384615 0.06370192307692307
0 0.07692307692307693 0.17548076923076922 0.125 0.03125
0 0.09975961538461539 0.3858173076923077 0.08052884615384616 0.09134615384615384
0 0.20432692307692307 0.5 0.04447115384615385 0.0625
0 0.13581730769230768 0.6045673076923077 0.06971153846153846 0.04807692307692308
0 0.04326923076923077 0.8052884615384616 0.04927884615384615 0.042067307692307696
0 0.006009615384615385 0.7487980769230769 0.01201923076923077 0.04567307692307692
0 0.265625 0.703125 0.030048076923076924 0.03365384615384615
0 0.02283653846153846 0.07932692307692307 0.04447115384615385 0.036057692307692304
0 0.3701923076923077 0.21033653846153846 0.05889423076923077 0.036057692307692304
0 0.015625 0.28966346153846156 0.030048076923076924 0.027644230769230768