0 0.8401442307692307 0.9675480769230769 0.09134615384615384 0.05889423076923077
0 0.20432692307692307 0.7764423076923077 0.10697115384615384 0.12740384615384615
0 0.2644230769230769 0.515625 0.06009615384615385 0.15264423076923078
0 0.43509615384615385 0.09014423076923077 0.13701923076923078 0.16346153846153846
0 0.6021634615384616 0.08413461538461539 0.08052884615384616 0.057692307692307696
0 0.484375 0.9242788461538461 0.06009615384615385 0.06009615384615385
0 0.8834134615384616 0.2247596153846154 0.04807692307692308 0.07451923076923077
0 0.6682692307692307 0.15625 0.06850961538461539 0.07091346153846154
0 0.02403846153846154 0.171875 0.04807692307692308 0.055288461538461536
0 0.1310096153846154 0.38100961538461536 0.056490384615384616 0.14182692307692307
0 0.14903846153846154 0.9254807692307693 0.16706730769230768 0.11658653846153846
0 0.8509615384615384 0.9134615384615384 0.05889423076923077 0.07451923076923077
0 0.22235576923076922 0.9783653846153846 0.08052884615384616 0.039663461538461536
0 0.9555288461538461 0.9483173076923077 0.08774038461538461 0.10216346153846154
0 0.32572115384615385 0.40865384615384615 0.040865384615384616 0.09014423076923077
0 0.16346153846153846 0.9663461538461539 0.07451923076923077 0.06490384615384616
0 0.04447115384615385 0.2668269230769231 0.07211538461538461 0.08533653846153846
0 0.6598557692307693 0.9158653846153846 0.054086538461538464 0.10697115384615384
0 0.59375 0.7596153846153846 0.15745192307692307 0.1778846153846154
0 0.8978365384615384 0.3449519230769231 0.08653846153846154 0.12860576923076922
0 0.33052884615384615 0.8509615384615384 0.0985576923076923 0.11177884615384616
0 0.20072115384615385 0.14903846153846154 0.06971153846153846 0.06129807692307692
0 0.7668269230769231 0.25721153846153844 0.10697115384615384 0.08533653846153846
0 0.9086538461538461 0.7367788461538461 0.18028846153846154 0.13221153846153846
0 0.39903846153846156 0.7403846153846154 0.1045673076923077 0.09254807692307693
0 0.6670673076923077 0.11298076923076923 0.06850961538461539 0.055288461538461536
0 0.1658653846153846 0.21875 0.08653846153846154 0.078125
0 0.17067307692307693 0.02403846153846154 0.05048076923076923 0.04807692307692308
0 0.39903846153846156 0.9483173076923077 0.0733173076923077 0.10096153846153846
0 0.1201923076923077 0.7307692307692307 0.11057692307692307 0.056490384615384616
0 0.8810096153846154 0.8064903846153846 0.07211538461538461 0.1141826923076923