0 0.8473557692307693 0.46274038461538464 0.09254807692307693 0.039663461538461536
0 0.026442307692307692 0.8125 0.052884615384615384 0.07692307692307693
0 0.9314903846153846 0.4230769230769231 0.09615384615384616 0.06490384615384616
0 0.9459134615384616 0.9519230769230769 0.06850961538461539 0.07091346153846154
0 0.14903846153846154 0.8497596153846154 0.1201923076923077 0.09495192307692307
0 0.12980769230769232 0.36538461538461536 0.054086538461538464 0.07572115384615384
0 0.18509615384615385 0.010817307692307692 0.06610576923076923 0.021634615384615384
0 0.9567307692307693 0.5925480769230769 0.08533653846153846 0.06009615384615385
0 0.22115384615384615 0.4230769230769231 0.08413461538461539 0.046875
0 0.11538461538461539 0.6418269230769231 0.0625 0.051682692307692304
0 0.8257211538461539 0.9254807692307693 0.10576923076923077 0.06971153846153846
0 0.859375 0.4375 0.0829326923076923 0.04807692307692308
0 0.9675480769230769 0.06490384615384616 0.06370192307692307 0.06610576923076923
0 0.055288461538461536 0.04447115384615385 0.08653846153846154 0.06009615384615385
0 0.125 0.5336538461538461 0.06009615384615385 0.04807692307692308
0 0.19591346153846154 0.5180288461538461 0.078125 0.036057692307692304