0 0.8305288461538461 0.36778846153846156 0.14182692307692307 0.07572115384615384
0 0.9182692307692307 0.25841346153846156 0.11899038461538461 0.04927884615384615
0 0.04567307692307692 0.14903846153846154 0.08533653846153846 0.09615384615384616
0 0.8389423076923077 0.6177884615384616 0.06610576923076923 0.06971153846153846
0 0.9543269230769231 0.09495192307692307 0.09014423076923077 0.09375
0 0.34134615384615385 0.10817307692307693 0.06971153846153846 0.06610576923076923
0 0.6141826923076923 0.6646634615384616 0.078125 0.07572115384615384
0 0.3629807692307692 0.21514423076923078 0.08533653846153846 0.06610576923076923
0 0.7920673076923077 0.8401442307692307 0.11658653846153846 0.08413461538461539
0 0.5853365384615384 0.18389423076923078 0.09615384615384616 0.08653846153846154
0 0.6766826923076923 0.9098557692307693 0.14302884615384615 0.08173076923076923
0 0.44591346153846156 0.02283653846153846 0.09134615384615384 0.04567307692307692
0 0.31009615384615385 0.036057692307692304 0.08052884615384616 0.07211538461538461
0 0.8112980769230769 0.11057692307692307 0.06370192307692307 0.07572115384615384
0 0.9639423076923077 0.7932692307692307 0.07091346153846154 0.06610576923076923
0 0.9603365384615384 0.5600961538461539 0.07692307692307693 0.056490384615384616
0 0.03245192307692308 0.8233173076923077 0.06490384615384616 0.12620192307692307
0 0.2548076923076923 0.6899038461538461 0.13221153846153846 0.07572115384615384
0 0.8641826923076923 0.109375 0.08052884615384616 0.08052884615384616
0 0.7920673076923077 0.22596153846153846 0.15865384615384615 0.06610576923076923
0 0.2620192307692308 0.16346153846153846 0.07572115384615384 0.07451923076923077
0 0.036057692307692304 0.5552884615384616 0.07091346153846154 0.09014423076923077
0 0.3762019230769231 0.8557692307692307 0.08774038461538461 0.08653846153846154
0 0.05889423076923077 0.35216346153846156 0.08533653846153846 0.06971153846153846
0 0.7896634615384616 0.9627403846153846 0.07572115384615384 0.0733173076923077
0 0.12860576923076922 0.578125 0.1141826923076923 0.06850961538461539
0 0.1935096153846154 0.2920673076923077 0.06490384615384616 0.055288461538461536
0 0.41466346153846156 0.056490384615384616 0.078125 0.0625
0 0.6189903846153846 0.04807692307692308 0.11298076923076923 0.09615384615384616
0 0.9399038461538461 0.29447115384615385 0.09615384615384616 0.05048076923076923
0 0.28725961538461536 0.2704326923076923 0.08774038461538461 0.06129807692307692
0 0.7259615384615384 0.5372596153846154 0.09134615384615384 0.0829326923076923
0 0.04567307692307692 0.7319711538461539 0.08052884615384616 0.0733173076923077
0 0.5276442307692307 0.5372596153846154 0.0985576923076923 0.07572115384615384
0 0.13581730769230768 0.4831730769230769 0.0889423076923077 0.06009615384615385
0 0.44711538461538464 0.9603365384615384 0.09735576923076923 0.07692307692307693
0 0.47836538461538464 0.4326923076923077 0.08774038461538461 0.06490384615384616
0 0.6057692307692307 0.5252403846153846 0.08653846153846154 0.06610576923076923