0 0.8569711538461539 0.9747596153846154 0.07451923076923077 0.04807692307692308
0 0.9855769230769231 0.8882211538461539 0.026442307692307692 0.06490384615384616
0 0.9771634615384616 0.5336538461538461 0.04326923076923077 0.040865384615384616
0 0.6045673076923077 0.9038461538461539 0.06370192307692307 0.09134615384615384
0 0.6670673076923077 0.8882211538461539 0.04927884615384615 0.04927884615384615
0 0.8497596153846154 0.8052884615384616 0.05889423076923077 0.08533653846153846
0 0.7800480769230769 0.8076923076923077 0.06610576923076923 0.06610576923076923
0 0.6706730769230769 0.8317307692307693 0.1622596153846154 0.052884615384615384
0 0.6009615384615384 0.7764423076923077 0.10336538461538461 0.06370192307692307
0 0.6646634615384616 0.7548076923076923 0.078125 0.06009615384615385
0 0.8004807692307693 0.6899038461538461 0.06009615384615385 0.0625
0 0.8377403846153846 0.6262019230769231 0.06009615384615385 0.06129807692307692
0 0.7391826923076923 0.4987980769230769 0.06490384615384616 0.056490384615384616
0 0.6935096153846154 0.44591346153846156 0.055288461538461536 0.039663461538461536
0 0.7884615384615384 0.23918269230769232 0.040865384615384616 0.036057692307692304
0 0.8149038461538461 0.28125 0.046875 0.06971153846153846
0 0.875 0.1935096153846154 0.07091346153846154 0.07932692307692307
0 0.9170673076923077 0.051682692307692304 0.05889423076923077 0.04927884615384615
0 0.5420673076923077 0.027644230769230768 0.11057692307692307 0.055288461538461536
0 0.5108173076923077 0.9459134615384616 0.0625 0.10697115384615384
0 0.38461538461538464 0.9471153846153846 0.06009615384615385 0.1045673076923077
0 0.4579326923076923 0.8798076923076923 0.03245192307692308 0.028846153846153848
0 0.28966346153846156 0.8798076923076923 0.056490384615384616 0.054086538461538464
0 0.4110576923076923 0.6286057692307693 0.039663461538461536 0.046875
0 0.2247596153846154 0.5444711538461539 0.046875 0.054086538461538464
0 0.28846153846153844 0.5300480769230769 0.03245192307692308 0.03365384615384615
0 0.234375 0.4963942307692308 0.06490384615384616 0.05889423076923077
0 0.2920673076923077 0.42908653846153844 0.046875 0.042067307692307696
0 0.42908653846153844 0.41586538461538464 0.04447115384615385 0.038461538461538464
0 0.41225961538461536 0.3629807692307692 0.04326923076923077 0.06009615384615385
0 0.29086538461538464 0.36778846153846156 0.06610576923076923 0.06129807692307692
0 0.21754807692307693 0.2932692307692308 0.07211538461538461 0.055288461538461536
0 0.296875 0.2608173076923077 0.052884615384615384 0.08533653846153846
0 0.4074519230769231 0.24879807692307693 0.04807692307692308 0.057692307692307696
0 0.15865384615384615 0.9639423076923077 0.055288461538461536 0.046875
0 0.052884615384615384 0.5456730769230769 0.04807692307692308 0.042067307692307696
0 0.09134615384615384 0.4230769230769231 0.078125 0.06971153846153846
0 0.3581730769230769 0.07692307692307693 0.056490384615384616 0.07091346153846154
0 0.2980769230769231 0.025240384615384616 0.03365384615384615 0.039663461538461536
0 0.2512019230769231 0.04447115384615385 0.046875 0.04567307692307692
0 0.20432692307692307 0.04447115384615385 0.05889423076923077 0.08774038461538461
0 0.28365384615384615 0.12740384615384615 0.09134615384615384 0.125
0 0.22596153846153846 0.15625 0.07211538461538461 0.06971153846153846
0 0.16466346153846154 0.18509615384615385 0.10096153846153846 0.08052884615384616
0 0.48197115384615385 0.7860576923076923 0.04807692307692308 0.042067307692307696
0 0.41947115384615385 0.7992788461538461 0.078125 0.11298076923076923
0 0.3629807692307692 0.7596153846153846 0.0625 0.08173076923076923
0 0.33052884615384615 0.796875 0.06370192307692307 0.10096153846153846
0 0.2848557692307692 0.7512019230769231 0.046875 0.038461538461538464
0 0.2704326923076923 0.7127403846153846 0.04447115384615385 0.04326923076923077
0 0.014423076923076924 0.9122596153846154 0.027644230769230768 0.07572115384615384
0 0.7848557692307693 0.3329326923076923 0.039663461538461536 0.042067307692307696
0 0.75 0.3076923076923077 0.042067307692307696 0.04447115384615385
0 0.7043269230769231 0.31009615384615385 0.04927884615384615 0.046875
0 0.6887019230769231 0.31009615384615385 0.06971153846153846 0.07932692307692307
0 0.8509615384615384 0.04807692307692308 0.0673076923076923 0.09615384615384616
0 0.7920673076923077 0.03485576923076923 0.0673076923076923 0.06971153846153846
0 0.7403846153846154 0.0829326923076923 0.06009615384615385 0.06009615384615385
0 0.6838942307692307 0.054086538461538464 0.06490384615384616 0.08052884615384616