0 0.9447115384615384 0.1814903846153846 0.078125 0.09014423076923077
0 0.9471153846153846 0.9711538461538461 0.10336538461538461 0.056490384615384616
0 0.09735576923076923 0.7427884615384616 0.11658653846153846 0.08533653846153846
0 0.0889423076923077 0.5889423076923077 0.06971153846153846 0.09615384615384616
0 0.2548076923076923 0.6177884615384616 0.1466346153846154 0.08052884615384616
0 0.9435096153846154 0.027644230769230768 0.07572115384615384 0.055288461538461536
0 0.5228365384615384 0.9266826923076923 0.06850961538461539 0.08052884615384616
0 0.8954326923076923 0.8882211538461539 0.1658653846153846 0.13701923076923078
0 0.5637019230769231 0.7848557692307693 0.07572115384615384 0.11057692307692307
0 0.7007211538461539 0.9314903846153846 0.08173076923076923 0.10576923076923077
0 0.38822115384615385 0.3557692307692308 0.10096153846153846 0.08653846153846154
0 0.5625 0.38100961538461536 0.09254807692307693 0.06490384615384616
0 0.046875 0.4074519230769231 0.09254807692307693 0.23677884615384615
0 0.296875 0.4326923076923077 0.10336538461538461 0.0985576923076923
0 0.6153846153846154 0.7728365384615384 0.07451923076923077 0.08173076923076923
0 0.04567307692307692 0.8245192307692307 0.07572115384615384 0.06610576923076923
0 0.8882211538461539 0.02403846153846154 0.06971153846153846 0.04447115384615385
0 0.18990384615384615 0.46033653846153844 0.11538461538461539 0.1346153846153846
0 0.5997596153846154 0.33774038461538464 0.11778846153846154 0.09735576923076923
0 0.9795673076923077 0.6382211538461539 0.038461538461538464 0.07451923076923077
0 0.2091346153846154 0.5384615384615384 0.1045673076923077 0.052884615384615384
0 0.8197115384615384 0.203125 0.09134615384615384 0.11899038461538461