0 0.025240384615384616 0.5817307692307693 0.05048076923076923 0.057692307692307696
0 0.22956730769230768 0.6526442307692307 0.07211538461538461 0.10096153846153846
0 0.055288461538461536 0.3004807692307692 0.08413461538461539 0.14423076923076922
0 0.390625 0.38341346153846156 0.11298076923076923 0.06850961538461539
0 0.28846153846153844 0.4375 0.055288461538461536 0.09375
0 0.96875 0.5637019230769231 0.06129807692307692 0.06971153846153846
0 0.4543269230769231 0.6225961538461539 0.09975961538461539 0.08173076923076923
0 0.5865384615384616 0.28365384615384615 0.10576923076923077 0.09615384615384616
0 0.34615384615384615 0.054086538461538464 0.078125 0.08052884615384616
0 0.46153846153846156 0.08774038461538461 0.07211538461538461 0.08173076923076923
0 0.5348557692307693 0.07572115384615384 0.0625 0.09134615384615384
0 0.6538461538461539 0.039663461538461536 0.07572115384615384 0.06009615384615385
0 0.9795673076923077 0.109375 0.038461538461538464 0.04447115384615385
0 0.9795673076923077 0.010817307692307692 0.038461538461538464 0.020432692307692308
0 0.96875 0.057692307692307696 0.06009615384615385 0.0733173076923077
0 0.6887019230769231 0.5504807692307693 0.6201923076923077 0.5961538461538461
0 0.5216346153846154 0.5504807692307693 0.06971153846153846 0.10576923076923077
0 0.90625 0.38221153846153844 0.15985576923076922 0.11538461538461539
0 0.640625 0.46153846153846156 0.11298076923076923 0.06850961538461539
0 0.7788461538461539 0.38221153846153844 0.2536057692307692 0.13701923076923078
0 0.6947115384615384 0.6310096153846154 0.15985576923076922 0.14903846153846154
0 0.6670673076923077 0.6706730769230769 0.06850961538461539 0.06009615384615385
0 0.6802884615384616 0.7295673076923077 0.07572115384615384 0.08052884615384616
0 0.5805288461538461 0.9338942307692307 0.12740384615384615 0.11778846153846154
0 0.59375 0.8737980769230769 0.14543269230769232 0.2512019230769231