0 0.5336538461538461 0.6322115384615384 0.15985576923076922 0.109375
0 0.5576923076923077 0.953125 0.08653846153846154 0.08653846153846154
0 0.6899038461538461 0.028846153846153848 0.06850961538461539 0.056490384615384616
0 0.3605769230769231 0.328125 0.16346153846153846 0.13822115384615385
0 0.9579326923076923 0.9278846153846154 0.08052884615384616 0.1141826923076923
0 0.2091346153846154 0.4411057692307692 0.04567307692307692 0.13221153846153846
0 0.8293269230769231 0.09495192307692307 0.055288461538461536 0.0985576923076923
0 0.9038461538461539 0.8161057692307693 0.109375 0.10216346153846154
0 0.3004807692307692 0.4987980769230769 0.07572115384615384 0.140625
0 0.953125 0.1045673076923077 0.09014423076923077 0.06610576923076923
0 0.8918269230769231 0.9459134615384616 0.0829326923076923 0.10096153846153846
0 0.4891826923076923 0.7632211538461539 0.09254807692307693 0.1346153846153846
0 0.2548076923076923 0.7283653846153846 0.11658653846153846 0.10817307692307693
0 0.43149038461538464 0.28725961538461536 0.08533653846153846 0.16826923076923078
0 0.29927884615384615 0.7716346153846154 0.10576923076923077 0.04927884615384615
0 0.10576923076923077 0.7079326923076923 0.08653846153846154 0.15504807692307693
0 0.9579326923076923 0.3173076923076923 0.08052884615384616 0.0733173076923077
0 0.7211538461538461 0.11057692307692307 0.07451923076923077 0.05048076923076923
0 0.06370192307692307 0.390625 0.08653846153846154 0.2127403846153846
0 0.859375 0.7223557692307693 0.13701923076923078 0.16346153846153846
0 0.16947115384615385 0.3137019230769231 0.140625 0.16346153846153846
0 0.5865384615384616 0.7295673076923077 0.12740384615384615 0.11899038461538461
0 0.21634615384615385 0.8737980769230769 0.11298076923076923 0.08173076923076923
0 0.30408653846153844 0.11899038461538461 0.14302884615384615 0.07211538461538461
0 0.390625 0.8317307692307693 0.07572115384615384 0.06610576923076923
0 0.8725961538461539 0.12740384615384615 0.08774038461538461 0.056490384615384616
0 0.11778846153846154 0.09014423076923077 0.234375 0.12139423076923077
0 0.29447115384615385 0.9194711538461539 0.10096153846153846 0.0889423076923077
0 0.26322115384615385 0.47475961538461536 0.0733173076923077 0.14302884615384615
0 0.018028846153846152 0.22956730769230768 0.03485576923076923 0.07211538461538461
0 0.8161057692307693 0.5841346153846154 0.18870192307692307 0.10216346153846154
0 0.203125 0.026442307692307692 0.13822115384615385 0.04927884615384615