0 0.8798076923076923 0.8725961538461539 0.15144230769230768 0.09495192307692307
0 0.8689903846153846 0.6911057692307693 0.10216346153846154 0.12740384615384615
0 0.6286057692307693 0.04927884615384615 0.10697115384615384 0.09615384615384616
0 0.2439903846153846 0.051682692307692304 0.12980769230769232 0.09134615384615384
0 0.5997596153846154 0.8149038461538461 0.12620192307692307 0.13822115384615385
0 0.7608173076923077 0.7836538461538461 0.07932692307692307 0.21394230769230768
0 0.9014423076923077 0.96875 0.07692307692307693 0.06009615384615385
0 0.9266826923076923 0.2920673076923077 0.14423076923076922 0.15865384615384615
0 0.953125 0.36899038461538464 0.09134615384615384 0.10697115384615384
0 0.6021634615384616 0.7475961538461539 0.11658653846153846 0.08052884615384616
0 0.4651442307692308 0.47716346153846156 0.0985576923076923 0.12620192307692307
0 0.8569711538461539 0.17067307692307693 0.11899038461538461 0.09375
0 0.42427884615384615 0.5048076923076923 0.22596153846153846 0.1141826923076923
0 0.4651442307692308 0.34975961538461536 0.109375 0.08653846153846154
0 0.24759615384615385 0.8762019230769231 0.10576923076923077 0.24519230769230768
0 0.13701923076923078 0.65625 0.21634615384615385 0.09134615384615384
0 0.038461538461538464 0.34134615384615385 0.07692307692307693 0.16947115384615385
0 0.8533653846153846 0.4423076923076923 0.12980769230769232 0.06610576923076923
0 0.07211538461538461 0.009615384615384616 0.0673076923076923 0.019230769230769232
0 0.6923076923076923 0.19951923076923078 0.07091346153846154 0.09375
0 0.7944711538461539 0.07572115384615384 0.19951923076923078 0.12860576923076922
0 0.7896634615384616 0.5516826923076923 0.1778846153846154 0.10096153846153846
0 0.2127403846153846 0.3798076923076923 0.17427884615384615 0.23557692307692307
0 0.6875 0.5072115384615384 0.13942307692307693 0.10576923076923077
0 0.34615384615384615 0.37740384615384615 0.09134615384615384 0.09014423076923077
0 0.5745192307692307 0.39663461538461536 0.12620192307692307 0.09134615384615384
0 0.6923076923076923 0.8257211538461539 0.12740384615384615 0.20072115384615385
0 0.41346153846153844 0.23918269230769232 0.10216346153846154 0.10697115384615384