0 0.96875 0.5889423076923077 0.06009615384615385 0.06009615384615385
0 0.9350961538461539 0.25600961538461536 0.078125 0.08413461538461539
0 0.2403846153846154 0.1502403846153846 0.06370192307692307 0.05889423076923077
0 0.5036057692307693 0.36778846153846156 0.0673076923076923 0.06610576923076923
0 0.25721153846153844 0.38221153846153844 0.06490384615384616 0.04807692307692308
0 0.6586538461538461 0.20793269230769232 0.07091346153846154 0.10697115384615384
0 0.38341346153846156 0.6899038461538461 0.06370192307692307 0.046875
0 0.6201923076923077 0.02283653846153846 0.04927884615384615 0.04567307692307692
0 0.1971153846153846 0.6826923076923077 0.055288461538461536 0.06971153846153846
0 0.2776442307692308 0.5180288461538461 0.04927884615384615 0.027644230769230768
0 0.12379807692307693 0.6201923076923077 0.0829326923076923 0.046875
0 0.6045673076923077 0.20072115384615385 0.040865384615384616 0.10336538461538461
0 0.12860576923076922 0.13822115384615385 0.051682692307692304 0.025240384615384616
0 0.35096153846153844 0.8473557692307693 0.09134615384615384 0.040865384615384616
0 0.03245192307692308 0.6141826923076923 0.06009615384615385 0.08774038461538461
0 0.6466346153846154 0.9867788461538461 0.0673076923076923 0.02283653846153846
0 0.24639423076923078 0.9603365384615384 0.051682692307692304 0.078125
0 0.9591346153846154 0.43509615384615385 0.04567307692307692 0.06009615384615385
0 0.5408653846153846 0.8677884615384616 0.026442307692307692 0.06971153846153846
0 0.3233173076923077 0.9350961538461539 0.06490384615384616 0.03125
0 0.5300480769230769 0.5348557692307693 0.051682692307692304 0.04927884615384615
0 0.2512019230769231 0.03485576923076923 0.05048076923076923 0.06490384615384616
0 0.38100961538461536 0.15865384615384615 0.06490384615384616 0.08413461538461539
0 0.171875 0.8461538461538461 0.08533653846153846 0.030048076923076924
0 0.7199519230769231 0.7451923076923077 0.037259615384615384 0.07091346153846154
0 0.45552884615384615 0.17908653846153846 0.06971153846153846 0.08413461538461539
0 0.9723557692307693 0.04807692307692308 0.05048076923076923 0.09134615384615384
0 0.14182692307692307 0.5612980769230769 0.06850961538461539 0.0829326923076923
0 0.9771634615384616 0.7055288461538461 0.040865384615384616 0.038461538461538464
0 0.8449519230769231 0.10336538461538461 0.09615384615384616 0.06971153846153846
0 0.6418269230769231 0.43028846153846156 0.040865384615384616 0.038461538461538464
0 0.8052884615384616 0.6802884615384616 0.057692307692307696 0.05048076923076923
0 0.796875 0.41346153846153844 0.0673076923076923 0.052884615384615384
0 0.796875 0.3233173076923077 0.06971153846153846 0.026442307692307692
0 0.49278846153846156 0.7175480769230769 0.15264423076923078 0.051682692307692304
0 0.4639423076923077 0.25 0.09134615384615384 0.14182692307692307
0 0.5084134615384616 0.028846153846153848 0.06610576923076923 0.055288461538461536
0 0.07091346153846154 0.31971153846153844 0.09615384615384616 0.04567307692307692
0 0.6189903846153846 0.5673076923076923 0.06009615384615385 0.08052884615384616
0 0.34375 0.5324519230769231 0.1201923076923077 0.038461538461538464
0 0.1658653846153846 0.47596153846153844 0.0673076923076923 0.042067307692307696
0 0.4423076923076923 0.5697115384615384 0.05889423076923077 0.0673076923076923
0 0.8233173076923077 0.9375 0.08533653846153846 0.04927884615384615
0 0.34375 0.6346153846153846 0.07091346153846154 0.04927884615384615
0 0.9627403846153846 0.3581730769230769 0.04807692307692308 0.07451923076923077
0 0.8882211538461539 0.5216346153846154 0.04326923076923077 0.03485576923076923
0 0.7860576923076923 0.16466346153846154 0.07572115384615384 0.037259615384615384
0 0.6021634615384616 0.7379807692307693 0.04807692307692308 0.06610576923076923
0 0.19230769230769232 0.5288461538461539 0.0733173076923077 0.03245192307692308
0 0.9615384615384616 0.7367788461538461 0.06490384615384616 0.046875
0 0.5192307692307693 0.5709134615384616 0.08173076923076923 0.08653846153846154
0 0.9170673076923077 0.46153846153846156 0.04927884615384615 0.04447115384615385
0 0.7644230769230769 0.9423076923076923 0.06490384615384616 0.051682692307692304
0 0.43149038461538464 0.7704326923076923 0.06490384615384616 0.054086538461538464
0 0.34375 0.6742788461538461 0.06129807692307692 0.078125
0 0.9290865384615384 0.8665865384615384 0.057692307692307696 0.038461538461538464
0 0.0889423076923077 0.9795673076923077 0.11057692307692307 0.038461538461538464
0 0.421875 0.038461538461538464 0.06490384615384616 0.0733173076923077
0 0.33653846153846156 0.7860576923076923 0.12139423076923077 0.04927884615384615
0 0.609375 0.8930288461538461 0.06009615384615385 0.037259615384615384
0 0.7139423076923077 0.3245192307692308 0.039663461538461536 0.0829326923076923
0 0.7692307692307693 0.025240384615384616 0.04567307692307692 0.04927884615384615
0 0.036057692307692304 0.6911057692307693 0.054086538461538464 0.03485576923076923
0 0.1658653846153846 0.2644230769230769 0.08653846153846154 0.07451923076923077
0 0.5264423076923077 0.44471153846153844 0.036057692307692304 0.06850961538461539
0 0.16105769230769232 0.43149038461538464 0.06490384615384616 0.05048076923076923
0 0.9026442307692307 0.015625 0.05048076923076923 0.028846153846153848
0 0.31850961538461536 0.3701923076923077 0.05889423076923077 0.04927884615384615
0 0.20192307692307693 0.8822115384615384 0.1045673076923077 0.046875
0 0.7560096153846154 0.609375 0.0673076923076923 0.08173076923076923
0 0.5360576923076923 0.6826923076923077 0.06370192307692307 0.038461538461538464