0 0.36538461538461536 0.3173076923076923 0.06610576923076923 0.04447115384615385
0 0.3425480769230769 0.28125 0.06850961538461539 0.036057692307692304
0 0.6141826923076923 0.9711538461538461 0.1310096153846154 0.056490384615384616
0 0.4495192307692308 0.15504807692307693 0.055288461538461536 0.057692307692307696
0 0.44471153846153844 0.7055288461538461 0.036057692307692304 0.052884615384615384
0 0.3737980769230769 0.6959134615384616 0.09134615384615384 0.042067307692307696
0 0.5204326923076923 0.15384615384615385 0.04447115384615385 0.10817307692307693
0 0.4326923076923077 0.030048076923076924 0.051682692307692304 0.06009615384615385
0 0.4375 0.8858173076923077 0.06490384615384616 0.038461538461538464
0 0.5012019230769231 0.7584134615384616 0.055288461538461536 0.040865384615384616
0 0.5769230769230769 0.2512019230769231 0.06370192307692307 0.07572115384615384
0 0.4074519230769231 0.7908653846153846 0.046875 0.054086538461538464
0 0.49278846153846156 0.3485576923076923 0.046875 0.04447115384615385
0 0.9711538461538461 0.44591346153846156 0.040865384615384616 0.05889423076923077
0 0.375 0.04447115384615385 0.07572115384615384 0.04927884615384615
0 0.9447115384615384 0.5997596153846154 0.056490384615384616 0.07211538461538461
0 0.5060096153846154 0.6418269230769231 0.036057692307692304 0.03245192307692308
0 0.4699519230769231 0.9867788461538461 0.040865384615384616 0.02403846153846154
0 0.5204326923076923 0.9350961538461539 0.04447115384615385 0.03245192307692308
0 0.9302884615384616 0.7740384615384616 0.037259615384615384 0.03365384615384615
0 0.8870192307692307 0.1935096153846154 0.025240384615384616 0.036057692307692304
0 0.5372596153846154 0.7247596153846154 0.06009615384615385 0.039663461538461536
0 0.5913461538461539 0.7439903846153846 0.04447115384615385 0.03125
0 0.9014423076923077 0.5072115384615384 0.038461538461538464 0.030048076923076924
0 0.37740384615384615 0.2704326923076923 0.06009615384615385 0.042067307692307696
0 0.5180288461538461 0.03245192307692308 0.03365384615384615 0.057692307692307696
0 0.9879807692307693 0.8088942307692307 0.021634615384615384 0.038461538461538464
0 0.9711538461538461 0.3858173076923077 0.038461538461538464 0.039663461538461536
0 0.1935096153846154 0.11899038461538461 0.13822115384615385 0.0673076923076923
0 0.48677884615384615 0.014423076923076924 0.046875 0.026442307692307692
0 0.4483173076923077 0.45913461538461536 0.042067307692307696 0.04927884615384615
0 0.4387019230769231 0.18990384615384615 0.038461538461538464 0.038461538461538464
0 0.46875 0.6177884615384616 0.038461538461538464 0.0625
0 0.3425480769230769 0.14543269230769232 0.11778846153846154 0.11778846153846154