0 0.33052884615384615 0.008413461538461538 0.026442307692307692 0.016826923076923076
0 0.8064903846153846 0.14423076923076922 0.030048076923076924 0.07692307692307693
0 0.8473557692307693 0.10096153846153846 0.04326923076923077 0.038461538461538464
0 0.8930288461538461 0.10336538461538461 0.06850961538461539 0.09375
0 0.9375 0.14543269230769232 0.06129807692307692 0.051682692307692304
0 0.9170673076923077 0.1971153846153846 0.06490384615384616 0.04447115384615385
0 0.5925480769230769 0.06610576923076923 0.07572115384615384 0.11538461538461539
0 0.44471153846153844 0.057692307692307696 0.046875 0.046875
0 0.14182692307692307 0.08052884615384616 0.04927884615384615 0.06009615384615385
0 0.3858173076923077 0.10216346153846154 0.03245192307692308 0.036057692307692304
0 0.4831730769230769 0.16346153846153846 0.0733173076923077 0.1045673076923077
0 0.5048076923076923 0.09735576923076923 0.038461538461538464 0.04807692307692308
0 0.6887019230769231 0.20552884615384615 0.02283653846153846 0.020432692307692308
0 0.13701923076923078 0.15264423076923078 0.109375 0.042067307692307696
0 0.09495192307692307 0.21634615384615385 0.0889423076923077 0.04927884615384615
0 0.24519230769230768 0.15384615384615385 0.08774038461538461 0.052884615384615384
0 0.35096153846153844 0.15384615384615385 0.0829326923076923 0.04447115384615385
0 0.8629807692307693 0.26802884615384615 0.04927884615384615 0.03125
0 0.8822115384615384 0.3125 0.04447115384615385 0.04447115384615385
0 0.7055288461538461 0.3858173076923077 0.10096153846153846 0.0625
0 0.5528846153846154 0.3798076923076923 0.0733173076923077 0.046875
0 0.6009615384615384 0.43028846153846156 0.109375 0.04807692307692308
0 0.15144230769230768 0.2668269230769231 0.07932692307692307 0.04927884615384615
0 0.23677884615384615 0.3317307692307692 0.028846153846153848 0.039663461538461536
0 0.23557692307692307 0.2980769230769231 0.08653846153846154 0.06610576923076923
0 0.9711538461538461 0.390625 0.055288461538461536 0.042067307692307696
0 0.2536057692307692 0.4338942307692308 0.046875 0.038461538461538464
0 0.020432692307692308 0.5264423076923077 0.039663461538461536 0.04927884615384615
0 0.03125 0.5793269230769231 0.0625 0.056490384615384616
0 0.9603365384615384 0.49278846153846156 0.07692307692307693 0.07572115384615384
0 0.6334134615384616 0.5144230769230769 0.040865384615384616 0.07091346153846154
0 0.27283653846153844 0.5649038461538461 0.08173076923076923 0.08173076923076923
0 0.3701923076923077 0.59375 0.06129807692307692 0.0625
0 0.45072115384615385 0.6454326923076923 0.09254807692307693 0.14903846153846154
0 0.3449519230769231 0.671875 0.04447115384615385 0.09014423076923077
0 0.12259615384615384 0.6802884615384616 0.037259615384615384 0.040865384615384616
0 0.7644230769230769 0.5733173076923077 0.057692307692307696 0.0625
0 0.6322115384615384 0.6117788461538461 0.06009615384615385 0.0733173076923077
0 0.5444711538461539 0.6634615384615384 0.055288461538461536 0.054086538461538464
0 0.08653846153846154 0.8629807692307693 0.046875 0.03485576923076923
0 0.039663461538461536 0.9903846153846154 0.040865384615384616 0.018028846153846152
0 0.003605769230769231 0.9519230769230769 0.007211538461538462 0.036057692307692304
0 0.7127403846153846 0.7536057692307693 0.042067307692307696 0.06971153846153846
0 0.4567307692307692 0.84375 0.03365384615384615 0.03245192307692308
0 0.49158653846153844 0.8425480769230769 0.03245192307692308 0.038461538461538464
0 0.5865384615384616 0.8064903846153846 0.04447115384615385 0.05048076923076923
0 0.9735576923076923 0.8293269230769231 0.038461538461538464 0.028846153846153848
0 0.7716346153846154 0.9110576923076923 0.03365384615384615 0.028846153846153848
0 0.6466346153846154 0.8641826923076923 0.0625 0.042067307692307696
0 0.36899038461538464 0.9495192307692307 0.03485576923076923 0.054086538461538464
0 0.2283653846153846 0.9927884615384616 0.055288461538461536 0.01201923076923077
0 0.5552884615384616 0.9663461538461539 0.054086538461538464 0.06490384615384616
0 0.7055288461538461 0.9663461538461539 0.04447115384615385 0.038461538461538464
0 0.7620192307692307 0.8653846153846154 0.03365384615384615 0.027644230769230768
0 0.7355769230769231 0.9855769230769231 0.040865384615384616 0.027644230769230768
0 0.7788461538461539 0.96875 0.027644230769230768 0.04447115384615385
0 0.8149038461538461 0.9915865384615384 0.03485576923076923 0.015625
0 0.8990384615384616 0.8798076923076923 0.05048076923076923 0.03365384615384615
0 0.006009615384615385 0.4014423076923077 0.01201923076923077 0.037259615384615384
0 0.18269230769230768 0.32211538461538464 0.05048076923076923 0.04927884615384615