0 0.22716346153846154 0.23076923076923078 0.10697115384615384 0.07091346153846154
0 0.6862980769230769 0.46875 0.057692307692307696 0.036057692307692304
0 0.5877403846153846 0.8064903846153846 0.06490384615384616 0.039663461538461536
0 0.6358173076923077 0.5264423076923077 0.08653846153846154 0.028846153846153848
0 0.07211538461538461 0.09615384615384616 0.09495192307692307 0.056490384615384616
0 0.34615384615384615 0.2283653846153846 0.0625 0.038461538461538464
0 0.7103365384615384 0.7295673076923077 0.06490384615384616 0.054086538461538464
0 0.6730769230769231 0.6237980769230769 0.06490384615384616 0.0673076923076923
0 0.9615384615384616 0.11899038461538461 0.07451923076923077 0.08052884615384616
0 0.028846153846153848 0.18028846153846154 0.056490384615384616 0.039663461538461536
0 0.5516826923076923 0.7536057692307693 0.1310096153846154 0.056490384615384616
0 0.28125 0.8377403846153846 0.054086538461538464 0.06129807692307692
0 0.3954326923076923 0.44591346153846156 0.078125 0.036057692307692304
0 0.6382211538461539 0.546875 0.1141826923076923 0.038461538461538464
0 0.296875 0.4423076923076923 0.06610576923076923 0.03245192307692308
0 0.6538461538461539 0.49158653846153844 0.05048076923076923 0.04807692307692308
0 0.21394230769230768 0.8377403846153846 0.07572115384615384 0.03365384615384615
0 0.7908653846153846 0.4807692307692308 0.07572115384615384 0.04927884615384615
0 0.8401442307692307 0.8557692307692307 0.04447115384615385 0.028846153846153848
0 0.29086538461538464 0.5048076923076923 0.09615384615384616 0.04927884615384615
0 0.9567307692307693 0.7848557692307693 0.06610576923076923 0.038461538461538464
0 0.6358173076923077 0.26322115384615385 0.054086538461538464 0.052884615384615384
0 0.16346153846153846 0.7163461538461539 0.08413461538461539 0.04326923076923077
0 0.41346153846153844 0.35336538461538464 0.05889423076923077 0.055288461538461536
0 0.2956730769230769 0.08533653846153846 0.06370192307692307 0.06009615384615385
0 0.5588942307692307 0.5997596153846154 0.09254807692307693 0.051682692307692304
0 0.4254807692307692 0.078125 0.0829326923076923 0.08533653846153846
0 0.5108173076923077 0.4206730769230769 0.08533653846153846 0.07211538461538461
0 0.4987980769230769 0.5625 0.078125 0.028846153846153848
0 0.9266826923076923 0.8870192307692307 0.07091346153846154 0.03125
0 0.9723557692307693 0.36658653846153844 0.054086538461538464 0.08052884615384616
0 0.3629807692307692 0.1141826923076923 0.09375 0.04326923076923077
0 0.6069711538461539 0.42788461538461536 0.10096153846153846 0.07932692307692307
0 0.054086538461538464 0.9831730769230769 0.09735576923076923 0.03125
0 0.0829326923076923 0.515625 0.1141826923076923 0.04927884615384615
0 0.6887019230769231 0.36177884615384615 0.0673076923076923 0.07572115384615384
0 0.3389423076923077 0.8088942307692307 0.08653846153846154 0.038461538461538464
0 0.040865384615384616 0.6634615384615384 0.0625 0.06370192307692307
0 0.20673076923076922 0.4423076923076923 0.12740384615384615 0.06009615384615385
0 0.13701923076923078 0.1658653846153846 0.08653846153846154 0.042067307692307696
0 0.6646634615384616 0.578125 0.10697115384615384 0.037259615384615384
0 0.5408653846153846 0.4879807692307692 0.08774038461538461 0.06009615384615385
0 0.875 0.8665865384615384 0.051682692307692304 0.028846153846153848
0 0.04807692307692308 0.22596153846153846 0.06850961538461539 0.036057692307692304
0 0.13581730769230768 0.43990384615384615 0.0889423076923077 0.04927884615384615
0 0.1935096153846154 0.14543269230769232 0.06370192307692307 0.03365384615384615
0 0.5300480769230769 0.3401442307692308 0.11538461538461539 0.10096153846153846
0 0.20192307692307693 0.6947115384615384 0.09375 0.04927884615384615
0 0.4795673076923077 0.38461538461538464 0.0733173076923077 0.038461538461538464
0 0.49399038461538464 0.125 0.06009615384615385 0.06370192307692307
0 0.03485576923076923 0.3786057692307692 0.06971153846153846 0.08413461538461539
0 0.703125 0.9795673076923077 0.07451923076923077 0.039663461538461536
0 0.0625 0.6658653846153846 0.0625 0.06370192307692307
0 0.5805288461538461 0.765625 0.08413461538461539 0.04447115384615385
0 0.20793269230769232 0.4182692307692308 0.10576923076923077 0.042067307692307696
0 0.21875 0.875 0.0889423076923077 0.030048076923076924
0 0.38822115384615385 0.20072115384615385 0.05889423076923077 0.06490384615384616
0 0.8810096153846154 0.890625 0.06370192307692307 0.03365384615384615
0 0.39783653846153844 0.4098557692307692 0.1658653846153846 0.07692307692307693
0 0.4987980769230769 0.9723557692307693 0.08774038461538461 0.054086538461538464
0 0.8954326923076923 0.7920673076923077 0.05889423076923077 0.051682692307692304