0 0.7403846153846154 0.24278846153846154 0.08653846153846154 0.06370192307692307
0 0.6081730769230769 0.7115384615384616 0.13221153846153846 0.109375
0 0.4014423076923077 0.9795673076923077 0.10697115384615384 0.038461538461538464
0 0.7560096153846154 0.38822115384615385 0.21033653846153846 0.08774038461538461
0 0.13701923076923078 0.12980769230769232 0.0673076923076923 0.08533653846153846
0 0.953125 0.6923076923076923 0.09134615384615384 0.14903846153846154
0 0.921875 0.8028846153846154 0.10697115384615384 0.10096153846153846
0 0.24519230769230768 0.10336538461538461 0.06370192307692307 0.0889423076923077
0 0.9699519230769231 0.39302884615384615 0.05889423076923077 0.10697115384615384
0 0.9326923076923077 0.15384615384615385 0.0985576923076923 0.09134615384615384
0 0.6802884615384616 0.8617788461538461 0.1201923076923077 0.10697115384615384
0 0.7788461538461539 0.9459134615384616 0.10096153846153846 0.10096153846153846
0 0.546875 0.8125 0.109375 0.08533653846153846
0 0.2668269230769231 0.6490384615384616 0.10096153846153846 0.08653846153846154
0 0.6875 0.3942307692307692 0.15745192307692307 0.0889423076923077
0 0.5228365384615384 0.5360576923076923 0.1346153846153846 0.06370192307692307
0 0.5709134615384616 0.6346153846153846 0.15264423076923078 0.06971153846153846
0 0.8581730769230769 0.02283653846153846 0.09134615384615384 0.04567307692307692
0 0.7211538461538461 0.75 0.11177884615384616 0.09134615384615384
0 0.3581730769230769 0.59375 0.06370192307692307 0.07572115384615384
0 0.06610576923076923 0.5877403846153846 0.12980769230769232 0.09254807692307693
0 0.27403846153846156 0.3233173076923077 0.14302884615384615 0.06490384615384616