0 0.04927884615384615 0.046875 0.05889423076923077 0.02403846153846154
0 0.03365384615384615 0.19471153846153846 0.04447115384615385 0.08774038461538461
0 0.026442307692307692 0.31009615384615385 0.028846153846153848 0.036057692307692304
0 0.1201923076923077 0.33052884615384615 0.018028846153846152 0.025240384615384616
0 0.05048076923076923 0.36778846153846156 0.042067307692307696 0.039663461538461536
0 0.0673076923076923 0.41225961538461536 0.038461538461538464 0.056490384615384616
0 0.028846153846153848 0.43990384615384615 0.03485576923076923 0.06971153846153846
0 0.25240384615384615 0.17427884615384615 0.046875 0.04447115384615385
0 0.27403846153846156 0.34975961538461536 0.06009615384615385 0.042067307692307696
0 0.23317307692307693 0.3016826923076923 0.02403846153846154 0.037259615384615384
0 0.2920673076923077 0.25721153846153844 0.020432692307692308 0.019230769230769232
0 0.32211538461538464 0.33533653846153844 0.03125 0.02403846153846154
0 0.328125 0.2956730769230769 0.04927884615384615 0.09014423076923077
0 0.42908653846153844 0.24278846153846154 0.026442307692307692 0.040865384615384616
0 0.46153846153846156 0.08653846153846154 0.10336538461538461 0.08413461538461539
0 0.5673076923076923 0.2283653846153846 0.051682692307692304 0.051682692307692304
0 0.6213942307692307 0.17548076923076922 0.055288461538461536 0.03125
0 0.6069711538461539 0.14182692307692307 0.028846153846153848 0.040865384615384616
0 0.5853365384615384 0.06850961538461539 0.02403846153846154 0.057692307692307696
0 0.6923076923076923 0.05048076923076923 0.07932692307692307 0.10096153846153846
0 0.6310096153846154 0.0985576923076923 0.04567307692307692 0.08413461538461539
0 0.7055288461538461 0.16706730769230768 0.04447115384615385 0.057692307692307696
0 0.6947115384615384 0.2127403846153846 0.037259615384615384 0.039663461538461536
0 0.71875 0.234375 0.06129807692307692 0.04326923076923077
0 0.921875 0.13341346153846154 0.1141826923076923 0.04447115384615385
0 0.8798076923076923 0.16947115384615385 0.04447115384615385 0.07211538461538461
0 0.90625 0.21514423076923078 0.11177884615384616 0.03365384615384615
0 0.8918269230769231 0.3161057692307692 0.056490384615384616 0.026442307692307692
0 0.6274038461538461 0.45552884615384615 0.057692307692307696 0.021634615384615384
0 0.5180288461538461 0.42788461538461536 0.046875 0.12259615384615384
0 0.7427884615384616 0.53125 0.037259615384615384 0.02403846153846154
0 0.7139423076923077 0.5276442307692307 0.051682692307692304 0.04447115384615385
0 0.6923076923076923 0.5492788461538461 0.06129807692307692 0.028846153846153848
0 0.47475961538461536 0.5108173076923077 0.02403846153846154 0.02283653846153846
0 0.4567307692307692 0.5913461538461539 0.10576923076923077 0.038461538461538464
0 0.5372596153846154 0.6334134615384616 0.036057692307692304 0.03485576923076923
0 0.6129807692307693 0.6141826923076923 0.04567307692307692 0.028846153846153848
0 0.7283653846153846 0.6129807692307693 0.0733173076923077 0.06490384615384616
0 0.6790865384615384 0.6490384615384616 0.06971153846153846 0.02403846153846154
0 0.5877403846153846 0.6814903846153846 0.04927884615384615 0.04447115384615385
0 0.6754807692307693 0.7115384615384616 0.06129807692307692 0.11057692307692307
0 0.7115384615384616 0.6694711538461539 0.0673076923076923 0.07451923076923077
0 0.7524038461538461 0.6947115384615384 0.07211538461538461 0.0985576923076923
0 0.8125 0.6947115384615384 0.06370192307692307 0.109375
0 0.9615384615384616 0.7067307692307693 0.05048076923076923 0.04447115384615385
0 0.9338942307692307 0.7319711538461539 0.07211538461538461 0.03485576923076923
0 0.7608173076923077 0.765625 0.036057692307692304 0.04567307692307692
0 0.8112980769230769 0.7872596153846154 0.06610576923076923 0.07932692307692307
0 0.5564903846153846 0.7512019230769231 0.04927884615384615 0.08052884615384616
0 0.3485576923076923 0.6622596153846154 0.08653846153846154 0.04567307692307692
0 0.11899038461538461 0.5612980769230769 0.04447115384615385 0.04447115384615385
0 0.15384615384615385 0.5576923076923077 0.018028846153846152 0.02283653846153846
0 0.21634615384615385 0.6117788461538461 0.07572115384615384 0.055288461538461536
0 0.2860576923076923 0.6802884615384616 0.04567307692307692 0.09495192307692307
0 0.203125 0.6682692307692307 0.039663461538461536 0.026442307692307692
0 0.15985576923076922 0.6502403846153846 0.03125 0.055288461538461536
0 0.08413461538461539 0.6670673076923077 0.04927884615384615 0.03365384615384615
0 0.2439903846153846 0.9182692307692307 0.04567307692307692 0.1622596153846154
0 0.042067307692307696 0.7475961538461539 0.039663461538461536 0.09975961538461539
0 0.040865384615384616 0.8185096153846154 0.021634615384615384 0.04447115384615385
0 0.4110576923076923 0.9855769230769231 0.026442307692307692 0.027644230769230768
0 0.9387019230769231 0.8870192307692307 0.028846153846153848 0.039663461538461536
0 0.03485576923076923 0.2932692307692308 0.03245192307692308 0.03245192307692308
0 0.6153846153846154 0.2247596153846154 0.019230769230769232 0.037259615384615384