0 0.014423076923076924 0.9302884615384616 0.028846153846153848 0.0673076923076923
0 0.8353365384615384 0.19951923076923078 0.12259615384615384 0.1141826923076923
0 0.22355769230769232 0.7716346153846154 0.10216346153846154 0.05048076923076923
0 0.5516826923076923 0.7584134615384616 0.09014423076923077 0.04807692307692308
0 0.8028846153846154 0.6778846153846154 0.0625 0.06370192307692307
0 0.9663461538461539 0.16346153846153846 0.06490384615384616 0.08653846153846154
0 0.24759615384615385 0.07451923076923077 0.10216346153846154 0.09615384615384616
0 0.625 0.8425480769230769 0.11778846153846154 0.06971153846153846
0 0.47716346153846156 0.78125 0.09735576923076923 0.07572115384615384
0 0.96875 0.5108173076923077 0.06129807692307692 0.07572115384615384
0 0.8329326923076923 0.30288461538461536 0.07572115384615384 0.078125
0 0.41466346153846156 0.23317307692307693 0.10817307692307693 0.078125
0 0.052884615384615384 0.37740384615384615 0.10576923076923077 0.09134615384615384
0 0.984375 0.7091346153846154 0.028846153846153848 0.06370192307692307
0 0.6358173076923077 0.4951923076923077 0.10697115384615384 0.08052884615384616
0 0.796875 0.6274038461538461 0.06850961538461539 0.07932692307692307
0 0.23557692307692307 0.9807692307692307 0.09975961538461539 0.036057692307692304
0 0.030048076923076924 0.2512019230769231 0.06009615384615385 0.06490384615384616
0 0.6274038461538461 0.11057692307692307 0.11658653846153846 0.08173076923076923
0 0.9603365384615384 0.9375 0.078125 0.12259615384615384
0 0.8509615384615384 0.44350961538461536 0.10697115384615384 0.078125
0 0.6766826923076923 0.203125 0.04567307692307692 0.07091346153846154
0 0.6466346153846154 0.9146634615384616 0.08533653846153846 0.04807692307692308
0 0.734375 0.25 0.06490384615384616 0.09134615384615384
0 0.8870192307692307 0.8942307692307693 0.1045673076923077 0.09254807692307693
0 0.3088942307692308 0.53125 0.09375 0.109375
0 0.36658653846153844 0.12379807692307693 0.06850961538461539 0.0889423076923077
0 0.18990384615384615 0.3137019230769231 0.06610576923076923 0.09735576923076923
0 0.8076923076923077 0.890625 0.06490384615384616 0.10336538461538461
0 0.984375 0.43509615384615385 0.028846153846153848 0.07572115384615384
0 0.7872596153846154 0.7728365384615384 0.11538461538461539 0.057692307692307696
0 0.11298076923076923 0.5180288461538461 0.1201923076923077 0.07572115384615384