0 0.025240384615384616 0.8954326923076923 0.05048076923076923 0.0889423076923077
0 0.30649038461538464 0.5300480769230769 0.08173076923076923 0.06009615384615385
0 0.9675480769230769 0.7211538461538461 0.06009615384615385 0.06610576923076923
0 0.40384615384615385 0.5204326923076923 0.11298076923076923 0.16466346153846154
0 0.05889423076923077 0.4855769230769231 0.11778846153846154 0.11057692307692307
0 0.8822115384615384 0.06971153846153846 0.08173076923076923 0.13701923076923078
0 0.7764423076923077 0.2536057692307692 0.203125 0.19831730769230768
0 0.3233173076923077 0.14543269230769232 0.15144230769230768 0.07091346153846154
0 0.5012019230769231 0.9759615384615384 0.10336538461538461 0.04447115384615385
0 0.7548076923076923 0.7680288461538461 0.07932692307692307 0.10096153846153846
0 0.13581730769230768 0.6502403846153846 0.10216346153846154 0.1622596153846154
0 0.025240384615384616 0.7019230769230769 0.05048076923076923 0.14903846153846154
0 0.8930288461538461 0.8521634615384616 0.07572115384615384 0.0889423076923077
0 0.75 0.8786057692307693 0.08052884615384616 0.12259615384615384
0 0.6105769230769231 0.12740384615384615 0.14302884615384615 0.06850961538461539
0 0.7836538461538461 0.484375 0.19471153846153846 0.0889423076923077
0 0.31850961538461536 0.3629807692307692 0.09134615384615384 0.0889423076923077
0 0.24759615384615385 0.07451923076923077 0.11177884615384616 0.14903846153846154
0 0.47115384615384615 0.8112980769230769 0.15745192307692307 0.06490384615384616
0 0.7632211538461539 0.6826923076923077 0.052884615384615384 0.10216346153846154
0 0.4579326923076923 0.24519230769230768 0.10096153846153846 0.12379807692307693
0 0.2091346153846154 0.4567307692307692 0.09615384615384616 0.20072115384615385
0 0.39302884615384615 0.046875 0.1310096153846154 0.09375
0 0.18269230769230768 0.6346153846153846 0.13221153846153846 0.16826923076923078
0 0.9651442307692307 0.1310096153846154 0.06610576923076923 0.08052884615384616
0 0.16947115384615385 0.12620192307692307 0.06009615384615385 0.07572115384615384
0 0.9302884615384616 0.1971153846153846 0.13822115384615385 0.08653846153846154