0 0.7668269230769231 0.4987980769230769 0.08052884615384616 0.08653846153846154
0 0.5805288461538461 0.20192307692307693 0.11057692307692307 0.0625
0 0.41947115384615385 0.04807692307692308 0.10336538461538461 0.09615384615384616
0 0.16346153846153846 0.8112980769230769 0.11658653846153846 0.10576923076923077
0 0.32091346153846156 0.13581730769230768 0.12740384615384615 0.09495192307692307
0 0.3449519230769231 0.7908653846153846 0.16105769230769232 0.10216346153846154
0 0.2764423076923077 0.6358173076923077 0.0733173076923077 0.06971153846153846
0 0.48677884615384615 0.6983173076923077 0.08653846153846154 0.12259615384615384
0 0.8137019230769231 0.3713942307692308 0.06850961538461539 0.04927884615384615
0 0.9098557692307693 0.44471153846153844 0.07451923076923077 0.078125
0 0.5733173076923077 0.6850961538461539 0.13221153846153846 0.08173076923076923
0 0.7043269230769231 0.7884615384615384 0.06850961538461539 0.06009615384615385
0 0.13942307692307693 0.15144230769230768 0.1141826923076923 0.09134615384615384
0 0.2824519230769231 0.2536057692307692 0.11778846153846154 0.125
0 0.21875 0.6526442307692307 0.0829326923076923 0.08653846153846154
0 0.14783653846153846 0.515625 0.109375 0.06490384615384616
0 0.8257211538461539 0.056490384615384616 0.07572115384615384 0.06971153846153846
0 0.06850961538461539 0.9627403846153846 0.13701923076923078 0.06971153846153846
0 0.734375 0.5841346153846154 0.1141826923076923 0.09495192307692307
0 0.34134615384615385 0.5192307692307693 0.09254807692307693 0.09014423076923077
0 0.21153846153846154 0.08774038461538461 0.06971153846153846 0.12980769230769232
0 0.04567307692307692 0.04567307692307692 0.09134615384615384 0.09134615384615384
0 0.3137019230769231 0.3485576923076923 0.13822115384615385 0.08413461538461539
0 0.4579326923076923 0.8858173076923077 0.09014423076923077 0.12379807692307693
0 0.265625 0.1875 0.11899038461538461 0.08052884615384616
0 0.8798076923076923 0.9447115384615384 0.08413461538461539 0.10817307692307693
0 0.10817307692307693 0.3016826923076923 0.14903846153846154 0.057692307692307696
0 0.06850961538461539 0.8894230769230769 0.1045673076923077 0.11057692307692307
0 0.8016826923076923 0.9375 0.09735576923076923 0.0985576923076923
0 0.18269230769230768 0.028846153846153848 0.15985576923076922 0.057692307692307696
0 0.109375 0.34975961538461536 0.11538461538461539 0.11177884615384616
0 0.8810096153846154 0.18389423076923078 0.0733173076923077 0.06009615384615385
0 0.9158653846153846 0.5168269230769231 0.08653846153846154 0.09735576923076923
0 0.5961538461538461 0.2860576923076923 0.10216346153846154 0.08413461538461539
0 0.04326923076923077 0.7608173076923077 0.08653846153846154 0.08533653846153846
0 0.6634615384615384 0.11778846153846154 0.07451923076923077 0.09134615384615384
0 0.5084134615384616 0.4543269230769231 0.09134615384615384 0.08533653846153846
0 0.7884615384615384 0.12259615384615384 0.08173076923076923 0.07451923076923077