0 0.5168269230769231 0.042067307692307696 0.037259615384615384 0.06490384615384616
0 0.22355769230769232 0.5805288461538461 0.05048076923076923 0.08173076923076923
0 0.9314903846153846 0.18028846153846154 0.056490384615384616 0.09254807692307693
0 0.16947115384615385 0.8509615384615384 0.04567307692307692 0.07211538461538461
0 0.019230769230769232 0.5540865384615384 0.038461538461538464 0.038461538461538464
0 0.8954326923076923 0.8100961538461539 0.06610576923076923 0.06370192307692307
0 0.10817307692307693 0.23076923076923078 0.036057692307692304 0.04927884615384615
0 0.765625 0.8786057692307693 0.03125 0.056490384615384616
0 0.14783653846153846 0.47115384615384615 0.07211538461538461 0.0673076923076923
0 0.6177884615384616 0.8918269230769231 0.055288461538461536 0.04927884615384615
0 0.828125 0.08653846153846154 0.0733173076923077 0.09375
0 0.8822115384615384 0.5408653846153846 0.046875 0.08774038461538461
0 0.7319711538461539 0.8209134615384616 0.06009615384615385 0.054086538461538464
0 0.9759615384615384 0.9230769230769231 0.04326923076923077 0.027644230769230768
0 0.109375 0.8930288461538461 0.04927884615384615 0.054086538461538464
0 0.5697115384615384 0.8557692307692307 0.06129807692307692 0.054086538461538464
0 0.84375 0.8257211538461539 0.04807692307692308 0.07211538461538461
0 0.9326923076923077 0.45913461538461536 0.026442307692307692 0.06370192307692307
0 0.8377403846153846 0.028846153846153848 0.05048076923076923 0.056490384615384616
0 0.4735576923076923 0.5492788461538461 0.06490384615384616 0.056490384615384616
0 0.5228365384615384 0.15865384615384615 0.03365384615384615 0.0733173076923077
0 0.984375 0.4795673076923077 0.030048076923076924 0.038461538461538464
0 0.28125 0.5228365384615384 0.06490384615384616 0.04807692307692308
0 0.10096153846153846 0.5420673076923077 0.07692307692307693 0.0733173076923077
0 0.6754807692307693 0.46634615384615385 0.06009615384615385 0.055288461538461536
0 0.5637019230769231 0.03245192307692308 0.04447115384615385 0.055288461538461536
0 0.25841346153846156 0.4074519230769231 0.056490384615384616 0.12980769230769232
0 0.9423076923076923 0.8545673076923077 0.09615384615384616 0.055288461538461536
0 0.16826923076923078 0.5637019230769231 0.03365384615384615 0.06490384615384616
0 0.4735576923076923 0.06009615384615385 0.051682692307692304 0.04447115384615385
0 0.18990384615384615 0.6298076923076923 0.0625 0.028846153846153848
0 0.6995192307692307 0.7932692307692307 0.04927884615384615 0.04807692307692308
0 0.9735576923076923 0.7463942307692307 0.038461538461538464 0.0733173076923077
0 0.5805288461538461 0.4495192307692308 0.04447115384615385 0.10096153846153846
0 0.10096153846153846 0.48197115384615385 0.038461538461538464 0.028846153846153848
0 0.42788461538461536 0.0733173076923077 0.04447115384615385 0.039663461538461536
0 0.8317307692307693 0.5120192307692307 0.0625 0.038461538461538464
0 0.4014423076923077 0.4483173076923077 0.06370192307692307 0.0829326923076923
0 0.9579326923076923 0.8185096153846154 0.04927884615384615 0.057692307692307696
0 0.30649038461538464 0.8954326923076923 0.07692307692307693 0.05889423076923077
0 0.140625 0.5144230769230769 0.057692307692307696 0.055288461538461536
0 0.09975961538461539 0.09495192307692307 0.08653846153846154 0.04447115384615385
0 0.04927884615384615 0.21875 0.07572115384615384 0.056490384615384616
0 0.5408653846153846 0.2932692307692308 0.055288461538461536 0.04326923076923077
0 0.21514423076923078 0.41947115384615385 0.03485576923076923 0.055288461538461536
0 0.9735576923076923 0.515625 0.04927884615384615 0.04927884615384615
0 0.042067307692307696 0.18509615384615385 0.0829326923076923 0.04807692307692308
0 0.28125 0.6322115384615384 0.06129807692307692 0.04326923076923077
0 0.40625 0.1346153846153846 0.04447115384615385 0.078125