0 0.9579326923076923 0.13341346153846154 0.08173076923076923 0.13221153846153846
0 0.7115384615384616 0.8076923076923077 0.09975961538461539 0.10096153846153846
0 0.5949519230769231 0.1875 0.09975961538461539 0.09495192307692307
0 0.5961538461538461 0.53125 0.11778846153846154 0.09615384615384616
0 0.6009615384615384 0.9507211538461539 0.08533653846153846 0.07572115384615384
0 0.265625 0.36538461538461536 0.07572115384615384 0.078125
0 0.18629807692307693 0.25841346153846156 0.08052884615384616 0.1622596153846154
0 0.43509615384615385 0.7163461538461539 0.09615384615384616 0.09375
0 0.38341346153846156 0.2127403846153846 0.14783653846153846 0.125
0 0.44350961538461536 0.6826923076923077 0.15865384615384615 0.07572115384615384
0 0.24519230769230768 0.5552884615384616 0.11057692307692307 0.08774038461538461
0 0.12620192307692307 0.9026442307692307 0.10697115384615384 0.07572115384615384
0 0.5180288461538461 0.8365384615384616 0.10216346153846154 0.09615384615384616
0 0.4675480769230769 0.234375 0.08052884615384616 0.07572115384615384
0 0.21394230769230768 0.6430288461538461 0.14783653846153846 0.10697115384615384
0 0.3473557692307692 0.08653846153846154 0.12980769230769232 0.12259615384615384
0 0.35336538461538464 0.3161057692307692 0.12259615384615384 0.11177884615384616
0 0.1622596153846154 0.828125 0.18028846153846154 0.09134615384615384
0 0.7788461538461539 0.34134615384615385 0.09735576923076923 0.10697115384615384
0 0.8737980769230769 0.6814903846153846 0.0733173076923077 0.09495192307692307
0 0.9735576923076923 0.6201923076923077 0.04927884615384615 0.1658653846153846
0 0.5492788461538461 0.22355769230769232 0.06971153846153846 0.09134615384615384
0 0.8762019230769231 0.04567307692307692 0.09735576923076923 0.08774038461538461
0 0.7403846153846154 0.49278846153846156 0.11177884615384616 0.1141826923076923
0 0.014423076923076924 0.7451923076923077 0.028846153846153848 0.055288461538461536
0 0.9350961538461539 0.25 0.06610576923076923 0.08653846153846154