0 0.8449519230769231 0.4831730769230769 0.04326923076923077 0.06009615384615385
0 0.23798076923076922 0.828125 0.04927884615384615 0.06009615384615385
0 0.9639423076923077 0.7439903846153846 0.036057692307692304 0.055288461538461536
0 0.9134615384615384 0.8617788461538461 0.05048076923076923 0.10576923076923077
0 0.8617788461538461 0.7427884615384616 0.04326923076923077 0.04326923076923077
0 0.8725961538461539 0.6454326923076923 0.08774038461538461 0.052884615384615384
0 0.6189903846153846 0.7271634615384616 0.07572115384615384 0.09134615384615384
0 0.6514423076923077 0.8762019230769231 0.028846153846153848 0.04927884615384615
0 0.6081730769230769 0.8834134615384616 0.038461538461538464 0.056490384615384616
0 0.6971153846153846 0.8617788461538461 0.04447115384615385 0.12139423076923077
0 0.5108173076923077 0.9338942307692307 0.10336538461538461 0.046875
0 0.3786057692307692 0.7944711538461539 0.06009615384615385 0.04326923076923077
0 0.3233173076923077 0.7836538461538461 0.052884615384615384 0.04326923076923077
0 0.4014423076923077 0.7560096153846154 0.09735576923076923 0.06009615384615385
0 0.33052884615384615 0.8966346153846154 0.07932692307692307 0.10336538461538461
0 0.2620192307692308 0.9399038461538461 0.051682692307692304 0.06610576923076923
0 0.21995192307692307 0.9230769230769231 0.04447115384615385 0.09134615384615384
0 0.09375 0.8509615384615384 0.04447115384615385 0.06129807692307692
0 0.109375 0.75 0.055288461538461536 0.06009615384615385
0 0.08774038461538461 0.5444711538461539 0.06129807692307692 0.04447115384615385
0 0.21153846153846154 0.5637019230769231 0.039663461538461536 0.057692307692307696
0 0.6225961538461539 0.47836538461538464 0.038461538461538464 0.051682692307692304
0 0.3641826923076923 0.4170673076923077 0.07692307692307693 0.04807692307692308
0 0.38341346153846156 0.3088942307692308 0.038461538461538464 0.054086538461538464
0 0.31490384615384615 0.24759615384615385 0.04567307692307692 0.05048076923076923
0 0.21153846153846154 0.29927884615384615 0.0625 0.08173076923076923
0 0.375 0.05048076923076923 0.038461538461538464 0.04447115384615385
0 0.11057692307692307 0.0733173076923077 0.056490384615384616 0.08413461538461539
0 0.5276442307692307 0.08653846153846154 0.05048076923076923 0.056490384615384616
0 0.8473557692307693 0.11778846153846154 0.04927884615384615 0.052884615384615384
0 0.6490384615384616 0.15625 0.04447115384615385 0.038461538461538464
0 0.6862980769230769 0.28846153846153844 0.08173076923076923 0.06971153846153846
0 0.8786057692307693 0.29447115384615385 0.054086538461538464 0.04447115384615385
0 0.8978365384615384 0.24278846153846154 0.052884615384615384 0.038461538461538464
0 0.9579326923076923 0.3112980769230769 0.038461538461538464 0.04807692307692308
0 0.8016826923076923 0.375 0.04807692307692308 0.08774038461538461
0 0.9699519230769231 0.38100961538461536 0.02403846153846154 0.04326923076923077
0 0.46153846153846156 0.4579326923076923 0.03125 0.039663461538461536
0 0.7427884615384616 0.7427884615384616 0.037259615384615384 0.04447115384615385
0 0.21634615384615385 0.7331730769230769 0.04927884615384615 0.04807692307692308
0 0.7199519230769231 0.2403846153846154 0.037259615384615384 0.055288461538461536
0 0.15865384615384615 0.9567307692307693 0.040865384615384616 0.037259615384615384
0 0.5288461538461539 0.36538461538461536 0.05048076923076923 0.04927884615384615