0 0.036057692307692304 0.025240384615384616 0.052884615384615384 0.05048076923076923
0 0.03245192307692308 0.08533653846153846 0.06490384615384616 0.09375
0 0.16346153846153846 0.12379807692307693 0.07572115384615384 0.24759615384615385
0 0.0829326923076923 0.14903846153846154 0.12740384615384615 0.11177884615384616
0 0.38100961538461536 0.018028846153846152 0.13221153846153846 0.03485576923076923
0 0.32572115384615385 0.06971153846153846 0.12259615384615384 0.13942307692307693
0 0.4074519230769231 0.14423076923076922 0.2512019230769231 0.15625
0 0.37740384615384615 0.109375 0.13701923076923078 0.03125
0 0.9735576923076923 0.013221153846153846 0.04927884615384615 0.025240384615384616
0 0.9423076923076923 0.13701923076923078 0.1141826923076923 0.07091346153846154
0 0.7019230769230769 0.026442307692307692 0.0673076923076923 0.051682692307692304
0 0.6778846153846154 0.056490384615384616 0.20793269230769232 0.09375
0 0.16346153846153846 0.23677884615384615 0.21514423076923078 0.08173076923076923
0 0.5396634615384616 0.18269230769230768 0.10336538461538461 0.07451923076923077
0 0.8677884615384616 0.21514423076923078 0.11057692307692307 0.13701923076923078
0 0.5901442307692307 0.28966346153846156 0.04447115384615385 0.08653846153846154
0 0.8245192307692307 0.18990384615384615 0.08413461538461539 0.08774038461538461
0 0.7716346153846154 0.171875 0.20072115384615385 0.18389423076923078
0 0.056490384615384616 0.5132211538461539 0.11298076923076923 0.07451923076923077
0 0.5360576923076923 0.3425480769230769 0.11778846153846154 0.13701923076923078
0 0.3629807692307692 0.3870192307692308 0.18028846153846154 0.21995192307692307
0 0.609375 0.5612980769230769 0.06850961538461539 0.11298076923076923
0 0.46153846153846156 0.6454326923076923 0.11538461538461539 0.11057692307692307
0 0.4182692307692308 0.7884615384615384 0.06009615384615385 0.09014423076923077
0 0.4266826923076923 0.8725961538461539 0.07211538461538461 0.140625
0 0.3425480769230769 0.5733173076923077 0.05889423076923077 0.03365384615384615
0 0.24519230769230768 0.625 0.21514423076923078 0.13822115384615385
0 0.3329326923076923 0.6574519230769231 0.11778846153846154 0.12620192307692307
0 0.2403846153846154 0.7704326923076923 0.10697115384615384 0.13822115384615385
0 0.6177884615384616 0.796875 0.09014423076923077 0.04807692307692308
0 0.44350961538461536 0.9579326923076923 0.05889423076923077 0.07211538461538461
0 0.03365384615384615 0.7872596153846154 0.06610576923076923 0.09375
0 0.7872596153846154 0.6165865384615384 0.16947115384615385 0.10576923076923077
0 0.7415865384615384 0.6911057692307693 0.05048076923076923 0.08413461538461539
0 0.6201923076923077 0.8798076923076923 0.18389423076923078 0.1875
0 0.96875 0.6694711538461539 0.06009615384615385 0.21153846153846154
0 0.9471153846153846 0.8473557692307693 0.10096153846153846 0.3004807692307692
0 0.9675480769230769 0.8497596153846154 0.06370192307692307 0.14302884615384615
0 0.7536057692307693 0.9807692307692307 0.12860576923076922 0.037259615384615384
0 0.8449519230769231 0.9278846153846154 0.055288461538461536 0.14302884615384615
0 0.7920673076923077 0.8822115384615384 0.040865384615384616 0.06850961538461539
0 0.7259615384615384 0.8389423076923077 0.10697115384615384 0.22716346153846154
0 0.7680288461538461 0.7295673076923077 0.19471153846153846 0.06370192307692307
0 0.7259615384615384 0.9026442307692307 0.03485576923076923 0.078125
0 0.8269230769230769 0.8798076923076923 0.22355769230769232 0.203125
0 0.45552884615384615 0.9423076923076923 0.027644230769230768 0.036057692307692304