0 0.9507211538461539 0.08653846153846154 0.0829326923076923 0.09735576923076923
0 0.02403846153846154 0.203125 0.04807692307692308 0.09254807692307693
0 0.5889423076923077 0.9134615384615384 0.07692307692307693 0.07451923076923077
0 0.96875 0.515625 0.06009615384615385 0.10096153846153846
0 0.7403846153846154 0.036057692307692304 0.1466346153846154 0.06009615384615385
0 0.8100961538461539 0.625 0.0829326923076923 0.1141826923076923
0 0.9399038461538461 0.19230769230769232 0.07692307692307693 0.06129807692307692
0 0.2860576923076923 0.6430288461538461 0.10336538461538461 0.078125
0 0.9038461538461539 0.6730769230769231 0.06971153846153846 0.07572115384615384
0 0.4170673076923077 0.08052884615384616 0.14302884615384615 0.0673076923076923
0 0.04326923076923077 0.328125 0.08653846153846154 0.09615384615384616
0 0.5060096153846154 0.4230769230769231 0.07932692307692307 0.15865384615384615
0 0.8377403846153846 0.4495192307692308 0.07451923076923077 0.1201923076923077
0 0.3076923076923077 0.7716346153846154 0.07932692307692307 0.07451923076923077
0 0.12860576923076922 0.9783653846153846 0.078125 0.042067307692307696
0 0.36899038461538464 0.9579326923076923 0.10697115384615384 0.08173076923076923
0 0.640625 0.8233173076923077 0.0985576923076923 0.07692307692307693
0 0.5612980769230769 0.6947115384615384 0.06370192307692307 0.06610576923076923
0 0.10576923076923077 0.21514423076923078 0.14302884615384615 0.07692307692307693
0 0.5504807692307693 0.11057692307692307 0.08653846153846154 0.07692307692307693
0 0.2512019230769231 0.8954326923076923 0.09254807692307693 0.09495192307692307
0 0.4026442307692308 0.5793269230769231 0.09735576923076923 0.078125
0 0.8822115384615384 0.9651442307692307 0.09014423076923077 0.0673076923076923
0 0.9507211538461539 0.3389423076923077 0.09735576923076923 0.0889423076923077
0 0.7836538461538461 0.10336538461538461 0.08413461538461539 0.07211538461538461
0 0.7259615384615384 0.71875 0.09975961538461539 0.08052884615384616
0 0.04567307692307692 0.5649038461538461 0.09134615384615384 0.06129807692307692
0 0.7199519230769231 0.28365384615384615 0.07692307692307693 0.08052884615384616