0 0.12379807692307693 0.027644230769230768 0.13822115384615385 0.055288461538461536
0 0.22235576923076922 0.016826923076923076 0.08173076923076923 0.03365384615384615
0 0.4170673076923077 0.14543269230769232 0.24759615384615385 0.06370192307692307
0 0.4266826923076923 0.22355769230769232 0.04927884615384615 0.10697115384615384
0 0.5817307692307693 0.30408653846153844 0.06610576923076923 0.08413461538461539
0 0.7524038461538461 0.9411057692307693 0.14302884615384615 0.11538461538461539
0 0.8209134615384616 0.8725961538461539 0.23557692307692307 0.25240384615384615
0 0.8665865384615384 0.90625 0.2644230769230769 0.054086538461538464
0 0.39663461538461536 0.8557692307692307 0.15384615384615385 0.14903846153846154
0 0.040865384615384616 0.8882211538461539 0.055288461538461536 0.09495192307692307
0 0.16466346153846154 0.8137019230769231 0.15384615384615385 0.06850961538461539
0 0.25 0.7259615384615384 0.07572115384615384 0.35697115384615385
0 0.9603365384615384 0.1201923076923077 0.07692307692307693 0.1622596153846154
0 0.03365384615384615 0.9747596153846154 0.06610576923076923 0.04807692307692308
0 0.08533653846153846 0.6826923076923077 0.17067307692307693 0.0625
0 0.08653846153846154 0.6430288461538461 0.171875 0.055288461538461536
0 0.04807692307692308 0.08774038461538461 0.09615384615384616 0.05048076923076923
0 0.06370192307692307 0.18269230769230768 0.12740384615384615 0.1201923076923077
0 0.2608173076923077 0.19471153846153846 0.07572115384615384 0.16105769230769232
0 0.22355769230769232 0.12620192307692307 0.19591346153846154 0.13822115384615385
0 0.33052884615384615 0.32572115384615385 0.28725961538461536 0.28365384615384615
0 0.3088942307692308 0.40625 0.15384615384615385 0.20072115384615385
0 0.2091346153846154 0.29086538461538464 0.028846153846153848 0.03245192307692308
0 0.6105769230769231 0.21995192307692307 0.11538461538461539 0.13341346153846154
0 0.051682692307692304 0.37740384615384615 0.10216346153846154 0.12620192307692307
0 0.15504807692307693 0.46634615384615385 0.31009615384615385 0.08653846153846154
0 0.28725961538461536 0.5 0.04326923076923077 0.10697115384615384
0 0.057692307692307696 0.5432692307692307 0.06850961538461539 0.038461538461538464
0 0.057692307692307696 0.5793269230769231 0.11538461538461539 0.07932692307692307
0 0.1346153846153846 0.6153846153846154 0.03125 0.03245192307692308
0 0.14543269230769232 0.5552884615384616 0.052884615384615384 0.09134615384615384
0 0.34975961538461536 0.5985576923076923 0.14182692307692307 0.29447115384615385
0 0.29927884615384615 0.6634615384615384 0.05048076923076923 0.04447115384615385
0 0.4182692307692308 0.25600961538461536 0.27163461538461536 0.15264423076923078
0 0.11899038461538461 0.7319711538461539 0.23798076923076922 0.16346153846153846
0 0.31971153846153844 0.5997596153846154 0.08173076923076923 0.07932692307692307
0 0.36538461538461536 0.5612980769230769 0.016826923076923076 0.019230769230769232
0 0.5132211538461539 0.5697115384615384 0.078125 0.08173076923076923
0 0.5817307692307693 0.38221153846153844 0.32572115384615385 0.07572115384615384
0 0.9194711538461539 0.6814903846153846 0.15865384615384615 0.04807692307692308
0 0.9471153846153846 0.4807692307692308 0.10336538461538461 0.12259615384615384
0 0.9627403846153846 0.37259615384615385 0.0733173076923077 0.11177884615384616
0 0.9399038461538461 0.28365384615384615 0.11538461538461539 0.05048076923076923
0 0.8990384615384616 0.22716346153846154 0.171875 0.29086538461538464
0 0.9579326923076923 0.5865384615384616 0.0829326923076923 0.08413461538461539
0 0.9158653846153846 0.59375 0.12620192307692307 0.09134615384615384
0 0.9399038461538461 0.7632211538461539 0.11778846153846154 0.1502403846153846
0 0.7427884615384616 0.4495192307692308 0.140625 0.29447115384615385
0 0.9194711538461539 0.6875 0.15865384615384615 0.20072115384615385
0 0.8389423076923077 0.5432692307692307 0.07091346153846154 0.1935096153846154
0 0.6141826923076923 0.984375 0.04807692307692308 0.030048076923076924
0 0.19471153846153846 0.9014423076923077 0.03485576923076923 0.04447115384615385