0 0.036057692307692304 0.5540865384615384 0.07211538461538461 0.1310096153846154
0 0.046875 0.4879807692307692 0.09375 0.16346153846153846
0 0.5060096153846154 0.37259615384615385 0.08173076923076923 0.13221153846153846
0 0.0829326923076923 0.39302884615384615 0.12259615384615384 0.08653846153846154
0 0.5697115384615384 0.45072115384615385 0.09014423076923077 0.10576923076923077
0 0.6538461538461539 0.4387019230769231 0.11778846153846154 0.08052884615384616
0 0.8846153846153846 0.40024038461538464 0.21514423076923078 0.09735576923076923
0 0.8882211538461539 0.4639423076923077 0.10336538461538461 0.06490384615384616
0 0.8173076923076923 0.5997596153846154 0.09975961538461539 0.09014423076923077
0 0.8882211538461539 0.7067307692307693 0.08413461538461539 0.08653846153846154
0 0.90625 0.5228365384615384 0.18629807692307693 0.14783653846153846
0 0.046875 0.47836538461538464 0.09375 0.14423076923076922
0 0.0889423076923077 0.546875 0.09975961538461539 0.08173076923076923
0 0.6334134615384616 0.019230769230769232 0.05048076923076923 0.038461538461538464
0 0.09615384615384616 0.3870192307692308 0.06850961538461539 0.13701923076923078