0 0.2692307692307692 0.8569711538461539 0.10697115384615384 0.06370192307692307
0 0.46153846153846156 0.7259615384615384 0.13581730769230768 0.12259615384615384
0 0.02283653846153846 0.06971153846153846 0.04567307692307692 0.0673076923076923
0 0.7704326923076923 0.48677884615384615 0.06850961538461539 0.12139423076923077
0 0.7620192307692307 0.9783653846153846 0.09615384615384616 0.040865384615384616
0 0.06610576923076923 0.6911057692307693 0.13221153846153846 0.21394230769230768
0 0.04326923076923077 0.4495192307692308 0.08653846153846154 0.09134615384615384
0 0.26322115384615385 0.65625 0.16346153846153846 0.20552884615384615
0 0.7151442307692307 0.578125 0.07932692307692307 0.08533653846153846
0 0.5504807692307693 0.9314903846153846 0.18028846153846154 0.13221153846153846
0 0.25 0.5180288461538461 0.06490384615384616 0.12259615384615384
0 0.0673076923076923 0.04567307692307692 0.12980769230769232 0.09134615384615384
0 0.36658653846153844 0.9543269230769231 0.0889423076923077 0.0889423076923077
0 0.43149038461538464 0.1814903846153846 0.1502403846153846 0.10336538461538461
0 0.9543269230769231 0.0829326923076923 0.09014423076923077 0.10336538461538461
0 0.9314903846153846 0.2824519230769231 0.1346153846153846 0.12740384615384615
0 0.6862980769230769 0.45072115384615385 0.09134615384615384 0.09375
0 0.3798076923076923 0.43509615384615385 0.16346153846153846 0.1814903846153846
0 0.6045673076923077 0.5600961538461539 0.10096153846153846 0.08774038461538461
0 0.07692307692307693 0.34975961538461536 0.15144230769230768 0.078125
0 0.11658653846153846 0.4230769230769231 0.08653846153846154 0.07692307692307693
0 0.7908653846153846 0.05048076923076923 0.0829326923076923 0.09495192307692307
0 0.6430288461538461 0.6526442307692307 0.0829326923076923 0.055288461538461536
0 0.5264423076923077 0.051682692307692304 0.09134615384615384 0.10096153846153846
0 0.46153846153846156 0.3293269230769231 0.09014423076923077 0.0829326923076923
0 0.3485576923076923 0.7716346153846154 0.08052884615384616 0.18509615384615385
0 0.41947115384615385 0.953125 0.07932692307692307 0.09254807692307693
0 0.49759615384615385 0.7560096153846154 0.17427884615384615 0.13701923076923078
0 0.9507211538461539 0.6021634615384616 0.09615384615384616 0.11538461538461539
0 0.09735576923076923 0.609375 0.11899038461538461 0.2536057692307692
0 0.1875 0.04927884615384615 0.15865384615384615 0.0985576923076923