0 0.8762019230769231 0.052884615384615384 0.11298076923076923 0.10576923076923077
0 0.1935096153846154 0.21875 0.078125 0.14302884615384615
0 0.9495192307692307 0.32572115384615385 0.09975961538461539 0.07091346153846154
0 0.140625 0.6237980769230769 0.14302884615384615 0.0673076923076923
0 0.9735576923076923 0.7932692307692307 0.04927884615384615 0.055288461538461536
0 0.9627403846153846 0.4951923076923077 0.07211538461538461 0.10096153846153846
0 0.1502403846153846 0.9639423076923077 0.09615384615384616 0.06971153846153846
0 0.11177884615384616 0.9242788461538461 0.10216346153846154 0.057692307692307696
0 0.7572115384615384 0.7079326923076923 0.15264423076923078 0.07692307692307693
0 0.10697115384615384 0.796875 0.11057692307692307 0.06971153846153846
0 0.7271634615384616 0.6802884615384616 0.12980769230769232 0.07572115384615384
0 0.8701923076923077 0.8617788461538461 0.10096153846153846 0.08052884615384616
0 0.8617788461538461 0.6430288461538461 0.1045673076923077 0.07692307692307693
0 0.12259615384615384 0.4206730769230769 0.12139423076923077 0.08052884615384616
0 0.8112980769230769 0.7740384615384616 0.11177884615384616 0.08052884615384616
0 0.9086538461538461 0.7319711538461539 0.14302884615384615 0.0673076923076923
0 0.9254807692307693 0.23677884615384615 0.11778846153846154 0.09014423076923077
0 0.9663461538461539 0.08052884615384616 0.06490384615384616 0.07572115384615384
0 0.0625 0.296875 0.09134615384615384 0.07451923076923077
0 0.9675480769230769 0.5685096153846154 0.06129807692307692 0.046875
0 0.9651442307692307 0.8882211538461539 0.06850961538461539 0.04567307692307692
0 0.9495192307692307 0.9423076923076923 0.0985576923076923 0.1045673076923077
0 0.1045673076923077 0.7115384615384616 0.06971153846153846 0.078125
0 0.15504807692307693 0.15625 0.09495192307692307 0.10216346153846154