0 0.26322115384615385 0.42427884615384615 0.07211538461538461 0.078125
0 0.22355769230769232 0.37740384615384615 0.09615384615384616 0.11057692307692307
0 0.18990384615384615 0.9735576923076923 0.09134615384615384 0.05048076923076923
0 0.3329326923076923 0.6766826923076923 0.14302884615384615 0.11177884615384616
0 0.9711538461538461 0.6298076923076923 0.056490384615384616 0.10336538461538461
0 0.4110576923076923 0.8689903846153846 0.12740384615384615 0.0673076923076923
0 0.6117788461538461 0.6959134615384616 0.09375 0.10336538461538461
0 0.5120192307692307 0.6538461538461539 0.09134615384615384 0.1502403846153846
0 0.39783653846153844 0.3737980769230769 0.12620192307692307 0.07211538461538461
0 0.8389423076923077 0.08533653846153846 0.09495192307692307 0.07572115384615384
0 0.20192307692307693 0.7403846153846154 0.1346153846153846 0.08413461538461539
0 0.453125 0.8112980769230769 0.10096153846153846 0.06971153846153846
0 0.2608173076923077 0.03245192307692308 0.09134615384615384 0.06009615384615385
0 0.234375 0.8834134615384616 0.09615384615384616 0.07451923076923077
0 0.9110576923076923 0.052884615384615384 0.055288461538461536 0.07091346153846154
0 0.26322115384615385 0.9447115384615384 0.08774038461538461 0.05889423076923077
0 0.9483173076923077 0.4014423076923077 0.09495192307692307 0.17668269230769232
0 0.4423076923076923 0.9627403846153846 0.10096153846153846 0.07211538461538461
0 0.20072115384615385 0.2536057692307692 0.13822115384615385 0.07211538461538461
0 0.27403846153846156 0.22235576923076922 0.09375 0.19471153846153846
0 0.29447115384615385 0.9783653846153846 0.08413461538461539 0.03365384615384615
0 0.49399038461538464 0.21875 0.07932692307692307 0.21995192307692307
0 0.08533653846153846 0.4411057692307692 0.17067307692307693 0.10336538461538461
0 0.1346153846153846 0.9290865384615384 0.08533653846153846 0.13942307692307693
0 0.7475961538461539 0.42427884615384615 0.10336538461538461 0.140625
0 0.13701923076923078 0.016826923076923076 0.16947115384615385 0.03365384615384615
0 0.9819711538461539 0.484375 0.03365384615384615 0.09254807692307693
0 0.22716346153846154 0.5216346153846154 0.08774038461538461 0.08533653846153846
0 0.8978365384615384 0.6370192307692307 0.07692307692307693 0.10096153846153846
0 0.8689903846153846 0.35336538461538464 0.07572115384615384 0.14423076923076922
0 0.6442307692307693 0.49278846153846156 0.11298076923076923 0.22956730769230768
0 0.9519230769230769 0.03245192307692308 0.05889423076923077 0.04807692307692308
0 0.41947115384615385 0.7439903846153846 0.10096153846153846 0.09134615384615384
0 0.5973557692307693 0.21153846153846154 0.09134615384615384 0.10096153846153846
0 0.18269230769230768 0.18269230769230768 0.12620192307692307 0.0985576923076923