0 0.32572115384615385 0.14543269230769232 0.052884615384615384 0.07572115384615384
0 0.20432692307692307 0.40865384615384615 0.04927884615384615 0.04447115384615385
0 0.9855769230769231 0.5829326923076923 0.026442307692307692 0.052884615384615384
0 0.21634615384615385 0.9014423076923077 0.10096153846153846 0.06490384615384616
0 0.7475961538461539 0.5913461538461539 0.09014423076923077 0.036057692307692304
0 0.7740384615384616 0.9423076923076923 0.08533653846153846 0.0673076923076923
0 0.33533653846153844 0.18990384615384615 0.06370192307692307 0.07692307692307693
0 0.09375 0.7271634615384616 0.1045673076923077 0.039663461538461536
0 0.20432692307692307 0.7199519230769231 0.04447115384615385 0.08052884615384616
0 0.15504807692307693 0.12620192307692307 0.038461538461538464 0.038461538461538464
0 0.48197115384615385 0.7475961538461539 0.06610576923076923 0.040865384615384616
0 0.8100961538461539 0.7019230769230769 0.052884615384615384 0.056490384615384616
0 0.2704326923076923 0.7872596153846154 0.09014423076923077 0.042067307692307696
0 0.4254807692307692 0.6274038461538461 0.051682692307692304 0.06370192307692307
0 0.5877403846153846 0.703125 0.0889423076923077 0.10697115384615384
0 0.020432692307692308 0.23557692307692307 0.038461538461538464 0.0673076923076923
0 0.109375 0.7151442307692307 0.12980769230769232 0.04807692307692308
0 0.8233173076923077 0.6298076923076923 0.06610576923076923 0.06971153846153846
0 0.4387019230769231 0.057692307692307696 0.07451923076923077 0.0829326923076923
0 0.44350961538461536 0.30528846153846156 0.08173076923076923 0.09134615384615384
0 0.7788461538461539 0.11298076923076923 0.07451923076923077 0.0673076923076923
0 0.9759615384615384 0.12379807692307693 0.04447115384615385 0.039663461538461536
0 0.9507211538461539 0.90625 0.09615384615384616 0.057692307692307696
0 0.4423076923076923 0.16706730769230768 0.06490384615384616 0.038461538461538464
0 0.9375 0.31009615384615385 0.12259615384615384 0.05889423076923077
0 0.8677884615384616 0.0733173076923077 0.04927884615384615 0.046875
0 0.3245192307692308 0.9170673076923077 0.11298076923076923 0.057692307692307696
0 0.7487980769230769 0.23918269230769232 0.038461538461538464 0.06490384615384616
0 0.5661057692307693 0.25 0.056490384615384616 0.05048076923076923
0 0.9867788461538461 0.6814903846153846 0.02403846153846154 0.06610576923076923
0 0.09495192307692307 0.26322115384615385 0.037259615384615384 0.0829326923076923
0 0.7319711538461539 0.6225961538461539 0.13822115384615385 0.06490384615384616
0 0.7007211538461539 0.9819711538461539 0.06129807692307692 0.03365384615384615
0 0.6466346153846154 0.140625 0.09495192307692307 0.08052884615384616
0 0.9723557692307693 0.9699519230769231 0.052884615384615384 0.052884615384615384
0 0.21033653846153846 0.04927884615384615 0.10697115384615384 0.04447115384615385
0 0.5048076923076923 0.3557692307692308 0.05048076923076923 0.06610576923076923
0 0.09975961538461539 0.12740384615384615 0.0889423076923077 0.028846153846153848
0 0.6730769230769231 0.296875 0.056490384615384616 0.09014423076923077
0 0.15384615384615385 0.9783653846153846 0.09014423076923077 0.042067307692307696
0 0.3173076923076923 0.019230769230769232 0.07692307692307693 0.038461538461538464
0 0.9110576923076923 0.1778846153846154 0.054086538461538464 0.07091346153846154
0 0.5649038461538461 0.9146634615384616 0.109375 0.1201923076923077
0 0.41225961538461536 0.2512019230769231 0.055288461538461536 0.039663461538461536
0 0.5504807692307693 0.5228365384615384 0.0985576923076923 0.09615384615384616
0 0.06850961538461539 0.5288461538461539 0.04807692307692308 0.046875
0 0.15144230769230768 0.027644230769230768 0.06971153846153846 0.055288461538461536
0 0.09375 0.9086538461538461 0.10697115384615384 0.07211538461538461
0 0.6802884615384616 0.7067307692307693 0.07211538461538461 0.040865384615384616
0 0.24879807692307693 0.9447115384615384 0.07451923076923077 0.06009615384615385
0 0.36658653846153844 0.8233173076923077 0.08774038461538461 0.042067307692307696
0 0.9002403846153846 0.5528846153846154 0.07692307692307693 0.10096153846153846
0 0.1778846153846154 0.23918269230769232 0.0625 0.046875
0 0.5060096153846154 0.9891826923076923 0.1045673076923077 0.019230769230769232
0 0.9735576923076923 0.7079326923076923 0.04807692307692308 0.028846153846153848
0 0.15865384615384615 0.24759615384615385 0.09615384615384616 0.07572115384615384
0 0.8185096153846154 0.9038461538461539 0.07932692307692307 0.054086538461538464
0 0.11778846153846154 0.4963942307692308 0.04927884615384615 0.04447115384615385
0 0.8329326923076923 0.9639423076923077 0.042067307692307696 0.0673076923076923
0 0.6298076923076923 0.6971153846153846 0.06490384615384616 0.109375
0 0.10576923076923077 0.6213942307692307 0.06850961538461539 0.07211538461538461
0 0.328125 0.34375 0.057692307692307696 0.11177884615384616
0 0.5168269230769231 0.6574519230769231 0.08052884615384616 0.08774038461538461
0 0.671875 0.7451923076923077 0.057692307692307696 0.04807692307692308
0 0.9759615384615384 0.8125 0.046875 0.027644230769230768