0 0.6237980769230769 0.04807692307692308 0.08653846153846154 0.05048076923076923
0 0.04567307692307692 0.07572115384615384 0.07572115384615384 0.040865384615384616
0 0.04447115384615385 0.014423076923076924 0.08774038461538461 0.028846153846153848
0 0.7367788461538461 0.6923076923076923 0.13701923076923078 0.07211538461538461
0 0.5036057692307693 0.7776442307692307 0.04447115384615385 0.056490384615384616
0 0.45913461538461536 0.8257211538461539 0.04927884615384615 0.042067307692307696
0 0.2764423076923077 0.8040865384615384 0.04567307692307692 0.08173076923076923
0 0.30528846153846156 0.7740384615384616 0.021634615384615384 0.027644230769230768
0 0.38822115384615385 0.7872596153846154 0.05889423076923077 0.028846153846153848
0 0.8173076923076923 0.859375 0.09495192307692307 0.06490384615384616
0 0.38822115384615385 0.9627403846153846 0.037259615384615384 0.04567307692307692
0 0.28725961538461536 0.9459134615384616 0.13701923076923078 0.08653846153846154
0 0.040865384615384616 0.9459134615384616 0.07932692307692307 0.10697115384615384
0 0.5889423076923077 0.6466346153846154 0.03245192307692308 0.02283653846153846