0 0.3641826923076923 0.8305288461538461 0.08052884615384616 0.1346153846153846
0 0.9723557692307693 0.46153846153846156 0.054086538461538464 0.07572115384615384
0 0.9507211538461539 0.3894230769230769 0.06370192307692307 0.1045673076923077
0 0.4014423076923077 0.2403846153846154 0.06850961538461539 0.09615384615384616
0 0.02403846153846154 0.21394230769230768 0.046875 0.07572115384615384
0 0.12620192307692307 0.17908653846153846 0.15384615384615385 0.23317307692307693
0 0.8004807692307693 0.9375 0.11778846153846154 0.11658653846153846
0 0.14783653846153846 0.5504807692307693 0.09495192307692307 0.1502403846153846
0 0.7247596153846154 0.43509615384615385 0.20432692307692307 0.07572115384615384
0 0.040865384615384616 0.9362980769230769 0.08052884615384616 0.09014423076923077
0 0.9591346153846154 0.17908653846153846 0.08052884615384616 0.15625
0 0.8353365384615384 0.9278846153846154 0.08653846153846154 0.08653846153846154
0 0.3016826923076923 0.28125 0.08052884615384616 0.09495192307692307
0 0.5817307692307693 0.921875 0.16466346153846154 0.15384615384615385
0 0.5120192307692307 0.6742788461538461 0.12259615384615384 0.1346153846153846
0 0.2800480769230769 0.37259615384615385 0.26802884615384615 0.08653846153846154
0 0.34615384615384615 0.6706730769230769 0.10336538461538461 0.09495192307692307
0 0.9447115384615384 0.7944711538461539 0.10817307692307693 0.09014423076923077
0 0.5600961538461539 0.5192307692307693 0.09014423076923077 0.09134615384615384
0 0.4639423076923077 0.5673076923076923 0.16706730769230768 0.12620192307692307
0 0.8016826923076923 0.31009615384615385 0.2091346153846154 0.08653846153846154
0 0.9543269230769231 0.5793269230769231 0.0889423076923077 0.078125
0 0.19591346153846154 0.2439903846153846 0.15865384615384615 0.1466346153846154