0 0.6057692307692307 0.07692307692307693 0.07451923076923077 0.0829326923076923
0 0.7980769230769231 0.07091346153846154 0.06971153846153846 0.0985576923076923
0 0.9747596153846154 0.07932692307692307 0.04807692307692308 0.09014423076923077
0 0.9663461538461539 0.16105769230769232 0.042067307692307696 0.078125
0 0.9230769230769231 0.2920673076923077 0.09014423076923077 0.08653846153846154
0 0.9567307692307693 0.35216346153846156 0.0829326923076923 0.06610576923076923
0 0.8461538461538461 0.3918269230769231 0.051682692307692304 0.046875
0 0.7980769230769231 0.35697115384615385 0.078125 0.08413461538461539
0 0.8569711538461539 0.46634615384615385 0.078125 0.06971153846153846
0 0.7475961538461539 0.49759615384615385 0.04807692307692308 0.042067307692307696
0 0.7860576923076923 0.5649038461538461 0.04927884615384615 0.04927884615384615
0 0.8269230769230769 0.5829326923076923 0.039663461538461536 0.039663461538461536
0 0.8581730769230769 0.6262019230769231 0.08413461538461539 0.04927884615384615
0 0.859375 0.671875 0.06009615384615385 0.04447115384615385
0 0.828125 0.7884615384615384 0.054086538461538464 0.04927884615384615
0 0.8822115384615384 0.7307692307692307 0.06009615384615385 0.04447115384615385
0 0.8581730769230769 0.8665865384615384 0.06129807692307692 0.056490384615384616
0 0.9639423076923077 0.8870192307692307 0.06129807692307692 0.06490384615384616
0 0.34134615384615385 0.9807692307692307 0.06009615384615385 0.037259615384615384
0 0.5 0.8305288461538461 0.04807692307692308 0.04447115384615385
0 0.40625 0.9579326923076923 0.06129807692307692 0.054086538461538464
0 0.39663461538461536 0.8149038461538461 0.06490384615384616 0.078125
0 0.41947115384615385 0.90625 0.04447115384615385 0.042067307692307696
0 0.453125 0.6983173076923077 0.055288461538461536 0.04807692307692308
0 0.4483173076923077 0.8064903846153846 0.039663461538461536 0.056490384615384616
0 0.41346153846153844 0.7451923076923077 0.06610576923076923 0.06370192307692307
0 0.45552884615384615 0.46033653846153844 0.04807692307692308 0.038461538461538464
0 0.4675480769230769 0.41346153846153844 0.06610576923076923 0.06009615384615385
0 0.390625 0.4254807692307692 0.030048076923076924 0.03125
0 0.07572115384615384 0.46634615384615385 0.055288461538461536 0.055288461538461536
0 0.025240384615384616 0.4567307692307692 0.05048076923076923 0.04807692307692308
0 0.05048076923076923 0.6598557692307693 0.06370192307692307 0.06490384615384616
0 0.10216346153846154 0.7403846153846154 0.06370192307692307 0.07451923076923077
0 0.026442307692307692 0.5576923076923077 0.05048076923076923 0.038461538461538464
0 0.057692307692307696 0.5697115384615384 0.07692307692307693 0.056490384615384616
0 0.030048076923076924 0.28846153846153844 0.06009615384615385 0.08173076923076923
0 0.03245192307692308 0.3605769230769231 0.06490384615384616 0.07211538461538461
0 0.3894230769230769 0.3545673076923077 0.052884615384615384 0.0625
0 0.1045673076923077 0.30408653846153844 0.06009615384615385 0.055288461538461536
0 0.11057692307692307 0.13341346153846154 0.052884615384615384 0.08413461538461539
0 0.021634615384615384 0.12860576923076922 0.04326923076923077 0.08413461538461539
0 0.34134615384615385 0.17427884615384615 0.08052884615384616 0.07211538461538461
0 0.3125 0.07211538461538461 0.05889423076923077 0.08052884615384616
0 0.07211538461538461 0.057692307692307696 0.04447115384615385 0.07572115384615384
0 0.3870192307692308 0.12740384615384615 0.055288461538461536 0.08653846153846154
0 0.4579326923076923 0.20432692307692307 0.056490384615384616 0.08653846153846154
0 0.42908653846153844 0.203125 0.055288461538461536 0.07451923076923077
0 0.5432692307692307 0.30408653846153844 0.051682692307692304 0.037259615384615384
0 0.09735576923076923 0.8701923076923077 0.06490384615384616 0.06490384615384616
0 0.039663461538461536 0.828125 0.054086538461538464 0.04567307692307692
0 0.038461538461538464 0.9723557692307693 0.054086538461538464 0.052884615384615384
0 0.18269230769230768 0.7307692307692307 0.052884615384615384 0.04927884615384615
0 0.021634615384615384 0.04447115384615385 0.04326923076923077 0.06971153846153846
0 0.9338942307692307 0.109375 0.06009615384615385 0.055288461538461536
0 0.7896634615384616 0.4879807692307692 0.06971153846153846 0.038461538461538464
0 0.04447115384615385 0.4074519230769231 0.028846153846153848 0.03125
0 0.04567307692307692 0.6105769230769231 0.055288461538461536 0.028846153846153848
0 0.013221153846153846 0.1875 0.025240384615384616 0.04447115384615385
0 0.009615384615384616 0.9543269230769231 0.019230769230769232 0.052884615384615384
0 0.01201923076923077 0.9891826923076923 0.02403846153846154 0.019230769230769232
0 0.43990384615384615 0.9783653846153846 0.046875 0.042067307692307696
0 0.9759615384615384 0.25240384615384615 0.04567307692307692 0.09735576923076923
0 0.875 0.7079326923076923 0.036057692307692304 0.028846153846153848
0 0.9411057692307693 0.3389423076923077 0.06971153846153846 0.04927884615384615
0 0.03485576923076923 0.5889423076923077 0.04927884615384615 0.025240384615384616
0 0.9879807692307693 0.1658653846153846 0.021634615384615384 0.08052884615384616