0 0.9110576923076923 0.18028846153846154 0.1141826923076923 0.1935096153846154
0 0.3112980769230769 0.7223557692307693 0.07572115384615384 0.05889423076923077
0 0.1622596153846154 0.6382211538461539 0.12980769230769232 0.054086538461538464
0 0.12379807692307693 0.0625 0.12379807692307693 0.10096153846153846
0 0.25600961538461536 0.4326923076923077 0.13701923076923078 0.23918269230769232
0 0.38100961538461536 0.05889423076923077 0.1201923076923077 0.10096153846153846
0 0.08052884615384616 0.8257211538461539 0.15985576923076922 0.07211538461538461
0 0.12379807692307693 0.6838942307692307 0.10216346153846154 0.07692307692307693
0 0.6875 0.9170673076923077 0.06129807692307692 0.07692307692307693
0 0.4519230769230769 0.7584134615384616 0.11778846153846154 0.055288461538461536
0 0.6081730769230769 0.5240384615384616 0.056490384615384616 0.16826923076923078
0 0.09495192307692307 0.4879807692307692 0.14302884615384615 0.13581730769230768
0 0.3473557692307692 0.6502403846153846 0.09134615384615384 0.06971153846153846
0 0.9230769230769231 0.35096153846153844 0.07211538461538461 0.15264423076923078
0 0.6310096153846154 0.10576923076923077 0.04567307692307692 0.04567307692307692
0 0.19471153846153846 0.19591346153846154 0.04927884615384615 0.04447115384615385
0 0.6670673076923077 0.5673076923076923 0.09134615384615384 0.16826923076923078
0 0.90625 0.13221153846153846 0.12379807692307693 0.1814903846153846
0 0.5480769230769231 0.6009615384615384 0.18028846153846154 0.10096153846153846
0 0.08052884615384616 0.9110576923076923 0.055288461538461536 0.09495192307692307
0 0.4891826923076923 0.9759615384615384 0.09975961538461539 0.046875
0 0.33533653846153844 0.4495192307692308 0.08653846153846154 0.07932692307692307
0 0.25240384615384615 0.19471153846153846 0.08774038461538461 0.07932692307692307
0 0.09134615384615384 0.23197115384615385 0.109375 0.08052884615384616
0 0.5757211538461539 0.8930288461538461 0.1622596153846154 0.12259615384615384
0 0.37740384615384615 0.9483173076923077 0.06850961538461539 0.10096153846153846
0 0.6838942307692307 0.2764423076923077 0.09735576923076923 0.15264423076923078
0 0.9735576923076923 0.6045673076923077 0.04927884615384615 0.14543269230769232
0 0.19110576923076922 0.9158653846153846 0.18509615384615385 0.13341346153846154
0 0.9663461538461539 0.47475961538461536 0.06490384615384616 0.0625
0 0.6442307692307693 0.4375 0.06610576923076923 0.036057692307692304
0 0.515625 0.039663461538461536 0.06129807692307692 0.07932692307692307
0 0.6009615384615384 0.7920673076923077 0.08173076923076923 0.08533653846153846
0 0.8834134615384616 0.45913461538461536 0.11177884615384616 0.06610576923076923
0 0.9026442307692307 0.5168269230769231 0.052884615384615384 0.09375
0 0.7740384615384616 0.3581730769230769 0.10096153846153846 0.10216346153846154
0 0.11298076923076923 0.09254807692307693 0.12379807692307693 0.10096153846153846
0 0.2824519230769231 0.7704326923076923 0.171875 0.13341346153846154