0 0.027644230769230768 0.5877403846153846 0.055288461538461536 0.0625
0 0.09615384615384616 0.6706730769230769 0.08173076923076923 0.03365384615384615
0 0.2920673076923077 0.5612980769230769 0.08533653846153846 0.046875
0 0.7391826923076923 0.36778846153846156 0.04807692307692308 0.055288461538461536
0 0.24639423076923078 0.2668269230769231 0.07932692307692307 0.051682692307692304
0 0.23677884615384615 0.057692307692307696 0.09254807692307693 0.06971153846153846
0 0.6310096153846154 0.0673076923076923 0.0625 0.04567307692307692
0 0.13581730769230768 0.5985576923076923 0.0889423076923077 0.03365384615384615
0 0.609375 0.2764423076923077 0.07572115384615384 0.06009615384615385
0 0.7512019230769231 0.23677884615384615 0.0889423076923077 0.03125
0 0.6298076923076923 0.7019230769230769 0.09615384615384616 0.04447115384615385
0 0.03485576923076923 0.8882211538461539 0.06971153846153846 0.06610576923076923
0 0.8329326923076923 0.6237980769230769 0.052884615384615384 0.03365384615384615
0 0.5 0.6502403846153846 0.07692307692307693 0.028846153846153848
0 0.5889423076923077 0.6646634615384616 0.04927884615384615 0.03245192307692308
0 0.5576923076923077 0.35697115384615385 0.04807692307692308 0.025240384615384616
0 0.9170673076923077 0.6334134615384616 0.07932692307692307 0.038461538461538464
0 0.6045673076923077 0.33413461538461536 0.03365384615384615 0.07692307692307693
0 0.5132211538461539 0.31490384615384615 0.08173076923076923 0.052884615384615384
0 0.9326923076923077 0.125 0.05048076923076923 0.04927884615384615
0 0.8822115384615384 0.14903846153846154 0.078125 0.038461538461538464
0 0.328125 0.6586538461538461 0.07692307692307693 0.037259615384615384
0 0.47716346153846156 0.7151442307692307 0.06971153846153846 0.018028846153846152
0 0.5132211538461539 0.6875 0.078125 0.03245192307692308
0 0.41947115384615385 0.3641826923076923 0.07211538461538461 0.03125
0 0.7175480769230769 0.028846153846153848 0.05048076923076923 0.038461538461538464
0 0.6538461538461539 0.7716346153846154 0.05048076923076923 0.05889423076923077
0 0.8233173076923077 0.96875 0.057692307692307696 0.028846153846153848
0 0.039663461538461536 0.9735576923076923 0.07932692307692307 0.03365384615384615
0 0.8641826923076923 0.5865384615384616 0.06370192307692307 0.036057692307692304
0 0.5396634615384616 0.7379807692307693 0.05048076923076923 0.042067307692307696
0 0.2776442307692308 0.43028846153846156 0.09615384615384616 0.04567307692307692
0 0.14903846153846154 0.3449519230769231 0.04567307692307692 0.03485576923076923
0 0.9807692307692307 0.265625 0.037259615384615384 0.06009615384615385
0 0.4495192307692308 0.15745192307692307 0.057692307692307696 0.08774038461538461
0 0.7223557692307693 0.24879807692307693 0.08413461538461539 0.07211538461538461
0 0.31490384615384615 0.7475961538461539 0.0829326923076923 0.03485576923076923
0 0.9795673076923077 0.8990384615384616 0.038461538461538464 0.06610576923076923
0 0.26802884615384615 0.625 0.0673076923076923 0.039663461538461536
0 0.037259615384615384 0.5600961538461539 0.05889423076923077 0.04807692307692308
0 0.4326923076923077 0.5733173076923077 0.06370192307692307 0.03365384615384615
0 0.6105769230769231 0.7740384615384616 0.042067307692307696 0.038461538461538464
0 0.2608173076923077 0.5048076923076923 0.0733173076923077 0.07932692307692307
0 0.18509615384615385 0.20793269230769232 0.055288461538461536 0.04807692307692308
0 0.6754807692307693 0.9507211538461539 0.07091346153846154 0.04326923076923077
0 0.37740384615384615 0.014423076923076924 0.06850961538461539 0.028846153846153848
0 0.8665865384615384 0.9026442307692307 0.06009615384615385 0.028846153846153848
0 0.7692307692307693 0.7211538461538461 0.08413461538461539 0.04326923076923077
0 0.8509615384615384 0.40865384615384615 0.078125 0.056490384615384616
0 0.3425480769230769 0.7283653846153846 0.07572115384615384 0.040865384615384616
0 0.22716346153846154 0.9699519230769231 0.10096153846153846 0.04927884615384615
0 0.7295673076923077 0.6370192307692307 0.09254807692307693 0.04326923076923077
0 0.24278846153846154 0.6646634615384616 0.09014423076923077 0.04447115384615385
0 0.27884615384615385 0.3858173076923077 0.06610576923076923 0.04927884615384615
0 0.35336538461538464 0.8377403846153846 0.03485576923076923 0.04927884615384615
0 0.8737980769230769 0.3016826923076923 0.06610576923076923 0.07572115384615384
0 0.7932692307692307 0.32211538461538464 0.0673076923076923 0.06490384615384616
0 0.5516826923076923 0.625 0.0733173076923077 0.052884615384615384
0 0.7536057692307693 0.33653846153846156 0.06490384615384616 0.07211538461538461
0 0.7163461538461539 0.028846153846153848 0.05048076923076923 0.038461538461538464
0 0.5324519230769231 0.5769230769230769 0.11177884615384616 0.06009615384615385
0 0.9122596153846154 0.44711538461538464 0.07572115384615384 0.08052884615384616
0 0.07451923076923077 0.09375 0.06009615384615385 0.036057692307692304
0 0.6838942307692307 0.025240384615384616 0.06009615384615385 0.04927884615384615
0 0.5829326923076923 0.9507211538461539 0.0733173076923077 0.05048076923076923
0 0.33052884615384615 0.3485576923076923 0.07211538461538461 0.03485576923076923
0 0.9002403846153846 0.7103365384615384 0.10336538461538461 0.04326923076923077
0 0.042067307692307696 0.34975961538461536 0.07692307692307693 0.04807692307692308
0 0.8810096153846154 0.6574519230769231 0.04927884615384615 0.025240384615384616
0 0.20793269230769232 0.3942307692307692 0.09495192307692307 0.038461538461538464
0 0.36658653846153844 0.04447115384615385 0.07211538461538461 0.056490384615384616
0 0.21394230769230768 0.49399038461538464 0.057692307692307696 0.02283653846153846
0 0.3545673076923077 0.484375 0.057692307692307696 0.028846153846153848
0 0.3918269230769231 0.3762019230769231 0.07572115384615384 0.036057692307692304
0 0.8221153846153846 0.3173076923076923 0.06129807692307692 0.037259615384615384
0 0.9723557692307693 0.7451923076923077 0.051682692307692304 0.02403846153846154
0 0.30408653846153844 0.78125 0.0625 0.03125
0 0.32572115384615385 0.9903846153846154 0.04807692307692308 0.018028846153846152
0 0.9423076923076923 0.328125 0.04447115384615385 0.039663461538461536
0 0.15504807692307693 0.9314903846153846 0.12259615384615384 0.037259615384615384
0 0.05048076923076923 0.26322115384615385 0.056490384615384616 0.08653846153846154