0 0.4110576923076923 0.7007211538461539 0.09495192307692307 0.09014423076923077
0 0.9579326923076923 0.054086538461538464 0.05889423076923077 0.078125
0 0.13942307692307693 0.2860576923076923 0.14302884615384615 0.1310096153846154
0 0.9350961538461539 0.12259615384615384 0.06971153846153846 0.06009615384615385
0 0.4411057692307692 0.0625 0.0733173076923077 0.12379807692307693
0 0.48677884615384615 0.3737980769230769 0.09134615384615384 0.055288461538461536
0 0.8545673076923077 0.5108173076923077 0.11778846153846154 0.07211538461538461
0 0.6358173076923077 0.13942307692307693 0.046875 0.06490384615384616
0 0.9615384615384616 0.7139423076923077 0.07572115384615384 0.04567307692307692
0 0.3894230769230769 0.9579326923076923 0.08653846153846154 0.052884615384615384
0 0.5252403846153846 0.7836538461538461 0.06009615384615385 0.07572115384615384
0 0.9819711538461539 0.2824519230769231 0.03485576923076923 0.07572115384615384
0 0.33052884615384615 0.8629807692307693 0.140625 0.07692307692307693
0 0.12139423076923077 0.984375 0.04807692307692308 0.028846153846153848
0 0.5576923076923077 0.6838942307692307 0.12740384615384615 0.08653846153846154
0 0.9555288461538461 0.10216346153846154 0.04927884615384615 0.0625
0 0.8016826923076923 0.46274038461538464 0.051682692307692304 0.056490384615384616
0 0.6634615384615384 0.6502403846153846 0.06850961538461539 0.06971153846153846
0 0.3485576923076923 0.078125 0.07572115384615384 0.10216346153846154
0 0.296875 0.25721153846153844 0.10216346153846154 0.11177884615384616
0 0.7752403846153846 0.9471153846153846 0.04927884615384615 0.06490384615384616
0 0.8149038461538461 0.7992788461538461 0.078125 0.04567307692307692
0 0.625 0.6394230769230769 0.051682692307692304 0.04326923076923077
0 0.8052884615384616 0.9831730769230769 0.09134615384615384 0.03245192307692308
0 0.38341346153846156 0.46033653846153844 0.0733173076923077 0.06610576923076923
0 0.9074519230769231 0.28125 0.04927884615384615 0.038461538461538464
0 0.6286057692307693 0.21634615384615385 0.06490384615384616 0.07572115384615384
0 0.17548076923076922 0.6875 0.08413461538461539 0.039663461538461536
0 0.8509615384615384 0.07451923076923077 0.06971153846153846 0.056490384615384616
0 0.3317307692307692 0.7524038461538461 0.038461538461538464 0.07211538461538461
0 0.4723557692307692 0.22235576923076922 0.06610576923076923 0.04807692307692308
0 0.06370192307692307 0.7463942307692307 0.0733173076923077 0.04807692307692308
0 0.7620192307692307 0.7596153846153846 0.20673076923076922 0.07572115384615384
0 0.23197115384615385 0.32091346153846156 0.06971153846153846 0.10096153846153846
0 0.35697115384615385 0.8257211538461539 0.05889423076923077 0.03125
0 0.5492788461538461 0.15384615384615385 0.08533653846153846 0.06610576923076923
0 0.5492788461538461 0.16466346153846154 0.054086538461538464 0.0889423076923077
0 0.17548076923076922 0.6454326923076923 0.10096153846153846 0.06009615384615385
0 0.7668269230769231 0.07572115384615384 0.09134615384615384 0.06971153846153846
0 0.4675480769230769 0.014423076923076924 0.04807692307692308 0.028846153846153848
0 0.04447115384615385 0.4579326923076923 0.08774038461538461 0.036057692307692304
0 0.7331730769230769 0.7007211538461539 0.0625 0.08533653846153846
0 0.49399038461538464 0.6983173076923077 0.10096153846153846 0.11899038461538461
0 0.8966346153846154 0.8064903846153846 0.04447115384615385 0.04567307692307692
0 0.7151442307692307 0.9795673076923077 0.038461538461538464 0.038461538461538464
0 0.5769230769230769 0.6274038461538461 0.0829326923076923 0.08653846153846154
0 0.019230769230769232 0.025240384615384616 0.038461538461538464 0.04807692307692308
0 0.07692307692307693 0.04326923076923077 0.08413461538461539 0.08653846153846154
0 0.5961538461538461 0.6766826923076923 0.05889423076923077 0.04927884615384615
0 0.5889423076923077 0.26802884615384615 0.09375 0.10096153846153846
0 0.18028846153846154 0.7536057692307693 0.13221153846153846 0.0829326923076923
0 0.8161057692307693 0.41947115384615385 0.0673076923076923 0.06971153846153846
0 0.054086538461538464 0.10216346153846154 0.10096153846153846 0.09495192307692307
0 0.19230769230769232 0.12139423076923077 0.0829326923076923 0.1045673076923077
0 0.41586538461538464 0.9579326923076923 0.0625 0.04447115384615385
0 0.875 0.2620192307692308 0.0829326923076923 0.09495192307692307
0 0.013221153846153846 0.6682692307692307 0.026442307692307692 0.05048076923076923
0 0.9242788461538461 0.2091346153846154 0.06610576923076923 0.05048076923076923
0 0.4266826923076923 0.40384615384615385 0.04567307692307692 0.03125
0 0.22355769230769232 0.9771634615384616 0.04927884615384615 0.04447115384615385
0 0.7103365384615384 0.014423076923076924 0.06009615384615385 0.028846153846153848
0 0.7247596153846154 0.5444711538461539 0.04326923076923077 0.03125
0 0.018028846153846152 0.5877403846153846 0.03485576923076923 0.051682692307692304
0 0.12620192307692307 0.07451923076923077 0.07692307692307693 0.055288461538461536
0 0.7908653846153846 0.7079326923076923 0.08413461538461539 0.056490384615384616
0 0.45913461538461536 0.2548076923076923 0.06971153846153846 0.06009615384615385
0 0.7367788461538461 0.27403846153846156 0.09735576923076923 0.06370192307692307
0 0.9543269230769231 0.40625 0.04326923076923077 0.11057692307692307