0 0.17908653846153846 0.03365384615384615 0.14543269230769232 0.0673076923076923
0 0.38100961538461536 0.020432692307692308 0.038461538461538464 0.039663461538461536
0 0.37740384615384615 0.07572115384615384 0.2247596153846154 0.055288461538461536
0 0.49759615384615385 0.1310096153846154 0.10576923076923077 0.08173076923076923
0 0.7307692307692307 0.015625 0.04807692307692308 0.03125
0 0.6310096153846154 0.01201923076923077 0.09375 0.02403846153846154
0 0.6274038461538461 0.13581730769230768 0.10576923076923077 0.12259615384615384
0 0.8269230769230769 0.2439903846153846 0.06490384615384616 0.17427884615384615
0 0.8497596153846154 0.10817307692307693 0.06610576923076923 0.17548076923076922
0 0.9194711538461539 0.37259615384615385 0.15865384615384615 0.0625
0 0.9867788461538461 0.43149038461538464 0.02403846153846154 0.03245192307692308
0 0.890625 0.3581730769230769 0.07451923076923077 0.20673076923076922
0 0.2247596153846154 0.08413461538461539 0.16947115384615385 0.16826923076923078
0 0.014423076923076924 0.13341346153846154 0.028846153846153848 0.0985576923076923
0 0.29927884615384615 0.20432692307692307 0.19951923076923078 0.12620192307692307
0 0.1935096153846154 0.21754807692307693 0.18990384615384615 0.17668269230769232
0 0.26322115384615385 0.1622596153846154 0.11899038461538461 0.11778846153846154
0 0.78125 0.03365384615384615 0.10697115384615384 0.06610576923076923
0 0.49038461538461536 0.2247596153846154 0.25721153846153844 0.08052884615384616
0 0.9038461538461539 0.8870192307692307 0.18990384615384615 0.0625
0 0.7992788461538461 0.37740384615384615 0.1502403846153846 0.29927884615384615
0 0.46634615384615385 0.38100961538461536 0.25 0.23918269230769232
0 0.08052884615384616 0.42788461538461536 0.15985576923076922 0.11057692307692307
0 0.030048076923076924 0.49278846153846156 0.06009615384615385 0.11778846153846154
0 0.13581730769230768 0.6298076923076923 0.11899038461538461 0.046875
0 0.7103365384615384 0.2860576923076923 0.04447115384615385 0.02403846153846154
0 0.9579326923076923 0.5060096153846154 0.04927884615384615 0.04927884615384615
0 0.5168269230769231 0.6430288461538461 0.24278846153846154 0.055288461538461536
0 0.6778846153846154 0.5288461538461539 0.27403846153846156 0.15625
0 0.5288461538461539 0.5841346153846154 0.32572115384615385 0.0673076923076923
0 0.8004807692307693 0.7536057692307693 0.11538461538461539 0.29447115384615385
0 0.7788461538461539 0.9627403846153846 0.08653846153846154 0.07211538461538461
0 0.41947115384615385 0.8665865384615384 0.23677884615384615 0.10576923076923077
0 0.39903846153846156 0.9086538461538461 0.15625 0.13701923076923078
0 0.41466346153846156 0.8100961538461539 0.34975961538461536 0.14182692307692307
0 0.21033653846153846 0.7512019230769231 0.10336538461538461 0.33653846153846156
0 0.09375 0.9435096153846154 0.04447115384615385 0.08173076923076923
0 0.015625 0.84375 0.03125 0.1778846153846154
0 0.1875 0.9927884615384616 0.038461538461538464 0.013221153846153846
0 0.10336538461538461 0.9591346153846154 0.12139423076923077 0.07932692307692307
0 0.3581730769230769 0.328125 0.08173076923076923 0.051682692307692304
0 0.28725961538461536 0.31971153846153844 0.05048076923076923 0.04447115384615385
0 0.8076923076923077 0.5048076923076923 0.09134615384615384 0.07091346153846154
0 0.02403846153846154 0.8858173076923077 0.04807692307692308 0.1814903846153846
0 0.078125 0.8076923076923077 0.11778846153846154 0.12740384615384615