0 0.6682692307692307 0.3016826923076923 0.07451923076923077 0.0673076923076923
0 0.44350961538461536 0.015625 0.06129807692307692 0.03125
0 0.18269230769230768 0.33533653846153844 0.06610576923076923 0.037259615384615384
0 0.4326923076923077 0.7740384615384616 0.04807692307692308 0.06971153846153846
0 0.9122596153846154 0.7632211538461539 0.06971153846153846 0.051682692307692304
0 0.4110576923076923 0.4050480769230769 0.06009615384615385 0.12259615384615384
0 0.5204326923076923 0.875 0.042067307692307696 0.042067307692307696
0 0.9086538461538461 0.8870192307692307 0.11538461538461539 0.05048076923076923
0 0.7079326923076923 0.45552884615384615 0.0889423076923077 0.054086538461538464
0 0.8894230769230769 0.5120192307692307 0.10216346153846154 0.08413461538461539
0 0.4735576923076923 0.7932692307692307 0.042067307692307696 0.027644230769230768
0 0.46153846153846156 0.8161057692307693 0.038461538461538464 0.02403846153846154
0 0.7632211538461539 0.9867788461538461 0.06971153846153846 0.025240384615384616
0 0.36778846153846156 0.78125 0.08413461538461539 0.0625
0 0.0673076923076923 0.8701923076923077 0.04567307692307692 0.052884615384615384
0 0.5709134615384616 0.9290865384615384 0.054086538461538464 0.04927884615384615
0 0.9591346153846154 0.6947115384615384 0.07932692307692307 0.046875
0 0.6165865384615384 0.9170673076923077 0.04326923076923077 0.06009615384615385
0 0.9314903846153846 0.6382211538461539 0.07932692307692307 0.0673076923076923
0 0.4170673076923077 0.16346153846153846 0.0673076923076923 0.05889423076923077
0 0.9711538461538461 0.9519230769230769 0.056490384615384616 0.057692307692307696
0 0.5132211538461539 0.7596153846153846 0.06490384615384616 0.036057692307692304
0 0.6430288461538461 0.3329326923076923 0.10096153846153846 0.04807692307692308
0 0.6298076923076923 0.7920673076923077 0.0673076923076923 0.030048076923076924
0 0.8076923076923077 0.6574519230769231 0.06971153846153846 0.04807692307692308
0 0.5745192307692307 0.17427884615384615 0.08413461538461539 0.07932692307692307
0 0.18990384615384615 0.8882211538461539 0.046875 0.13581730769230768
0 0.13341346153846154 0.8377403846153846 0.04807692307692308 0.040865384615384616
0 0.4483173076923077 0.04927884615384615 0.08052884615384616 0.05048076923076923
0 0.7235576923076923 0.7944711538461539 0.08653846153846154 0.038461538461538464
0 0.21394230769230768 0.3713942307692308 0.07572115384615384 0.04326923076923077
0 0.8016826923076923 0.5 0.028846153846153848 0.026442307692307692
0 0.7848557692307693 0.3449519230769231 0.10697115384615384 0.06610576923076923
0 0.5637019230769231 0.9579326923076923 0.04326923076923077 0.04447115384615385
0 0.5192307692307693 0.28365384615384615 0.04447115384615385 0.03125
0 0.6730769230769231 0.7932692307692307 0.038461538461538464 0.03365384615384615
0 0.9098557692307693 0.01201923076923077 0.036057692307692304 0.02403846153846154
0 0.24879807692307693 0.8485576923076923 0.09495192307692307 0.055288461538461536
0 0.8401442307692307 0.3076923076923077 0.09134615384615384 0.08173076923076923
0 0.6418269230769231 0.953125 0.05889423076923077 0.038461538461538464
0 0.421875 0.33052884615384615 0.09254807692307693 0.04326923076923077
0 0.6442307692307693 0.3858173076923077 0.08533653846153846 0.06009615384615385
0 0.125 0.04326923076923077 0.042067307692307696 0.08653846153846154
0 0.10697115384615384 0.28725961538461536 0.03125 0.04326923076923077
0 0.4795673076923077 0.09375 0.07572115384615384 0.08052884615384616
0 0.6983173076923077 0.43990384615384615 0.08653846153846154 0.038461538461538464
0 0.9182692307692307 0.4170673076923077 0.04567307692307692 0.04326923076923077
0 0.051682692307692304 0.6658653846153846 0.04326923076923077 0.028846153846153848
0 0.8004807692307693 0.9170673076923077 0.12379807692307693 0.04927884615384615
0 0.15625 0.671875 0.05048076923076923 0.039663461538461536
0 0.23677884615384615 0.7776442307692307 0.06490384615384616 0.07451923076923077
0 0.3629807692307692 0.18629807692307693 0.07091346153846154 0.09615384615384616
0 0.8990384615384616 0.8185096153846154 0.07692307692307693 0.04927884615384615
0 0.2848557692307692 0.3713942307692308 0.054086538461538464 0.046875
0 0.7331730769230769 0.49759615384615385 0.10216346153846154 0.09014423076923077
0 0.5336538461538461 0.8016826923076923 0.07932692307692307 0.030048076923076924
0 0.16947115384615385 0.37259615384615385 0.08413461538461539 0.052884615384615384
0 0.33052884615384615 0.9699519230769231 0.09735576923076923 0.05889423076923077
0 0.46634615384615385 0.8569711538461539 0.037259615384615384 0.042067307692307696
0 0.08774038461538461 0.7824519230769231 0.05889423076923077 0.06370192307692307
0 0.21153846153846154 0.9338942307692307 0.09735576923076923 0.04567307692307692
0 0.14302884615384615 0.1045673076923077 0.04927884615384615 0.08052884615384616
0 0.9723557692307693 0.3088942307692308 0.054086538461538464 0.07211538461538461
0 0.4495192307692308 0.671875 0.03365384615384615 0.03485576923076923
0 0.026442307692307692 0.5721153846153846 0.051682692307692304 0.07211538461538461
0 0.03245192307692308 0.6490384615384616 0.06490384615384616 0.04807692307692308
0 0.9495192307692307 0.5084134615384616 0.0985576923076923 0.0829326923076923
0 0.5588942307692307 0.13581730769230768 0.06490384615384616 0.08052884615384616
0 0.3918269230769231 0.9014423076923077 0.04927884615384615 0.06490384615384616
0 0.4951923076923077 0.6730769230769231 0.055288461538461536 0.040865384615384616
0 0.014423076923076924 0.9615384615384616 0.028846153846153848 0.07451923076923077
0 0.828125 0.018028846153846152 0.10697115384615384 0.03485576923076923
0 0.9795673076923077 0.057692307692307696 0.038461538461538464 0.054086538461538464
0 0.49158653846153844 0.828125 0.037259615384615384 0.055288461538461536
0 0.125 0.16947115384615385 0.06971153846153846 0.06370192307692307
0 0.8858173076923077 0.5649038461538461 0.04927884615384615 0.038461538461538464
0 0.9314903846153846 0.16947115384615385 0.07211538461538461 0.051682692307692304
0 0.9435096153846154 0.1875 0.09975961538461539 0.07091346153846154
0 0.49759615384615385 0.037259615384615384 0.109375 0.052884615384615384
0 0.14182692307692307 0.734375 0.056490384615384616 0.046875
0 0.4050480769230769 0.8834134615384616 0.09254807692307693 0.09134615384615384
0 0.039663461538461536 0.8317307692307693 0.042067307692307696 0.028846153846153848
0 0.9735576923076923 0.7740384615384616 0.05048076923076923 0.038461538461538464
0 0.5649038461538461 0.25961538461538464 0.056490384615384616 0.08413461538461539
0 0.4951923076923077 0.6177884615384616 0.038461538461538464 0.051682692307692304
0 0.28846153846153844 0.8822115384615384 0.051682692307692304 0.036057692307692304