0 0.6346153846153846 0.5564903846153846 0.052884615384615384 0.06971153846153846
0 0.9831730769230769 0.27403846153846156 0.03245192307692308 0.03485576923076923
0 0.6033653846153846 0.8798076923076923 0.07692307692307693 0.09134615384615384
0 0.48197115384615385 0.5913461538461539 0.12740384615384615 0.07932692307692307
0 0.19951923076923078 0.015625 0.038461538461538464 0.03125
0 0.7067307692307693 0.5192307692307693 0.07932692307692307 0.06009615384615385
0 0.27163461538461536 0.5600961538461539 0.06610576923076923 0.06971153846153846
0 0.7920673076923077 0.9254807692307693 0.056490384615384616 0.08052884615384616
0 0.9423076923076923 0.3161057692307692 0.1141826923076923 0.08052884615384616
0 0.10576923076923077 0.3425480769230769 0.10096153846153846 0.06490384615384616
0 0.08052884615384616 0.6923076923076923 0.15985576923076922 0.07572115384615384
0 0.6081730769230769 0.6574519230769231 0.08052884615384616 0.07211538461538461
0 0.7704326923076923 0.046875 0.0673076923076923 0.06009615384615385
0 0.29927884615384615 0.9591346153846154 0.06850961538461539 0.08052884615384616
0 0.7764423076923077 0.6177884615384616 0.07692307692307693 0.06971153846153846
0 0.390625 0.12980769230769232 0.09495192307692307 0.0889423076923077
0 0.390625 0.5300480769230769 0.0889423076923077 0.109375
0 0.6586538461538461 0.9314903846153846 0.08653846153846154 0.04927884615384615
0 0.7091346153846154 0.7788461538461539 0.06129807692307692 0.07091346153846154
0 0.33653846153846156 0.07211538461538461 0.06610576923076923 0.10697115384615384
0 0.8665865384615384 0.9591346153846154 0.10336538461538461 0.055288461538461536
0 0.4423076923076923 0.6658653846153846 0.06129807692307692 0.06971153846153846
0 0.4675480769230769 0.12980769230769232 0.07572115384615384 0.07692307692307693
0 0.6694711538461539 0.31490384615384615 0.08653846153846154 0.09735576923076923
0 0.5889423076923077 0.5733173076923077 0.057692307692307696 0.09134615384615384
0 0.7872596153846154 0.6778846153846154 0.0733173076923077 0.06971153846153846
0 0.021634615384615384 0.6237980769230769 0.04326923076923077 0.06971153846153846
0 0.2668269230769231 0.02403846153846154 0.06009615384615385 0.046875
0 0.8870192307692307 0.8737980769230769 0.06971153846153846 0.08653846153846154
0 0.6478365384615384 0.22596153846153846 0.078125 0.08052884615384616
0 0.046875 0.054086538461538464 0.055288461538461536 0.07932692307692307
0 0.828125 0.9819711538461539 0.06971153846153846 0.028846153846153848
0 0.7872596153846154 0.46634615384615385 0.1141826923076923 0.06490384615384616
0 0.6923076923076923 0.5733173076923077 0.06129807692307692 0.08653846153846154
0 0.8305288461538461 0.0889423076923077 0.04927884615384615 0.04567307692307692
0 0.9663461538461539 0.4266826923076923 0.06490384615384616 0.07451923076923077