0 0.9326923076923077 0.8689903846153846 0.06610576923076923 0.07211538461538461
0 0.6201923076923077 0.038461538461538464 0.09495192307692307 0.07572115384615384
0 0.03125 0.17427884615384615 0.0625 0.06129807692307692
0 0.7836538461538461 0.40625 0.06009615384615385 0.07091346153846154
0 0.8677884615384616 0.9507211538461539 0.06971153846153846 0.09615384615384616
0 0.4699519230769231 0.2764423076923077 0.06971153846153846 0.04807692307692308
0 0.054086538461538464 0.8774038461538461 0.10817307692307693 0.06009615384615385
0 0.859375 0.11057692307692307 0.17067307692307693 0.16947115384615385
0 0.030048076923076924 0.07692307692307693 0.06009615384615385 0.0673076923076923
0 0.5913461538461539 0.5360576923076923 0.15504807692307693 0.16105769230769232
0 0.19831730769230768 0.296875 0.16346153846153846 0.08533653846153846
0 0.8088942307692307 0.609375 0.16947115384615385 0.13822115384615385
0 0.027644230769230768 0.7920673076923077 0.055288461538461536 0.06490384615384616
0 0.46274038461538464 0.9326923076923077 0.0625 0.04927884615384615
0 0.984375 0.07211538461538461 0.030048076923076924 0.1141826923076923
0 0.38100961538461536 0.8882211538461539 0.06610576923076923 0.08653846153846154
0 0.9483173076923077 0.04567307692307692 0.036057692307692304 0.08653846153846154
0 0.04447115384615385 0.27283653846153844 0.08774038461538461 0.06971153846153846
0 0.1935096153846154 0.41225961538461536 0.08413461538461539 0.1310096153846154
0 0.7019230769230769 0.16826923076923078 0.11538461538461539 0.06009615384615385
0 0.5829326923076923 0.3545673076923077 0.10096153846153846 0.09495192307692307
0 0.75 0.9579326923076923 0.09495192307692307 0.0829326923076923
0 0.7139423076923077 0.3076923076923077 0.125 0.13581730769230768
0 0.17067307692307693 0.057692307692307696 0.07572115384615384 0.06009615384615385
0 0.3629807692307692 0.44711538461538464 0.08413461538461539 0.14783653846153846
0 0.9591346153846154 0.6201923076923077 0.08052884615384616 0.11057692307692307
0 0.78125 0.09375 0.12259615384615384 0.1310096153846154
0 0.13701923076923078 0.9266826923076923 0.09615384615384616 0.0625
0 0.9819711538461539 0.19230769230769232 0.03365384615384615 0.078125
0 0.38822115384615385 0.2439903846153846 0.08413461538461539 0.05889423076923077
0 0.4074519230769231 0.33653846153846156 0.0889423076923077 0.06971153846153846
0 0.21754807692307693 0.9795673076923077 0.09254807692307693 0.039663461538461536
0 0.8509615384615384 0.47475961538461536 0.12740384615384615 0.13822115384615385
0 0.8942307692307693 0.36177884615384615 0.12620192307692307 0.08774038461538461
0 0.3112980769230769 0.0829326923076923 0.11177884615384616 0.09014423076923077
0 0.859375 0.3870192307692308 0.08533653846153846 0.07211538461538461
0 0.203125 0.5949519230769231 0.08052884615384616 0.06009615384615385
0 0.14903846153846154 0.10576923076923077 0.06009615384615385 0.09375
0 0.109375 0.765625 0.0733173076923077 0.055288461538461536
0 0.48197115384615385 0.1201923076923077 0.09615384615384616 0.10096153846153846
0 0.08533653846153846 0.018028846153846152 0.08173076923076923 0.03485576923076923
0 0.8245192307692307 0.25 0.11658653846153846 0.11057692307692307