0 0.27403846153846156 0.04807692307692308 0.07572115384615384 0.04567307692307692
0 0.37259615384615385 0.15865384615384615 0.057692307692307696 0.03245192307692308
0 0.41225961538461536 0.4699519230769231 0.0889423076923077 0.054086538461538464
0 0.5192307692307693 0.9807692307692307 0.038461538461538464 0.037259615384615384
0 0.6911057692307693 0.25 0.042067307692307696 0.06610576923076923
0 0.5252403846153846 0.11177884615384616 0.055288461538461536 0.039663461538461536
0 0.5913461538461539 0.0889423076923077 0.08653846153846154 0.046875
0 0.4567307692307692 0.25240384615384615 0.051682692307692304 0.06490384615384616
0 0.4110576923076923 0.36177884615384615 0.04447115384615385 0.057692307692307696
0 0.7271634615384616 0.5516826923076923 0.1141826923076923 0.051682692307692304
0 0.7872596153846154 0.6983173076923077 0.07091346153846154 0.04807692307692308
0 0.6213942307692307 0.4951923076923077 0.06610576923076923 0.055288461538461536
0 0.796875 0.31009615384615385 0.08173076923076923 0.03125
0 0.8016826923076923 0.4495192307692308 0.09254807692307693 0.08533653846153846
0 0.6045673076923077 0.8954326923076923 0.038461538461538464 0.0829326923076923
0 0.49759615384615385 0.6814903846153846 0.03125 0.036057692307692304
0 0.359375 0.3401442307692308 0.038461538461538464 0.028846153846153848
0 0.28725961538461536 0.3329326923076923 0.038461538461538464 0.057692307692307696
0 0.5600961538461539 0.15745192307692307 0.05048076923076923 0.057692307692307696
0 0.8052884615384616 0.08052884615384616 0.04567307692307692 0.028846153846153848