0 0.25841346153846156 0.03125 0.04447115384615385 0.0625
0 0.22596153846153846 0.23317307692307693 0.036057692307692304 0.021634615384615384
0 0.019230769230769232 0.24639423076923078 0.038461538461538464 0.055288461538461536
0 0.009615384615384616 0.36538461538461536 0.019230769230769232 0.02283653846153846
0 0.06009615384615385 0.30408653846153844 0.04927884615384615 0.02403846153846154
0 0.018028846153846152 0.39903846153846156 0.036057692307692304 0.028846153846153848
0 0.013221153846153846 0.4362980769230769 0.025240384615384616 0.019230769230769232
0 0.05048076923076923 0.6153846153846154 0.07091346153846154 0.06009615384615385
0 0.04927884615384615 0.5961538461538461 0.05048076923076923 0.040865384615384616
0 0.03125 0.7980769230769231 0.030048076923076924 0.026442307692307692
0 0.02283653846153846 0.9651442307692307 0.04567307692307692 0.03245192307692308
0 0.33413461538461536 0.8641826923076923 0.04447115384615385 0.09014423076923077
0 0.39663461538461536 0.6826923076923077 0.04447115384615385 0.08052884615384616
0 0.3317307692307692 0.6334134615384616 0.018028846153846152 0.046875
0 0.2620192307692308 0.5408653846153846 0.06610576923076923 0.05048076923076923
0 0.27283653846153844 0.4495192307692308 0.028846153846153848 0.04927884615384615
0 0.31971153846153844 0.3425480769230769 0.038461538461538464 0.04807692307692308
0 0.38221153846153844 0.28966346153846156 0.054086538461538464 0.06850961538461539
0 0.33413461538461536 0.24278846153846154 0.06129807692307692 0.054086538461538464
0 0.7079326923076923 0.03245192307692308 0.025240384615384616 0.028846153846153848
0 0.7055288461538461 0.09615384615384616 0.051682692307692304 0.07572115384615384
0 0.5841346153846154 0.15384615384615385 0.025240384615384616 0.03485576923076923
0 0.796875 0.21514423076923078 0.026442307692307692 0.030048076923076924
0 0.9699519230769231 0.28725961538461536 0.05889423076923077 0.030048076923076924
0 0.9266826923076923 0.29927884615384615 0.055288461538461536 0.054086538461538464
0 0.7403846153846154 0.3641826923076923 0.054086538461538464 0.026442307692307692
0 0.8545673076923077 0.421875 0.04927884615384615 0.05048076923076923
0 0.9471153846153846 0.4326923076923077 0.04447115384615385 0.03365384615384615
0 0.7175480769230769 0.4567307692307692 0.03365384615384615 0.06971153846153846
0 0.6838942307692307 0.4987980769230769 0.028846153846153848 0.03365384615384615
0 0.6586538461538461 0.5745192307692307 0.07211538461538461 0.07211538461538461
0 0.8725961538461539 0.53125 0.06610576923076923 0.057692307692307696
0 0.7800480769230769 0.7992788461538461 0.08533653846153846 0.13822115384615385
0 0.9014423076923077 0.8581730769230769 0.028846153846153848 0.03485576923076923
0 0.7992788461538461 0.9423076923076923 0.0889423076923077 0.07932692307692307
0 0.8882211538461539 0.9759615384615384 0.03485576923076923 0.04326923076923077
0 0.9387019230769231 0.9627403846153846 0.055288461538461536 0.0733173076923077
0 0.6370192307692307 0.9795673076923077 0.03485576923076923 0.038461538461538464
0 0.5625 0.875 0.06370192307692307 0.0733173076923077
0 0.4579326923076923 0.9110576923076923 0.07572115384615384 0.10817307692307693
0 0.5096153846153846 0.9266826923076923 0.019230769230769232 0.07091346153846154
0 0.49278846153846156 0.8353365384615384 0.038461538461538464 0.052884615384615384
0 0.5793269230769231 0.328125 0.037259615384615384 0.030048076923076924
0 0.5588942307692307 0.4855769230769231 0.036057692307692304 0.03365384615384615
0 0.5048076923076923 0.5865384615384616 0.028846153846153848 0.04447115384615385
0 0.49158653846153844 0.6899038461538461 0.03485576923076923 0.06129807692307692
0 0.6610576923076923 0.7175480769230769 0.026442307692307692 0.04447115384615385
0 0.6899038461538461 0.7632211538461539 0.055288461538461536 0.02403846153846154
0 0.16105769230769232 0.7487980769230769 0.02403846153846154 0.037259615384615384
0 0.1935096153846154 0.6334134615384616 0.014423076923076924 0.03245192307692308
0 0.27403846153846156 0.5612980769230769 0.042067307692307696 0.038461538461538464
0 0.43509615384615385 0.4831730769230769 0.03125 0.02403846153846154
0 0.1875 0.06009615384615385 0.04927884615384615 0.028846153846153848
0 0.4891826923076923 0.16105769230769232 0.03485576923076923 0.05048076923076923
0 0.4362980769230769 0.7163461538461539 0.036057692307692304 0.03485576923076923
0 0.7680288461538461 0.016826923076923076 0.03125 0.03365384615384615
0 0.3762019230769231 0.6057692307692307 0.02283653846153846 0.028846153846153848
0 0.5180288461538461 0.22956730769230768 0.028846153846153848 0.026442307692307692
0 0.021634615384615384 0.003605769230769231 0.02403846153846154 0.007211538461538462
0 0.03125 0.10817307692307693 0.014423076923076924 0.015625
0 0.7415865384615384 0.7860576923076923 0.02283653846153846 0.04447115384615385
0 0.7932692307692307 0.6021634615384616 0.015625 0.016826923076923076
0 0.3557692307692308 0.07451923076923077 0.016826923076923076 0.019230769230769232
0 0.9074519230769231 0.056490384615384616 0.018028846153846152 0.02403846153846154
0 0.8461538461538461 0.21153846153846154 0.02403846153846154 0.019230769230769232
0 0.15384615384615385 0.26322115384615385 0.03245192307692308 0.030048076923076924
0 0.9975961538461539 0.7680288461538461 0.003605769230769231 0.03125
0 0.8557692307692307 0.7764423076923077 0.027644230769230768 0.028846153846153848