0 0.6983173076923077 0.33052884615384615 0.054086538461538464 0.07692307692307693
0 0.6802884615384616 0.6021634615384616 0.06971153846153846 0.06009615384615385
0 0.8329326923076923 0.34615384615384615 0.040865384615384616 0.12139423076923077
0 0.8725961538461539 0.34134615384615385 0.027644230769230768 0.046875
0 0.8425480769230769 0.2536057692307692 0.016826923076923076 0.038461538461538464
0 0.8161057692307693 0.4411057692307692 0.040865384615384616 0.036057692307692304
0 0.9014423076923077 0.42788461538461536 0.04927884615384615 0.04567307692307692
0 0.9302884615384616 0.5408653846153846 0.056490384615384616 0.06490384615384616
0 0.9879807692307693 0.3004807692307692 0.021634615384615384 0.05048076923076923
0 0.4543269230769231 0.4723557692307692 0.07572115384615384 0.07451923076923077
0 0.4411057692307692 0.5432692307692307 0.056490384615384616 0.06610576923076923
0 0.9891826923076923 0.08413461538461539 0.020432692307692308 0.04447115384615385
0 0.9675480769230769 0.16706730769230768 0.0625 0.11658653846153846
0 0.8737980769230769 0.21995192307692307 0.042067307692307696 0.0829326923076923
0 0.8257211538461539 0.15745192307692307 0.06850961538461539 0.0829326923076923
0 0.890625 0.12740384615384615 0.03365384615384615 0.04447115384615385
0 0.9254807692307693 0.006009615384615385 0.016826923076923076 0.01201923076923077
0 0.9807692307692307 0.6298076923076923 0.03485576923076923 0.09615384615384616
0 0.9555288461538461 0.6742788461538461 0.06370192307692307 0.04567307692307692
0 0.8701923076923077 0.5769230769230769 0.04807692307692308 0.06009615384615385
0 0.90625 0.6117788461538461 0.03365384615384615 0.052884615384615384
0 0.8725961538461539 0.6754807692307693 0.04447115384615385 0.051682692307692304
0 0.8533653846153846 0.6418269230769231 0.02403846153846154 0.03125
0 0.7379807692307693 0.7920673076923077 0.04447115384615385 0.04447115384615385
0 0.6694711538461539 0.8257211538461539 0.0733173076923077 0.055288461538461536
0 0.6875 0.8365384615384616 0.07091346153846154 0.046875
0 0.9855769230769231 0.7848557692307693 0.027644230769230768 0.06971153846153846
0 0.9435096153846154 0.7608173076923077 0.03125 0.04927884615384615
0 0.9459134615384616 0.8004807692307693 0.04326923076923077 0.04567307692307692
0 0.3858173076923077 0.6394230769230769 0.06971153846153846 0.08413461538461539
0 0.5925480769230769 0.5829326923076923 0.04326923076923077 0.036057692307692304
0 0.6057692307692307 0.7644230769230769 0.07932692307692307 0.056490384615384616
0 0.5348557692307693 0.7487980769230769 0.052884615384615384 0.03485576923076923
0 0.5649038461538461 0.8557692307692307 0.05048076923076923 0.055288461538461536
0 0.390625 0.8100961538461539 0.06009615384615385 0.05889423076923077
0 0.3786057692307692 0.7704326923076923 0.028846153846153848 0.03125
0 0.49158653846153844 0.5709134615384616 0.03485576923076923 0.08533653846153846
0 0.5144230769230769 0.6322115384615384 0.0625 0.038461538461538464
0 0.3088942307692308 0.5516826923076923 0.06610576923076923 0.04807692307692308
0 0.36778846153846156 0.546875 0.037259615384615384 0.028846153846153848
0 0.5348557692307693 0.9879807692307693 0.051682692307692304 0.021634615384615384
0 0.4411057692307692 0.9711538461538461 0.0673076923076923 0.055288461538461536
0 0.9759615384615384 0.8677884615384616 0.046875 0.055288461538461536
0 0.9831730769230769 0.9543269230769231 0.03125 0.0625
0 0.9266826923076923 0.9423076923076923 0.06610576923076923 0.042067307692307696
0 0.9146634615384616 0.8858173076923077 0.07211538461538461 0.07211538461538461
0 0.8425480769230769 0.9014423076923077 0.052884615384615384 0.055288461538461536
0 0.8449519230769231 0.8461538461538461 0.028846153846153848 0.04927884615384615
0 0.890625 0.8305288461538461 0.04447115384615385 0.04927884615384615
0 0.1658653846153846 0.3245192307692308 0.09134615384615384 0.07932692307692307
0 0.32572115384615385 0.4170673076923077 0.06610576923076923 0.057692307692307696
0 0.3401442307692308 0.2800480769230769 0.06370192307692307 0.08052884615384616
0 0.3173076923076923 0.35336538461538464 0.057692307692307696 0.06610576923076923
0 0.3016826923076923 0.20673076923076922 0.11177884615384616 0.055288461538461536
0 0.5420673076923077 0.18389423076923078 0.039663461538461536 0.06129807692307692
0 0.5721153846153846 0.22355769230769232 0.03485576923076923 0.06009615384615385
0 0.42788461538461536 0.16706730769230768 0.19591346153846154 0.06129807692307692
0 0.16346153846153846 0.16706730769230768 0.051682692307692304 0.054086538461538464
0 0.40865384615384615 0.007211538461538462 0.052884615384615384 0.014423076923076924
0 0.5180288461538461 0.027644230769230768 0.03125 0.055288461538461536
0 0.4891826923076923 0.06009615384615385 0.04927884615384615 0.038461538461538464
0 0.4639423076923077 0.12259615384615384 0.03365384615384615 0.07692307692307693
0 0.4326923076923077 0.12379807692307693 0.03365384615384615 0.028846153846153848
0 0.25841346153846156 0.019230769230769232 0.055288461538461536 0.028846153846153848
0 0.23918269230769232 0.051682692307692304 0.07932692307692307 0.10216346153846154
0 0.14302884615384615 0.055288461538461536 0.04927884615384615 0.07091346153846154
0 0.09254807692307693 0.025240384615384616 0.051682692307692304 0.04927884615384615
0 0.0985576923076923 0.11177884615384616 0.0733173076923077 0.09134615384615384
0 0.009615384615384616 0.24278846153846154 0.018028846153846152 0.03125
0 0.11057692307692307 0.40625 0.07932692307692307 0.08653846153846154
0 0.18269230769230768 0.4423076923076923 0.04927884615384615 0.039663461538461536
0 0.18990384615384615 0.5865384615384616 0.038461538461538464 0.046875
0 0.14903846153846154 0.5745192307692307 0.038461538461538464 0.057692307692307696
0 0.1875 0.5024038461538461 0.04447115384615385 0.06971153846153846
0 0.15504807692307693 0.4807692307692308 0.0829326923076923 0.040865384615384616
0 0.0889423076923077 0.59375 0.078125 0.039663461538461536
0 0.13221153846153846 0.6430288461538461 0.046875 0.04927884615384615
0 0.039663461538461536 0.6334134615384616 0.0625 0.07451923076923077
0 0.3076923076923077 0.7584134615384616 0.09975961538461539 0.054086538461538464
0 0.028846153846153848 0.828125 0.056490384615384616 0.055288461538461536
0 0.019230769230769232 0.8990384615384616 0.038461538461538464 0.04807692307692308
0 0.109375 0.890625 0.06129807692307692 0.0673076923076923
0 0.1875 0.9242788461538461 0.0673076923076923 0.05048076923076923
0 0.08774038461538461 0.9867788461538461 0.06971153846153846 0.025240384615384616
0 0.2439903846153846 0.4098557692307692 0.027644230769230768 0.03485576923076923
0 0.9615384615384616 0.5733173076923077 0.046875 0.03365384615384615