0 0.8858173076923077 0.016826923076923076 0.03365384615384615 0.03365384615384615
0 0.8064903846153846 0.020432692307692308 0.07451923076923077 0.040865384615384616
0 0.5793269230769231 0.14302884615384615 0.0889423076923077 0.10697115384615384
0 0.5985576923076923 0.1502403846153846 0.07932692307692307 0.125
0 0.2283653846153846 0.019230769230769232 0.04807692307692308 0.038461538461538464
0 0.055288461538461536 0.1346153846153846 0.11057692307692307 0.06610576923076923
0 0.96875 0.10096153846153846 0.06129807692307692 0.06971153846153846
0 0.9086538461538461 0.21875 0.18028846153846154 0.1045673076923077
0 0.9362980769230769 0.30528846153846156 0.0985576923076923 0.06490384615384616
0 0.33413461538461536 0.31009615384615385 0.06009615384615385 0.04447115384615385
0 0.3641826923076923 0.23677884615384615 0.015625 0.03125
0 0.65625 0.4579326923076923 0.2091346153846154 0.12139423076923077
0 0.0733173076923077 0.5528846153846154 0.14543269230769232 0.09735576923076923
0 0.5168269230769231 0.5721153846153846 0.19831730769230768 0.07211538461538461
0 0.9038461538461539 0.5925480769230769 0.06971153846153846 0.03485576923076923
0 0.7704326923076923 0.6237980769230769 0.11177884615384616 0.1045673076923077
0 0.22355769230769232 0.6153846153846154 0.036057692307692304 0.09134615384615384
0 0.3161057692307692 0.7848557692307693 0.046875 0.07091346153846154
0 0.42908653846153844 0.7668269230769231 0.030048076923076924 0.027644230769230768
0 0.5084134615384616 0.7992788461538461 0.02403846153846154 0.021634615384615384
0 0.8245192307692307 0.7512019230769231 0.021634615384615384 0.04447115384615385
0 0.7860576923076923 0.7860576923076923 0.08653846153846154 0.030048076923076924
0 0.7259615384615384 0.8197115384615384 0.17427884615384615 0.04447115384615385
0 0.9278846153846154 0.8641826923076923 0.039663461538461536 0.018028846153846152
0 0.8942307692307693 0.8665865384615384 0.03365384615384615 0.025240384615384616
0 0.8725961538461539 0.8882211538461539 0.02283653846153846 0.021634615384615384
0 0.8461538461538461 0.8774038461538461 0.037259615384615384 0.03365384615384615
0 0.7764423076923077 0.9639423076923077 0.13822115384615385 0.06971153846153846
0 0.984375 0.9302884615384616 0.02403846153846154 0.06009615384615385
0 0.5036057692307693 0.9302884615384616 0.08052884615384616 0.09615384615384616
0 0.5625 0.9350961538461539 0.07211538461538461 0.08653846153846154
0 0.4110576923076923 0.9074519230769231 0.04447115384615385 0.028846153846153848
0 0.8497596153846154 0.9350961538461539 0.019230769230769232 0.019230769230769232