0 0.5600961538461539 0.6141826923076923 0.07211538461538461 0.08533653846153846
0 0.8521634615384616 0.8774038461538461 0.08533653846153846 0.15384615384615385
0 0.7079326923076923 0.20793269230769232 0.08774038461538461 0.09254807692307693
0 0.47115384615384615 0.5817307692307693 0.046875 0.06971153846153846
0 0.14783653846153846 0.16346153846153846 0.07451923076923077 0.04447115384615385
0 0.39783653846153844 0.7824519230769231 0.057692307692307696 0.16947115384615385
0 0.2608173076923077 0.30288461538461536 0.25240384615384615 0.09254807692307693
0 0.8834134615384616 0.7007211538461539 0.17307692307692307 0.18509615384615385
0 0.07091346153846154 0.10336538461538461 0.13822115384615385 0.08052884615384616
0 0.6346153846153846 0.6322115384615384 0.09975961538461539 0.09975961538461539
0 0.06490384615384616 0.5216346153846154 0.07451923076923077 0.17307692307692307
0 0.47475961538461536 0.46634615384615385 0.06971153846153846 0.08653846153846154
0 0.8557692307692307 0.3173076923076923 0.0673076923076923 0.1045673076923077
0 0.30288461538461536 0.8581730769230769 0.09254807692307693 0.10697115384615384
0 0.4266826923076923 0.9663461538461539 0.055288461538461536 0.06490384615384616
0 0.3954326923076923 0.8786057692307693 0.14783653846153846 0.0673076923076923
0 0.609375 0.0673076923076923 0.06490384615384616 0.09014423076923077
0 0.9122596153846154 0.3641826923076923 0.08052884615384616 0.1201923076923077
0 0.5600961538461539 0.6935096153846154 0.06009615384615385 0.08173076923076923
0 0.21514423076923078 0.6334134615384616 0.10216346153846154 0.13221153846153846
0 0.09495192307692307 0.36778846153846156 0.18509615384615385 0.12259615384615384
0 0.5060096153846154 0.6574519230769231 0.052884615384615384 0.06009615384615385
0 0.2776442307692308 0.40865384615384615 0.055288461538461536 0.04447115384615385
0 0.037259615384615384 0.16826923076923078 0.06971153846153846 0.052884615384615384
0 0.9387019230769231 0.49278846153846156 0.11778846153846154 0.13701923076923078
0 0.6177884615384616 0.31490384615384615 0.09975961538461539 0.06490384615384616
0 0.47115384615384615 0.29927884615384615 0.0673076923076923 0.06971153846153846
0 0.18028846153846154 0.2548076923076923 0.046875 0.08052884615384616
0 0.43990384615384615 0.11177884615384616 0.09615384615384616 0.04447115384615385
0 0.5757211538461539 0.027644230769230768 0.03485576923076923 0.039663461538461536
0 0.9278846153846154 0.8305288461538461 0.14182692307692307 0.14302884615384615
0 0.6658653846153846 0.7668269230769231 0.2932692307692308 0.1201923076923077
0 0.96875 0.36899038461538464 0.06129807692307692 0.13822115384615385
0 0.12740384615384615 0.9086538461538461 0.11057692307692307 0.18028846153846154
0 0.06971153846153846 0.5516826923076923 0.13942307692307693 0.08413461538461539
0 0.5600961538461539 0.8461538461538461 0.0625 0.15264423076923078
0 0.04326923076923077 0.5108173076923077 0.08653846153846154 0.08653846153846154
0 0.9110576923076923 0.265625 0.12259615384615384 0.11177884615384616
0 0.1875 0.7175480769230769 0.1045673076923077 0.07572115384615384
0 0.6081730769230769 0.9146634615384616 0.07211538461538461 0.15865384615384615
0 0.2932692307692308 0.5697115384615384 0.10216346153846154 0.07572115384615384
0 0.7740384615384616 0.9338942307692307 0.23197115384615385 0.10697115384615384
0 0.1201923076923077 0.2800480769230769 0.0673076923076923 0.09495192307692307
0 0.3713942307692308 0.06610576923076923 0.09735576923076923 0.13221153846153846
0 0.17067307692307693 0.5420673076923077 0.046875 0.055288461538461536
0 0.8161057692307693 0.5829326923076923 0.19230769230769232 0.27283653846153844
0 0.5204326923076923 0.203125 0.12259615384615384 0.08173076923076923
0 0.6538461538461539 0.39783653846153844 0.11298076923076923 0.09254807692307693
0 0.7199519230769231 0.9483173076923077 0.06490384615384616 0.10096153846153846
0 0.6526442307692307 0.39783653846153844 0.11177884615384616 0.09134615384615384
0 0.6225961538461539 0.5144230769230769 0.06009615384615385 0.16947115384615385
0 0.7752403846153846 0.45913461538461536 0.09735576923076923 0.20072115384615385
0 0.6141826923076923 0.21153846153846154 0.18990384615384615 0.10697115384615384
0 0.9627403846153846 0.7427884615384616 0.04927884615384615 0.11177884615384616
0 0.4026442307692308 0.5805288461538461 0.09014423076923077 0.09254807692307693
0 0.359375 0.11298076923076923 0.14423076923076922 0.12740384615384615
0 0.3954326923076923 0.5096153846153846 0.14783653846153846 0.19471153846153846
0 0.3016826923076923 0.9507211538461539 0.23918269230769232 0.09615384615384616
0 0.2824519230769231 0.06490384615384616 0.06009615384615385 0.0625
0 0.5685096153846154 0.2704326923076923 0.13701923076923078 0.12259615384615384