0 0.04927884615384615 0.03365384615384615 0.09735576923076923 0.03365384615384615
0 0.038461538461538464 0.06610576923076923 0.07692307692307693 0.02403846153846154
0 0.11177884615384616 0.10336538461538461 0.018028846153846152 0.055288461538461536
0 0.08653846153846154 0.15144230769230768 0.02403846153846154 0.07932692307692307
0 0.055288461538461536 0.13822115384615385 0.03125 0.04447115384615385
0 0.06370192307692307 0.10697115384615384 0.025240384615384616 0.03125
0 0.1346153846153846 0.04927884615384615 0.021634615384615384 0.03365384615384615
0 0.16947115384615385 0.02403846153846154 0.037259615384615384 0.037259615384615384
0 0.19951923076923078 0.025240384615384616 0.02403846153846154 0.03245192307692308
0 0.2548076923076923 0.019230769230769232 0.038461538461538464 0.038461538461538464
0 0.171875 0.09134615384615384 0.03125 0.06490384615384616
0 0.18269230769230768 0.17668269230769232 0.030048076923076924 0.06129807692307692
0 0.21995192307692307 0.22235576923076922 0.027644230769230768 0.020432692307692308
0 0.10216346153846154 0.2764423076923077 0.04447115384615385 0.02403846153846154
0 0.07932692307692307 0.2980769230769231 0.039663461538461536 0.020432692307692308
0 0.3112980769230769 0.0625 0.09134615384615384 0.054086538461538464
0 0.2536057692307692 0.13701923076923078 0.03245192307692308 0.06490384615384616
0 0.22596153846153846 0.09495192307692307 0.03125 0.03365384615384615
0 0.3870192307692308 0.0625 0.039663461538461536 0.07451923076923077
0 0.28125 0.28966346153846156 0.046875 0.028846153846153848
0 0.28125 0.20072115384615385 0.03365384615384615 0.08413461538461539
0 0.23076923076923078 0.3473557692307692 0.06610576923076923 0.03365384615384615
0 0.2860576923076923 0.4375 0.038461538461538464 0.04326923076923077
0 0.21033653846153846 0.3713942307692308 0.06129807692307692 0.027644230769230768
0 0.171875 0.3485576923076923 0.037259615384615384 0.04447115384615385
0 0.14543269230769232 0.35216346153846156 0.04927884615384615 0.03245192307692308
0 0.09134615384615384 0.3605769230769231 0.11057692307692307 0.038461538461538464
0 0.028846153846153848 0.38822115384615385 0.056490384615384616 0.055288461538461536
0 0.11057692307692307 0.48197115384615385 0.036057692307692304 0.020432692307692308
0 0.15625 0.5096153846153846 0.03245192307692308 0.06490384615384616
0 0.23677884615384615 0.5168269230769231 0.046875 0.036057692307692304
0 0.29086538461538464 0.5961538461538461 0.0889423076923077 0.03365384615384615
0 0.16466346153846154 0.5829326923076923 0.0625 0.03485576923076923
0 0.08533653846153846 0.5564903846153846 0.028846153846153848 0.052884615384615384
0 0.09615384615384616 0.6394230769230769 0.055288461538461536 0.02283653846153846
0 0.051682692307692304 0.7055288461538461 0.054086538461538464 0.07451923076923077
0 0.15625 0.7475961538461539 0.04567307692307692 0.03485576923076923
0 0.21514423076923078 0.6947115384615384 0.07091346153846154 0.07451923076923077
0 0.11658653846153846 0.8064903846153846 0.06850961538461539 0.03485576923076923
0 0.09014423076923077 0.8557692307692307 0.040865384615384616 0.055288461538461536
0 0.328125 0.7608173076923077 0.020432692307692308 0.054086538461538464
0 0.2860576923076923 0.7980769230769231 0.039663461538461536 0.04807692307692308
0 0.38221153846153844 0.8798076923076923 0.08774038461538461 0.038461538461538464
0 0.16947115384615385 0.8737980769230769 0.03125 0.025240384615384616
0 0.11658653846153846 0.9074519230769231 0.04326923076923077 0.025240384615384616
0 0.21754807692307693 0.8641826923076923 0.02403846153846154 0.018028846153846152
0 0.18028846153846154 0.9519230769230769 0.028846153846153848 0.08653846153846154
0 0.7668269230769231 0.03125 0.036057692307692304 0.037259615384615384
0 0.7283653846153846 0.05889423076923077 0.03365384615384615 0.06490384615384616
0 0.8040865384615384 0.07211538461538461 0.03485576923076923 0.06129807692307692
0 0.8653846153846154 0.21634615384615385 0.055288461538461536 0.04807692307692308
0 0.921875 0.21153846153846154 0.038461538461538464 0.10096153846153846
0 0.7115384615384616 0.2548076923076923 0.06850961538461539 0.11778846153846154
0 0.8052884615384616 0.30408653846153844 0.04807692307692308 0.04807692307692308
0 0.8545673076923077 0.2776442307692308 0.04567307692307692 0.019230769230769232
0 0.8774038461538461 0.2548076923076923 0.03365384615384615 0.03245192307692308
0 0.8954326923076923 0.31850961538461536 0.026442307692307692 0.036057692307692304
0 0.9807692307692307 0.36177884615384615 0.030048076923076924 0.057692307692307696
0 0.8485576923076923 0.4170673076923077 0.019230769230769232 0.04927884615384615
0 0.8966346153846154 0.3918269230769231 0.07211538461538461 0.051682692307692304
0 0.8786057692307693 0.3701923076923077 0.027644230769230768 0.039663461538461536
0 0.84375 0.359375 0.028846153846153848 0.028846153846153848
0 0.8257211538461539 0.37259615384615385 0.021634615384615384 0.025240384615384616
0 0.8076923076923077 0.3449519230769231 0.016826923076923076 0.028846153846153848
0 0.7307692307692307 0.36538461538461536 0.04447115384615385 0.0673076923076923
0 0.671875 0.4362980769230769 0.10576923076923077 0.11298076923076923
0 0.7007211538461539 0.49158653846153844 0.028846153846153848 0.055288461538461536
0 0.5925480769230769 0.4987980769230769 0.0985576923076923 0.026442307692307692
0 0.5709134615384616 0.3713942307692308 0.0889423076923077 0.06370192307692307
0 0.9387019230769231 0.49038461538461536 0.038461538461538464 0.055288461538461536
0 0.8052884615384616 0.4963942307692308 0.06370192307692307 0.04447115384615385
0 0.7884615384615384 0.6057692307692307 0.030048076923076924 0.07572115384615384
0 0.8365384615384616 0.5697115384615384 0.028846153846153848 0.028846153846153848
0 0.8617788461538461 0.6213942307692307 0.025240384615384616 0.0985576923076923
0 0.7067307692307693 0.6274038461538461 0.042067307692307696 0.051682692307692304
0 0.6225961538461539 0.6370192307692307 0.052884615384615384 0.027644230769230768
0 0.6382211538461539 0.6826923076923077 0.05889423076923077 0.07932692307692307
0 0.6730769230769231 0.71875 0.038461538461538464 0.03365384615384615
0 0.7391826923076923 0.6995192307692307 0.04326923076923077 0.054086538461538464
0 0.9134615384615384 0.7475961538461539 0.10697115384615384 0.06850961538461539
0 0.7920673076923077 0.7740384615384616 0.08653846153846154 0.08173076923076923
0 0.6586538461538461 0.8449519230769231 0.06370192307692307 0.06610576923076923
0 0.8028846153846154 0.8485576923076923 0.04447115384615385 0.06971153846153846
0 0.7728365384615384 0.8677884615384616 0.039663461538461536 0.02403846153846154
0 0.8509615384615384 0.8894230769230769 0.04447115384615385 0.025240384615384616
0 0.8930288461538461 0.890625 0.03365384615384615 0.018028846153846152
0 0.9014423076923077 0.8028846153846154 0.04927884615384615 0.018028846153846152
0 0.9483173076923077 0.8930288461538461 0.038461538461538464 0.028846153846153848
0 0.9302884615384616 0.8629807692307693 0.06370192307692307 0.020432692307692308
0 0.9399038461538461 0.8149038461538461 0.06490384615384616 0.07572115384615384
0 0.27403846153846156 0.29447115384615385 0.03485576923076923 0.04447115384615385
0 0.26802884615384615 0.6490384615384616 0.038461538461538464 0.03365384615384615
0 0.8990384615384616 0.5036057692307693 0.02283653846153846 0.020432692307692308
0 0.24759615384615385 0.07211538461538461 0.036057692307692304 0.06850961538461539
0 0.09735576923076923 0.6201923076923077 0.04927884615384615 0.020432692307692308
0 0.055288461538461536 0.1658653846153846 0.04447115384615385 0.03485576923076923
0 0.6899038461538461 0.3942307692307692 0.04807692307692308 0.019230769230769232
0 0.19471153846153846 0.07692307692307693 0.025240384615384616 0.020432692307692308
0 0.8076923076923077 0.7139423076923077 0.042067307692307696 0.02403846153846154
0 0.796875 0.6959134615384616 0.037259615384615384 0.02283653846153846