0 0.3401442307692308 0.4699519230769231 0.08774038461538461 0.08533653846153846
0 0.055288461538461536 0.2091346153846154 0.052884615384615384 0.07572115384615384
0 0.07572115384615384 0.7860576923076923 0.0985576923076923 0.09495192307692307
0 0.2692307692307692 0.18990384615384615 0.0733173076923077 0.10576923076923077
0 0.0673076923076923 0.07211538461538461 0.09134615384615384 0.03365384615384615
0 0.2920673076923077 0.41225961538461536 0.09014423076923077 0.06850961538461539
0 0.06490384615384616 0.9759615384615384 0.055288461538461536 0.04567307692307692
0 0.43028846153846156 0.7668269230769231 0.04807692307692308 0.057692307692307696
0 0.44350961538461536 0.1875 0.07692307692307693 0.04807692307692308
0 0.22956730769230768 0.8185096153846154 0.08413461538461539 0.09134615384615384
0 0.055288461538461536 0.20793269230769232 0.052884615384615384 0.07572115384615384
0 0.4170673076923077 0.11177884615384616 0.12980769230769232 0.09975961538461539
0 0.3858173076923077 0.42427884615384615 0.08533653846153846 0.06610576923076923
0 0.26802884615384615 0.75 0.109375 0.042067307692307696
0 0.5132211538461539 0.6466346153846154 0.09495192307692307 0.051682692307692304
0 0.10336538461538461 0.5384615384615384 0.07932692307692307 0.05048076923076923
0 0.7872596153846154 0.484375 0.16346153846153846 0.0733173076923077
0 0.35096153846153844 0.9903846153846154 0.078125 0.018028846153846152
0 0.046875 0.042067307692307696 0.08533653846153846 0.04447115384615385
0 0.04447115384615385 0.46634615384615385 0.05048076923076923 0.06370192307692307
0 0.7211538461538461 0.7980769230769231 0.0733173076923077 0.08653846153846154
0 0.6634615384615384 0.6983173076923077 0.06850961538461539 0.06610576923076923
0 0.5685096153846154 0.5408653846153846 0.06971153846153846 0.0625
0 0.47716346153846156 0.9735576923076923 0.11538461538461539 0.04807692307692308
0 0.45072115384615385 0.9002403846153846 0.10096153846153846 0.055288461538461536
0 0.06490384615384616 0.13341346153846154 0.06850961538461539 0.10576923076923077
0 0.27163461538461536 0.01201923076923077 0.04326923076923077 0.02403846153846154
0 0.025240384615384616 0.9591346153846154 0.05048076923076923 0.052884615384615384
0 0.8786057692307693 0.46875 0.07451923076923077 0.06009615384615385
0 0.5552884615384616 0.24879807692307693 0.046875 0.07692307692307693
0 0.296875 0.8629807692307693 0.08653846153846154 0.10096153846153846
0 0.8677884615384616 0.9723557692307693 0.10096153846153846 0.03485576923076923
0 0.4110576923076923 0.9122596153846154 0.06971153846153846 0.038461538461538464
0 0.19471153846153846 0.13341346153846154 0.08774038461538461 0.055288461538461536
0 0.4699519230769231 0.3076923076923077 0.1141826923076923 0.08653846153846154
0 0.12740384615384615 0.9483173076923077 0.09735576923076923 0.042067307692307696
0 0.14302884615384615 0.640625 0.11177884615384616 0.051682692307692304
0 0.7848557692307693 0.5637019230769231 0.07572115384615384 0.052884615384615384
0 0.7980769230769231 0.8377403846153846 0.046875 0.06610576923076923
0 0.47836538461538464 0.546875 0.07692307692307693 0.06009615384615385
0 0.7487980769230769 0.24278846153846154 0.03485576923076923 0.07211538461538461
0 0.11177884615384616 0.36538461538461536 0.08173076923076923 0.09134615384615384
0 0.9771634615384616 0.9158653846153846 0.04447115384615385 0.06971153846153846
0 0.234375 0.4170673076923077 0.12259615384615384 0.10216346153846154
0 0.4206730769230769 0.8185096153846154 0.07932692307692307 0.03365384615384615
0 0.18509615384615385 0.9699519230769231 0.10697115384615384 0.039663461538461536
0 0.7427884615384616 0.5721153846153846 0.07211538461538461 0.055288461538461536
0 0.32572115384615385 0.21153846153846154 0.10336538461538461 0.08052884615384616
0 0.7007211538461539 0.9543269230769231 0.06971153846153846 0.09014423076923077
0 0.0829326923076923 0.38100961538461536 0.09134615384615384 0.06009615384615385
0 0.7992788461538461 0.8918269230769231 0.08653846153846154 0.05048076923076923
0 0.16706730769230768 0.5 0.09495192307692307 0.08653846153846154
0 0.640625 0.7692307692307693 0.16706730769230768 0.13822115384615385
0 0.3954326923076923 0.6875 0.06009615384615385 0.04807692307692308
0 0.5985576923076923 0.24158653846153846 0.08413461538461539 0.10096153846153846
0 0.19831730769230768 0.40865384615384615 0.08413461538461539 0.0625
0 0.8569711538461539 0.5661057692307693 0.042067307692307696 0.0829326923076923
0 0.36538461538461536 0.11538461538461539 0.12259615384615384 0.11778846153846154
0 0.6838942307692307 0.5576923076923077 0.051682692307692304 0.039663461538461536
0 0.1935096153846154 0.46634615384615385 0.12259615384615384 0.09134615384615384
0 0.08173076923076923 0.6514423076923077 0.0673076923076923 0.02403846153846154
0 0.5288461538461539 0.1658653846153846 0.09014423076923077 0.056490384615384616
0 0.9495192307692307 0.26802884615384615 0.051682692307692304 0.08173076923076923
0 0.7548076923076923 0.7992788461538461 0.051682692307692304 0.06971153846153846
0 0.5985576923076923 0.5673076923076923 0.09975961538461539 0.056490384615384616
0 0.41225961538461536 0.8329326923076923 0.078125 0.042067307692307696
0 0.609375 0.9110576923076923 0.040865384615384616 0.040865384615384616
0 0.20793269230769232 0.6971153846153846 0.08413461538461539 0.046875
0 0.4855769230769231 0.0733173076923077 0.057692307692307696 0.040865384615384616
0 0.7319711538461539 0.859375 0.09975961538461539 0.0829326923076923
0 0.3701923076923077 0.8461538461538461 0.07211538461538461 0.06971153846153846
0 0.9074519230769231 0.5204326923076923 0.10336538461538461 0.10216346153846154
0 0.20432692307692307 0.33413461538461536 0.09134615384615384 0.037259615384615384
0 0.18870192307692307 0.16826923076923078 0.0889423076923077 0.09014423076923077
0 0.04567307692307692 0.5865384615384616 0.09134615384615384 0.0829326923076923