0 0.7379807692307693 0.04807692307692308 0.0889423076923077 0.09495192307692307
0 0.08052884615384616 0.7271634615384616 0.11778846153846154 0.11057692307692307
0 0.15625 0.46634615384615385 0.08533653846153846 0.1502403846153846
0 0.8954326923076923 0.7283653846153846 0.1141826923076923 0.22596153846153846
0 0.4483173076923077 0.9302884615384616 0.09254807692307693 0.13822115384615385
0 0.32091346153846156 0.9495192307692307 0.12740384615384615 0.09495192307692307
0 0.027644230769230768 0.06009615384615385 0.055288461538461536 0.1201923076923077
0 0.32211538461538464 0.43149038461538464 0.14543269230769232 0.125
0 0.5721153846153846 0.9735576923076923 0.1658653846153846 0.04927884615384615
0 0.052884615384615384 0.3870192307692308 0.10576923076923077 0.09615384615384616
0 0.020432692307692308 0.5084134615384616 0.040865384615384616 0.0733173076923077
0 0.7836538461538461 0.30408653846153844 0.10096153846153846 0.13581730769230768
0 0.07451923076923077 0.890625 0.14903846153846154 0.15865384615384615
0 0.3918269230769231 0.5480769230769231 0.09254807692307693 0.10096153846153846
0 0.8149038461538461 0.9519230769230769 0.17908653846153846 0.09134615384615384
0 0.5408653846153846 0.6033653846153846 0.16466346153846154 0.08413461538461539
0 0.7524038461538461 0.7740384615384616 0.12980769230769232 0.16466346153846154
0 0.7836538461538461 0.15865384615384615 0.09014423076923077 0.12980769230769232
0 0.43509615384615385 0.3293269230769231 0.10697115384615384 0.11298076923076923
0 0.22355769230769232 0.9603365384615384 0.125 0.07211538461538461
0 0.6141826923076923 0.7439903846153846 0.12740384615384615 0.15504807692307693
0 0.28725961538461536 0.5757211538461539 0.06971153846153846 0.14182692307692307
0 0.05048076923076923 0.3485576923076923 0.10096153846153846 0.11778846153846154
0 0.12740384615384615 0.5973557692307693 0.11899038461538461 0.21153846153846154
0 0.7259615384615384 0.7055288461538461 0.20072115384615385 0.0985576923076923
0 0.6262019230769231 0.4807692307692308 0.09615384615384616 0.14543269230769232
0 0.34615384615384615 0.040865384615384616 0.08052884615384616 0.08052884615384616
0 0.8605769230769231 0.31971153846153844 0.09014423076923077 0.18269230769230768
0 0.6850961538461539 0.6850961538461539 0.15384615384615385 0.1310096153846154
0 0.3293269230769231 0.5552884615384616 0.17427884615384615 0.20793269230769232
0 0.08653846153846154 0.055288461538461536 0.07932692307692307 0.11057692307692307
0 0.2800480769230769 0.6887019230769231 0.13822115384615385 0.09495192307692307