0 0.30528846153846156 0.8798076923076923 0.06971153846153846 0.06610576923076923
0 0.2920673076923077 0.9375 0.0829326923076923 0.04807692307692308
0 0.018028846153846152 0.5757211538461539 0.03485576923076923 0.0625
0 0.43028846153846156 0.35216346153846156 0.0985576923076923 0.04447115384615385
0 0.3581730769230769 0.9699519230769231 0.05048076923076923 0.057692307692307696
0 0.45552884615384615 0.9266826923076923 0.08774038461538461 0.07572115384615384
0 0.18389423076923078 0.18028846153846154 0.05889423076923077 0.040865384615384616
0 0.3389423076923077 0.7367788461538461 0.14783653846153846 0.0625
0 0.4326923076923077 0.8197115384615384 0.07692307692307693 0.06009615384615385
0 0.49038461538461536 0.8173076923076923 0.039663461538461536 0.038461538461538464
0 0.37259615384615385 0.18389423076923078 0.1045673076923077 0.046875
0 0.9302884615384616 0.3076923076923077 0.05048076923076923 0.08052884615384616
0 0.4567307692307692 0.08173076923076923 0.08533653846153846 0.10096153846153846
0 0.9146634615384616 0.04447115384615385 0.109375 0.08774038461538461
0 0.06490384615384616 0.5865384615384616 0.037259615384615384 0.046875
0 0.578125 0.7475961538461539 0.055288461538461536 0.06009615384615385
0 0.23798076923076922 0.11057692307692307 0.055288461538461536 0.055288461538461536
0 0.6646634615384616 0.8521634615384616 0.04326923076923077 0.046875
0 0.65625 0.19110576923076922 0.057692307692307696 0.06370192307692307
0 0.12139423076923077 0.9338942307692307 0.07451923076923077 0.05048076923076923
0 0.8341346153846154 0.5240384615384616 0.06971153846153846 0.08413461538461539
0 0.34375 0.036057692307692304 0.09615384615384616 0.07091346153846154
0 0.84375 0.984375 0.12620192307692307 0.028846153846153848
0 0.10697115384615384 0.2704326923076923 0.03485576923076923 0.15985576923076922
0 0.8016826923076923 0.8413461538461539 0.1141826923076923 0.07572115384615384
0 0.6225961538461539 0.23918269230769232 0.06490384615384616 0.07451923076923077
0 0.5516826923076923 0.8786057692307693 0.0733173076923077 0.13581730769230768
0 0.5576923076923077 0.12860576923076922 0.055288461538461536 0.05889423076923077
0 0.09495192307692307 0.7992788461538461 0.09615384615384616 0.0733173076923077
0 0.057692307692307696 0.5108173076923077 0.08653846153846154 0.06129807692307692
0 0.6370192307692307 0.08413461538461539 0.04927884615384615 0.09495192307692307
0 0.9134615384615384 0.4050480769230769 0.06610576923076923 0.054086538461538464
0 0.054086538461538464 0.3449519230769231 0.10817307692307693 0.055288461538461536
0 0.8762019230769231 0.16947115384615385 0.04807692307692308 0.056490384615384616
0 0.7692307692307693 0.17307692307692307 0.06610576923076923 0.055288461538461536
0 0.5444711538461539 0.40865384615384615 0.04927884615384615 0.06610576923076923
0 0.052884615384615384 0.038461538461538464 0.08653846153846154 0.07692307692307693
0 0.5240384615384616 0.5180288461538461 0.056490384615384616 0.055288461538461536
0 0.11899038461538461 0.7728365384615384 0.12139423076923077 0.0673076923076923
0 0.9771634615384616 0.04807692307692308 0.04326923076923077 0.09615384615384616
0 0.6502403846153846 0.3473557692307692 0.06490384615384616 0.055288461538461536
0 0.8028846153846154 0.37740384615384615 0.13701923076923078 0.06490384615384616
0 0.018028846153846152 0.15144230769230768 0.036057692307692304 0.0733173076923077
0 0.7463942307692307 0.03485576923076923 0.057692307692307696 0.06971153846153846
0 0.7331730769230769 0.21875 0.05048076923076923 0.06490384615384616
0 0.8341346153846154 0.17908653846153846 0.06129807692307692 0.055288461538461536