0 0.4050480769230769 0.484375 0.05048076923076923 0.037259615384615384
0 0.53125 0.8846153846153846 0.03365384615384615 0.06009615384615385
0 0.4951923076923077 0.5336538461538461 0.03245192307692308 0.028846153846153848
0 0.5685096153846154 0.6766826923076923 0.036057692307692304 0.03365384615384615
0 0.11899038461538461 0.4387019230769231 0.06129807692307692 0.1201923076923077
0 0.484375 0.296875 0.051682692307692304 0.04927884615384615
0 0.5024038461538461 0.4266826923076923 0.04447115384615385 0.040865384615384616
0 0.65625 0.9375 0.13221153846153846 0.12259615384615384
0 0.6274038461538461 0.02403846153846154 0.04447115384615385 0.046875
0 0.6129807692307693 0.22355769230769232 0.04447115384615385 0.07572115384615384
0 0.5612980769230769 0.9254807692307693 0.03485576923076923 0.0625
0 0.5817307692307693 0.9471153846153846 0.025240384615384616 0.04807692307692308
0 0.8040865384615384 0.3641826923076923 0.030048076923076924 0.11778846153846154
0 0.5913461538461539 0.5024038461538461 0.051682692307692304 0.040865384615384616
0 0.625 0.8245192307692307 0.0733173076923077 0.054086538461538464
0 0.5096153846153846 0.8858173076923077 0.030048076923076924 0.055288461538461536
0 0.5192307692307693 0.20072115384615385 0.03365384615384615 0.07572115384615384
0 0.6610576923076923 0.6117788461538461 0.08533653846153846 0.04447115384615385
0 0.4699519230769231 0.009615384615384616 0.03125 0.019230769230769232
0 0.4411057692307692 0.8389423076923077 0.04447115384615385 0.040865384615384616
0 0.5661057692307693 0.9639423076923077 0.06129807692307692 0.06971153846153846
0 0.35697115384615385 0.8149038461538461 0.046875 0.0625