0 0.14903846153846154 0.23798076923076922 0.09495192307692307 0.0625
0 0.9759615384615384 0.9639423076923077 0.04567307692307692 0.06971153846153846
0 0.025240384615384616 0.24519230769230768 0.05048076923076923 0.07692307692307693
0 0.17908653846153846 0.5528846153846154 0.07692307692307693 0.0673076923076923
0 0.34375 0.5625 0.08653846153846154 0.08052884615384616
0 0.6742788461538461 0.1466346153846154 0.10336538461538461 0.055288461538461536
0 0.25721153846153844 0.24879807692307693 0.046875 0.030048076923076924
0 0.8545673076923077 0.7019230769230769 0.04927884615384615 0.09134615384615384
0 0.3401442307692308 0.6454326923076923 0.0829326923076923 0.06009615384615385
0 0.26802884615384615 0.8040865384615384 0.07572115384615384 0.07091346153846154
0 0.1346153846153846 0.16826923076923078 0.07572115384615384 0.07572115384615384
0 0.8521634615384616 0.04567307692307692 0.09375 0.08413461538461539
0 0.6201923076923077 0.028846153846153848 0.06370192307692307 0.057692307692307696
0 0.8846153846153846 0.34375 0.06370192307692307 0.06009615384615385
0 0.10096153846153846 0.6298076923076923 0.0889423076923077 0.09134615384615384
0 0.8629807692307693 0.2668269230769231 0.09615384615384616 0.06971153846153846
0 0.2608173076923077 0.29447115384615385 0.07692307692307693 0.0625
0 0.46153846153846156 0.140625 0.078125 0.10817307692307693
0 0.35697115384615385 0.10817307692307693 0.06971153846153846 0.06490384615384616
0 0.7259615384615384 0.018028846153846152 0.05889423076923077 0.036057692307692304
0 0.38221153846153844 0.18629807692307693 0.05048076923076923 0.09134615384615384
0 0.5889423076923077 0.7680288461538461 0.07932692307692307 0.06971153846153846
0 0.7884615384615384 0.10697115384615384 0.1622596153846154 0.10216346153846154
0 0.7668269230769231 0.2247596153846154 0.10096153846153846 0.06610576923076923
0 0.4014423076923077 0.6826923076923077 0.09375 0.08052884615384616
0 0.7872596153846154 0.7752403846153846 0.06490384615384616 0.0889423076923077
0 0.5360576923076923 0.36778846153846156 0.06009615384615385 0.06009615384615385
0 0.0733173076923077 0.4326923076923077 0.07091346153846154 0.09615384615384616
0 0.9675480769230769 0.6826923076923077 0.06370192307692307 0.06370192307692307
0 0.04927884615384615 0.7920673076923077 0.06850961538461539 0.07572115384615384
0 0.5528846153846154 0.32091346153846156 0.08413461538461539 0.06850961538461539
0 0.33052884615384615 0.7848557692307693 0.06971153846153846 0.0733173076923077
0 0.6610576923076923 0.09134615384615384 0.10096153846153846 0.09975961538461539
0 0.5216346153846154 0.7776442307692307 0.07692307692307693 0.06971153846153846
0 0.013221153846153846 0.5132211538461539 0.025240384615384616 0.0625
0 0.5757211538461539 0.6766826923076923 0.10336538461538461 0.09134615384615384
0 0.16706730769230768 0.38100961538461536 0.07572115384615384 0.0733173076923077
0 0.3293269230769231 0.71875 0.07572115384615384 0.07572115384615384
0 0.9350961538461539 0.22956730769230768 0.12740384615384615 0.07572115384615384
0 0.6490384615384616 0.19230769230769232 0.11057692307692307 0.07572115384615384
0 0.24759615384615385 0.8629807692307693 0.06971153846153846 0.08413461538461539
0 0.9026442307692307 0.7271634615384616 0.056490384615384616 0.08052884615384616
0 0.296875 0.6033653846153846 0.1045673076923077 0.0889423076923077
0 0.7235576923076923 0.859375 0.08533653846153846 0.078125
0 0.9567307692307693 0.7536057692307693 0.06971153846153846 0.07572115384615384
0 0.3701923076923077 0.7860576923076923 0.051682692307692304 0.051682692307692304
0 0.5697115384615384 0.5973557692307693 0.07451923076923077 0.06971153846153846
0 0.4254807692307692 0.31009615384615385 0.10096153846153846 0.08052884615384616
0 0.9290865384615384 0.28846153846153844 0.08533653846153846 0.06850961538461539
0 0.5216346153846154 0.1201923076923077 0.0889423076923077 0.0733173076923077
0 0.8076923076923077 0.5745192307692307 0.09254807692307693 0.08052884615384616
0 0.3125 0.19591346153846154 0.09254807692307693 0.07692307692307693