0 0.05889423076923077 0.036057692307692304 0.11778846153846154 0.07211538461538461
0 0.53125 0.9459134615384616 0.13942307692307693 0.10697115384615384
0 0.9362980769230769 0.24639423076923078 0.12620192307692307 0.06971153846153846
0 0.5853365384615384 0.25600961538461536 0.08653846153846154 0.16105769230769232
0 0.3401442307692308 0.18269230769230768 0.09495192307692307 0.0985576923076923
0 0.9759615384615384 0.35336538461538464 0.04567307692307692 0.09975961538461539
0 0.7704326923076923 0.7572115384615384 0.1141826923076923 0.09375
0 0.06971153846153846 0.9326923076923077 0.11538461538461539 0.13341346153846154
0 0.38461538461538464 0.24639423076923078 0.13822115384615385 0.06971153846153846
0 0.5252403846153846 0.2824519230769231 0.08774038461538461 0.09615384615384616
0 0.9723557692307693 0.039663461538461536 0.052884615384615384 0.07932692307692307
0 0.5036057692307693 0.18028846153846154 0.10817307692307693 0.14543269230769232
0 0.027644230769230768 0.21754807692307693 0.055288461538461536 0.14423076923076922
0 0.12980769230769232 0.6105769230769231 0.07091346153846154 0.0733173076923077
0 0.027644230769230768 0.3137019230769231 0.055288461538461536 0.078125
0 0.5348557692307693 0.3641826923076923 0.1045673076923077 0.12620192307692307
0 0.8786057692307693 0.5036057692307693 0.11899038461538461 0.19110576923076922
0 0.40384615384615385 0.09014423076923077 0.1045673076923077 0.10697115384615384
0 0.8762019230769231 0.6538461538461539 0.12740384615384615 0.08653846153846154
0 0.4567307692307692 0.04567307692307692 0.09615384615384616 0.09134615384615384
0 0.3004807692307692 0.609375 0.1201923076923077 0.16346153846153846
0 0.5901442307692307 0.6442307692307693 0.10216346153846154 0.07572115384615384
0 0.4014423076923077 0.44350961538461536 0.20673076923076922 0.11177884615384616
0 0.9579326923076923 0.7992788461538461 0.08052884615384616 0.10096153846153846
0 0.2283653846153846 0.8149038461538461 0.13581730769230768 0.078125
0 0.24519230769230768 0.6322115384615384 0.0829326923076923 0.19110576923076922
0 0.06490384615384616 0.14903846153846154 0.09375 0.08173076923076923
0 0.21634615384615385 0.890625 0.09975961538461539 0.17427884615384615
0 0.07211538461538461 0.7884615384615384 0.06971153846153846 0.08533653846153846