0 0.21754807692307693 0.35096153846153844 0.06610576923076923 0.07211538461538461
0 0.8485576923076923 0.29086538461538464 0.051682692307692304 0.04447115384615385
0 0.09254807692307693 0.9362980769230769 0.09134615384615384 0.09134615384615384
0 0.8401442307692307 0.7692307692307693 0.06490384615384616 0.07451923076923077
0 0.24879807692307693 0.8425480769230769 0.09615384615384616 0.07932692307692307
0 0.2403846153846154 0.5324519230769231 0.055288461538461536 0.057692307692307696
0 0.6466346153846154 0.32211538461538464 0.0673076923076923 0.07091346153846154
0 0.19831730769230768 0.5336538461538461 0.040865384615384616 0.09134615384615384
0 0.11778846153846154 0.4675480769230769 0.07451923076923077 0.06490384615384616
0 0.9555288461538461 0.8497596153846154 0.08774038461538461 0.06971153846153846
0 0.9290865384615384 0.7548076923076923 0.07572115384615384 0.0673076923076923
0 0.22355769230769232 0.9122596153846154 0.055288461538461536 0.037259615384615384
0 0.3125 0.484375 0.07932692307692307 0.04567307692307692
0 0.32211538461538464 0.8076923076923077 0.10336538461538461 0.0829326923076923
0 0.234375 0.07211538461538461 0.04447115384615385 0.055288461538461536
0 0.021634615384615384 0.8004807692307693 0.042067307692307696 0.055288461538461536
0 0.7067307692307693 0.96875 0.12259615384615384 0.06009615384615385
0 0.6778846153846154 0.8521634615384616 0.078125 0.10817307692307693
0 0.20793269230769232 0.25961538461538464 0.07211538461538461 0.0733173076923077
0 0.027644230769230768 0.042067307692307696 0.055288461538461536 0.06850961538461539
0 0.27163461538461536 0.09014423076923077 0.07211538461538461 0.0733173076923077
0 0.4266826923076923 0.33533653846153844 0.06971153846153846 0.06850961538461539
0 0.8016826923076923 0.5564903846153846 0.06490384615384616 0.08052884615384616
0 0.4230769230769231 0.9771634615384616 0.03485576923076923 0.04447115384615385
0 0.7223557692307693 0.546875 0.07572115384615384 0.09615384615384616
0 0.578125 0.9759615384615384 0.06610576923076923 0.04567307692307692
0 0.3737980769230769 0.9074519230769231 0.04447115384615385 0.06490384615384616
0 0.21514423076923078 0.765625 0.07451923076923077 0.06610576923076923
0 0.7079326923076923 0.6358173076923077 0.07932692307692307 0.07451923076923077
0 0.9362980769230769 0.296875 0.046875 0.040865384615384616
0 0.8978365384615384 0.22596153846153846 0.08653846153846154 0.07692307692307693
0 0.7439903846153846 0.9086538461538461 0.06610576923076923 0.057692307692307696
0 0.7331730769230769 0.7704326923076923 0.06971153846153846 0.07572115384615384
0 0.25961538461538464 0.3233173076923077 0.06009615384615385 0.04927884615384615
0 0.8846153846153846 0.5805288461538461 0.05889423076923077 0.055288461538461536
0 0.4338942307692308 0.8810096153846154 0.08052884615384616 0.06971153846153846
0 0.2920673076923077 0.9663461538461539 0.09495192307692307 0.06610576923076923
0 0.8870192307692307 0.10336538461538461 0.06370192307692307 0.056490384615384616
0 0.7007211538461539 0.33533653846153844 0.06490384615384616 0.06009615384615385
0 0.46875 0.4891826923076923 0.07451923076923077 0.06971153846153846
0 0.4807692307692308 0.0829326923076923 0.06971153846153846 0.056490384615384616
0 0.8930288461538461 0.5324519230769231 0.0829326923076923 0.04927884615384615
0 0.08774038461538461 0.04567307692307692 0.078125 0.07572115384615384
0 0.3233173076923077 0.9110576923076923 0.042067307692307696 0.04326923076923077
0 0.05889423076923077 0.8858173076923077 0.05889423076923077 0.06009615384615385
0 0.14903846153846154 0.07692307692307693 0.06971153846153846 0.08653846153846154
0 0.8173076923076923 0.3605769230769231 0.06971153846153846 0.056490384615384616
0 0.8209134615384616 0.03125 0.06370192307692307 0.0625
0 0.5685096153846154 0.7764423076923077 0.07451923076923077 0.078125
0 0.3713942307692308 0.9699519230769231 0.07091346153846154 0.05889423076923077
0 0.6177884615384616 0.8990384615384616 0.07572115384615384 0.07572115384615384
0 0.23076923076923078 0.48677884615384615 0.0733173076923077 0.078125
0 0.3858173076923077 0.18990384615384615 0.078125 0.06490384615384616
0 0.07932692307692307 0.8040865384615384 0.07692307692307693 0.09014423076923077
0 0.8076923076923077 0.9483173076923077 0.08052884615384616 0.06971153846153846
0 0.17307692307692307 0.9459134615384616 0.078125 0.06490384615384616
0 0.5576923076923077 0.4519230769230769 0.1045673076923077 0.10096153846153846
0 0.37259615384615385 0.65625 0.0733173076923077 0.10697115384615384
0 0.39302884615384615 0.5697115384615384 0.06610576923076923 0.06490384615384616
0 0.3389423076923077 0.10576923076923077 0.07211538461538461 0.06971153846153846
0 0.3449519230769231 0.5300480769230769 0.06009615384615385 0.06009615384615385
0 0.2860576923076923 0.5793269230769231 0.07211538461538461 0.0625
0 0.9711538461538461 0.9567307692307693 0.055288461538461536 0.07091346153846154