0 0.6646634615384616 0.23076923076923078 0.109375 0.09254807692307693
0 0.5745192307692307 0.890625 0.08653846153846154 0.06129807692307692
0 0.6334134615384616 0.28966346153846156 0.06850961538461539 0.09495192307692307
0 0.5600961538461539 0.5048076923076923 0.06490384615384616 0.0625
0 0.39903846153846156 0.9591346153846154 0.04567307692307692 0.08052884615384616
0 0.4831730769230769 0.10576923076923077 0.06971153846153846 0.055288461538461536
0 0.5228365384615384 0.1778846153846154 0.06009615384615385 0.05048076923076923
0 0.6899038461538461 0.9675480769230769 0.04927884615384615 0.06129807692307692
0 0.6153846153846154 0.6442307692307693 0.04447115384615385 0.08533653846153846
0 0.45913461538461536 0.4987980769230769 0.057692307692307696 0.13341346153846154
0 0.5108173076923077 0.9266826923076923 0.08173076923076923 0.14543269230769232
0 0.28846153846153844 0.7992788461538461 0.1141826923076923 0.10817307692307693
0 0.5697115384615384 0.7367788461538461 0.08052884615384616 0.09375
0 0.96875 0.8990384615384616 0.03245192307692308 0.05048076923076923
0 0.5576923076923077 0.9302884615384616 0.06009615384615385 0.13822115384615385
0 0.65625 0.9266826923076923 0.06009615384615385 0.14302884615384615
0 0.5192307692307693 0.025240384615384616 0.06009615384615385 0.04807692307692308
0 0.4651442307692308 0.9411057692307693 0.07091346153846154 0.11658653846153846
0 0.6322115384615384 0.10096153846153846 0.05889423076923077 0.038461538461538464
0 0.6935096153846154 0.11538461538461539 0.06971153846153846 0.05889423076923077