0 0.765625 0.31490384615384615 0.054086538461538464 0.027644230769230768
0 0.014423076923076924 0.14903846153846154 0.028846153846153848 0.07572115384615384
0 0.5096153846153846 0.27884615384615385 0.057692307692307696 0.08052884615384616
0 0.2776442307692308 0.8689903846153846 0.03125 0.07211538461538461
0 0.0985576923076923 0.796875 0.06971153846153846 0.0733173076923077
0 0.5829326923076923 0.7235576923076923 0.054086538461538464 0.04567307692307692
0 0.5396634615384616 0.5324519230769231 0.056490384615384616 0.08653846153846154
0 0.8473557692307693 0.07451923076923077 0.04326923076923077 0.06009615384615385
0 0.29927884615384615 0.4879807692307692 0.12740384615384615 0.09254807692307693
0 0.6141826923076923 0.8221153846153846 0.036057692307692304 0.07211538461538461
0 0.8918269230769231 0.11057692307692307 0.05889423076923077 0.12259615384615384
0 0.6165865384615384 0.41947115384615385 0.025240384615384616 0.07692307692307693
0 0.04807692307692308 0.53125 0.0673076923076923 0.0625
0 0.7319711538461539 0.19591346153846154 0.04447115384615385 0.06490384615384616
0 0.8040865384615384 0.5552884615384616 0.028846153846153848 0.052884615384615384
0 0.2536057692307692 0.5024038461538461 0.07211538461538461 0.09375
0 0.17427884615384615 0.6682692307692307 0.0625 0.06009615384615385
0 0.7451923076923077 0.9675480769230769 0.03365384615384615 0.054086538461538464
0 0.38341346153846156 0.171875 0.07572115384615384 0.0673076923076923
0 0.5600961538461539 0.90625 0.06009615384615385 0.03485576923076923
0 0.9891826923076923 0.8954326923076923 0.019230769230769232 0.06009615384615385
0 0.42427884615384615 0.14783653846153846 0.052884615384615384 0.0733173076923077
0 0.5805288461538461 0.29927884615384615 0.04447115384615385 0.078125
0 0.46875 0.9507211538461539 0.051682692307692304 0.04447115384615385
0 0.8822115384615384 0.5961538461538461 0.042067307692307696 0.05889423076923077
0 0.5204326923076923 0.36778846153846156 0.055288461538461536 0.14423076923076922
0 0.13581730769230768 0.5528846153846154 0.05048076923076923 0.039663461538461536
0 0.17307692307692307 0.8305288461538461 0.027644230769230768 0.09134615384615384
0 0.9471153846153846 0.8665865384615384 0.028846153846153848 0.08653846153846154
0 0.96875 0.046875 0.04927884615384615 0.09134615384615384
0 0.640625 0.20192307692307693 0.05048076923076923 0.07211538461538461
0 0.25600961538461536 0.15985576923076922 0.038461538461538464 0.078125
0 0.7307692307692307 0.7740384615384616 0.051682692307692304 0.08533653846153846
0 0.7019230769230769 0.45913461538461536 0.038461538461538464 0.078125
0 0.9254807692307693 0.23918269230769232 0.025240384615384616 0.0985576923076923
0 0.30528846153846156 0.49038461538461536 0.06850961538461539 0.11778846153846154
0 0.734375 0.6286057692307693 0.057692307692307696 0.04447115384615385
0 0.23918269230769232 0.055288461538461536 0.08533653846153846 0.06490384615384616
0 0.9747596153846154 0.921875 0.040865384615384616 0.08052884615384616
0 0.06009615384615385 0.13942307692307693 0.05889423076923077 0.09134615384615384
0 0.08774038461538461 0.8701923076923077 0.06129807692307692 0.057692307692307696
0 0.6334134615384616 0.7992788461538461 0.0625 0.0829326923076923
0 0.6442307692307693 0.5336538461538461 0.08653846153846154 0.0625
0 0.015625 0.8822115384615384 0.030048076923076924 0.04807692307692308
0 0.8137019230769231 0.5276442307692307 0.026442307692307692 0.09375
0 0.37740384615384615 0.6141826923076923 0.037259615384615384 0.08052884615384616
0 0.08052884615384616 0.3701923076923077 0.055288461538461536 0.07091346153846154
0 0.36538461538461536 0.8449519230769231 0.057692307692307696 0.06971153846153846
0 0.45552884615384615 0.9314903846153846 0.08774038461538461 0.078125
0 0.18990384615384615 0.9399038461538461 0.07572115384615384 0.04447115384615385
0 0.018028846153846152 0.08653846153846154 0.03485576923076923 0.06129807692307692
0 0.7584134615384616 0.5456730769230769 0.08413461538461539 0.11298076923076923
0 0.3233173076923077 0.24158653846153846 0.0733173076923077 0.09495192307692307
0 0.15384615384615385 0.4723557692307692 0.08653846153846154 0.09615384615384616
0 0.5757211538461539 0.796875 0.025240384615384616 0.06490384615384616
0 0.9350961538461539 0.9459134615384616 0.030048076923076924 0.04807692307692308
0 0.32572115384615385 0.8701923076923077 0.046875 0.051682692307692304
0 0.8509615384615384 0.5348557692307693 0.051682692307692304 0.06490384615384616
0 0.33413461538461536 0.47115384615384615 0.04326923076923077 0.05048076923076923
0 0.4723557692307692 0.49759615384615385 0.05048076923076923 0.06370192307692307
0 0.22716346153846154 0.6129807692307693 0.051682692307692304 0.055288461538461536
0 0.6201923076923077 0.4807692307692308 0.046875 0.07572115384615384
0 0.8149038461538461 0.4735576923076923 0.06009615384615385 0.08653846153846154
0 0.6742788461538461 0.3173076923076923 0.06971153846153846 0.08533653846153846
0 0.8245192307692307 0.9711538461538461 0.03485576923076923 0.055288461538461536
0 0.6045673076923077 0.8990384615384616 0.039663461538461536 0.1346153846153846
0 0.6478365384615384 0.03485576923076923 0.06009615384615385 0.06971153846153846
0 0.8665865384615384 0.055288461538461536 0.04447115384615385 0.09014423076923077
0 0.014423076923076924 0.11778846153846154 0.028846153846153848 0.0673076923076923
0 0.5384615384615384 0.18389423076923078 0.078125 0.07692307692307693
0 0.5997596153846154 0.16346153846153846 0.04447115384615385 0.0625
0 0.9194711538461539 0.5913461538461539 0.03365384615384615 0.0829326923076923
0 0.14423076923076922 0.037259615384615384 0.042067307692307696 0.07211538461538461
0 0.7451923076923077 0.8317307692307693 0.054086538461538464 0.07091346153846154