0 0.16105769230769232 0.26802884615384615 0.08533653846153846 0.06971153846153846
0 0.421875 0.3161057692307692 0.042067307692307696 0.04927884615384615
0 0.5240384615384616 0.21394230769230768 0.0829326923076923 0.06009615384615385
0 0.5745192307692307 0.2091346153846154 0.04807692307692308 0.038461538461538464
0 0.17427884615384615 0.04807692307692308 0.09615384615384616 0.09615384615384616
0 0.42788461538461536 0.109375 0.028846153846153848 0.06129807692307692
0 0.35096153846153844 0.4026442307692308 0.0733173076923077 0.078125
0 0.5420673076923077 0.4639423076923077 0.07211538461538461 0.04567307692307692
0 0.7944711538461539 0.4254807692307692 0.040865384615384616 0.06009615384615385
0 0.9495192307692307 0.14903846153846154 0.0985576923076923 0.125
0 0.8100961538461539 0.0889423076923077 0.03485576923076923 0.11778846153846154
0 0.7764423076923077 0.25240384615384615 0.036057692307692304 0.03245192307692308
0 0.7283653846153846 0.12980769230769232 0.046875 0.0733173076923077
0 0.13822115384615385 0.6574519230769231 0.07211538461538461 0.055288461538461536
0 0.7151442307692307 0.5685096153846154 0.055288461538461536 0.04927884615384615
0 0.6754807692307693 0.6358173076923077 0.07091346153846154 0.0673076923076923
0 0.4543269230769231 0.8605769230769231 0.06971153846153846 0.051682692307692304
0 0.31490384615384615 0.8545673076923077 0.09735576923076923 0.057692307692307696
0 0.27283653846153844 0.7920673076923077 0.03365384615384615 0.06850961538461539
0 0.18509615384615385 0.8052884615384616 0.027644230769230768 0.057692307692307696
0 0.84375 0.8125 0.055288461538461536 0.03485576923076923
0 0.828125 0.8798076923076923 0.054086538461538464 0.030048076923076924
0 0.9014423076923077 0.8762019230769231 0.04567307692307692 0.04326923076923077
0 0.17908653846153846 0.9711538461538461 0.03485576923076923 0.056490384615384616
0 0.0673076923076923 0.8762019230769231 0.06009615384615385 0.03125
0 0.9735576923076923 0.30649038461538464 0.04807692307692308 0.12139423076923077
0 0.33774038461538464 0.15865384615384615 0.026442307692307692 0.03365384615384615
0 0.3954326923076923 0.13822115384615385 0.02283653846153846 0.025240384615384616
0 0.7548076923076923 0.027644230769230768 0.02403846153846154 0.02283653846153846
0 0.8509615384615384 0.46153846153846156 0.037259615384615384 0.021634615384615384
0 0.8882211538461539 0.9194711538461539 0.026442307692307692 0.051682692307692304
0 0.5697115384615384 0.6959134615384616 0.054086538461538464 0.04927884615384615
0 0.5853365384615384 0.5252403846153846 0.04447115384615385 0.014423076923076924
0 0.5637019230769231 0.5120192307692307 0.038461538461538464 0.04447115384615385
0 0.5216346153846154 0.5084134615384616 0.030048076923076924 0.027644230769230768
0 0.4362980769230769 0.2800480769230769 0.02403846153846154 0.030048076923076924
0 0.5324519230769231 0.5384615384615384 0.030048076923076924 0.03485576923076923
0 0.24158653846153846 0.9495192307692307 0.02403846153846154 0.028846153846153848
0 0.11057692307692307 0.9867788461538461 0.052884615384615384 0.02403846153846154
0 0.020432692307692308 0.8389423076923077 0.039663461538461536 0.02283653846153846
0 0.038461538461538464 0.8918269230769231 0.07692307692307693 0.0625
0 0.2764423076923077 0.9819711538461539 0.03245192307692308 0.019230769230769232
0 0.46634615384615385 0.9867788461538461 0.038461538461538464 0.025240384615384616
0 0.4014423076923077 0.8581730769230769 0.028846153846153848 0.037259615384615384
0 0.30408653846153844 0.7319711538461539 0.04447115384615385 0.03485576923076923
0 0.8617788461538461 0.8461538461538461 0.019230769230769232 0.019230769230769232