0 0.6442307692307693 0.6622596153846154 0.10216346153846154 0.15865384615384615
0 0.7019230769230769 0.46875 0.04927884615384615 0.04447115384615385
0 0.03485576923076923 0.28846153846153844 0.04807692307692308 0.11057692307692307
0 0.09375 0.6225961538461539 0.055288461538461536 0.10576923076923077
0 0.037259615384615384 0.5649038461538461 0.07451923076923077 0.109375
0 0.8245192307692307 0.9711538461538461 0.1310096153846154 0.055288461538461536
0 0.9615384615384616 0.6141826923076923 0.07451923076923077 0.14783653846153846
0 0.8341346153846154 0.5733173076923077 0.0889423076923077 0.09134615384615384
0 0.18389423076923078 0.9675480769230769 0.10817307692307693 0.06370192307692307
0 0.9783653846153846 0.9411057692307693 0.040865384615384616 0.11658653846153846
0 0.4675480769230769 0.4014423076923077 0.11177884615384616 0.11298076923076923
0 0.7596153846153846 0.8076923076923077 0.10697115384615384 0.171875
0 0.8569711538461539 0.7692307692307693 0.09735576923076923 0.18509615384615385
0 0.4831730769230769 0.9543269230769231 0.14302884615384615 0.09014423076923077
0 0.9579326923076923 0.4026442307692308 0.08052884615384616 0.07211538461538461
0 0.9026442307692307 0.08173076923076923 0.0673076923076923 0.06850961538461539
0 0.2956730769230769 0.051682692307692304 0.0829326923076923 0.0673076923076923
0 0.7475961538461539 0.14543269230769232 0.08413461538461539 0.08533653846153846
0 0.7584134615384616 0.027644230769230768 0.07451923076923077 0.055288461538461536
0 0.8485576923076923 0.203125 0.09495192307692307 0.06490384615384616
0 0.02403846153846154 0.49399038461538464 0.046875 0.06370192307692307
0 0.5661057692307693 0.3545673076923077 0.0889423076923077 0.08413461538461539
0 0.6634615384615384 0.27283653846153844 0.14423076923076922 0.12139423076923077
0 0.1814903846153846 0.2620192307692308 0.09134615384615384 0.056490384615384616
0 0.23677884615384615 0.6923076923076923 0.140625 0.07572115384615384
0 0.609375 0.07451923076923077 0.08653846153846154 0.06370192307692307
0 0.8185096153846154 0.6310096153846154 0.0673076923076923 0.06850961538461539
0 0.03365384615384615 0.040865384615384616 0.06610576923076923 0.08052884615384616
0 0.057692307692307696 0.15625 0.0673076923076923 0.09975961538461539
0 0.11658653846153846 0.8677884615384616 0.11778846153846154 0.06971153846153846
0 0.6033653846153846 0.9002403846153846 0.09254807692307693 0.18389423076923078
0 0.3762019230769231 0.20793269230769232 0.11778846153846154 0.07572115384615384
0 0.4170673076923077 0.07932692307692307 0.0889423076923077 0.04927884615384615
0 0.24278846153846154 0.8774038461538461 0.14783653846153846 0.07451923076923077
0 0.4387019230769231 0.2800480769230769 0.09254807692307693 0.07932692307692307
0 0.4723557692307692 0.6875 0.11778846153846154 0.11658653846153846