0 0.9182692307692307 0.1658653846153846 0.040865384615384616 0.04567307692307692
0 0.7259615384615384 0.1622596153846154 0.04326923076923077 0.055288461538461536
0 0.5204326923076923 0.14302884615384615 0.038461538461538464 0.057692307692307696
0 0.5180288461538461 0.22355769230769232 0.037259615384615384 0.04927884615384615
0 0.7259615384615384 0.3161057692307692 0.04927884615384615 0.04927884615384615
0 0.5805288461538461 0.34134615384615385 0.04326923076923077 0.055288461538461536
0 0.49399038461538464 0.3317307692307692 0.036057692307692304 0.04447115384615385
0 0.3701923076923077 0.22355769230769232 0.03365384615384615 0.038461538461538464
0 0.28125 0.3786057692307692 0.04326923076923077 0.052884615384615384
0 0.2283653846153846 0.265625 0.03245192307692308 0.03245192307692308
0 0.1875 0.15625 0.036057692307692304 0.054086538461538464
0 0.8557692307692307 0.421875 0.03365384615384615 0.03365384615384615
0 0.042067307692307696 0.2848557692307692 0.04567307692307692 0.04927884615384615
0 0.01201923076923077 0.2824519230769231 0.02403846153846154 0.06009615384615385
0 0.7932692307692307 0.8052884615384616 0.04326923076923077 0.03245192307692308
0 0.7956730769230769 0.9807692307692307 0.04927884615384615 0.036057692307692304
0 0.5192307692307693 0.9819711538461539 0.038461538461538464 0.03485576923076923
0 0.43028846153846156 0.8870192307692307 0.03365384615384615 0.04326923076923077
0 0.14543269230769232 0.859375 0.03365384615384615 0.04326923076923077
0 0.09014423076923077 0.8677884615384616 0.056490384615384616 0.040865384615384616
0 0.09014423076923077 0.9651442307692307 0.04807692307692308 0.06850961538461539
0 0.12259615384615384 0.03485576923076923 0.04807692307692308 0.06971153846153846
0 0.7620192307692307 0.984375 0.040865384615384616 0.028846153846153848
0 0.5901442307692307 0.9927884615384616 0.03245192307692308 0.01201923076923077
0 0.9795673076923077 0.2956730769230769 0.038461538461538464 0.039663461538461536
0 0.828125 0.8569711538461539 0.03245192307692308 0.03125
0 0.8329326923076923 0.8882211538461539 0.030048076923076924 0.03245192307692308
0 0.6237980769230769 0.9122596153846154 0.028846153846153848 0.036057692307692304
0 0.5889423076923077 0.9098557692307693 0.03245192307692308 0.038461538461538464
0 0.17668269230769232 0.8605769230769231 0.03125 0.03485576923076923
0 0.5360576923076923 0.3858173076923077 0.02283653846153846 0.02403846153846154
0 0.9290865384615384 0.7980769230769231 0.03365384615384615 0.026442307692307692