0 0.6923076923076923 0.7415865384615384 0.0733173076923077 0.05889423076923077
0 0.9290865384615384 0.20673076923076922 0.06370192307692307 0.10697115384615384
0 0.31490384615384615 0.8100961538461539 0.08173076923076923 0.04447115384615385
0 0.22115384615384615 0.29447115384615385 0.06009615384615385 0.04447115384615385
0 0.15985576923076922 0.12259615384615384 0.11057692307692307 0.04326923076923077
0 0.2704326923076923 0.7427884615384616 0.15384615384615385 0.056490384615384616
0 0.5240384615384616 0.5769230769230769 0.14903846153846154 0.07211538461538461
0 0.2980769230769231 0.8629807692307693 0.09735576923076923 0.06370192307692307
0 0.16826923076923078 0.8858173076923077 0.08052884615384616 0.06009615384615385
0 0.34134615384615385 0.19831730769230768 0.04447115384615385 0.07692307692307693
0 0.6358173076923077 0.24879807692307693 0.09615384615384616 0.08413461538461539
0 0.1201923076923077 0.3125 0.09375 0.09615384615384616
0 0.8329326923076923 0.3786057692307692 0.0733173076923077 0.056490384615384616
0 0.4050480769230769 0.5721153846153846 0.06850961538461539 0.09975961538461539
0 0.5793269230769231 0.2800480769230769 0.09615384615384616 0.054086538461538464
0 0.22956730769230768 0.4326923076923077 0.10697115384615384 0.04447115384615385
0 0.7103365384615384 0.9807692307692307 0.07572115384615384 0.036057692307692304
0 0.9663461538461539 0.6838942307692307 0.05048076923076923 0.04567307692307692
0 0.7644230769230769 0.6983173076923077 0.055288461538461536 0.06971153846153846
0 0.06129807692307692 0.7980769230769231 0.05889423076923077 0.03485576923076923
0 0.53125 0.40384615384615385 0.07091346153846154 0.04927884615384615
0 0.9651442307692307 0.8052884615384616 0.06850961538461539 0.055288461538461536
0 0.75 0.6045673076923077 0.04447115384615385 0.055288461538461536
0 0.3762019230769231 0.3076923076923077 0.109375 0.0625
0 0.5432692307692307 0.027644230769230768 0.054086538461538464 0.055288461538461536
0 0.11778846153846154 0.9603365384615384 0.11778846153846154 0.078125
0 0.9399038461538461 0.96875 0.04927884615384615 0.04447115384615385
0 0.9435096153846154 0.8257211538461539 0.0625 0.028846153846153848
0 0.055288461538461536 0.7680288461538461 0.09615384615384616 0.04927884615384615
0 0.36177884615384615 0.5048076923076923 0.039663461538461536 0.057692307692307696
0 0.3329326923076923 0.9110576923076923 0.04567307692307692 0.038461538461538464
0 0.09134615384615384 0.6959134615384616 0.051682692307692304 0.04447115384615385
0 0.8930288461538461 0.6814903846153846 0.06610576923076923 0.05889423076923077
0 0.1622596153846154 0.5168269230769231 0.046875 0.04447115384615385
0 0.45072115384615385 0.5540865384615384 0.051682692307692304 0.04927884615384615
0 0.9651442307692307 0.14543269230769232 0.0625 0.04807692307692308
0 0.6610576923076923 0.6875 0.12259615384615384 0.051682692307692304
0 0.1971153846153846 0.9471153846153846 0.04447115384615385 0.04807692307692308
0 0.6201923076923077 0.8052884615384616 0.055288461538461536 0.06009615384615385
0 0.04807692307692308 0.6586538461538461 0.09615384615384616 0.039663461538461536
0 0.8341346153846154 0.8197115384615384 0.11658653846153846 0.056490384615384616
0 0.25721153846153844 0.9783653846153846 0.10216346153846154 0.042067307692307696
0 0.6730769230769231 0.7704326923076923 0.07211538461538461 0.04447115384615385
0 0.9290865384615384 0.2932692307692308 0.13822115384615385 0.1045673076923077
0 0.6009615384615384 0.13221153846153846 0.09134615384615384 0.05048076923076923
0 0.03485576923076923 0.421875 0.055288461538461536 0.07572115384615384
0 0.49759615384615385 0.8040865384615384 0.06490384615384616 0.05889423076923077
0 0.7872596153846154 0.59375 0.05048076923076923 0.11899038461538461
0 0.6754807692307693 0.36778846153846156 0.08052884615384616 0.057692307692307696
0 0.27403846153846156 0.5997596153846154 0.10096153846153846 0.07692307692307693
0 0.18509615384615385 0.8125 0.11298076923076923 0.052884615384615384
0 0.5288461538461539 0.31850961538461536 0.054086538461538464 0.057692307692307696
0 0.7884615384615384 0.8882211538461539 0.052884615384615384 0.042067307692307696
0 0.39302884615384615 0.7091346153846154 0.07211538461538461 0.05889423076923077
0 0.7944711538461539 0.34134615384615385 0.06129807692307692 0.055288461538461536
0 0.34975961538461536 0.5841346153846154 0.07572115384615384 0.0673076923076923
0 0.5336538461538461 0.8858173076923077 0.05048076923076923 0.0889423076923077
0 0.8125 0.11538461538461539 0.07932692307692307 0.054086538461538464
0 0.4579326923076923 0.11057692307692307 0.1971153846153846 0.04927884615384615
0 0.5805288461538461 0.7319711538461539 0.04567307692307692 0.04447115384615385