0 0.23317307692307693 0.34375 0.10697115384615384 0.09254807692307693
0 0.4074519230769231 0.8822115384615384 0.08653846153846154 0.11298076923076923
0 0.24278846153846154 0.9651442307692307 0.06850961538461539 0.06610576923076923
0 0.06971153846153846 0.7800480769230769 0.13701923076923078 0.06610576923076923
0 0.26322115384615385 0.5240384615384616 0.06850961538461539 0.10697115384615384
0 0.7475961538461539 0.9771634615384616 0.06370192307692307 0.04326923076923077
0 0.18028846153846154 0.5120192307692307 0.06009615384615385 0.17668269230769232
0 0.08052884615384616 0.055288461538461536 0.07451923076923077 0.08052884615384616
0 0.9495192307692307 0.20072115384615385 0.09975961538461539 0.10697115384615384
0 0.9447115384615384 0.40865384615384615 0.10697115384615384 0.109375
0 0.39903846153846156 0.5024038461538461 0.1658653846153846 0.1141826923076923
0 0.6490384615384616 0.9819711538461539 0.04927884615384615 0.03365384615384615
0 0.6634615384615384 0.05048076923076923 0.078125 0.10096153846153846
0 0.953125 0.8473557692307693 0.09014423076923077 0.07451923076923077
0 0.7536057692307693 0.8365384615384616 0.13581730769230768 0.11778846153846154
0 0.25 0.6923076923076923 0.07091346153846154 0.12740384615384615
0 0.1201923076923077 0.6742788461538461 0.04927884615384615 0.06971153846153846
0 0.046875 0.8737980769230769 0.09014423076923077 0.13701923076923078
0 0.03485576923076923 0.4519230769230769 0.06971153846153846 0.125
0 0.34615384615384615 0.6766826923076923 0.078125 0.06370192307692307
0 0.3449519230769231 0.8473557692307693 0.038461538461538464 0.056490384615384616
0 0.2956730769230769 0.16947115384615385 0.15865384615384615 0.06370192307692307
0 0.19230769230769232 0.1141826923076923 0.17427884615384615 0.04447115384615385
0 0.8052884615384616 0.23557692307692307 0.16947115384615385 0.07572115384615384
0 0.7127403846153846 0.5637019230769231 0.07692307692307693 0.2536057692307692
0 0.6370192307692307 0.8401442307692307 0.11538461538461539 0.07692307692307693
0 0.5625 0.4074519230769231 0.109375 0.14543269230769232
0 0.6069711538461539 0.6033653846153846 0.0673076923076923 0.22115384615384615
0 0.15144230769230768 0.7211538461538461 0.055288461538461536 0.04326923076923077
0 0.9074519230769231 0.7620192307692307 0.09615384615384616 0.08413461538461539
0 0.18509615384615385 0.04326923076923077 0.10576923076923077 0.08653846153846154