0 0.15985576923076922 0.0733173076923077 0.0625 0.06009615384615385
0 0.7115384615384616 0.4266826923076923 0.11778846153846154 0.09134615384615384
0 0.12379807692307693 0.7127403846153846 0.10697115384615384 0.04447115384615385
0 0.6971153846153846 0.36899038461538464 0.09134615384615384 0.07572115384615384
0 0.41346153846153844 0.359375 0.051682692307692304 0.042067307692307696
0 0.1346153846153846 0.5144230769230769 0.08653846153846154 0.054086538461538464
0 0.49278846153846156 0.10096153846153846 0.06490384615384616 0.06129807692307692
0 0.02283653846153846 0.7055288461538461 0.04447115384615385 0.037259615384615384
0 0.3112980769230769 0.046875 0.052884615384615384 0.039663461538461536
0 0.40865384615384615 0.7752403846153846 0.09375 0.028846153846153848
0 0.6274038461538461 0.46634615384615385 0.07572115384615384 0.04807692307692308
0 0.5769230769230769 0.9230769230769231 0.06370192307692307 0.08173076923076923
0 0.90625 0.3701923076923077 0.06009615384615385 0.03245192307692308
0 0.1935096153846154 0.8966346153846154 0.07211538461538461 0.030048076923076924
0 0.1201923076923077 0.8954326923076923 0.06850961538461539 0.052884615384615384
0 0.2283653846153846 0.2668269230769231 0.055288461538461536 0.055288461538461536
0 0.02403846153846154 0.2704326923076923 0.046875 0.04447115384615385
0 0.14302884615384615 0.5516826923076923 0.07932692307692307 0.038461538461538464
0 0.04447115384615385 0.9807692307692307 0.08653846153846154 0.037259615384615384
0 0.5889423076923077 0.39783653846153844 0.06490384615384616 0.06850961538461539
0 0.11778846153846154 0.6177884615384616 0.08052884615384616 0.06490384615384616
0 0.36778846153846156 0.4699519230769231 0.07572115384615384 0.039663461538461536
0 0.7355769230769231 0.33653846153846156 0.07572115384615384 0.040865384615384616
0 0.24158653846153846 0.37259615384615385 0.057692307692307696 0.0829326923076923
0 0.2536057692307692 0.203125 0.09375 0.07091346153846154
0 0.9627403846153846 0.24278846153846154 0.06850961538461539 0.04447115384615385
0 0.5625 0.014423076923076924 0.12980769230769232 0.028846153846153848
0 0.9699519230769231 0.3076923076923077 0.05889423076923077 0.06009615384615385
0 0.37740384615384615 0.5745192307692307 0.0733173076923077 0.08653846153846154
0 0.5144230769230769 0.9038461538461539 0.08052884615384616 0.039663461538461536
0 0.5420673076923077 0.44471153846153844 0.04447115384615385 0.04447115384615385
0 0.19471153846153846 0.026442307692307692 0.08653846153846154 0.052884615384615384
0 0.04447115384615385 0.5649038461538461 0.06129807692307692 0.040865384615384616
0 0.33052884615384615 0.21153846153846154 0.08774038461538461 0.08413461538461539
0 0.1346153846153846 0.3485576923076923 0.10576923076923077 0.06610576923076923
0 0.11057692307692307 0.0889423076923077 0.1141826923076923 0.04447115384615385
0 0.14543269230769232 0.6947115384615384 0.07451923076923077 0.0673076923076923
0 0.96875 0.1658653846153846 0.06009615384615385 0.040865384615384616
0 0.06490384615384616 0.6610576923076923 0.07572115384615384 0.055288461538461536
0 0.38822115384615385 0.9387019230769231 0.09014423076923077 0.04447115384615385
0 0.32211538461538464 0.421875 0.08173076923076923 0.046875
0 0.34615384615384615 0.9471153846153846 0.07091346153846154 0.09375
0 0.8954326923076923 0.13341346153846154 0.10216346153846154 0.028846153846153848
0 0.44591346153846156 0.057692307692307696 0.09615384615384616 0.04447115384615385
0 0.6550480769230769 0.8221153846153846 0.07211538461538461 0.06490384615384616
0 0.8185096153846154 0.37259615384615385 0.09134615384615384 0.03365384615384615
0 0.11778846153846154 0.3858173076923077 0.08653846153846154 0.046875
0 0.27884615384615385 0.3293269230769231 0.07211538461538461 0.05889423076923077
0 0.9567307692307693 0.3954326923076923 0.055288461538461536 0.03485576923076923
0 0.578125 0.7560096153846154 0.09615384615384616 0.05048076923076923
0 0.22716346153846154 0.9362980769230769 0.06490384615384616 0.051682692307692304
0 0.90625 0.4807692307692308 0.056490384615384616 0.05048076923076923
0 0.3088942307692308 0.4699519230769231 0.0829326923076923 0.04567307692307692
0 0.29927884615384615 0.8822115384615384 0.0829326923076923 0.046875
0 0.18389423076923078 0.9735576923076923 0.04567307692307692 0.051682692307692304
0 0.7620192307692307 0.8245192307692307 0.08533653846153846 0.04807692307692308
0 0.609375 0.7211538461538461 0.10697115384615384 0.03365384615384615
0 0.9807692307692307 0.8365384615384616 0.037259615384615384 0.028846153846153848
0 0.5877403846153846 0.5600961538461539 0.11177884615384616 0.05889423076923077
0 0.8798076923076923 0.7139423076923077 0.04927884615384615 0.057692307692307696
0 0.1622596153846154 0.15865384615384615 0.052884615384615384 0.028846153846153848
0 0.12980769230769232 0.43028846153846156 0.08774038461538461 0.03365384615384615
0 0.6298076923076923 0.6045673076923077 0.09254807692307693 0.037259615384615384
0 0.4987980769230769 0.9399038461538461 0.09975961538461539 0.03365384615384615
0 0.7367788461538461 0.23557692307692307 0.12740384615384615 0.051682692307692304
0 0.06009615384615385 0.3329326923076923 0.06009615384615385 0.04807692307692308