0 0.5625 0.8137019230769231 0.13221153846153846 0.11899038461538461
0 0.33533653846153844 0.8353365384615384 0.052884615384615384 0.06490384615384616
0 0.9014423076923077 0.5516826923076923 0.11658653846153846 0.07692307692307693
0 0.8629807692307693 0.27524038461538464 0.15745192307692307 0.08052884615384616
0 0.9759615384615384 0.6310096153846154 0.04567307692307692 0.04807692307692308
0 0.625 0.29086538461538464 0.13822115384615385 0.13701923076923078
0 0.8028846153846154 0.03365384615384615 0.057692307692307696 0.06490384615384616
0 0.46274038461538464 0.6081730769230769 0.09495192307692307 0.10697115384615384
0 0.8173076923076923 0.3798076923076923 0.15384615384615385 0.08052884615384616
0 0.36778846153846156 0.6911057692307693 0.05048076923076923 0.04807692307692308
0 0.49278846153846156 0.0673076923076923 0.06009615384615385 0.06370192307692307
0 0.21634615384615385 0.44711538461538464 0.06850961538461539 0.078125
0 0.47475961538461536 0.7536057692307693 0.06610576923076923 0.055288461538461536
0 0.5372596153846154 0.9230769230769231 0.05048076923076923 0.036057692307692304
0 0.4543269230769231 0.40865384615384615 0.10817307692307693 0.10096153846153846
0 0.2704326923076923 0.53125 0.06490384615384616 0.04326923076923077