0 0.4675480769230769 0.2824519230769231 0.08052884615384616 0.11177884615384616
0 0.8413461538461539 0.8353365384615384 0.1141826923076923 0.06490384615384616
0 0.2608173076923077 0.5060096153846154 0.14302884615384615 0.10697115384615384
0 0.05048076923076923 0.25 0.06610576923076923 0.06490384615384616
0 0.38100961538461536 0.03485576923076923 0.06971153846153846 0.06971153846153846
0 0.6069711538461539 0.10216346153846154 0.10096153846153846 0.19471153846153846
0 0.4110576923076923 0.2283653846153846 0.04567307692307692 0.05889423076923077
0 0.1622596153846154 0.7319711538461539 0.08533653846153846 0.10096153846153846
0 0.5889423076923077 0.7620192307692307 0.0673076923076923 0.09615384615384616
0 0.6153846153846154 0.8894230769230769 0.09975961538461539 0.16346153846153846
0 0.24158653846153846 0.41346153846153844 0.10336538461538461 0.11177884615384616
0 0.3389423076923077 0.23197115384615385 0.06490384615384616 0.11538461538461539
0 0.11298076923076923 0.8100961538461539 0.1201923076923077 0.09014423076923077
0 0.0985576923076923 0.14783653846153846 0.0733173076923077 0.16826923076923078
0 0.7355769230769231 0.4723557692307692 0.07572115384615384 0.07211538461538461
0 0.5192307692307693 0.052884615384615384 0.08533653846153846 0.10576923076923077
0 0.5889423076923077 0.3329326923076923 0.20793269230769232 0.11658653846153846