0 0.9783653846153846 0.9146634615384616 0.042067307692307696 0.08653846153846154
0 0.7896634615384616 0.9254807692307693 0.046875 0.04447115384615385
0 0.6850961538461539 0.9567307692307693 0.04326923076923077 0.04927884615384615
0 0.6225961538461539 0.9098557692307693 0.025240384615384616 0.025240384615384616
0 0.5480769230769231 0.9194711538461539 0.030048076923076924 0.027644230769230768
0 0.5108173076923077 0.9423076923076923 0.057692307692307696 0.0733173076923077
0 0.46875 0.8966346153846154 0.05889423076923077 0.040865384615384616
0 0.5588942307692307 0.859375 0.028846153846153848 0.040865384615384616
0 0.4026442307692308 0.8257211538461539 0.046875 0.038461538461538464
0 0.4567307692307692 0.7884615384615384 0.054086538461538464 0.04927884615384615
0 0.5384615384615384 0.7980769230769231 0.06610576923076923 0.052884615384615384
0 0.8076923076923077 0.6310096153846154 0.051682692307692304 0.03485576923076923
0 0.6742788461538461 0.6778846153846154 0.09014423076923077 0.056490384615384616
0 0.5012019230769231 0.7139423076923077 0.04807692307692308 0.042067307692307696
0 0.36177884615384615 0.7163461538461539 0.055288461538461536 0.05048076923076923
0 0.47716346153846156 0.6514423076923077 0.046875 0.036057692307692304
0 0.6105769230769231 0.5060096153846154 0.03245192307692308 0.04447115384615385
0 0.7175480769230769 0.5564903846153846 0.03485576923076923 0.03365384615384615
0 0.5480769230769231 0.49158653846153844 0.037259615384615384 0.04447115384615385
0 0.3858173076923077 0.4543269230769231 0.11658653846153846 0.04447115384615385
0 0.7608173076923077 0.43149038461538464 0.04927884615384615 0.042067307692307696
0 0.39783653846153844 0.40625 0.056490384615384616 0.039663461538461536
0 0.3858173076923077 0.3401442307692308 0.057692307692307696 0.03365384615384615
0 0.5745192307692307 0.28846153846153844 0.04927884615384615 0.037259615384615384
0 0.71875 0.25961538461538464 0.037259615384615384 0.038461538461538464
0 0.6802884615384616 0.25721153846153844 0.038461538461538464 0.03125
0 0.4807692307692308 0.2536057692307692 0.037259615384615384 0.03485576923076923
0 0.46274038461538464 0.22355769230769232 0.09014423076923077 0.052884615384615384
0 0.7235576923076923 0.1814903846153846 0.03125 0.042067307692307696
0 0.6887019230769231 0.1201923076923077 0.06971153846153846 0.06971153846153846
0 0.4326923076923077 0.1141826923076923 0.042067307692307696 0.055288461538461536
0 0.4963942307692308 0.046875 0.04927884615384615 0.026442307692307692
0 0.7139423076923077 0.04807692307692308 0.036057692307692304 0.02403846153846154
0 0.28125 0.014423076923076924 0.09134615384615384 0.026442307692307692
0 0.09134615384615384 0.9206730769230769 0.038461538461538464 0.052884615384615384
0 0.04447115384615385 0.828125 0.05889423076923077 0.04447115384615385
0 0.08173076923076923 0.23677884615384615 0.046875 0.038461538461538464
0 0.036057692307692304 0.125 0.055288461538461536 0.04927884615384615
0 0.4411057692307692 0.04447115384615385 0.06129807692307692 0.025240384615384616
0 0.5360576923076923 0.7247596153846154 0.03125 0.021634615384615384
0 0.10336538461538461 0.06971153846153846 0.03485576923076923 0.016826923076923076
0 0.5204326923076923 0.15865384615384615 0.054086538461538464 0.05048076923076923
0 0.4795673076923077 0.10576923076923077 0.021634615384615384 0.018028846153846152