0 0.8413461538461539 0.026442307692307692 0.05889423076923077 0.052884615384615384
0 0.9507211538461539 0.109375 0.055288461538461536 0.07572115384615384
0 0.9783653846153846 0.0625 0.042067307692307696 0.07211538461538461
0 0.6478365384615384 0.020432692307692308 0.06009615384615385 0.039663461538461536
0 0.4230769230769231 0.028846153846153848 0.04927884615384615 0.056490384615384616
0 0.44591346153846156 0.0889423076923077 0.0985576923076923 0.055288461538461536
0 0.06610576923076923 0.025240384615384616 0.07572115384615384 0.04927884615384615
0 0.2283653846153846 0.01201923076923077 0.051682692307692304 0.02403846153846154
0 0.26322115384615385 0.009615384615384616 0.037259615384615384 0.019230769230769232
0 0.38221153846153844 0.14543269230769232 0.06971153846153846 0.056490384615384616
0 0.1201923076923077 0.13341346153846154 0.08052884615384616 0.04447115384615385
0 0.19831730769230768 0.18028846153846154 0.06610576923076923 0.052884615384615384
0 0.49038461538461536 0.27163461538461536 0.05889423076923077 0.052884615384615384
0 0.5432692307692307 0.25600961538461536 0.04567307692307692 0.04447115384615385
0 0.8653846153846154 0.12620192307692307 0.06490384615384616 0.078125
0 0.8028846153846154 0.18389423076923078 0.04807692307692308 0.04447115384615385
0 0.8004807692307693 0.14302884615384615 0.039663461538461536 0.038461538461538464
0 0.21153846153846154 0.2668269230769231 0.06009615384615385 0.04807692307692308
0 0.038461538461538464 0.2932692307692308 0.07692307692307693 0.04326923076923077
0 0.625 0.21514423076923078 0.03365384615384615 0.037259615384615384
0 0.671875 0.24158653846153846 0.056490384615384616 0.04447115384615385
0 0.7427884615384616 0.26802884615384615 0.06610576923076923 0.052884615384615384
0 0.09495192307692307 0.38221153846153844 0.0829326923076923 0.04567307692307692
0 0.6862980769230769 0.4206730769230769 0.07572115384615384 0.0625
0 0.6069711538461539 0.3954326923076923 0.06490384615384616 0.07572115384615384
0 0.5360576923076923 0.4230769230769231 0.054086538461538464 0.055288461538461536
0 0.6021634615384616 0.45913461538461536 0.052884615384615384 0.051682692307692304
0 0.6045673076923077 0.5096153846153846 0.04326923076923077 0.03485576923076923
0 0.6899038461538461 0.49759615384615385 0.04447115384615385 0.040865384615384616
0 0.3016826923076923 0.4543269230769231 0.056490384615384616 0.055288461538461536
0 0.4495192307692308 0.4879807692307692 0.051682692307692304 0.04567307692307692
0 0.359375 0.5600961538461539 0.0733173076923077 0.07211538461538461
0 0.3125 0.5408653846153846 0.04807692307692308 0.038461538461538464
0 0.7487980769230769 0.5084134615384616 0.037259615384615384 0.046875
0 0.859375 0.5300480769230769 0.03485576923076923 0.038461538461538464
0 0.9014423076923077 0.5348557692307693 0.054086538461538464 0.046875
0 0.8954326923076923 0.671875 0.038461538461538464 0.04326923076923077
0 0.984375 0.5625 0.030048076923076924 0.06850961538461539
0 0.9927884615384616 0.65625 0.01201923076923077 0.037259615384615384
0 0.09375 0.6358173076923077 0.10576923076923077 0.06971153846153846
0 0.21634615384615385 0.6875 0.056490384615384616 0.10336538461538461
0 0.2644230769230769 0.6802884615384616 0.055288461538461536 0.0625
0 0.6105769230769231 0.625 0.038461538461538464 0.03245192307692308
0 0.39783653846153844 0.7139423076923077 0.06129807692307692 0.036057692307692304
0 0.2668269230769231 0.7536057692307693 0.04447115384615385 0.08533653846153846
0 0.33653846153846156 0.765625 0.039663461538461536 0.04927884615384615
0 0.3798076923076923 0.8028846153846154 0.03245192307692308 0.03365384615384615
0 0.41586538461538464 0.7932692307692307 0.042067307692307696 0.0625
0 0.6682692307692307 0.7427884615384616 0.05048076923076923 0.040865384615384616
0 0.890625 0.7463942307692307 0.054086538461538464 0.036057692307692304
0 0.09014423076923077 0.9098557692307693 0.09134615384615384 0.06370192307692307
0 0.3701923076923077 0.9483173076923077 0.038461538461538464 0.04567307692307692
0 0.46634615384615385 0.90625 0.04927884615384615 0.04447115384615385
0 0.6610576923076923 0.921875 0.042067307692307696 0.057692307692307696
0 0.6274038461538461 0.9891826923076923 0.04567307692307692 0.018028846153846152
0 0.5661057692307693 0.9326923076923077 0.02403846153846154 0.04447115384615385
0 0.5036057692307693 0.9795673076923077 0.046875 0.038461538461538464
0 0.5192307692307693 0.020432692307692308 0.04807692307692308 0.040865384615384616
0 0.4831730769230769 0.01201923076923077 0.037259615384615384 0.02403846153846154
0 0.015625 0.33052884615384615 0.030048076923076924 0.046875
0 0.003605769230769231 0.09615384615384616 0.007211538461538462 0.040865384615384616