0 0.18870192307692307 0.39302884615384615 0.17548076923076922 0.09615384615384616
0 0.7451923076923077 0.5204326923076923 0.12860576923076922 0.09735576923076923
0 0.7608173076923077 0.3004807692307692 0.0985576923076923 0.07932692307692307
0 0.1310096153846154 0.5877403846153846 0.0985576923076923 0.11778846153846154
0 0.671875 0.6899038461538461 0.14182692307692307 0.1201923076923077
0 0.0673076923076923 0.33533653846153844 0.11177884615384616 0.10096153846153846
0 0.4266826923076923 0.7860576923076923 0.18028846153846154 0.11778846153846154
0 0.9603365384615384 0.5456730769230769 0.07572115384615384 0.10697115384615384
0 0.8737980769230769 0.9591346153846154 0.12379807692307693 0.07932692307692307
0 0.9519230769230769 0.29927884615384615 0.09495192307692307 0.13822115384615385
0 0.6478365384615384 0.296875 0.13581730769230768 0.14543269230769232
0 0.6694711538461539 0.07692307692307693 0.0625 0.04807692307692308
0 0.13822115384615385 0.234375 0.08173076923076923 0.09254807692307693
0 0.8834134615384616 0.4543269230769231 0.10216346153846154 0.09014423076923077
0 0.41466346153846156 0.5444711538461539 0.08774038461538461 0.09975961538461539
0 0.07091346153846154 0.8365384615384616 0.10697115384615384 0.057692307692307696
0 0.5036057692307693 0.7211538461538461 0.11778846153846154 0.14302884615384615
0 0.8725961538461539 0.28125 0.10096153846153846 0.10697115384615384
0 0.49278846153846156 0.390625 0.15384615384615385 0.078125
0 0.8942307692307693 0.21995192307692307 0.14423076923076922 0.10096153846153846
0 0.14302884615384615 0.5180288461538461 0.09735576923076923 0.12259615384615384
0 0.5552884615384616 0.02283653846153846 0.12259615384615384 0.04447115384615385
0 0.44350961538461536 0.8990384615384616 0.12379807692307693 0.1971153846153846
0 0.3629807692307692 0.9362980769230769 0.1502403846153846 0.09134615384615384
0 0.4074519230769231 0.27163461538461536 0.11538461538461539 0.10576923076923077
0 0.052884615384615384 0.9627403846153846 0.10576923076923077 0.06971153846153846
0 0.13822115384615385 0.7608173076923077 0.09975961538461539 0.14783653846153846
0 0.025240384615384616 0.057692307692307696 0.05048076923076923 0.06971153846153846
0 0.04447115384615385 0.5348557692307693 0.08774038461538461 0.11778846153846154
0 0.7403846153846154 0.8798076923076923 0.1045673076923077 0.22355769230769232
0 0.7487980769230769 0.41947115384615385 0.09975961538461539 0.12860576923076922