0 0.609375 0.37740384615384615 0.0733173076923077 0.052884615384615384
0 0.47115384615384615 0.6322115384615384 0.06009615384615385 0.08052884615384616
0 0.30288461538461536 0.8449519230769231 0.055288461538461536 0.055288461538461536
0 0.46033653846153844 0.19591346153846154 0.07211538461538461 0.07692307692307693
0 0.7992788461538461 0.18509615384615385 0.0625 0.08052884615384616
0 0.9026442307692307 0.36658653846153844 0.06971153846153846 0.06850961538461539
0 0.6935096153846154 0.25721153846153844 0.052884615384615384 0.038461538461538464
0 0.8942307692307693 0.9447115384615384 0.0625 0.109375
0 0.453125 0.8473557692307693 0.08173076923076923 0.06971153846153846
0 0.7271634615384616 0.22355769230769232 0.0625 0.054086538461538464
0 0.5588942307692307 0.36177884615384615 0.052884615384615384 0.037259615384615384
0 0.5096153846153846 0.7475961538461539 0.08533653846153846 0.052884615384615384
0 0.6298076923076923 0.5144230769230769 0.06971153846153846 0.08413461538461539
0 0.33774038461538464 0.34975961538461536 0.07932692307692307 0.055288461538461536
0 0.6766826923076923 0.28966346153846156 0.06009615384615385 0.04567307692307692
0 0.625 0.15985576923076922 0.06370192307692307 0.06009615384615385
0 0.052884615384615384 0.12139423076923077 0.10576923076923077 0.06850961538461539
0 0.6899038461538461 0.34975961538461536 0.10336538461538461 0.05889423076923077
0 0.052884615384615384 0.1201923076923077 0.10336538461538461 0.06850961538461539
0 0.8617788461538461 0.6105769230769231 0.06129807692307692 0.07572115384615384
0 0.46875 0.2776442307692308 0.09254807692307693 0.055288461538461536
0 0.7427884615384616 0.5829326923076923 0.11899038461538461 0.08052884615384616
0 0.9783653846153846 0.875 0.042067307692307696 0.11177884615384616
0 0.2800480769230769 0.45552884615384615 0.0673076923076923 0.11298076923076923
0 0.7391826923076923 0.7860576923076923 0.09615384615384616 0.056490384615384616
0 0.02283653846153846 0.24278846153846154 0.04567307692307692 0.0625
0 0.9026442307692307 0.2800480769230769 0.055288461538461536 0.07451923076923077
0 0.7067307692307693 0.33413461538461536 0.10216346153846154 0.046875
0 0.7764423076923077 0.16466346153846154 0.05048076923076923 0.08413461538461539
0 0.7367788461538461 0.5108173076923077 0.11298076923076923 0.08173076923076923
0 0.8533653846153846 0.234375 0.06009615384615385 0.07692307692307693
0 0.7944711538461539 0.7475961538461539 0.06490384615384616 0.051682692307692304
0 0.7728365384615384 0.6286057692307693 0.06490384615384616 0.06129807692307692
0 0.390625 0.27403846153846156 0.04807692307692308 0.06370192307692307
0 0.24639423076923078 0.296875 0.09975961538461539 0.08533653846153846
0 0.3329326923076923 0.018028846153846152 0.07692307692307693 0.03485576923076923
0 0.7259615384615384 0.29927884615384615 0.06610576923076923 0.051682692307692304
0 0.43509615384615385 0.6538461538461539 0.04927884615384615 0.06610576923076923
0 0.49399038461538464 0.8185096153846154 0.0625 0.06009615384615385
0 0.421875 0.7295673076923077 0.08052884615384616 0.06009615384615385
0 0.5036057692307693 0.1935096153846154 0.057692307692307696 0.07211538461538461
0 0.2956730769230769 0.20192307692307693 0.09615384615384616 0.08413461538461539
0 0.9134615384615384 0.7451923076923077 0.0625 0.06009615384615385
0 0.6274038461538461 0.32091346153846156 0.06009615384615385 0.06009615384615385
0 0.9447115384615384 0.6742788461538461 0.07211538461538461 0.05889423076923077
0 0.6658653846153846 0.21875 0.06370192307692307 0.04807692307692308