0 0.19831730769230768 0.21394230769230768 0.1045673076923077 0.15144230769230768
0 0.6490384615384616 0.65625 0.14423076923076922 0.08653846153846154
0 0.6923076923076923 0.052884615384615384 0.06971153846153846 0.07932692307692307
0 0.28966346153846156 0.234375 0.07451923076923077 0.11057692307692307
0 0.06129807692307692 0.6694711538461539 0.12259615384615384 0.11057692307692307
0 0.9699519230769231 0.4326923076923077 0.05889423076923077 0.08653846153846154
0 0.7151442307692307 0.9411057692307693 0.1502403846153846 0.06971153846153846
0 0.4254807692307692 0.4014423076923077 0.09134615384615384 0.08052884615384616
0 0.43149038461538464 0.8581730769230769 0.07692307692307693 0.12139423076923077
0 0.6670673076923077 0.6947115384615384 0.0673076923076923 0.10216346153846154
0 0.17668269230769232 0.8810096153846154 0.09735576923076923 0.09134615384615384
0 0.16346153846153846 0.04567307692307692 0.078125 0.09134615384615384
0 0.8293269230769231 0.3762019230769231 0.17427884615384615 0.18990384615384615
0 0.7560096153846154 0.12860576923076922 0.1141826923076923 0.09254807692307693
0 0.8774038461538461 0.9435096153846154 0.13822115384615385 0.109375
0 0.054086538461538464 0.7716346153846154 0.08052884615384616 0.06009615384615385
0 0.6887019230769231 0.8497596153846154 0.12620192307692307 0.09495192307692307
0 0.052884615384615384 0.8641826923076923 0.10576923076923077 0.10216346153846154
0 0.2932692307692308 0.8257211538461539 0.06490384615384616 0.07451923076923077
0 0.9639423076923077 0.9230769230769231 0.07091346153846154 0.1045673076923077