0 0.055288461538461536 0.8822115384615384 0.109375 0.11057692307692307
0 0.78125 0.8725961538461539 0.10216346153846154 0.10576923076923077
0 0.96875 0.0625 0.06009615384615385 0.042067307692307696
0 0.7163461538461539 0.1045673076923077 0.07451923076923077 0.037259615384615384
0 0.84375 0.5444711538461539 0.07572115384615384 0.08413461538461539
0 0.22115384615384615 0.27884615384615385 0.08052884615384616 0.051682692307692304
0 0.22956730769230768 0.4050480769230769 0.11778846153846154 0.06971153846153846
0 0.109375 0.027644230769230768 0.11778846153846154 0.055288461538461536
0 0.15264423076923078 0.8329326923076923 0.06009615384615385 0.046875
0 0.10817307692307693 0.6141826923076923 0.08052884615384616 0.057692307692307696
0 0.5204326923076923 0.515625 0.06490384615384616 0.04447115384615385
0 0.5084134615384616 0.765625 0.09615384615384616 0.056490384615384616
0 0.6490384615384616 0.7548076923076923 0.06971153846153846 0.051682692307692304
0 0.9014423076923077 0.7355769230769231 0.10096153846153846 0.04447115384615385
0 0.5264423076923077 0.234375 0.057692307692307696 0.04326923076923077
0 0.8629807692307693 0.7944711538461539 0.1045673076923077 0.05889423076923077
0 0.9158653846153846 0.12139423076923077 0.04447115384615385 0.056490384615384616
0 0.5360576923076923 0.02283653846153846 0.09254807692307693 0.04447115384615385