0 0.9182692307692307 0.8161057692307693 0.1141826923076923 0.08774038461538461
0 0.46033653846153844 0.10096153846153846 0.11658653846153846 0.20072115384615385
0 0.10576923076923077 0.36778846153846156 0.1658653846153846 0.28125
0 0.359375 0.7764423076923077 0.09495192307692307 0.09495192307692307
0 0.6310096153846154 0.10216346153846154 0.23197115384615385 0.17548076923076922
0 0.3605769230769231 0.39903846153846156 0.09615384615384616 0.09735576923076923
0 0.49158653846153844 0.296875 0.09495192307692307 0.12620192307692307
0 0.6069711538461539 0.203125 0.10216346153846154 0.10216346153846154
0 0.1814903846153846 0.4795673076923077 0.2848557692307692 0.18990384615384615
0 0.6286057692307693 0.39663461538461536 0.09495192307692307 0.44350961538461536
0 0.3161057692307692 0.039663461538461536 0.19230769230769232 0.07572115384615384
0 0.2439903846153846 0.109375 0.16947115384615385 0.21394230769230768
0 0.06971153846153846 0.16706730769230768 0.13822115384615385 0.3293269230769231
0 0.07451923076923077 0.6502403846153846 0.054086538461538464 0.06490384615384616
0 0.7067307692307693 0.6646634615384616 0.1622596153846154 0.18509615384615385
0 0.9711538461538461 0.4362980769230769 0.055288461538461536 0.15384615384615385
0 0.6983173076923077 0.22716346153846154 0.0733173076923077 0.06370192307692307
0 0.9507211538461539 0.59375 0.09615384615384616 0.15144230769230768