0 0.9014423076923077 0.5360576923076923 0.06490384615384616 0.06370192307692307
0 0.6262019230769231 0.7620192307692307 0.03125 0.03365384615384615
0 0.7860576923076923 0.2860576923076923 0.056490384615384616 0.051682692307692304
0 0.96875 0.05889423076923077 0.06009615384615385 0.10096153846153846
0 0.7716346153846154 0.6081730769230769 0.056490384615384616 0.09014423076923077
0 0.5396634615384616 0.78125 0.10817307692307693 0.057692307692307696
0 0.25240384615384615 0.6754807692307693 0.11177884615384616 0.06490384615384616
0 0.5805288461538461 0.13701923076923078 0.05889423076923077 0.054086538461538464
0 0.140625 0.6502403846153846 0.08653846153846154 0.07091346153846154
0 0.6129807692307693 0.84375 0.06009615384615385 0.04807692307692308
0 0.38822115384615385 0.9038461538461539 0.09615384615384616 0.10697115384615384
0 0.6935096153846154 0.41466346153846156 0.054086538461538464 0.09735576923076923
0 0.40384615384615385 0.8269230769230769 0.078125 0.055288461538461536
0 0.24278846153846154 0.5432692307692307 0.0829326923076923 0.055288461538461536
0 0.5384615384615384 0.5264423076923077 0.07451923076923077 0.109375
0 0.671875 0.09975961538461539 0.10817307692307693 0.078125
0 0.8329326923076923 0.6322115384615384 0.06850961538461539 0.06610576923076923
0 0.7319711538461539 0.4579326923076923 0.038461538461538464 0.04447115384615385
0 0.04447115384615385 0.04326923076923077 0.0625 0.055288461538461536
0 0.38221153846153844 0.5865384615384616 0.06850961538461539 0.07211538461538461
0 0.6382211538461539 0.7211538461538461 0.06009615384615385 0.07572115384615384
0 0.4266826923076923 0.3076923076923077 0.06971153846153846 0.057692307692307696
0 0.5360576923076923 0.109375 0.06490384615384616 0.056490384615384616
0 0.8762019230769231 0.359375 0.06850961538461539 0.07211538461538461
0 0.6394230769230769 0.6237980769230769 0.07211538461538461 0.07211538461538461
0 0.20793269230769232 0.11778846153846154 0.07211538461538461 0.052884615384615384
0 0.5877403846153846 0.21514423076923078 0.046875 0.051682692307692304
0 0.49278846153846156 0.30649038461538464 0.06009615384615385 0.07211538461538461
0 0.33413461538461536 0.421875 0.0625 0.12379807692307693
0 0.30528846153846156 0.6526442307692307 0.06850961538461539 0.0673076923076923
0 0.34615384615384615 0.13221153846153846 0.10336538461538461 0.08774038461538461
0 0.7199519230769231 0.07572115384615384 0.06490384615384616 0.06610576923076923
0 0.8569711538461539 0.11778846153846154 0.06971153846153846 0.08052884615384616
0 0.8978365384615384 0.6201923076923077 0.08173076923076923 0.08052884615384616
0 0.11298076923076923 0.21153846153846154 0.07692307692307693 0.04927884615384615
0 0.03125 0.41947115384615385 0.06129807692307692 0.0625
0 0.04927884615384615 0.7800480769230769 0.09615384615384616 0.09615384615384616
0 0.2608173076923077 0.07932692307692307 0.10096153846153846 0.0829326923076923
0 0.41947115384615385 0.14783653846153846 0.0625 0.06129807692307692
0 0.8858173076923077 0.8016826923076923 0.06490384615384616 0.06490384615384616
0 0.025240384615384616 0.7103365384615384 0.04927884615384615 0.06850961538461539
0 0.6790865384615384 0.19951923076923078 0.08653846153846154 0.06971153846153846
0 0.5588942307692307 0.8257211538461539 0.051682692307692304 0.055288461538461536
0 0.8545673076923077 0.9423076923076923 0.0733173076923077 0.1141826923076923
0 0.49399038461538464 0.6466346153846154 0.09134615384615384 0.08413461538461539
0 0.6778846153846154 0.5060096153846154 0.0889423076923077 0.0673076923076923
0 0.4735576923076923 0.0889423076923077 0.1045673076923077 0.06370192307692307
0 0.5649038461538461 0.41586538461538464 0.06610576923076923 0.06370192307692307
0 0.7043269230769231 0.28725961538461536 0.06610576923076923 0.08533653846153846
0 0.21153846153846154 0.48677884615384615 0.04447115384615385 0.04927884615384615
0 0.036057692307692304 0.09014423076923077 0.06009615384615385 0.056490384615384616
0 0.8076923076923077 0.45072115384615385 0.0673076923076923 0.08533653846153846
0 0.054086538461538464 0.5913461538461539 0.07451923076923077 0.06610576923076923