0 0.7115384615384616 0.24519230769230768 0.08533653846153846 0.10096153846153846
0 0.20673076923076922 0.22956730769230768 0.0985576923076923 0.0829326923076923
0 0.39903846153846156 0.3389423076923077 0.09375 0.08413461538461539
0 0.18990384615384615 0.33653846153846156 0.1310096153846154 0.06009615384615385
0 0.6069711538461539 0.5084134615384616 0.08173076923076923 0.09134615384615384
0 0.9831730769230769 0.02283653846153846 0.03125 0.04567307692307692
0 0.47115384615384615 0.8413461538461539 0.15144230769230768 0.09735576923076923
0 0.6165865384615384 0.9759615384615384 0.07451923076923077 0.04567307692307692
0 0.8137019230769231 0.04567307692307692 0.0889423076923077 0.08653846153846154
0 0.9447115384615384 0.40024038461538464 0.0625 0.0673076923076923
0 0.9134615384615384 0.14543269230769232 0.07451923076923077 0.07572115384615384
0 0.4699519230769231 0.109375 0.10697115384615384 0.08533653846153846
0 0.8810096153846154 0.7980769230769231 0.07932692307692307 0.09735576923076923
0 0.7475961538461539 0.7740384615384616 0.07451923076923077 0.08653846153846154
0 0.421875 0.15625 0.14423076923076922 0.07932692307692307
0 0.6358173076923077 0.8677884615384616 0.13822115384615385 0.08052884615384616
0 0.1201923076923077 0.8064903846153846 0.16706730769230768 0.11778846153846154
0 0.7548076923076923 0.6129807692307693 0.0985576923076923 0.11177884615384616
0 0.9651442307692307 0.6586538461538461 0.0673076923076923 0.06971153846153846
0 0.08533653846153846 0.3125 0.08052884615384616 0.11177884615384616
0 0.8100961538461539 0.515625 0.07451923076923077 0.08413461538461539
0 0.5252403846153846 0.8461538461538461 0.07091346153846154 0.04807692307692308
0 0.06610576923076923 0.5408653846153846 0.0889423076923077 0.1141826923076923
0 0.9074519230769231 0.5444711538461539 0.08774038461538461 0.09014423076923077