0 0.4110576923076923 0.8209134615384616 0.109375 0.09615384615384616
0 0.24759615384615385 0.6658653846153846 0.07572115384615384 0.07932692307692307
0 0.8161057692307693 0.12139423076923077 0.13221153846153846 0.1141826923076923
0 0.2548076923076923 0.0829326923076923 0.17067307692307693 0.0889423076923077
0 0.6887019230769231 0.6682692307692307 0.06850961538461539 0.09975961538461539
0 0.43028846153846156 0.028846153846153848 0.0625 0.056490384615384616
0 0.5925480769230769 0.3918269230769231 0.11899038461538461 0.11177884615384616
0 0.7271634615384616 0.4951923076923077 0.09615384615384616 0.09735576923076923
0 0.15264423076923078 0.31850961538461536 0.10576923076923077 0.09134615384615384
0 0.06129807692307692 0.5516826923076923 0.07451923076923077 0.09975961538461539
0 0.703125 0.7247596153846154 0.12620192307692307 0.09615384615384616
0 0.5276442307692307 0.39783653846153844 0.08653846153846154 0.078125
0 0.2824519230769231 0.8353365384615384 0.0673076923076923 0.11899038461538461
0 0.8774038461538461 0.5588942307692307 0.10817307692307693 0.08413461538461539
0 0.019230769230769232 0.28365384615384615 0.038461538461538464 0.10336538461538461
0 0.027644230769230768 0.6634615384615384 0.055288461538461536 0.07451923076923077
0 0.16346153846153846 0.6682692307692307 0.06009615384615385 0.06850961538461539
0 0.48197115384615385 0.7307692307692307 0.0985576923076923 0.078125
0 0.7019230769230769 0.9783653846153846 0.10697115384615384 0.039663461538461536
0 0.38221153846153844 0.12980769230769232 0.06971153846153846 0.08653846153846154
0 0.3293269230769231 0.9579326923076923 0.09375 0.08173076923076923
0 0.8882211538461539 0.9110576923076923 0.09254807692307693 0.12379807692307693
0 0.03365384615384615 0.7415865384615384 0.0673076923076923 0.1141826923076923
0 0.5492788461538461 0.05048076923076923 0.08413461538461539 0.10096153846153846
0 0.43149038461538464 0.5889423076923077 0.08173076923076923 0.11177884615384616
0 0.21153846153846154 0.13822115384615385 0.11177884615384616 0.14302884615384615
0 0.11298076923076923 0.16105769230769232 0.10096153846153846 0.140625