0 0.9110576923076923 0.46875 0.0733173076923077 0.09134615384615384
0 0.36177884615384615 0.3701923076923077 0.07572115384615384 0.14182692307692307
0 0.6201923076923077 0.14903846153846154 0.1045673076923077 0.07692307692307693
0 0.052884615384615384 0.6346153846153846 0.10576923076923077 0.1201923076923077
0 0.6225961538461539 0.078125 0.10336538461538461 0.09375
0 0.7331730769230769 0.20432692307692307 0.12139423076923077 0.11298076923076923
0 0.5144230769230769 0.9759615384615384 0.09495192307692307 0.04447115384615385
0 0.052884615384615384 0.7427884615384616 0.10576923076923077 0.09495192307692307
0 0.9350961538461539 0.3125 0.12620192307692307 0.11778846153846154
0 0.7920673076923077 0.8930288461538461 0.12620192307692307 0.09254807692307693
0 0.5817307692307693 0.9483173076923077 0.08533653846153846 0.09134615384615384
0 0.45552884615384615 0.6658653846153846 0.09254807692307693 0.09134615384615384
0 0.6766826923076923 0.875 0.09134615384615384 0.09615384615384616
0 0.7728365384615384 0.32572115384615385 0.09735576923076923 0.12379807692307693
0 0.7295673076923077 0.671875 0.07692307692307693 0.09134615384615384
0 0.7415865384615384 0.31971153846153844 0.11538461538461539 0.10576923076923077
0 0.5084134615384616 0.3798076923076923 0.13581730769230768 0.1141826923076923
0 0.6442307692307693 0.5576923076923077 0.13581730769230768 0.08653846153846154
0 0.8305288461538461 0.6382211538461539 0.11778846153846154 0.13822115384615385
0 0.21634615384615385 0.4579326923076923 0.12379807692307693 0.11298076923076923
0 0.02283653846153846 0.5865384615384616 0.04567307692307692 0.11177884615384616
0 0.4639423076923077 0.1466346153846154 0.1201923076923077 0.11177884615384616
0 0.38100961538461536 0.9663461538461539 0.07211538461538461 0.0625
0 0.0985576923076923 0.453125 0.10697115384615384 0.11778846153846154
0 0.5600961538461539 0.421875 0.15985576923076922 0.0889423076923077
0 0.7439903846153846 0.9519230769230769 0.07451923076923077 0.09134615384615384