0 0.7908653846153846 0.052884615384615384 0.04927884615384615 0.1045673076923077
0 0.6706730769230769 0.026442307692307692 0.06971153846153846 0.046875
0 0.6802884615384616 0.09615384615384616 0.09615384615384616 0.09014423076923077
0 0.8076923076923077 0.21754807692307693 0.09134615384615384 0.06490384615384616
0 0.7908653846153846 0.2848557692307692 0.07572115384615384 0.06971153846153846
0 0.6225961538461539 0.20432692307692307 0.09014423076923077 0.06490384615384616
0 0.6947115384615384 0.3016826923076923 0.11057692307692307 0.07211538461538461
0 0.7644230769230769 0.3701923076923077 0.11899038461538461 0.036057692307692304
0 0.7091346153846154 0.4014423076923077 0.06490384615384616 0.04567307692307692
0 0.9375 0.35096153846153844 0.12379807692307693 0.03485576923076923
0 0.9471153846153846 0.3269230769230769 0.10336538461538461 0.06971153846153846
0 0.921875 0.37740384615384615 0.028846153846153848 0.019230769230769232
0 0.4423076923076923 0.04447115384615385 0.04807692307692308 0.06490384615384616
0 0.49759615384615385 0.14302884615384615 0.06610576923076923 0.09735576923076923
0 0.4951923076923077 0.19951923076923078 0.04447115384615385 0.042067307692307696
0 0.5384615384615384 0.14182692307692307 0.03365384615384615 0.04447115384615385
0 0.6598557692307693 0.14543269230769232 0.037259615384615384 0.051682692307692304
0 0.515625 0.24759615384615385 0.04326923076923077 0.04567307692307692
0 0.5889423076923077 0.328125 0.042067307692307696 0.07211538461538461
0 0.5516826923076923 0.2932692307692308 0.054086538461538464 0.11057692307692307
0 0.38221153846153844 0.28365384615384615 0.06009615384615385 0.05889423076923077
0 0.2860576923076923 0.39302884615384615 0.054086538461538464 0.11538461538461539
0 0.9747596153846154 0.4074519230769231 0.039663461538461536 0.05048076923076923
0 0.9759615384615384 0.5144230769230769 0.046875 0.05889423076923077
0 0.9819711538461539 0.6394230769230769 0.03365384615384615 0.046875
0 0.9891826923076923 0.6814903846153846 0.019230769230769232 0.039663461538461536
0 0.9951923076923077 0.5997596153846154 0.007211538461538462 0.020432692307692308
0 0.9387019230769231 0.6682692307692307 0.05048076923076923 0.11538461538461539
0 0.9074519230769231 0.515625 0.06009615384615385 0.038461538461538464
0 0.7896634615384616 0.5108173076923077 0.028846153846153848 0.03365384615384615
0 0.7295673076923077 0.5625 0.21514423076923078 0.08653846153846154
0 0.8870192307692307 0.640625 0.051682692307692304 0.04447115384615385
0 0.7704326923076923 0.7680288461538461 0.06009615384615385 0.05048076923076923
0 0.9086538461538461 0.7776442307692307 0.04326923076923077 0.03365384615384615
0 0.9350961538461539 0.8329326923076923 0.04927884615384615 0.055288461538461536
0 0.9735576923076923 0.8245192307692307 0.046875 0.04927884615384615
0 0.7572115384615384 0.9026442307692307 0.026442307692307692 0.10576923076923077
0 0.9242788461538461 0.9242788461538461 0.04326923076923077 0.06009615384615385
0 0.4098557692307692 0.5072115384615384 0.08533653846153846 0.054086538461538464
0 0.3233173076923077 0.5973557692307693 0.06009615384615385 0.04927884615384615
0 0.33533653846153844 0.6706730769230769 0.04447115384615385 0.042067307692307696
0 0.47115384615384615 0.8004807692307693 0.06850961538461539 0.042067307692307696
0 0.5108173076923077 0.7764423076923077 0.08052884615384616 0.06490384615384616
0 0.38822115384615385 0.8473557692307693 0.06129807692307692 0.09014423076923077
0 0.5072115384615384 0.828125 0.10336538461538461 0.03485576923076923
0 0.3233173076923077 0.875 0.038461538461538464 0.03365384615384615
0 0.9290865384615384 0.9855769230769231 0.0673076923076923 0.026442307692307692
0 0.9627403846153846 0.4495192307692308 0.028846153846153848 0.03365384615384615
0 0.5108173076923077 0.46274038461538464 0.04807692307692308 0.13581730769230768
0 0.46875 0.042067307692307696 0.1045673076923077 0.08413461538461539
0 0.3076923076923077 0.021634615384615384 0.07692307692307693 0.04326923076923077
0 0.23677884615384615 0.03485576923076923 0.07932692307692307 0.06971153846153846
0 0.13822115384615385 0.018028846153846152 0.06971153846153846 0.036057692307692304
0 0.09375 0.07932692307692307 0.054086538461538464 0.09134615384615384
0 0.020432692307692308 0.22956730769230768 0.037259615384615384 0.042067307692307696
0 0.15144230769230768 0.3233173076923077 0.03125 0.042067307692307696
0 0.0985576923076923 0.3125 0.042067307692307696 0.0625
0 0.06009615384615385 0.38822115384615385 0.06850961538461539 0.052884615384615384
0 0.014423076923076924 0.6550480769230769 0.028846153846153848 0.056490384615384616
0 0.0889423076923077 0.7944711538461539 0.056490384615384616 0.037259615384615384
0 0.1201923076923077 0.8786057692307693 0.15144230769230768 0.06129807692307692
0 0.3701923076923077 0.9759615384615384 0.06009615384615385 0.046875
0 0.2848557692307692 0.6634615384615384 0.052884615384615384 0.057692307692307696
0 0.22115384615384615 0.6346153846153846 0.052884615384615384 0.04447115384615385
0 0.20552884615384615 0.6814903846153846 0.04927884615384615 0.04567307692307692
0 0.24639423076923078 0.703125 0.0625 0.055288461538461536
0 0.2548076923076923 0.6646634615384616 0.04807692307692308 0.04326923076923077
0 0.14302884615384615 0.7788461538461539 0.025240384615384616 0.03125
0 0.2644230769230769 0.7439903846153846 0.14423076923076922 0.07572115384615384
0 0.2704326923076923 0.8040865384615384 0.04447115384615385 0.06610576923076923
0 0.2704326923076923 0.8173076923076923 0.07091346153846154 0.06370192307692307
0 0.1935096153846154 0.7944711538461539 0.04927884615384615 0.038461538461538464
0 0.1971153846153846 0.8377403846153846 0.04927884615384615 0.04326923076923077
0 0.15144230769230768 0.8329326923076923 0.042067307692307696 0.040865384615384616
0 0.21153846153846154 0.8641826923076923 0.03365384615384615 0.026442307692307692
0 0.25600961538461536 0.8966346153846154 0.07572115384615384 0.055288461538461536
0 0.46634615384615385 0.9507211538461539 0.021634615384615384 0.037259615384615384
0 0.2608173076923077 0.9507211538461539 0.11899038461538461 0.052884615384615384
0 0.5276442307692307 0.9254807692307693 0.06490384615384616 0.07451923076923077
0 0.515625 0.9807692307692307 0.07932692307692307 0.036057692307692304
0 0.4579326923076923 0.9915865384615384 0.02403846153846154 0.014423076923076924
0 0.1814903846153846 0.9903846153846154 0.040865384615384616 0.018028846153846152
0 0.15865384615384615 0.9759615384615384 0.03365384615384615 0.038461538461538464
0 0.2704326923076923 0.9567307692307693 0.042067307692307696 0.07572115384615384
0 0.14783653846153846 0.9483173076923077 0.030048076923076924 0.018028846153846152
0 0.06009615384615385 0.7115384615384616 0.10817307692307693 0.0829326923076923
0 0.07451923076923077 0.8293269230769231 0.0625 0.028846153846153848
0 0.021634615384615384 0.8185096153846154 0.04326923076923077 0.06009615384615385
0 0.42427884615384615 0.23798076923076922 0.03125 0.030048076923076924
0 0.17427884615384615 0.2860576923076923 0.03125 0.027644230769230768
0 0.5576923076923077 0.9711538461538461 0.05048076923076923 0.046875