0 0.14783653846153846 0.7668269230769231 0.1778846153846154 0.07572115384615384
0 0.9338942307692307 0.8846153846153846 0.09615384615384616 0.056490384615384616
0 0.7163461538461539 0.21033653846153846 0.08533653846153846 0.2091346153846154
0 0.484375 0.4014423076923077 0.0889423076923077 0.08653846153846154
0 0.6225961538461539 0.875 0.0829326923076923 0.06490384615384616
0 0.39302884615384615 0.19230769230769232 0.05889423076923077 0.055288461538461536
0 0.11538461538461539 0.859375 0.08052884615384616 0.1346153846153846
0 0.671875 0.9375 0.0733173076923077 0.04807692307692308
0 0.8329326923076923 0.8137019230769231 0.07692307692307693 0.07932692307692307
0 0.9375 0.9723557692307693 0.0625 0.054086538461538464
0 0.9362980769230769 0.16706730769230768 0.125 0.07091346153846154
0 0.40384615384615385 0.40024038461538464 0.10336538461538461 0.07572115384615384
0 0.22956730769230768 0.9411057692307693 0.0829326923076923 0.11658653846153846
0 0.13221153846153846 0.45913461538461536 0.078125 0.1201923076923077
0 0.0985576923076923 0.5420673076923077 0.0829326923076923 0.07692307692307693
0 0.8834134615384616 0.5108173076923077 0.07932692307692307 0.11778846153846154
0 0.19110576923076922 0.5829326923076923 0.10576923076923077 0.07211538461538461
0 0.5661057692307693 0.7451923076923077 0.0625 0.06490384615384616
0 0.6141826923076923 0.7079326923076923 0.09495192307692307 0.11778846153846154
0 0.4170673076923077 0.6526442307692307 0.07451923076923077 0.06971153846153846
0 0.8918269230769231 0.9182692307692307 0.09615384615384616 0.09134615384615384
0 0.3137019230769231 0.8485576923076923 0.09615384615384616 0.07451923076923077
0 0.33052884615384615 0.6526442307692307 0.09014423076923077 0.10096153846153846
0 0.8209134615384616 0.5540865384615384 0.06490384615384616 0.11298076923076923
0 0.030048076923076924 0.7319711538461539 0.06009615384615385 0.0625
0 0.6069711538461539 0.41947115384615385 0.13581730769230768 0.11658653846153846
0 0.3737980769230769 0.9014423076923077 0.15384615384615385 0.07692307692307693
0 0.054086538461538464 0.53125 0.0673076923076923 0.08533653846153846
0 0.328125 0.5456730769230769 0.10697115384615384 0.10216346153846154
0 0.6838942307692307 0.5733173076923077 0.12860576923076922 0.09495192307692307
0 0.9483173076923077 0.8329326923076923 0.10096153846153846 0.06490384615384616
0 0.16706730769230768 0.6995192307692307 0.08173076923076923 0.06129807692307692
0 0.18509615384615385 0.9747596153846154 0.07451923076923077 0.04807692307692308
0 0.5324519230769231 0.9507211538461539 0.18269230769230768 0.09615384615384616
0 0.41346153846153844 0.03245192307692308 0.07451923076923077 0.06490384615384616
0 0.25600961538461536 0.7872596153846154 0.09975961538461539 0.04807692307692308
0 0.8137019230769231 0.9435096153846154 0.15625 0.06490384615384616
0 0.7680288461538461 0.5733173076923077 0.12259615384615384 0.07692307692307693
0 0.46274038461538464 0.71875 0.08413461538461539 0.07692307692307693
0 0.19831730769230768 0.8305288461538461 0.10096153846153846 0.07692307692307693
0 0.24278846153846154 0.25240384615384615 0.1971153846153846 0.10336538461538461
0 0.7415865384615384 0.6754807692307693 0.13822115384615385 0.10096153846153846
0 0.06009615384615385 0.6382211538461539 0.1201923076923077 0.11778846153846154
0 0.08774038461538461 0.4326923076923077 0.054086538461538464 0.04927884615384615
0 0.6502403846153846 0.06490384615384616 0.15985576923076922 0.08052884615384616
0 0.8930288461538461 0.6754807692307693 0.06850961538461539 0.11778846153846154
0 0.15865384615384615 0.17427884615384615 0.0673076923076923 0.12259615384615384
0 0.7848557692307693 0.08413461538461539 0.10817307692307693 0.0625