0 0.9182692307692307 0.3557692307692308 0.078125 0.0673076923076923
0 0.3233173076923077 0.296875 0.07451923076923077 0.09495192307692307
0 0.16105769230769232 0.6899038461538461 0.06850961538461539 0.06850961538461539
0 0.14903846153846154 0.7908653846153846 0.06490384615384616 0.08173076923076923
0 0.2860576923076923 0.9447115384615384 0.14783653846153846 0.10697115384615384
0 0.5853365384615384 0.2512019230769231 0.10096153846153846 0.10096153846153846
0 0.359375 0.021634615384615384 0.10096153846153846 0.04326923076923077
0 0.6899038461538461 0.3161057692307692 0.09495192307692307 0.078125
0 0.9230769230769231 0.7680288461538461 0.15144230769230768 0.10697115384615384
0 0.14543269230769232 0.009615384615384616 0.10096153846153846 0.019230769230769232
0 0.296875 0.47836538461538464 0.09615384615384616 0.14182692307692307
0 0.7259615384615384 0.8966346153846154 0.13822115384615385 0.14423076923076922
0 0.11899038461538461 0.890625 0.10697115384615384 0.14182692307692307
0 0.16706730769230768 0.25721153846153844 0.14423076923076922 0.08413461538461539
0 0.4951923076923077 0.9110576923076923 0.10096153846153846 0.17548076923076922
0 0.5865384615384616 0.18629807692307693 0.07211538461538461 0.06610576923076923
0 0.9711538461538461 0.29447115384615385 0.055288461538461536 0.08413461538461539
0 0.06971153846153846 0.140625 0.12259615384615384 0.109375
0 0.20552884615384615 0.5877403846153846 0.056490384615384616 0.08413461538461539
0 0.4326923076923077 0.27403846153846156 0.07932692307692307 0.13221153846153846
0 0.40024038461538464 0.7247596153846154 0.1201923076923077 0.14903846153846154
0 0.019230769230769232 0.8185096153846154 0.038461538461538464 0.07451923076923077
0 0.7475961538461539 0.021634615384615384 0.11538461538461539 0.04326923076923077
0 0.7920673076923077 0.13581730769230768 0.08653846153846154 0.12740384615384615
0 0.11899038461538461 0.16706730769230768 0.10216346153846154 0.08653846153846154
0 0.4266826923076923 0.8918269230769231 0.08173076923076923 0.16466346153846154
0 0.20072115384615385 0.6802884615384616 0.05889423076923077 0.06490384615384616
0 0.625 0.12139423076923077 0.10697115384615384 0.10096153846153846
0 0.2800480769230769 0.7560096153846154 0.15384615384615385 0.08052884615384616
0 0.8040865384615384 0.609375 0.09014423076923077 0.0733173076923077
0 0.8389423076923077 0.6550480769230769 0.07692307692307693 0.0673076923076923
0 0.9627403846153846 0.5721153846153846 0.07211538461538461 0.10096153846153846