0 0.09254807692307693 0.04447115384615385 0.11177884615384616 0.0625
0 0.27403846153846156 0.040865384615384616 0.054086538461538464 0.0733173076923077
0 0.35096153846153844 0.020432692307692308 0.04447115384615385 0.038461538461538464
0 0.02283653846153846 0.27283653846153844 0.04567307692307692 0.038461538461538464
0 0.140625 0.3112980769230769 0.08653846153846154 0.04567307692307692
0 0.3161057692307692 0.171875 0.054086538461538464 0.057692307692307696
0 0.21394230769230768 0.26802884615384615 0.026442307692307692 0.06610576923076923
0 0.3088942307692308 0.23677884615384615 0.08052884615384616 0.046875
0 0.359375 0.3016826923076923 0.057692307692307696 0.04927884615384615
0 0.4567307692307692 0.1502403846153846 0.05048076923076923 0.04567307692307692
0 0.45913461538461536 0.21153846153846154 0.0733173076923077 0.09014423076923077
0 0.5240384615384616 0.26802884615384615 0.06971153846153846 0.055288461538461536
0 0.4951923076923077 0.3233173076923077 0.06490384615384616 0.040865384615384616
0 0.41225961538461536 0.35216346153846156 0.10576923076923077 0.06009615384615385
0 0.36778846153846156 0.4050480769230769 0.052884615384615384 0.052884615384615384
0 0.171875 0.453125 0.03245192307692308 0.036057692307692304
0 0.21754807692307693 0.4579326923076923 0.038461538461538464 0.042067307692307696
0 0.10096153846153846 0.4795673076923077 0.06129807692307692 0.039663461538461536
0 0.125 0.5637019230769231 0.07692307692307693 0.06009615384615385
0 0.2608173076923077 0.6009615384615384 0.07211538461538461 0.046875
0 0.3786057692307692 0.5721153846153846 0.038461538461538464 0.052884615384615384
0 0.3954326923076923 0.6454326923076923 0.04807692307692308 0.04927884615384615
0 0.53125 0.5889423076923077 0.07091346153846154 0.052884615384615384
0 0.5817307692307693 0.4675480769230769 0.07211538461538461 0.036057692307692304
0 0.5336538461538461 0.4230769230769231 0.04807692307692308 0.09134615384615384
0 0.3125 0.6754807692307693 0.04567307692307692 0.04447115384615385
0 0.21634615384615385 0.7319711538461539 0.051682692307692304 0.07451923076923077
0 0.16466346153846154 0.7980769230769231 0.055288461538461536 0.09014423076923077
0 0.10096153846153846 0.8389423076923077 0.05889423076923077 0.0829326923076923
0 0.2608173076923077 0.8665865384615384 0.036057692307692304 0.037259615384615384
0 0.3293269230769231 0.8521634615384616 0.057692307692307696 0.037259615384615384
0 0.328125 0.9050480769230769 0.06129807692307692 0.054086538461538464
0 0.5180288461538461 0.7283653846153846 0.052884615384615384 0.0985576923076923
0 0.6033653846153846 0.7451923076923077 0.07211538461538461 0.056490384615384616
0 0.6358173076923077 0.7199519230769231 0.0625 0.039663461538461536
0 0.5180288461538461 0.828125 0.026442307692307692 0.06850961538461539
0 0.5300480769230769 0.8305288461538461 0.036057692307692304 0.08774038461538461
0 0.5769230769230769 0.8617788461538461 0.040865384615384616 0.0889423076923077
0 0.6141826923076923 0.9615384615384616 0.06129807692307692 0.0625
0 0.5516826923076923 0.9447115384615384 0.06009615384615385 0.06129807692307692
0 0.5192307692307693 0.9447115384615384 0.038461538461538464 0.08653846153846154
0 0.7872596153846154 0.9615384615384616 0.055288461538461536 0.0733173076923077
0 0.026442307692307692 0.8533653846153846 0.051682692307692304 0.03365384615384615
0 0.027644230769230768 0.9098557692307693 0.055288461538461536 0.055288461538461536
0 0.9723557692307693 0.9483173076923077 0.054086538461538464 0.05889423076923077
0 0.9675480769230769 0.9014423076923077 0.0625 0.06971153846153846
0 0.7608173076923077 0.6887019230769231 0.038461538461538464 0.03485576923076923
0 0.8088942307692307 0.7019230769230769 0.06971153846153846 0.08774038461538461
0 0.9435096153846154 0.6045673076923077 0.04567307692307692 0.05048076923076923
0 0.9242788461538461 0.6730769230769231 0.06490384615384616 0.15625
0 0.78125 0.6033653846153846 0.05889423076923077 0.06610576923076923
0 0.8413461538461539 0.5625 0.10697115384615384 0.056490384615384616
0 0.7896634615384616 0.45552884615384615 0.06971153846153846 0.06610576923076923
0 0.8798076923076923 0.3473557692307692 0.07692307692307693 0.04447115384615385
0 0.9663461538461539 0.4230769230769231 0.04807692307692308 0.04927884615384615
0 0.9483173076923077 0.20552884615384615 0.06129807692307692 0.046875
0 0.9627403846153846 0.11778846153846154 0.07211538461538461 0.06129807692307692
0 0.828125 0.1346153846153846 0.04927884615384615 0.04567307692307692
0 0.8076923076923077 0.19471153846153846 0.10216346153846154 0.04326923076923077
0 0.625 0.2127403846153846 0.04326923076923077 0.046875
0 0.953125 0.34375 0.055288461538461536 0.0829326923076923
0 0.9819711538461539 0.014423076923076924 0.03365384615384615 0.028846153846153848
0 0.7572115384615384 0.016826923076923076 0.0625 0.03365384615384615
0 0.6117788461538461 0.016826923076923076 0.05048076923076923 0.03365384615384615
0 0.47596153846153844 0.01201923076923077 0.04807692307692308 0.02403846153846154
0 0.016826923076923076 0.5456730769230769 0.03365384615384615 0.052884615384615384
0 0.019230769230769232 0.6310096153846154 0.038461538461538464 0.07091346153846154
0 0.010817307692307692 0.04326923076923077 0.021634615384615384 0.051682692307692304