0 0.23677884615384615 0.2283653846153846 0.12740384615384615 0.046875
0 0.12740384615384615 0.22956730769230768 0.056490384615384616 0.08533653846153846
0 0.7235576923076923 0.5360576923076923 0.08052884615384616 0.019230769230769232
0 0.4266826923076923 0.5288461538461539 0.055288461538461536 0.016826923076923076
0 0.3485576923076923 0.8882211538461539 0.10096153846153846 0.03485576923076923
0 0.20673076923076922 0.6923076923076923 0.14903846153846154 0.038461538461538464
0 0.34615384615384615 0.9723557692307693 0.22355769230769232 0.054086538461538464
0 0.7572115384615384 0.6322115384615384 0.10576923076923077 0.021634615384615384
0 0.484375 0.5829326923076923 0.14903846153846154 0.040865384615384616
0 0.19471153846153846 0.8882211538461539 0.07211538461538461 0.06610576923076923
0 0.9519230769230769 0.01201923076923077 0.054086538461538464 0.02403846153846154
0 0.3449519230769231 0.5540865384615384 0.11057692307692307 0.03365384615384615
0 0.6045673076923077 0.03485576923076923 0.11177884615384616 0.040865384615384616
0 0.203125 0.6598557692307693 0.10336538461538461 0.08173076923076923
0 0.6742788461538461 0.9182692307692307 0.09134615384615384 0.04447115384615385
0 0.8245192307692307 0.453125 0.055288461538461536 0.051682692307692304
0 0.15625 0.9350961538461539 0.10216346153846154 0.036057692307692304
0 0.15384615384615385 0.6586538461538461 0.1502403846153846 0.12259615384615384
0 0.9663461538461539 0.34375 0.06009615384615385 0.03245192307692308
0 0.4266826923076923 0.29927884615384615 0.17067307692307693 0.04326923076923077
0 0.21514423076923078 0.9519230769230769 0.0985576923076923 0.02403846153846154
0 0.7367788461538461 0.4963942307692308 0.1346153846153846 0.03365384615384615
0 0.028846153846153848 0.9110576923076923 0.056490384615384616 0.036057692307692304
0 0.9362980769230769 0.5985576923076923 0.125 0.03365384615384615
0 0.03365384615384615 0.9891826923076923 0.06490384615384616 0.018028846153846152
0 0.9206730769230769 0.5360576923076923 0.08173076923076923 0.055288461538461536
0 0.7463942307692307 0.9615384615384616 0.18509615384615385 0.04447115384615385
0 0.3137019230769231 0.6081730769230769 0.06009615384615385 0.018028846153846152
0 0.9735576923076923 0.26802884615384615 0.051682692307692304 0.04447115384615385
0 0.7451923076923077 0.9290865384615384 0.08533653846153846 0.03485576923076923
0 0.33413461538461536 0.296875 0.08052884615384616 0.037259615384615384
0 0.19110576923076922 0.015625 0.09495192307692307 0.030048076923076924
0 0.546875 0.1622596153846154 0.1045673076923077 0.04326923076923077
0 0.054086538461538464 0.484375 0.07572115384615384 0.04927884615384615
0 0.5480769230769231 0.5264423076923077 0.09495192307692307 0.15384615384615385
0 0.19471153846153846 0.7908653846153846 0.10817307692307693 0.08413461538461539
0 0.05048076923076923 0.43990384615384615 0.10096153846153846 0.037259615384615384
0 0.6670673076923077 0.8509615384615384 0.09975961538461539 0.057692307692307696
0 0.5697115384615384 0.6514423076923077 0.12740384615384615 0.09254807692307693
0 0.07932692307692307 0.9831730769230769 0.06850961538461539 0.028846153846153848
0 0.8882211538461539 0.296875 0.06009615384615385 0.036057692307692304
0 0.4362980769230769 0.051682692307692304 0.10817307692307693 0.042067307692307696
0 0.4495192307692308 0.15144230769230768 0.038461538461538464 0.07572115384615384
0 0.1814903846153846 0.59375 0.039663461538461536 0.06971153846153846
0 0.4795673076923077 0.5132211538461539 0.09495192307692307 0.046875
0 0.9555288461538461 0.9747596153846154 0.0829326923076923 0.04567307692307692
0 0.04927884615384615 0.9362980769230769 0.09735576923076923 0.036057692307692304
0 0.22596153846153846 0.28725961538461536 0.1201923076923077 0.046875
0 0.1875 0.5576923076923077 0.07451923076923077 0.042067307692307696
0 0.22716346153846154 0.48677884615384615 0.15384615384615385 0.09375
0 0.40865384615384615 0.7487980769230769 0.06850961538461539 0.11778846153846154
0 0.6887019230769231 0.020432692307692308 0.19831730769230768 0.039663461538461536
0 0.6346153846153846 0.8798076923076923 0.21995192307692307 0.0733173076923077
0 0.09735576923076923 0.5805288461538461 0.07692307692307693 0.025240384615384616
0 0.042067307692307696 0.5973557692307693 0.07932692307692307 0.027644230769230768
0 0.9170673076923077 0.7007211538461539 0.10216346153846154 0.056490384615384616
0 0.5084134615384616 0.9074519230769231 0.08653846153846154 0.04927884615384615
0 0.8365384615384616 0.5240384615384616 0.10336538461538461 0.04326923076923077
0 0.7043269230769231 0.5973557692307693 0.08774038461538461 0.05889423076923077
0 0.8100961538461539 0.18990384615384615 0.08653846153846154 0.04326923076923077
0 0.5240384615384616 0.025240384615384616 0.078125 0.025240384615384616
0 0.039663461538461536 0.34375 0.07932692307692307 0.06009615384615385
0 0.9302884615384616 0.5745192307692307 0.09615384615384616 0.021634615384615384
0 0.38822115384615385 0.6766826923076923 0.06009615384615385 0.030048076923076924
0 0.6274038461538461 0.796875 0.038461538461538464 0.07692307692307693
0 0.5745192307692307 0.4326923076923077 0.078125 0.17307692307692307
0 0.703125 0.5757211538461539 0.12379807692307693 0.04807692307692308
0 0.09735576923076923 0.03485576923076923 0.19471153846153846 0.040865384615384616
0 0.15504807692307693 0.14543269230769232 0.10216346153846154 0.04567307692307692
0 0.31971153846153844 0.6923076923076923 0.051682692307692304 0.030048076923076924