0 0.07451923076923077 0.6875 0.08533653846153846 0.13822115384615385
0 0.9014423076923077 0.040865384615384616 0.0625 0.08173076923076923
0 0.24639423076923078 0.8257211538461539 0.06370192307692307 0.10697115384615384
0 0.9399038461538461 0.39903846153846156 0.054086538461538464 0.16947115384615385
0 0.5372596153846154 0.5817307692307693 0.07451923076923077 0.06971153846153846
0 0.9350961538461539 0.21394230769230768 0.09375 0.09134615384615384
0 0.8365384615384616 0.7512019230769231 0.0985576923076923 0.07091346153846154
0 0.8341346153846154 0.07572115384615384 0.07572115384615384 0.09735576923076923
0 0.08774038461538461 0.8858173076923077 0.04326923076923077 0.07692307692307693
0 0.4567307692307692 0.6730769230769231 0.12139423076923077 0.0889423076923077
0 0.6983173076923077 0.6237980769230769 0.1045673076923077 0.12259615384615384
0 0.7427884615384616 0.4170673076923077 0.12860576923076922 0.0985576923076923
0 0.9675480769230769 0.9050480769230769 0.06370192307692307 0.06370192307692307
0 0.9170673076923077 0.8233173076923077 0.09615384615384616 0.0625
0 0.5793269230769231 0.18870192307692307 0.0733173076923077 0.10216346153846154
0 0.7355769230769231 0.9603365384615384 0.057692307692307696 0.06370192307692307
0 0.9086538461538461 0.9627403846153846 0.08653846153846154 0.06610576923076923
0 0.18629807692307693 0.11899038461538461 0.09615384615384616 0.06971153846153846
0 0.32211538461538464 0.47475961538461536 0.09134615384615384 0.06971153846153846
0 0.039663461538461536 0.8413461538461539 0.07932692307692307 0.11778846153846154
0 0.12620192307692307 0.38221153846153844 0.15865384615384615 0.14423076923076922
0 0.9591346153846154 0.6105769230769231 0.07932692307692307 0.07211538461538461
0 0.4735576923076923 0.030048076923076924 0.08533653846153846 0.05889423076923077
0 0.4206730769230769 0.11899038461538461 0.10096153846153846 0.12740384615384615
0 0.6838942307692307 0.2776442307692308 0.08774038461538461 0.09615384615384616
0 0.4987980769230769 0.20192307692307693 0.12620192307692307 0.17548076923076922
0 0.1310096153846154 0.8341346153846154 0.057692307692307696 0.06490384615384616
0 0.8209134615384616 0.890625 0.10216346153846154 0.08052884615384616
0 0.5420673076923077 0.7776442307692307 0.06971153846153846 0.09495192307692307
0 0.9819711538461539 0.3233173076923077 0.03365384615384615 0.06850961538461539
0 0.265625 0.1622596153846154 0.10697115384615384 0.0889423076923077
0 0.41466346153846156 0.5480769230769231 0.078125 0.04807692307692308
0 0.34375 0.6069711538461539 0.07932692307692307 0.09975961538461539
0 0.265625 0.6502403846153846 0.07692307692307693 0.0985576923076923