0 0.8377403846153846 0.34375 0.07451923076923077 0.078125
0 0.9026442307692307 0.4375 0.0625 0.055288461538461536
0 0.2403846153846154 0.9050480769230769 0.055288461538461536 0.0889423076923077
0 0.140625 0.3293269230769231 0.13581730769230768 0.07091346153846154
0 0.9711538461538461 0.8629807692307693 0.055288461538461536 0.1045673076923077
0 0.9302884615384616 0.08052884615384616 0.08413461538461539 0.1045673076923077
0 0.14182692307692307 0.5877403846153846 0.06009615384615385 0.0985576923076923
0 0.23076923076923078 0.375 0.08052884615384616 0.055288461538461536
0 0.9170673076923077 0.35096153846153844 0.06009615384615385 0.06850961538461539
0 0.06129807692307692 0.13822115384615385 0.10216346153846154 0.06009615384615385
0 0.28846153846153844 0.9675480769230769 0.06370192307692307 0.06370192307692307
0 0.8389423076923077 0.41586538461538464 0.07572115384615384 0.09975961538461539
0 0.5228365384615384 0.7896634615384616 0.09975961538461539 0.11778846153846154
0 0.6418269230769231 0.09254807692307693 0.06129807692307692 0.06009615384615385
0 0.4639423076923077 0.38221153846153844 0.06971153846153846 0.10576923076923077
0 0.9266826923076923 0.6346153846153846 0.0733173076923077 0.055288461538461536
0 0.23557692307692307 0.31850961538461536 0.056490384615384616 0.055288461538461536
0 0.9591346153846154 0.9579326923076923 0.08052884615384616 0.0829326923076923
0 0.8173076923076923 0.9170673076923077 0.052884615384615384 0.06129807692307692
0 0.8774038461538461 0.6382211538461539 0.055288461538461536 0.055288461538461536
0 0.6490384615384616 0.1875 0.08533653846153846 0.06490384615384616
0 0.5144230769230769 0.875 0.11778846153846154 0.09615384615384616
0 0.04807692307692308 0.9483173076923077 0.09615384615384616 0.06610576923076923
0 0.36778846153846156 0.265625 0.09134615384615384 0.07211538461538461
0 0.038461538461538464 0.265625 0.07572115384615384 0.04927884615384615
0 0.39783653846153844 0.6935096153846154 0.07572115384615384 0.07451923076923077
0 0.9471153846153846 0.5516826923076923 0.06490384615384616 0.09615384615384616
0 0.1971153846153846 0.41346153846153844 0.10697115384615384 0.057692307692307696
0 0.2668269230769231 0.8305288461538461 0.07211538461538461 0.09134615384615384
0 0.042067307692307696 0.984375 0.051682692307692304 0.028846153846153848
0 0.19230769230769232 0.04807692307692308 0.09254807692307693 0.09615384615384616
0 0.33052884615384615 0.9074519230769231 0.06009615384615385 0.06490384615384616
0 0.28846153846153844 0.30288461538461536 0.07211538461538461 0.08533653846153846
0 0.26802884615384615 0.47475961538461536 0.09014423076923077 0.0733173076923077
0 0.9411057692307693 0.19471153846153846 0.11057692307692307 0.0889423076923077
0 0.9326923076923077 0.8918269230769231 0.052884615384615384 0.0733173076923077
0 0.4375 0.2764423076923077 0.06009615384615385 0.06129807692307692
0 0.08653846153846154 0.5288461538461539 0.03365384615384615 0.0733173076923077
0 0.40865384615384615 0.3137019230769231 0.07091346153846154 0.08653846153846154
0 0.5384615384615384 0.42908653846153844 0.10216346153846154 0.0733173076923077
0 0.9182692307692307 0.8305288461538461 0.07451923076923077 0.06850961538461539
0 0.7427884615384616 0.6814903846153846 0.0625 0.06850961538461539
0 0.49759615384615385 0.7247596153846154 0.03485576923076923 0.02403846153846154
0 0.9182692307692307 0.27524038461538464 0.0625 0.0829326923076923
0 0.009615384615384616 0.7908653846153846 0.019230769230769232 0.04927884615384615
0 0.16466346153846154 0.9723557692307693 0.06129807692307692 0.054086538461538464
0 0.6033653846153846 0.8377403846153846 0.0625 0.0733173076923077
0 0.5192307692307693 0.5961538461538461 0.11057692307692307 0.06971153846153846
0 0.9362980769230769 0.39903846153846156 0.06370192307692307 0.057692307692307696
0 0.5264423076923077 0.5408653846153846 0.0985576923076923 0.09134615384615384