0 0.11057692307692307 0.037259615384615384 0.07572115384615384 0.04326923076923077
0 0.06490384615384616 0.07932692307692307 0.08052884615384616 0.054086538461538464
0 0.0673076923076923 0.12379807692307693 0.07932692307692307 0.04447115384615385
0 0.19831730769230768 0.12620192307692307 0.04567307692307692 0.054086538461538464
0 0.2860576923076923 0.09735576923076923 0.057692307692307696 0.078125
0 0.15625 0.1935096153846154 0.0625 0.04447115384615385
0 0.019230769230769232 0.25240384615384615 0.038461538461538464 0.03245192307692308
0 0.038461538461538464 0.2692307692307692 0.05048076923076923 0.040865384615384616
0 0.03485576923076923 0.31850961538461536 0.06971153846153846 0.04326923076923077
0 0.328125 0.42908653846153844 0.05889423076923077 0.06129807692307692
0 0.06370192307692307 0.38461538461538464 0.057692307692307696 0.042067307692307696
0 0.19110576923076922 0.4050480769230769 0.06009615384615385 0.038461538461538464
0 0.12620192307692307 0.4230769230769231 0.0625 0.051682692307692304
0 0.007211538461538462 0.4387019230769231 0.014423076923076924 0.03125
0 0.009615384615384616 0.46875 0.019230769230769232 0.028846153846153848
0 0.1045673076923077 0.5132211538461539 0.06971153846153846 0.046875
0 0.007211538461538462 0.5612980769230769 0.014423076923076924 0.026442307692307692
0 0.17067307692307693 0.59375 0.07932692307692307 0.040865384615384616
0 0.007211538461538462 0.6213942307692307 0.013221153846153846 0.028846153846153848
0 0.021634615384615384 0.6610576923076923 0.04326923076923077 0.04326923076923077
0 0.1875 0.6802884615384616 0.051682692307692304 0.051682692307692304
0 0.14903846153846154 0.6850961538461539 0.039663461538461536 0.040865384615384616
0 0.019230769230769232 0.7403846153846154 0.038461538461538464 0.018028846153846152
0 0.027644230769230768 0.7584134615384616 0.055288461538461536 0.04447115384615385
0 0.14783653846153846 0.7680288461538461 0.05048076923076923 0.06850961538461539
0 0.014423076923076924 0.8389423076923077 0.028846153846153848 0.04447115384615385
0 0.14302884615384615 0.859375 0.052884615384615384 0.09975961538461539
0 0.08653846153846154 0.9050480769230769 0.06850961538461539 0.054086538461538464
0 0.04447115384615385 0.9699519230769231 0.08774038461538461 0.057692307692307696
0 0.296875 0.9675480769230769 0.04807692307692308 0.06370192307692307
0 0.4110576923076923 0.8701923076923077 0.03365384615384615 0.04927884615384615
0 0.6899038461538461 0.9855769230769231 0.05048076923076923 0.027644230769230768
0 0.8137019230769231 0.9639423076923077 0.05889423076923077 0.06971153846153846
0 0.984375 0.8954326923076923 0.028846153846153848 0.20673076923076922
0 0.9495192307692307 0.84375 0.055288461538461536 0.14302884615384615
0 0.8858173076923077 0.8701923076923077 0.06009615384615385 0.0829326923076923
0 0.8557692307692307 0.8725961538461539 0.055288461538461536 0.07211538461538461
0 0.6634615384615384 0.9086538461538461 0.07932692307692307 0.08653846153846154
0 0.6466346153846154 0.8413461538461539 0.040865384615384616 0.03485576923076923
0 0.6911057692307693 0.8509615384615384 0.0733173076923077 0.055288461538461536
0 0.5745192307692307 0.8401442307692307 0.09975961538461539 0.04447115384615385
0 0.5961538461538461 0.8149038461538461 0.09134615384615384 0.020432692307692308
0 0.6382211538461539 0.7860576923076923 0.06129807692307692 0.04447115384615385
0 0.7632211538461539 0.7560096153846154 0.055288461538461536 0.06370192307692307
0 0.8677884615384616 0.5733173076923077 0.03485576923076923 0.03245192307692308
0 0.8365384615384616 0.6490384615384616 0.0625 0.055288461538461536
0 0.8040865384615384 0.6418269230769231 0.051682692307692304 0.05048076923076923
0 0.7632211538461539 0.6442307692307693 0.039663461538461536 0.051682692307692304
0 0.6959134615384616 0.6189903846153846 0.05889423076923077 0.07572115384615384
0 0.8233173076923077 0.5733173076923077 0.056490384615384616 0.05048076923076923
0 0.9807692307692307 0.6141826923076923 0.036057692307692304 0.04567307692307692
0 0.9098557692307693 0.5108173076923077 0.055288461538461536 0.05048076923076923
0 0.8076923076923077 0.5192307692307693 0.055288461538461536 0.042067307692307696
0 0.5204326923076923 0.5372596153846154 0.1201923076923077 0.06009615384615385
0 0.6358173076923077 0.4651442307692308 0.14543269230769232 0.08052884615384616
0 0.7992788461538461 0.46033653846153844 0.055288461538461536 0.039663461538461536
0 0.9002403846153846 0.421875 0.036057692307692304 0.039663461538461536
0 0.7487980769230769 0.37740384615384615 0.055288461538461536 0.054086538461538464
0 0.9831730769230769 0.3317307692307692 0.03125 0.07932692307692307
0 0.5504807692307693 0.27163461538461536 0.1310096153846154 0.06971153846153846
0 0.9783653846153846 0.234375 0.03365384615384615 0.054086538461538464
0 0.9086538461538461 0.23076923076923078 0.07932692307692307 0.08173076923076923
0 0.6682692307692307 0.07451923076923077 0.08052884615384616 0.05048076923076923
0 0.6514423076923077 0.10216346153846154 0.07091346153846154 0.04447115384615385
0 0.71875 0.1310096153846154 0.051682692307692304 0.046875
0 0.7524038461538461 0.1310096153846154 0.07211538461538461 0.0889423076923077
0 0.8713942307692307 0.0889423076923077 0.0625 0.057692307692307696
0 0.8016826923076923 0.05889423076923077 0.06370192307692307 0.06129807692307692
0 0.6117788461538461 0.4639423076923077 0.11778846153846154 0.078125
0 0.009615384615384616 0.36778846153846156 0.019230769230769232 0.02403846153846154
0 0.014423076923076924 0.3485576923076923 0.028846153846153848 0.02403846153846154
0 0.7295673076923077 0.026442307692307692 0.04807692307692308 0.036057692307692304
0 0.7740384615384616 0.018028846153846152 0.06009615384615385 0.036057692307692304
0 0.12259615384615384 0.75 0.03485576923076923 0.027644230769230768