0 0.640625 0.0673076923076923 0.07091346153846154 0.06009615384615385
0 0.9771634615384616 0.33533653846153844 0.04447115384615385 0.1045673076923077
0 0.3954326923076923 0.38822115384615385 0.12139423076923077 0.17427884615384615
0 0.7451923076923077 0.03485576923076923 0.11057692307692307 0.06971153846153846
0 0.02283653846153846 0.16706730769230768 0.04567307692307692 0.07932692307692307
0 0.6899038461538461 0.4495192307692308 0.11658653846153846 0.11177884615384616
0 0.6490384615384616 0.15625 0.08653846153846154 0.07692307692307693
0 0.23918269230769232 0.4495192307692308 0.06009615384615385 0.0733173076923077
0 0.7752403846153846 0.9002403846153846 0.07451923076923077 0.19831730769230768
0 0.1466346153846154 0.9675480769230769 0.08173076923076923 0.06370192307692307
0 0.5108173076923077 0.5252403846153846 0.15384615384615385 0.09134615384615384
0 0.9387019230769231 0.8269230769230769 0.12139423076923077 0.0985576923076923
0 0.8605769230769231 0.5865384615384616 0.07692307692307693 0.055288461538461536
0 0.6466346153846154 0.9471153846153846 0.057692307692307696 0.055288461538461536
0 0.5516826923076923 0.10096153846153846 0.18269230769230768 0.20192307692307693
0 0.7151442307692307 0.8737980769230769 0.09735576923076923 0.08413461538461539
0 0.07451923076923077 0.11538461538461539 0.07091346153846154 0.08052884615384616
0 0.4639423076923077 0.019230769230769232 0.10096153846153846 0.038461538461538464
0 0.7824519230769231 0.5384615384615384 0.10697115384615384 0.08173076923076923
0 0.12740384615384615 0.23557692307692307 0.09735576923076923 0.14302884615384615
0 0.23076923076923078 0.25 0.09615384615384616 0.1141826923076923
0 0.6346153846153846 0.5612980769230769 0.04567307692307692 0.1658653846153846
0 0.5829326923076923 0.8605769230769231 0.0625 0.056490384615384616
0 0.5637019230769231 0.15625 0.0625 0.08653846153846154
0 0.1141826923076923 0.7632211538461539 0.07692307692307693 0.07572115384615384
0 0.31490384615384615 0.22235576923076922 0.06971153846153846 0.11538461538461539
0 0.7884615384615384 0.15144230769230768 0.056490384615384616 0.0985576923076923
0 0.6057692307692307 0.5012019230769231 0.0829326923076923 0.1201923076923077
0 0.1310096153846154 0.41586538461538464 0.05889423076923077 0.09615384615384616
0 0.4519230769230769 0.4170673076923077 0.038461538461538464 0.03245192307692308
0 0.17307692307692307 0.07932692307692307 0.07932692307692307 0.08052884615384616
0 0.4951923076923077 0.140625 0.11899038461538461 0.14543269230769232
0 0.9483173076923077 0.5661057692307693 0.10216346153846154 0.17908653846153846
0 0.59375 0.38461538461538464 0.07211538461538461 0.07451923076923077
0 0.5625 0.4110576923076923 0.06490384615384616 0.05048076923076923