0 0.4110576923076923 0.6586538461538461 0.042067307692307696 0.026442307692307692
0 0.9122596153846154 0.359375 0.03365384615384615 0.039663461538461536
0 0.5096153846153846 0.3954326923076923 0.030048076923076924 0.039663461538461536
0 0.4963942307692308 0.8449519230769231 0.039663461538461536 0.06490384615384616
0 0.5264423076923077 0.6069711538461539 0.030048076923076924 0.019230769230769232
0 0.5408653846153846 0.953125 0.04807692307692308 0.052884615384615384
0 0.5228365384615384 0.09615384615384616 0.04326923076923077 0.078125
0 0.9266826923076923 0.04927884615384615 0.042067307692307696 0.055288461538461536
0 0.9555288461538461 0.1466346153846154 0.038461538461538464 0.052884615384615384
0 0.4891826923076923 0.2548076923076923 0.028846153846153848 0.03365384615384615
0 0.9543269230769231 0.75 0.06129807692307692 0.0829326923076923
0 0.41466346153846156 0.39663461538461536 0.04447115384615385 0.04927884615384615
0 0.9074519230769231 0.5240384615384616 0.03125 0.03125
0 0.0829326923076923 0.7403846153846154 0.018028846153846152 0.019230769230769232
0 0.9362980769230769 0.9038461538461539 0.04927884615384615 0.042067307692307696
0 0.5865384615384616 0.3894230769230769 0.046875 0.03365384615384615
0 0.9807692307692307 0.08052884615384616 0.036057692307692304 0.06490384615384616
0 0.9759615384615384 0.6117788461538461 0.04567307692307692 0.038461538461538464
0 0.0673076923076923 0.5396634615384616 0.03245192307692308 0.021634615384615384
0 0.5456730769230769 0.17427884615384615 0.027644230769230768 0.03245192307692308
0 0.025240384615384616 0.45072115384615385 0.040865384615384616 0.028846153846153848
0 0.06610576923076923 0.7560096153846154 0.038461538461538464 0.027644230769230768
0 0.5048076923076923 0.4423076923076923 0.03365384615384615 0.026442307692307692
0 0.8762019230769231 0.84375 0.030048076923076924 0.039663461538461536
0 0.8641826923076923 0.31971153846153844 0.02403846153846154 0.03125
0 0.9591346153846154 0.25721153846153844 0.039663461538461536 0.04326923076923077
0 0.4411057692307692 0.7235576923076923 0.046875 0.03485576923076923
0 0.4026442307692308 0.20793269230769232 0.05048076923076923 0.03245192307692308
0 0.5757211538461539 0.028846153846153848 0.06009615384615385 0.057692307692307696
0 0.36778846153846156 0.06129807692307692 0.08413461538461539 0.06610576923076923
0 0.9699519230769231 0.5288461538461539 0.038461538461538464 0.039663461538461536
0 0.44471153846153844 0.3473557692307692 0.040865384615384616 0.03365384615384615