0 0.9555288461538461 0.1201923076923077 0.06490384615384616 0.15504807692307693
0 0.8858173076923077 0.24759615384615385 0.04447115384615385 0.27884615384615385
0 0.6490384615384616 0.06009615384615385 0.02283653846153846 0.08774038461538461
0 0.5697115384615384 0.171875 0.11778846153846154 0.15985576923076922
0 0.38100961538461536 0.08653846153846154 0.13942307692307693 0.055288461538461536
0 0.12259615384615384 0.10817307692307693 0.06490384615384616 0.03125
0 0.20673076923076922 0.18389423076923078 0.06490384615384616 0.1201923076923077
0 0.6502403846153846 0.19471153846153846 0.06009615384615385 0.09134615384615384
0 0.27884615384615385 0.09134615384615384 0.04807692307692308 0.04447115384615385
0 0.3894230769230769 0.24158653846153846 0.038461538461538464 0.14783653846153846
0 0.47115384615384615 0.2644230769230769 0.11778846153846154 0.08774038461538461
0 0.35216346153846156 0.2439903846153846 0.036057692307692304 0.08774038461538461
0 0.33774038461538464 0.35096153846153844 0.038461538461538464 0.11298076923076923
0 0.5961538461538461 0.32091346153846156 0.08052884615384616 0.1814903846153846
0 0.22956730769230768 0.4651442307692308 0.055288461538461536 0.1502403846153846
0 0.04807692307692308 0.36177884615384615 0.09615384615384616 0.03365384615384615
0 0.8798076923076923 0.5805288461538461 0.0673076923076923 0.296875
0 0.7800480769230769 0.5480769230769231 0.030048076923076924 0.17908653846153846
0 0.7572115384615384 0.42908653846153844 0.12139423076923077 0.203125
0 0.9507211538461539 0.5588942307692307 0.028846153846153848 0.1814903846153846
0 0.9326923076923077 0.5985576923076923 0.03485576923076923 0.17668269230769232
0 0.7944711538461539 0.7596153846153846 0.04447115384615385 0.1971153846153846
0 0.36177884615384615 0.9194711538461539 0.038461538461538464 0.15865384615384615
0 0.6802884615384616 0.8641826923076923 0.07572115384615384 0.23317307692307693
0 0.6911057692307693 0.5793269230769231 0.06009615384615385 0.2548076923076923
0 0.052884615384615384 0.030048076923076924 0.037259615384615384 0.057692307692307696
0 0.10096153846153846 0.02283653846153846 0.05889423076923077 0.04567307692307692
0 0.04927884615384615 0.1622596153846154 0.0985576923076923 0.0625
0 0.19230769230769232 0.2247596153846154 0.03485576923076923 0.052884615384615384
0 0.20072115384615385 0.27524038461538464 0.05048076923076923 0.07572115384615384
0 0.19110576923076922 0.41947115384615385 0.06971153846153846 0.08774038461538461
0 0.19471153846153846 0.47836538461538464 0.028846153846153848 0.07451923076923077
0 0.1814903846153846 0.5492788461538461 0.051682692307692304 0.0625
0 0.16466346153846154 0.9555288461538461 0.06971153846153846 0.08653846153846154
0 0.2824519230769231 0.8617788461538461 0.040865384615384616 0.13341346153846154
0 0.4483173076923077 0.9170673076923077 0.030048076923076924 0.16466346153846154
0 0.609375 0.9855769230769231 0.030048076923076924 0.027644230769230768
0 0.6550480769230769 0.9375 0.10096153846153846 0.12379807692307693
0 0.7163461538461539 0.7379807692307693 0.07091346153846154 0.16466346153846154
0 0.5829326923076923 0.5360576923076923 0.04567307692307692 0.07451923076923077
0 0.5949519230769231 0.453125 0.039663461538461536 0.08052884615384616
0 0.8064903846153846 0.296875 0.0625 0.11778846153846154
0 0.6634615384615384 0.013221153846153846 0.026442307692307692 0.025240384615384616
0 0.5528846153846154 0.02283653846153846 0.028846153846153848 0.038461538461538464
0 0.4987980769230769 0.019230769230769232 0.037259615384615384 0.03245192307692308
0 0.29927884615384615 0.5360576923076923 0.13581730769230768 0.13221153846153846
0 0.3954326923076923 0.4387019230769231 0.038461538461538464 0.06971153846153846
0 0.43149038461538464 0.484375 0.046875 0.04927884615384615
0 0.49399038461538464 0.45072115384615385 0.06370192307692307 0.0829326923076923
0 0.390625 0.6418269230769231 0.02403846153846154 0.10817307692307693
0 0.5096153846153846 0.5889423076923077 0.08173076923076923 0.07451923076923077