0 0.7211538461538461 0.4651442307692308 0.0673076923076923 0.08533653846153846
0 0.6057692307692307 0.578125 0.046875 0.04927884615384615
0 0.27403846153846156 0.47596153846153844 0.08173076923076923 0.09375
0 0.5324519230769231 0.234375 0.10096153846153846 0.0733173076923077
0 0.9591346153846154 0.32572115384615385 0.06490384615384616 0.057692307692307696
0 0.6742788461538461 0.8173076923076923 0.0829326923076923 0.09014423076923077
0 0.3173076923076923 0.08653846153846154 0.07932692307692307 0.07211538461538461
0 0.46634615384615385 0.38100961538461536 0.09014423076923077 0.09014423076923077
0 0.7980769230769231 0.7391826923076923 0.18028846153846154 0.21153846153846154
0 0.4951923076923077 0.03125 0.09375 0.06009615384615385
0 0.4110576923076923 0.8052884615384616 0.0673076923076923 0.12860576923076922
0 0.8209134615384616 0.9350961538461539 0.12259615384615384 0.09134615384615384
0 0.3245192307692308 0.5649038461538461 0.057692307692307696 0.051682692307692304
0 0.37259615384615385 0.5216346153846154 0.12980769230769232 0.08413461538461539
0 0.3161057692307692 0.7079326923076923 0.06129807692307692 0.07692307692307693
0 0.03245192307692308 0.421875 0.06490384615384616 0.08533653846153846
0 0.5288461538461539 0.19110576923076922 0.06971153846153846 0.07692307692307693
0 0.7824519230769231 0.4483173076923077 0.07572115384615384 0.07451923076923077
0 0.4170673076923077 0.453125 0.07932692307692307 0.06009615384615385
0 0.19951923076923078 0.5552884615384616 0.09975961538461539 0.08173076923076923
0 0.9627403846153846 0.7704326923076923 0.0733173076923077 0.10697115384615384
0 0.3293269230769231 0.18269230769230768 0.09735576923076923 0.09254807692307693
0 0.7596153846153846 0.037259615384615384 0.09495192307692307 0.07211538461538461
0 0.8413461538461539 0.578125 0.1346153846153846 0.140625
0 0.052884615384615384 0.09615384615384616 0.10576923076923077 0.09975961538461539
0 0.71875 0.8786057692307693 0.07932692307692307 0.05889423076923077
0 0.5961538461538461 0.734375 0.0625 0.06971153846153846
0 0.9362980769230769 0.040865384615384616 0.10697115384615384 0.07572115384615384
0 0.4543269230769231 0.6526442307692307 0.10817307692307693 0.1346153846153846
0 0.23197115384615385 0.3701923076923077 0.09134615384615384 0.09254807692307693
0 0.15625 0.8305288461538461 0.0985576923076923 0.05889423076923077
0 0.5420673076923077 0.49759615384615385 0.06009615384615385 0.06490384615384616
0 0.6454326923076923 0.43028846153846156 0.07451923076923077 0.07572115384615384
0 0.34134615384615385 0.34615384615384615 0.09495192307692307 0.08052884615384616
0 0.9639423076923077 0.9110576923076923 0.04927884615384615 0.09134615384615384
0 0.7067307692307693 0.5552884615384616 0.12259615384615384 0.11538461538461539