0 0.10096153846153846 0.3737980769230769 0.04447115384615385 0.04447115384615385
0 0.9639423076923077 0.018028846153846152 0.06971153846153846 0.03485576923076923
0 0.9326923076923077 0.0625 0.028846153846153848 0.030048076923076924
0 0.5240384615384616 0.13581730769230768 0.11177884615384616 0.08653846153846154
0 0.49759615384615385 0.20072115384615385 0.12620192307692307 0.04567307692307692
0 0.4579326923076923 0.2439903846153846 0.10096153846153846 0.04567307692307692
0 0.359375 0.31971153846153844 0.20072115384615385 0.12980769230769232
0 0.38100961538461536 0.4074519230769231 0.06490384615384616 0.07572115384615384
0 0.37259615384615385 0.46634615384615385 0.04447115384615385 0.03485576923076923
0 0.24639423076923078 0.21153846153846154 0.055288461538461536 0.04567307692307692
0 0.20793269230769232 0.3737980769230769 0.040865384615384616 0.037259615384615384
0 0.22956730769230768 0.4891826923076923 0.04326923076923077 0.038461538461538464
0 0.23798076923076922 0.7379807692307693 0.06370192307692307 0.15865384615384615
0 0.3269230769230769 0.7560096153846154 0.06610576923076923 0.07932692307692307
0 0.24158653846153846 0.8774038461538461 0.12980769230769232 0.08774038461538461
0 0.27403846153846156 0.9459134615384616 0.057692307692307696 0.10576923076923077
0 0.7836538461538461 0.8677884615384616 0.04927884615384615 0.055288461538461536
0 0.8894230769230769 0.8233173076923077 0.06971153846153846 0.07932692307692307
0 0.9927884615384616 0.8377403846153846 0.01201923076923077 0.13221153846153846
0 0.9375 0.7932692307692307 0.02403846153846154 0.04447115384615385
0 0.9026442307692307 0.6911057692307693 0.09615384615384616 0.09735576923076923
0 0.890625 0.5072115384615384 0.04447115384615385 0.04927884615384615
0 0.8293269230769231 0.4519230769230769 0.0625 0.056490384615384616
0 0.765625 0.38822115384615385 0.04447115384615385 0.042067307692307696
0 0.9483173076923077 0.36538461538461536 0.10096153846153846 0.054086538461538464
0 0.96875 0.21634615384615385 0.06009615384615385 0.037259615384615384
0 0.9338942307692307 0.15384615384615385 0.057692307692307696 0.03125
0 0.8822115384615384 0.006009615384615385 0.038461538461538464 0.01201923076923077