0 0.7451923076923077 0.5829326923076923 0.04807692307692308 0.07091346153846154
0 0.38461538461538464 0.4951923076923077 0.06850961538461539 0.055288461538461536
0 0.9819711538461539 0.38822115384615385 0.03365384615384615 0.07211538461538461
0 0.6983173076923077 0.4855769230769231 0.09254807692307693 0.06971153846153846
0 0.4951923076923077 0.6310096153846154 0.078125 0.08052884615384616
0 0.7860576923076923 0.6442307692307693 0.0829326923076923 0.13221153846153846
0 0.9459134615384616 0.057692307692307696 0.054086538461538464 0.052884615384615384
0 0.2620192307692308 0.6009615384615384 0.08653846153846154 0.07451923076923077
0 0.4795673076923077 0.39302884615384615 0.08653846153846154 0.08173076923076923
0 0.875 0.9711538461538461 0.06610576923076923 0.056490384615384616
0 0.3449519230769231 0.7235576923076923 0.06490384615384616 0.08052884615384616
0 0.08533653846153846 0.9663461538461539 0.0673076923076923 0.06610576923076923
0 0.4254807692307692 0.4014423076923077 0.06129807692307692 0.056490384615384616
0 0.9495192307692307 0.015625 0.06971153846153846 0.03125
0 0.07211538461538461 0.4567307692307692 0.07572115384615384 0.07211538461538461
0 0.11538461538461539 0.02403846153846154 0.0673076923076923 0.046875
0 0.9230769230769231 0.8353365384615384 0.08533653846153846 0.0829326923076923
0 0.3173076923076923 0.6826923076923077 0.0985576923076923 0.11057692307692307
0 0.21033653846153846 0.8185096153846154 0.06129807692307692 0.055288461538461536
0 0.32572115384615385 0.4110576923076923 0.07572115384615384 0.0733173076923077
0 0.7079326923076923 0.22956730769230768 0.08173076923076923 0.08052884615384616
0 0.16105769230769232 0.026442307692307692 0.06490384615384616 0.051682692307692304
0 0.828125 0.4110576923076923 0.040865384615384616 0.051682692307692304
0 0.5180288461538461 0.47836538461538464 0.08413461538461539 0.056490384615384616
0 0.5564903846153846 0.04447115384615385 0.125 0.08774038461538461
0 0.5264423076923077 0.11057692307692307 0.09615384615384616 0.07091346153846154
0 0.24519230769230768 0.40384615384615385 0.09134615384615384 0.07091346153846154
0 0.6201923076923077 0.5985576923076923 0.06490384615384616 0.0985576923076923
0 0.39302884615384615 0.8149038461538461 0.09735576923076923 0.09735576923076923
0 0.4567307692307692 0.5817307692307693 0.055288461538461536 0.055288461538461536
0 0.09134615384615384 0.2764423076923077 0.07211538461538461 0.078125
0 0.20552884615384615 0.46033653846153844 0.06490384615384616 0.0673076923076923
0 0.5120192307692307 0.8100961538461539 0.07451923076923077 0.052884615384615384
0 0.6778846153846154 0.5829326923076923 0.054086538461538464 0.06971153846153846
0 0.03125 0.9483173076923077 0.06129807692307692 0.0829326923076923
0 0.027644230769230768 0.12860576923076922 0.055288461538461536 0.08173076923076923
0 0.9086538461538461 0.47716346153846156 0.06009615384615385 0.07091346153846154
0 0.3173076923076923 0.9639423076923077 0.08052884615384616 0.06971153846153846
0 0.7319711538461539 0.4014423076923077 0.08173076923076923 0.06129807692307692
0 0.4110576923076923 0.042067307692307696 0.04927884615384615 0.06129807692307692
0 0.49759615384615385 0.05048076923076923 0.06009615384615385 0.051682692307692304
0 0.25961538461538464 0.11778846153846154 0.054086538461538464 0.06009615384615385
0 0.9615384615384616 0.43509615384615385 0.07451923076923077 0.057692307692307696
0 0.31009615384615385 0.5564903846153846 0.08533653846153846 0.08653846153846154
0 0.5540865384615384 0.016826923076923076 0.056490384615384616 0.03365384615384615
0 0.14302884615384615 0.0829326923076923 0.09014423076923077 0.10096153846153846
0 0.5901442307692307 0.46274038461538464 0.07091346153846154 0.08052884615384616
0 0.21754807692307693 0.7319711538461539 0.07091346153846154 0.08653846153846154
0 0.48677884615384615 0.9290865384615384 0.06009615384615385 0.06370192307692307
0 0.7175480769230769 0.055288461538461536 0.06009615384615385 0.06610576923076923
0 0.8040865384615384 0.04447115384615385 0.06009615384615385 0.06490384615384616