0 0.1935096153846154 0.6057692307692307 0.07451923076923077 0.04807692307692308
0 0.0733173076923077 0.9543269230769231 0.08413461538461539 0.04807692307692308
0 0.020432692307692308 0.5552884615384616 0.040865384615384616 0.038461538461538464
0 0.8305288461538461 0.6274038461538461 0.054086538461538464 0.04807692307692308
0 0.49278846153846156 0.9627403846153846 0.08052884615384616 0.039663461538461536
0 0.890625 0.4723557692307692 0.03125 0.042067307692307696
0 0.16105769230769232 0.5901442307692307 0.0829326923076923 0.039663461538461536
0 0.03125 0.7127403846153846 0.0625 0.05048076923076923
0 0.9699519230769231 0.7043269230769231 0.051682692307692304 0.055288461538461536
0 0.9290865384615384 0.47716346153846156 0.06009615384615385 0.05048076923076923
0 0.41586538461538464 0.5685096153846154 0.11177884615384616 0.02403846153846154
0 0.5528846153846154 0.5889423076923077 0.046875 0.057692307692307696
0 0.4855769230769231 0.4831730769230769 0.055288461538461536 0.026442307692307692
0 0.6081730769230769 0.6923076923076923 0.039663461538461536 0.03365384615384615
0 0.27403846153846156 0.5757211538461539 0.06009615384615385 0.03485576923076923
0 0.5372596153846154 0.9783653846153846 0.07932692307692307 0.042067307692307696
0 0.27403846153846156 0.6454326923076923 0.05889423076923077 0.036057692307692304
0 0.7403846153846154 0.6923076923076923 0.06009615384615385 0.04807692307692308
0 0.8088942307692307 0.7524038461538461 0.05048076923076923 0.046875
0 0.7367788461538461 0.7367788461538461 0.054086538461538464 0.06370192307692307
0 0.8425480769230769 0.4807692307692308 0.03485576923076923 0.038461538461538464
0 0.5264423076923077 0.6021634615384616 0.04927884615384615 0.054086538461538464
0 0.41947115384615385 0.53125 0.07451923076923077 0.040865384615384616
0 0.0889423076923077 0.9194711538461539 0.07091346153846154 0.04927884615384615
0 0.7668269230769231 0.6346153846153846 0.052884615384615384 0.04447115384615385
0 0.59375 0.5384615384615384 0.04447115384615385 0.04927884615384615
0 0.7367788461538461 0.46153846153846156 0.04326923076923077 0.025240384615384616
0 0.8100961538461539 0.3954326923076923 0.038461538461538464 0.03245192307692308
0 0.49038461538461536 0.9891826923076923 0.06490384615384616 0.020432692307692308
0 0.38822115384615385 0.43149038461538464 0.040865384615384616 0.02403846153846154
0 0.39302884615384615 0.7163461538461539 0.039663461538461536 0.027644230769230768
0 0.02403846153846154 0.9555288461538461 0.040865384615384616 0.03125
0 0.06971153846153846 0.8834134615384616 0.05048076923076923 0.038461538461538464
0 0.7295673076923077 0.5276442307692307 0.036057692307692304 0.04927884615384615
0 0.9495192307692307 0.3389423076923077 0.0625 0.04326923076923077
0 0.12980769230769232 0.5252403846153846 0.042067307692307696 0.03485576923076923
0 0.9350961538461539 0.44471153846153844 0.04927884615384615 0.05048076923076923
0 0.9435096153846154 0.39302884615384615 0.06490384615384616 0.055288461538461536
0 0.9074519230769231 0.20432692307692307 0.10096153846153846 0.026442307692307692
0 0.15504807692307693 0.9819711538461539 0.057692307692307696 0.03365384615384615
0 0.02403846153846154 0.4963942307692308 0.04447115384615385 0.03365384615384615
0 0.71875 0.7295673076923077 0.06971153846153846 0.055288461538461536
0 0.6201923076923077 0.49759615384615385 0.039663461538461536 0.042067307692307696
0 0.0733173076923077 0.6382211538461539 0.06490384615384616 0.028846153846153848
0 0.19831730769230768 0.6466346153846154 0.07451923076923077 0.021634615384615384
0 0.17067307692307693 0.515625 0.04807692307692308 0.03365384615384615
0 0.24759615384615385 0.8341346153846154 0.054086538461538464 0.028846153846153848
0 0.38341346153846156 0.5865384615384616 0.046875 0.03365384615384615
0 0.4423076923076923 0.609375 0.038461538461538464 0.03245192307692308
0 0.7992788461538461 0.7752403846153846 0.038461538461538464 0.04447115384615385
0 0.5853365384615384 0.9495192307692307 0.06850961538461539 0.052884615384615384
0 0.90625 0.5276442307692307 0.042067307692307696 0.036057692307692304
0 0.41947115384615385 0.8822115384615384 0.06129807692307692 0.037259615384615384
0 0.9447115384615384 0.5841346153846154 0.03125 0.030048076923076924
0 0.3786057692307692 0.9555288461538461 0.054086538461538464 0.04447115384615385
0 0.9110576923076923 0.6526442307692307 0.057692307692307696 0.054086538461538464
0 0.10817307692307693 0.6742788461538461 0.06009615384615385 0.038461538461538464
0 0.90625 0.5913461538461539 0.028846153846153848 0.025240384615384616