0 0.021634615384615384 0.36177884615384615 0.042067307692307696 0.057692307692307696
0 0.7980769230769231 0.14903846153846154 0.11057692307692307 0.07211538461538461
0 0.4423076923076923 0.07572115384615384 0.08413461538461539 0.06971153846153846
0 0.28966346153846156 0.5 0.10697115384615384 0.12259615384615384
0 0.890625 0.35336538461538464 0.08653846153846154 0.10697115384615384
0 0.5456730769230769 0.24278846153846154 0.14302884615384615 0.07572115384615384
0 0.055288461538461536 0.5420673076923077 0.109375 0.06370192307692307
0 0.0673076923076923 0.14182692307692307 0.09495192307692307 0.07692307692307693
0 0.375 0.6682692307692307 0.1201923076923077 0.09254807692307693
0 0.6490384615384616 0.734375 0.17548076923076922 0.0985576923076923
0 0.1045673076923077 0.7091346153846154 0.13341346153846154 0.08413461538461539
0 0.7067307692307693 0.6322115384615384 0.0673076923076923 0.08052884615384616
0 0.8016826923076923 0.7824519230769231 0.1141826923076923 0.12740384615384615
0 0.9807692307692307 0.6742788461538461 0.036057692307692304 0.06490384615384616
0 0.040865384615384616 0.7692307692307693 0.08173076923076923 0.12980769230769232
0 0.43149038461538464 0.20793269230769232 0.08653846153846154 0.09254807692307693
0 0.3629807692307692 0.2824519230769231 0.1045673076923077 0.06129807692307692
0 0.4387019230769231 0.8533653846153846 0.12259615384615384 0.06490384615384616
0 0.030048076923076924 0.9603365384615384 0.06009615384615385 0.06009615384615385
0 0.3173076923076923 0.8004807692307693 0.10096153846153846 0.09014423076923077
0 0.6766826923076923 0.484375 0.07692307692307693 0.11538461538461539
0 0.5264423076923077 0.3798076923076923 0.09615384615384616 0.18509615384615385
0 0.06610576923076923 0.03365384615384615 0.13221153846153846 0.0625
0 0.5901442307692307 0.9278846153846154 0.16947115384615385 0.09735576923076923
0 0.15625 0.14543269230769232 0.07692307692307693 0.055288461538461536
0 0.3581730769230769 0.203125 0.07572115384615384 0.06129807692307692
0 0.24639423076923078 0.31971153846153844 0.14302884615384615 0.18990384615384615
0 0.8737980769230769 0.46153846153846156 0.15504807692307693 0.10096153846153846
0 0.8581730769230769 0.23918269230769232 0.07572115384615384 0.06490384615384616
0 0.05889423076923077 0.43028846153846156 0.08533653846153846 0.10096153846153846
0 0.7127403846153846 0.9375 0.10336538461538461 0.07572115384615384
0 0.9795673076923077 0.7331730769230769 0.038461538461538464 0.07211538461538461
0 0.5949519230769231 0.0673076923076923 0.078125 0.06129807692307692
0 0.78125 0.5300480769230769 0.125 0.18389423076923078
0 0.1875 0.9603365384615384 0.13942307692307693 0.078125
0 0.5216346153846154 0.6850961538461539 0.10576923076923077 0.11538461538461539