0 0.32572115384615385 0.4987980769230769 0.08653846153846154 0.078125
0 0.4014423076923077 0.24278846153846154 0.06971153846153846 0.09975961538461539
0 0.016826923076923076 0.5757211538461539 0.03365384615384615 0.06610576923076923
0 0.8725961538461539 0.3088942307692308 0.10576923076923077 0.15504807692307693
0 0.5024038461538461 0.8834134615384616 0.1814903846153846 0.07932692307692307
0 0.21153846153846154 0.4375 0.15865384615384615 0.14903846153846154
0 0.9399038461538461 0.06490384615384616 0.09014423076923077 0.12860576923076922
0 0.30408653846153844 0.6057692307692307 0.06490384615384616 0.04927884615384615
0 0.25841346153846156 0.5288461538461539 0.05889423076923077 0.056490384615384616
0 0.6730769230769231 0.4795673076923077 0.07451923076923077 0.12379807692307693
0 0.41466346153846156 0.08413461538461539 0.06490384615384616 0.16826923076923078
0 0.6658653846153846 0.2692307692307692 0.0625 0.11899038461538461
0 0.6947115384615384 0.042067307692307696 0.08052884615384616 0.06971153846153846
0 0.9447115384615384 0.8509615384615384 0.057692307692307696 0.06971153846153846
0 0.515625 0.019230769230769232 0.055288461538461536 0.038461538461538464
0 0.5733173076923077 0.5997596153846154 0.11057692307692307 0.10817307692307693
0 0.15625 0.8545673076923077 0.08653846153846154 0.07932692307692307
0 0.53125 0.9819711538461539 0.055288461538461536 0.03365384615384615
0 0.12379807692307693 0.15625 0.07932692307692307 0.10336538461538461
0 0.038461538461538464 0.12740384615384615 0.07692307692307693 0.20673076923076922
0 0.39663461538461536 0.3173076923076923 0.09495192307692307 0.10576923076923077
0 0.10817307692307693 0.46634615384615385 0.14903846153846154 0.13701923076923078
0 0.5108173076923077 0.08653846153846154 0.08653846153846154 0.09134615384615384
0 0.7536057692307693 0.18990384615384615 0.078125 0.20673076923076922
0 0.9411057692307693 0.9483173076923077 0.11298076923076923 0.0985576923076923
0 0.6430288461538461 0.5649038461538461 0.05889423076923077 0.09735576923076923
0 0.40384615384615385 0.4987980769230769 0.06971153846153846 0.046875
0 0.29447115384615385 0.6983173076923077 0.06971153846153846 0.09495192307692307
0 0.030048076923076924 0.9411057692307693 0.06009615384615385 0.06971153846153846
0 0.9579326923076923 0.2283653846153846 0.08052884615384616 0.08173076923076923
0 0.12139423076923077 0.6237980769230769 0.24278846153846154 0.08413461538461539
0 0.12139423076923077 0.09375 0.24278846153846154 0.1875
0 0.6105769230769231 0.3245192307692308 0.09495192307692307 0.06490384615384616
0 0.5649038461538461 0.9302884615384616 0.19951923076923078 0.09134615384615384
0 0.12980769230769232 0.5408653846153846 0.07572115384615384 0.052884615384615384
0 0.49759615384615385 0.5180288461538461 0.07572115384615384 0.056490384615384616
0 0.9555288461538461 0.7584134615384616 0.07451923076923077 0.11177884615384616
0 0.328125 0.8569711538461539 0.11057692307692307 0.109375
0 0.5612980769230769 0.796875 0.09735576923076923 0.07572115384615384
0 0.8149038461538461 0.40384615384615385 0.06129807692307692 0.10096153846153846
0 0.765625 0.6442307692307693 0.1466346153846154 0.12860576923076922
0 0.9867788461538461 0.46634615384615385 0.02403846153846154 0.125
0 0.20793269230769232 0.7620192307692307 0.20192307692307693 0.12379807692307693
0 0.5889423076923077 0.3858173076923077 0.12980769230769232 0.08533653846153846
0 0.3233173076923077 0.14543269230769232 0.06129807692307692 0.15625
0 0.7283653846153846 0.36177884615384615 0.07211538461538461 0.052884615384615384
0 0.05889423076923077 0.8413461538461539 0.11538461538461539 0.06490384615384616
0 0.9074519230769231 0.16105769230769232 0.06971153846153846 0.10576923076923077
0 0.8185096153846154 0.06370192307692307 0.11177884615384616 0.12740384615384615
0 0.6286057692307693 0.47596153846153844 0.06009615384615385 0.09975961538461539
0 0.6911057692307693 0.15865384615384615 0.05889423076923077 0.046875