0 0.15625 0.2620192307692308 0.054086538461538464 0.06009615384615385
0 0.6887019230769231 0.8954326923076923 0.07091346153846154 0.051682692307692304
0 0.265625 0.9399038461538461 0.1045673076923077 0.06850961538461539
0 0.7427884615384616 0.8233173076923077 0.06490384615384616 0.06850961538461539
0 0.8257211538461539 0.546875 0.07451923076923077 0.07451923076923077
0 0.5625 0.29927884615384615 0.07572115384615384 0.06850961538461539
0 0.5036057692307693 0.036057692307692304 0.06850961538461539 0.051682692307692304
0 0.7632211538461539 0.6850961538461539 0.10697115384615384 0.10576923076923077
0 0.8100961538461539 0.29447115384615385 0.06009615384615385 0.06009615384615385
0 0.8329326923076923 0.1045673076923077 0.09014423076923077 0.07211538461538461
0 0.24639423076923078 0.421875 0.09495192307692307 0.08533653846153846
0 0.27403846153846156 0.8605769230769231 0.07572115384615384 0.039663461538461536
0 0.12259615384615384 0.375 0.06490384615384616 0.07692307692307693
0 0.34375 0.07572115384615384 0.07572115384615384 0.0985576923076923
0 0.3786057692307692 0.9543269230769231 0.054086538461538464 0.04567307692307692
0 0.33533653846153844 0.42427884615384615 0.08653846153846154 0.07091346153846154
0 0.23557692307692307 0.7295673076923077 0.06490384615384616 0.055288461538461536
0 0.4254807692307692 0.4026442307692308 0.10817307692307693 0.07451923076923077
0 0.9242788461538461 0.42788461538461536 0.056490384615384616 0.06009615384615385
0 0.4206730769230769 0.8293269230769231 0.125 0.10336538461538461
0 0.25721153846153844 0.9603365384615384 0.07211538461538461 0.06971153846153846
0 0.6935096153846154 0.3786057692307692 0.06009615384615385 0.07572115384615384
0 0.11177884615384616 0.8305288461538461 0.07451923076923077 0.0733173076923077
0 0.8617788461538461 0.28365384615384615 0.07211538461538461 0.07572115384615384
0 0.6887019230769231 0.8088942307692307 0.06009615384615385 0.06490384615384616
0 0.18990384615384615 0.45552884615384615 0.07572115384615384 0.054086538461538464
0 0.7608173076923077 0.4230769230769231 0.06610576923076923 0.07091346153846154
0 0.43149038461538464 0.6298076923076923 0.05889423076923077 0.07091346153846154
0 0.03485576923076923 0.10336538461538461 0.0673076923076923 0.09975961538461539
0 0.6418269230769231 0.3329326923076923 0.08413461538461539 0.09014423076923077
0 0.030048076923076924 0.6658653846153846 0.06009615384615385 0.11177884615384616
0 0.8185096153846154 0.9579326923076923 0.09014423076923077 0.0829326923076923
0 0.6899038461538461 0.5336538461538461 0.06610576923076923 0.078125
0 0.12620192307692307 0.2932692307692308 0.07451923076923077 0.07932692307692307
0 0.421875 0.9146634615384616 0.06971153846153846 0.06610576923076923
0 0.7007211538461539 0.2764423076923077 0.06490384615384616 0.07451923076923077
0 0.12860576923076922 0.7680288461538461 0.06850961538461539 0.08413461538461539
0 0.8677884615384616 0.9771634615384616 0.07211538461538461 0.04447115384615385
0 0.7920673076923077 0.026442307692307692 0.06009615384615385 0.051682692307692304
0 0.10697115384615384 0.17668269230769232 0.040865384615384616 0.04447115384615385
0 0.8485576923076923 0.5961538461538461 0.0625 0.06850961538461539
0 0.6298076923076923 0.9302884615384616 0.08653846153846154 0.09615384615384616
0 0.016826923076923076 0.5168269230769231 0.03365384615384615 0.10096153846153846
0 0.953125 0.3858173076923077 0.057692307692307696 0.0625
0 0.125 0.6334134615384616 0.06490384615384616 0.04807692307692308
0 0.34375 0.25841346153846156 0.08653846153846154 0.05889423076923077
0 0.8485576923076923 0.49759615384615385 0.0733173076923077 0.056490384615384616
0 0.020432692307692308 0.7884615384615384 0.040865384615384616 0.06610576923076923
0 0.3473557692307692 0.7439903846153846 0.08052884615384616 0.07572115384615384
0 0.9867788461538461 0.0625 0.025240384615384616 0.11177884615384616
0 0.609375 0.8509615384615384 0.08653846153846154 0.08173076923076923