0 0.3233173076923077 0.009615384615384616 0.02403846153846154 0.018028846153846152
0 0.06850961538461539 0.08413461538461539 0.027644230769230768 0.05889423076923077
0 0.10576923076923077 0.09735576923076923 0.021634615384615384 0.030048076923076924
0 0.13581730769230768 0.21634615384615385 0.036057692307692304 0.04326923076923077
0 0.0673076923076923 0.3112980769230769 0.026442307692307692 0.07932692307692307
0 0.38341346153846156 0.19230769230769232 0.02403846153846154 0.030048076923076924
0 0.5384615384615384 0.10817307692307693 0.109375 0.06129807692307692
0 0.6177884615384616 0.11899038461538461 0.06850961538461539 0.10096153846153846
0 0.5841346153846154 0.21394230769230768 0.04927884615384615 0.025240384615384616
0 0.5600961538461539 0.24278846153846154 0.08413461538461539 0.02403846153846154
0 0.3161057692307692 0.1466346153846154 0.051682692307692304 0.11658653846153846
0 0.08052884615384616 0.4411057692307692 0.027644230769230768 0.07692307692307693
0 0.1502403846153846 0.46033653846153844 0.03485576923076923 0.10216346153846154
0 0.0829326923076923 0.5612980769230769 0.013221153846153846 0.039663461538461536
0 0.09375 0.6201923076923077 0.03485576923076923 0.07932692307692307
0 0.028846153846153848 0.6646634615384616 0.02403846153846154 0.13221153846153846
0 0.028846153846153848 0.7199519230769231 0.018028846153846152 0.057692307692307696
0 0.09735576923076923 0.7836538461538461 0.018028846153846152 0.0625
0 0.22355769230769232 0.59375 0.042067307692307696 0.12379807692307693
0 0.25240384615384615 0.4987980769230769 0.042067307692307696 0.1346153846153846
0 0.2980769230769231 0.6478365384615384 0.09735576923076923 0.09375
0 0.24879807692307693 0.703125 0.125 0.07932692307692307
0 0.3004807692307692 0.6045673076923077 0.03485576923076923 0.11057692307692307
0 0.3473557692307692 0.47596153846153844 0.03365384615384615 0.05889423076923077
0 0.13581730769230768 0.8786057692307693 0.026442307692307692 0.11778846153846154
0 0.19110576923076922 0.8846153846153846 0.051682692307692304 0.08653846153846154
0 0.28365384615384615 0.9038461538461539 0.06490384615384616 0.12139423076923077
0 0.26802884615384615 0.8149038461538461 0.04807692307692308 0.0673076923076923
0 0.28125 0.9759615384615384 0.02403846153846154 0.018028846153846152
0 0.31490384615384615 0.9471153846153846 0.03365384615384615 0.0733173076923077
0 0.34134615384615385 0.9735576923076923 0.019230769230769232 0.020432692307692308
0 0.36177884615384615 0.9326923076923077 0.028846153846153848 0.08533653846153846
0 0.3088942307692308 0.4206730769230769 0.013221153846153846 0.026442307692307692
0 0.3737980769230769 0.3762019230769231 0.0733173076923077 0.028846153846153848
0 0.38100961538461536 0.4735576923076923 0.018028846153846152 0.028846153846153848
0 0.41346153846153844 0.45072115384615385 0.04326923076923077 0.11177884615384616
0 0.22596153846153846 0.3605769230769231 0.018028846153846152 0.015625
0 0.47475961538461536 0.41466346153846156 0.07932692307692307 0.078125
0 0.4483173076923077 0.46875 0.039663461538461536 0.057692307692307696
0 0.44711538461538464 0.5132211538461539 0.019230769230769232 0.04447115384615385
0 0.4170673076923077 0.5216346153846154 0.03365384615384615 0.025240384615384616
0 0.44471153846153844 0.5829326923076923 0.054086538461538464 0.09975961538461539
0 0.39903846153846156 0.6706730769230769 0.02403846153846154 0.11177884615384616
0 0.4543269230769231 0.6862980769230769 0.016826923076923076 0.018028846153846152
0 0.46274038461538464 0.7259615384615384 0.015625 0.027644230769230768
0 0.5348557692307693 0.796875 0.016826923076923076 0.038461538461538464
0 0.6899038461538461 0.8918269230769231 0.03485576923076923 0.028846153846153848
0 0.6995192307692307 0.9170673076923077 0.06009615384615385 0.02283653846153846
0 0.7560096153846154 0.8461538461538461 0.030048076923076924 0.03125
0 0.7680288461538461 0.8653846153846154 0.015625 0.018028846153846152
0 0.7007211538461539 0.796875 0.013221153846153846 0.027644230769230768
0 0.7295673076923077 0.8461538461538461 0.016826923076923076 0.018028846153846152
0 0.7331730769230769 0.8245192307692307 0.016826923076923076 0.015625
0 0.5420673076923077 0.43149038461538464 0.020432692307692308 0.051682692307692304
0 0.6298076923076923 0.3918269230769231 0.021634615384615384 0.018028846153846152
0 0.5889423076923077 0.43990384615384615 0.016826923076923076 0.02403846153846154
0 0.625 0.4567307692307692 0.03485576923076923 0.016826923076923076
0 0.6442307692307693 0.4891826923076923 0.06850961538461539 0.036057692307692304
0 0.625 0.2247596153846154 0.0673076923076923 0.06370192307692307
0 0.6526442307692307 0.28846153846153844 0.05048076923076923 0.078125
0 0.71875 0.2127403846153846 0.038461538461538464 0.057692307692307696
0 0.6995192307692307 0.2536057692307692 0.08653846153846154 0.04447115384615385
0 0.6838942307692307 0.28125 0.018028846153846152 0.014423076923076924
0 0.7608173076923077 0.16947115384615385 0.020432692307692308 0.05048076923076923
0 0.8197115384615384 0.24519230769230768 0.021634615384615384 0.03245192307692308
0 0.7800480769230769 0.12379807692307693 0.018028846153846152 0.018028846153846152
0 0.7307692307692307 0.38822115384615385 0.042067307692307696 0.14903846153846154
0 0.7680288461538461 0.4675480769230769 0.055288461538461536 0.028846153846153848
0 0.703125 0.5649038461538461 0.030048076923076924 0.02403846153846154
0 0.6129807692307693 0.5576923076923077 0.09735576923076923 0.08653846153846154
0 0.65625 0.5913461538461539 0.03365384615384615 0.056490384615384616
0 0.6790865384615384 0.6201923076923077 0.06490384615384616 0.014423076923076924
0 0.7163461538461539 0.6057692307692307 0.056490384615384616 0.03485576923076923
0 0.6983173076923077 0.6358173076923077 0.0985576923076923 0.02403846153846154
0 0.6213942307692307 0.640625 0.07572115384615384 0.04927884615384615
0 0.8257211538461539 0.6442307692307693 0.027644230769230768 0.037259615384615384
0 0.7043269230769231 0.6923076923076923 0.04326923076923077 0.0673076923076923
0 0.6129807692307693 0.6875 0.0625 0.0829326923076923
0 0.8064903846153846 0.8040865384615384 0.02403846153846154 0.019230769230769232
0 0.8305288461538461 0.8052884615384616 0.02403846153846154 0.02283653846153846
0 0.8233173076923077 0.7115384615384616 0.03365384615384615 0.018028846153846152
0 0.8293269230769231 0.30288461538461536 0.028846153846153848 0.07692307692307693
0 0.8822115384615384 0.17908653846153846 0.07932692307692307 0.015625
0 0.9639423076923077 0.11177884615384616 0.03485576923076923 0.016826923076923076
0 0.9326923076923077 0.125 0.028846153846153848 0.025240384615384616
0 0.9639423076923077 0.09375 0.03485576923076923 0.018028846153846152
0 0.9627403846153846 0.06971153846153846 0.037259615384615384 0.02403846153846154
0 0.8341346153846154 0.007211538461538462 0.028846153846153848 0.014423076923076924
0 0.875 0.42427884615384615 0.0733173076923077 0.07572115384615384
0 0.8461538461538461 0.3557692307692308 0.03245192307692308 0.02403846153846154
0 0.8641826923076923 0.38221153846153844 0.028846153846153848 0.02403846153846154
0 0.8389423076923077 0.5420673076923077 0.07692307692307693 0.04567307692307692
0 0.7451923076923077 0.2608173076923077 0.014423076923076924 0.019230769230769232
0 0.9591346153846154 0.921875 0.018028846153846152 0.02283653846153846
0 0.8269230769230769 0.9471153846153846 0.013221153846153846 0.036057692307692304
0 0.7728365384615384 0.96875 0.0673076923076923 0.015625
0 0.5048076923076923 0.5793269230769231 0.039663461538461536 0.01201923076923077
0 0.296875 0.06610576923076923 0.014423076923076924 0.026442307692307692
0 0.027644230769230768 0.8713942307692307 0.013221153846153846 0.052884615384615384
0 0.13581730769230768 0.7692307692307693 0.018028846153846152 0.03365384615384615
0 0.39903846153846156 0.004807692307692308 0.055288461538461536 0.009615384615384616
0 0.20072115384615385 0.9603365384615384 0.025240384615384616 0.05048076923076923