0 0.9411057692307693 0.8677884615384616 0.06490384615384616 0.06490384615384616
0 0.02283653846153846 0.44350961538461536 0.04567307692307692 0.06009615384615385
0 0.5192307692307693 0.4326923076923077 0.09615384615384616 0.0673076923076923
0 0.8365384615384616 0.8112980769230769 0.1346153846153846 0.07451923076923077
0 0.7764423076923077 0.578125 0.051682692307692304 0.06009615384615385
0 0.28966346153846156 0.9182692307692307 0.06971153846153846 0.06490384615384616
0 0.15384615384615385 0.9038461538461539 0.11899038461538461 0.16947115384615385
0 0.47836538461538464 0.5012019230769231 0.18629807692307693 0.2536057692307692
0 0.5661057692307693 0.09134615384615384 0.055288461538461536 0.055288461538461536
0 0.9471153846153846 0.21634615384615385 0.06610576923076923 0.078125
0 0.19951923076923078 0.014423076923076924 0.09014423076923077 0.028846153846153848
0 0.2536057692307692 0.6009615384615384 0.06971153846153846 0.05048076923076923
0 0.39783653846153844 0.2247596153846154 0.08533653846153846 0.11778846153846154
0 0.14783653846153846 0.44350961538461536 0.06490384615384616 0.055288461538461536
0 0.03365384615384615 0.796875 0.06490384615384616 0.055288461538461536
0 0.3173076923076923 0.7704326923076923 0.08052884615384616 0.055288461538461536
0 0.7115384615384616 0.8004807692307693 0.1141826923076923 0.11658653846153846
0 0.8581730769230769 0.96875 0.06009615384615385 0.06009615384615385
0 0.9014423076923077 0.030048076923076924 0.09134615384615384 0.05889423076923077
0 0.6033653846153846 0.1778846153846154 0.09735576923076923 0.054086538461538464
0 0.10096153846153846 0.33052884615384615 0.054086538461538464 0.052884615384615384
0 0.7596153846153846 0.20552884615384615 0.15384615384615385 0.12259615384615384
0 0.6899038461538461 0.9254807692307693 0.055288461538461536 0.056490384615384616
0 0.5492788461538461 0.6766826923076923 0.07572115384615384 0.07572115384615384
0 0.9771634615384616 0.17427884615384615 0.038461538461538464 0.03485576923076923
0 0.7560096153846154 0.8798076923076923 0.08052884615384616 0.07572115384615384
0 0.453125 0.5865384615384616 0.15144230769230768 0.2403846153846154
0 0.42427884615384615 0.9254807692307693 0.09014423076923077 0.109375
0 0.040865384615384616 0.9014423076923077 0.07572115384615384 0.07692307692307693
0 0.44711538461538464 0.046875 0.08052884615384616 0.09134615384615384
0 0.5889423076923077 0.234375 0.13581730769230768 0.06490384615384616
0 0.8257211538461539 0.9326923076923077 0.055288461538461536 0.06370192307692307
0 0.9663461538461539 0.03125 0.06610576923076923 0.057692307692307696
0 0.8269230769230769 0.28846153846153844 0.10576923076923077 0.06490384615384616
0 0.18509615384615385 0.8629807692307693 0.07692307692307693 0.05889423076923077
0 0.9675480769230769 0.8377403846153846 0.06370192307692307 0.125
0 0.609375 0.41466346153846156 0.07692307692307693 0.06610576923076923
0 0.16826923076923078 0.15745192307692307 0.0889423076923077 0.07091346153846154