0 0.9603365384615384 0.1814903846153846 0.078125 0.08653846153846154
0 0.59375 0.9759615384615384 0.11298076923076923 0.04447115384615385
0 0.43990384615384615 0.040865384615384616 0.0889423076923077 0.08052884615384616
0 0.421875 0.7932692307692307 0.11177884615384616 0.10096153846153846
0 0.3762019230769231 0.5420673076923077 0.12740384615384615 0.10697115384615384
0 0.9350961538461539 0.21995192307692307 0.12740384615384615 0.10096153846153846
0 0.8149038461538461 0.9579326923076923 0.08052884615384616 0.08052884615384616
0 0.890625 0.9038461538461539 0.10576923076923077 0.08774038461538461
0 0.4266826923076923 0.12259615384615384 0.07211538461538461 0.07451923076923077
0 0.37740384615384615 0.9663461538461539 0.1502403846153846 0.06490384615384616
0 0.17668269230769232 0.16105769230769232 0.09615384615384616 0.10697115384615384
0 0.7199519230769231 0.40384615384615385 0.11778846153846154 0.11778846153846154
0 0.25961538461538464 0.3004807692307692 0.08653846153846154 0.08774038461538461
0 0.9230769230769231 0.8137019230769231 0.15144230769230768 0.11298076923076923
0 0.039663461538461536 0.609375 0.07932692307692307 0.18509615384615385
0 0.06009615384615385 0.025240384615384616 0.08774038461538461 0.05048076923076923
0 0.7860576923076923 0.33413461538461536 0.12379807692307693 0.10576923076923077
0 0.6802884615384616 0.5204326923076923 0.09735576923076923 0.09254807692307693
0 0.9098557692307693 0.6646634615384616 0.0829326923076923 0.11538461538461539
0 0.27884615384615385 0.20072115384615385 0.08653846153846154 0.07091346153846154
0 0.9627403846153846 0.6670673076923077 0.07211538461538461 0.09735576923076923
0 0.5264423076923077 0.109375 0.08653846153846154 0.0889423076923077
0 0.10096153846153846 0.3918269230769231 0.08653846153846154 0.08533653846153846
0 0.296875 0.07572115384615384 0.10336538461538461 0.10096153846153846
0 0.35697115384615385 0.06971153846153846 0.12740384615384615 0.13822115384615385