0 0.24158653846153846 0.6009615384615384 0.07572115384615384 0.051682692307692304
0 0.7980769230769231 0.5625 0.07211538461538461 0.12259615384615384
0 0.7644230769230769 0.26802884615384615 0.109375 0.07692307692307693
0 0.609375 0.39663461538461536 0.06009615384615385 0.12139423076923077
0 0.6850961538461539 0.021634615384615384 0.05889423076923077 0.04326923076923077
0 0.20072115384615385 0.39903846153846156 0.125 0.1502403846153846
0 0.054086538461538464 0.055288461538461536 0.10817307692307693 0.11057692307692307
0 0.5841346153846154 0.8834134615384616 0.10697115384615384 0.11177884615384616
0 0.2608173076923077 0.6430288461538461 0.11177884615384616 0.05048076923076923
0 0.2620192307692308 0.8257211538461539 0.04326923076923077 0.08173076923076923
0 0.9387019230769231 0.10697115384615384 0.0625 0.06009615384615385
0 0.9759615384615384 0.11057692307692307 0.046875 0.11298076923076923
0 0.8677884615384616 0.0889423076923077 0.06850961538461539 0.08052884615384616
0 0.12980769230769232 0.09615384615384616 0.1045673076923077 0.19230769230769232
0 0.04447115384615385 0.46033653846153844 0.07211538461538461 0.04927884615384615
0 0.8293269230769231 0.48197115384615385 0.09615384615384616 0.16346153846153846
0 0.08533653846153846 0.07091346153846154 0.06370192307692307 0.08052884615384616
0 0.6478365384615384 0.078125 0.07451923076923077 0.055288461538461536
0 0.5252403846153846 0.4795673076923077 0.0733173076923077 0.08173076923076923
0 0.5853365384615384 0.7860576923076923 0.12620192307692307 0.12259615384615384
0 0.8762019230769231 0.021634615384615384 0.06490384615384616 0.04326923076923077
0 0.49759615384615385 0.265625 0.09375 0.052884615384615384
0 0.2644230769230769 0.9290865384615384 0.08052884615384616 0.13942307692307693
0 0.6814903846153846 0.1935096153846154 0.09134615384615384 0.18870192307692307
0 0.46033653846153844 0.8197115384615384 0.07572115384615384 0.11538461538461539
0 0.4579326923076923 0.7259615384615384 0.0625 0.054086538461538464
0 0.9278846153846154 0.3449519230769231 0.09495192307692307 0.24278846153846154
0 0.9723557692307693 0.3425480769230769 0.054086538461538464 0.0673076923076923
0 0.32572115384615385 0.11778846153846154 0.06971153846153846 0.23557692307692307
0 0.40625 0.48197115384615385 0.09014423076923077 0.05889423076923077
0 0.04326923076923077 0.8125 0.08653846153846154 0.1045673076923077
0 0.9038461538461539 0.7043269230769231 0.08653846153846154 0.12860576923076922