0 0.25961538461538464 0.06370192307692307 0.038461538461538464 0.03365384615384615
0 0.046875 0.11778846153846154 0.08052884615384616 0.07211538461538461
0 0.9134615384615384 0.021634615384615384 0.038461538461538464 0.04326923076923077
0 0.9819711538461539 0.02283653846153846 0.03485576923076923 0.04567307692307692
0 0.3858173076923077 0.01201923076923077 0.054086538461538464 0.02403846153846154
0 0.4831730769230769 0.027644230769230768 0.057692307692307696 0.055288461538461536
0 0.5877403846153846 0.027644230769230768 0.07572115384615384 0.055288461538461536
0 0.11899038461538461 0.0625 0.055288461538461536 0.12259615384615384
0 0.7151442307692307 0.2608173076923077 0.07091346153846154 0.056490384615384616
0 0.9615384615384616 0.203125 0.07451923076923077 0.07572115384615384
0 0.6850961538461539 0.09735576923076923 0.07572115384615384 0.13701923076923078
0 0.6298076923076923 0.14903846153846154 0.054086538461538464 0.038461538461538464
0 0.5348557692307693 0.171875 0.13942307692307693 0.11658653846153846
0 0.24158653846153846 0.12259615384615384 0.13581730769230768 0.09375
0 0.33052884615384615 0.17427884615384615 0.04447115384615385 0.028846153846153848
0 0.38221153846153844 0.17427884615384615 0.05889423076923077 0.046875
0 0.3161057692307692 0.26322115384615385 0.04807692307692308 0.06850961538461539
0 0.08653846153846154 0.32572115384615385 0.055288461538461536 0.05889423076923077
0 0.125 0.2439903846153846 0.06370192307692307 0.04447115384615385
0 0.8016826923076923 0.24759615384615385 0.055288461538461536 0.10096153846153846
0 0.6514423076923077 0.016826923076923076 0.028846153846153848 0.03365384615384615
0 0.9759615384615384 0.3737980769230769 0.046875 0.1201923076923077
0 0.7103365384615384 0.36538461538461536 0.0889423076923077 0.06370192307692307
0 0.21153846153846154 0.35336538461538464 0.06971153846153846 0.09254807692307693
0 0.27524038461538464 0.578125 0.08052884615384616 0.07091346153846154
0 0.29927884615384615 0.5384615384615384 0.038461538461538464 0.056490384615384616
0 0.18990384615384615 0.5180288461538461 0.07451923076923077 0.06971153846153846
0 0.28125 0.4074519230769231 0.0733173076923077 0.07932692307692307
0 0.3076923076923077 0.43990384615384615 0.06370192307692307 0.056490384615384616
0 0.40024038461538464 0.41586538461538464 0.11057692307692307 0.12379807692307693
0 0.38341346153846156 0.49158653846153844 0.055288461538461536 0.07211538461538461
0 0.36177884615384615 0.5588942307692307 0.036057692307692304 0.07211538461538461
0 0.8064903846153846 0.35697115384615385 0.054086538461538464 0.05048076923076923
0 0.8137019230769231 0.46875 0.04927884615384615 0.04927884615384615
0 0.5673076923076923 0.484375 0.06009615384615385 0.16105769230769232
0 0.9603365384615384 0.6838942307692307 0.078125 0.140625
0 0.828125 0.6947115384615384 0.042067307692307696 0.1310096153846154
0 0.5769230769230769 0.8064903846153846 0.0673076923076923 0.10817307692307693
0 0.4735576923076923 0.8870192307692307 0.03365384615384615 0.0985576923076923
0 0.40865384615384615 0.8894230769230769 0.04447115384615385 0.052884615384615384
0 0.390625 0.9350961538461539 0.08533653846153846 0.056490384615384616
0 0.3173076923076923 0.9447115384615384 0.08052884615384616 0.04447115384615385
0 0.08052884615384616 0.9831730769230769 0.10096153846153846 0.03245192307692308
0 0.16346153846153846 0.9266826923076923 0.06490384615384616 0.09495192307692307
0 0.9627403846153846 0.8798076923076923 0.07211538461538461 0.037259615384615384
0 0.90625 0.8978365384615384 0.052884615384615384 0.046875
0 0.84375 0.9230769230769231 0.04567307692307692 0.03485576923076923
0 0.6334134615384616 0.9795673076923077 0.06129807692307692 0.038461538461538464
0 0.16466346153846154 0.8713942307692307 0.052884615384615384 0.036057692307692304
0 0.9122596153846154 0.8497596153846154 0.02403846153846154 0.042067307692307696
0 0.008413461538461538 0.3317307692307692 0.016826923076923076 0.028846153846153848
0 0.8665865384615384 0.9411057692307693 0.027644230769230768 0.03365384615384615
0 0.6334134615384616 0.9543269230769231 0.03245192307692308 0.01201923076923077