0 0.24519230769230768 0.8786057692307693 0.04567307692307692 0.09014423076923077
0 0.3137019230769231 0.8161057692307693 0.06490384615384616 0.07451923076923077
0 0.25841346153846156 0.7788461538461539 0.018028846153846152 0.02403846153846154
0 0.26322115384615385 0.7524038461538461 0.016826923076923076 0.019230769230769232
0 0.3545673076923077 0.7620192307692307 0.03365384615384615 0.038461538461538464
0 0.4795673076923077 0.8786057692307693 0.040865384615384616 0.10096153846153846
0 0.484375 0.7992788461538461 0.036057692307692304 0.05889423076923077
0 0.453125 0.7415865384615384 0.036057692307692304 0.04927884615384615
0 0.5204326923076923 0.6983173076923077 0.038461538461538464 0.09495192307692307
0 0.48197115384615385 0.6730769230769231 0.052884615384615384 0.030048076923076924
0 0.5709134615384616 0.7331730769230769 0.038461538461538464 0.03365384615384615
0 0.6634615384615384 0.7175480769230769 0.057692307692307696 0.038461538461538464
0 0.7463942307692307 0.6995192307692307 0.06610576923076923 0.039663461538461536
0 0.7331730769230769 0.6646634615384616 0.0625 0.036057692307692304
0 0.7764423076923077 0.65625 0.054086538461538464 0.036057692307692304
0 0.7487980769230769 0.8473557692307693 0.028846153846153848 0.0625
0 0.7427884615384616 0.9242788461538461 0.08413461538461539 0.1045673076923077
0 0.7536057692307693 0.9735576923076923 0.028846153846153848 0.051682692307692304
0 0.7560096153846154 0.5949519230769231 0.09014423076923077 0.04447115384615385
0 0.6754807692307693 0.6009615384615384 0.054086538461538464 0.03365384615384615
0 0.6201923076923077 0.6057692307692307 0.06971153846153846 0.046875
0 0.5661057692307693 0.6069711538461539 0.051682692307692304 0.037259615384615384
0 0.46875 0.5769230769230769 0.1045673076923077 0.051682692307692304
0 0.4951923076923077 0.6177884615384616 0.07572115384615384 0.05889423076923077
0 0.4855769230769231 0.6322115384615384 0.03365384615384615 0.03125
0 0.5396634615384616 0.5540865384615384 0.0889423076923077 0.08173076923076923
0 0.5420673076923077 0.47596153846153844 0.06490384615384616 0.03485576923076923
0 0.3557692307692308 0.4795673076923077 0.07572115384615384 0.05048076923076923
0 0.40865384615384615 0.4362980769230769 0.06370192307692307 0.042067307692307696
0 0.46274038461538464 0.36177884615384615 0.06971153846153846 0.09014423076923077
0 0.5228365384615384 0.38461538461538464 0.028846153846153848 0.026442307692307692
0 0.35216346153846156 0.3173076923076923 0.08533653846153846 0.06971153846153846
0 0.38341346153846156 0.2692307692307692 0.057692307692307696 0.06850961538461539
0 0.46875 0.13341346153846154 0.06610576923076923 0.09735576923076923
0 0.25 0.18990384615384615 0.030048076923076924 0.09975961538461539
0 0.2620192307692308 0.3004807692307692 0.06009615384615385 0.08052884615384616
0 0.2644230769230769 0.35697115384615385 0.03365384615384615 0.051682692307692304
0 0.21153846153846154 0.2776442307692308 0.038461538461538464 0.09254807692307693
0 0.19591346153846154 0.2764423076923077 0.04447115384615385 0.040865384615384616
0 0.20552884615384615 0.3125 0.02403846153846154 0.04567307692307692
0 0.30528846153846156 0.09495192307692307 0.05048076923076923 0.11778846153846154
0 0.29927884615384615 0.17427884615384615 0.030048076923076924 0.06610576923076923
0 0.35336538461538464 0.5913461538461539 0.038461538461538464 0.04326923076923077
0 0.31490384615384615 0.6165865384615384 0.037259615384615384 0.04927884615384615
0 0.2824519230769231 0.6682692307692307 0.054086538461538464 0.055288461538461536
0 0.2860576923076923 0.7211538461538461 0.042067307692307696 0.057692307692307696
0 0.2548076923076923 0.7079326923076923 0.042067307692307696 0.03485576923076923
0 0.20673076923076922 0.5805288461538461 0.0625 0.06009615384615385
0 0.24759615384615385 0.49759615384615385 0.055288461538461536 0.026442307692307692
0 0.171875 0.45913461538461536 0.028846153846153848 0.026442307692307692
0 0.20072115384615385 0.5408653846153846 0.039663461538461536 0.04326923076923077
0 0.5408653846153846 0.4266826923076923 0.019230769230769232 0.016826923076923076
0 0.7427884615384616 0.33413461538461536 0.07572115384615384 0.04927884615384615
0 0.640625 0.4639423076923077 0.1045673076923077 0.042067307692307696
0 0.7680288461538461 0.4014423076923077 0.051682692307692304 0.04567307692307692
0 0.7764423076923077 0.4362980769230769 0.039663461538461536 0.03365384615384615
0 0.7223557692307693 0.5120192307692307 0.08052884615384616 0.03245192307692308
0 0.7175480769230769 0.4951923076923077 0.14783653846153846 0.038461538461538464
0 0.7055288461538461 0.46634615384615385 0.1466346153846154 0.055288461538461536
0 0.6045673076923077 0.3485576923076923 0.11899038461538461 0.051682692307692304
0 0.6274038461538461 0.3401442307692308 0.11298076923076923 0.08052884615384616
0 0.65625 0.2980769230769231 0.09134615384615384 0.06610576923076923
0 0.5829326923076923 0.3269230769230769 0.036057692307692304 0.04807692307692308