0 0.7271634615384616 0.04927884615384615 0.06370192307692307 0.09735576923076923
0 0.4266826923076923 0.296875 0.08653846153846154 0.06370192307692307
0 0.6057692307692307 0.6634615384615384 0.08052884615384616 0.04927884615384615
0 0.5576923076923077 0.20673076923076922 0.0673076923076923 0.05889423076923077
0 0.03485576923076923 0.9807692307692307 0.06971153846153846 0.036057692307692304
0 0.6370192307692307 0.5588942307692307 0.06009615384615385 0.04447115384615385
0 0.8942307692307693 0.6370192307692307 0.06009615384615385 0.06971153846153846
0 0.019230769230769232 0.7980769230769231 0.038461538461538464 0.06009615384615385
0 0.8293269230769231 0.14903846153846154 0.0625 0.07451923076923077
0 0.33052884615384615 0.4963942307692308 0.11778846153846154 0.07451923076923077
0 0.6237980769230769 0.9074519230769231 0.07211538461538461 0.06009615384615385
0 0.2512019230769231 0.28966346153846156 0.05889423076923077 0.078125
0 0.7944711538461539 0.6201923076923077 0.05889423076923077 0.056490384615384616
0 0.2764423076923077 0.9723557692307693 0.08052884615384616 0.040865384615384616
0 0.4254807692307692 0.5745192307692307 0.09615384615384616 0.04567307692307692
0 0.08533653846153846 0.2776442307692308 0.03485576923076923 0.03365384615384615
0 0.9206730769230769 0.06490384615384616 0.054086538461538464 0.08653846153846154
0 0.4891826923076923 0.6622596153846154 0.08052884615384616 0.055288461538461536
0 0.12620192307692307 0.45072115384615385 0.06490384615384616 0.04927884615384615
0 0.7355769230769231 0.5240384615384616 0.04927884615384615 0.06009615384615385
0 0.48677884615384615 0.46634615384615385 0.04927884615384615 0.04927884615384615
0 0.8112980769230769 0.056490384615384616 0.07572115384615384 0.11177884615384616
0 0.20552884615384615 0.6189903846153846 0.078125 0.06610576923076923
0 0.671875 0.4254807692307692 0.04927884615384615 0.055288461538461536
0 0.3088942307692308 0.5853365384615384 0.08052884615384616 0.06971153846153846
0 0.4230769230769231 0.41466346153846156 0.08653846153846154 0.11538461538461539
0 0.6141826923076923 0.765625 0.0733173076923077 0.057692307692307696
0 0.13942307692307693 0.5865384615384616 0.07451923076923077 0.09735576923076923
0 0.09615384615384616 0.7415865384615384 0.06971153846153846 0.055288461538461536
0 0.7463942307692307 0.9110576923076923 0.04807692307692308 0.0625
0 0.10817307692307693 0.4879807692307692 0.04807692307692308 0.06610576923076923
0 0.018028846153846152 0.5709134615384616 0.03485576923076923 0.05889423076923077
0 0.5360576923076923 0.11298076923076923 0.078125 0.06490384615384616
0 0.8413461538461539 0.90625 0.0625 0.0673076923076923
0 0.7512019230769231 0.7043269230769231 0.04447115384615385 0.06129807692307692
0 0.39663461538461536 0.9038461538461539 0.05048076923076923 0.046875
0 0.3870192307692308 0.025240384615384616 0.07572115384615384 0.05048076923076923
0 0.7487980769230769 0.16466346153846154 0.06971153846153846 0.05889423076923077
0 0.48677884615384615 0.5997596153846154 0.040865384615384616 0.055288461538461536
0 0.19230769230769232 0.9242788461538461 0.07692307692307693 0.056490384615384616
0 0.15384615384615385 0.9771634615384616 0.0889423076923077 0.04447115384615385
0 0.3329326923076923 0.43149038461538464 0.07572115384615384 0.06490384615384616
0 0.19591346153846154 0.34134615384615385 0.0889423076923077 0.078125
0 0.10096153846153846 0.9242788461538461 0.08774038461538461 0.05889423076923077
0 0.9807692307692307 0.07572115384615384 0.037259615384615384 0.055288461538461536
0 0.49278846153846156 0.7536057692307693 0.07091346153846154 0.056490384615384616
0 0.10336538461538461 0.8557692307692307 0.06850961538461539 0.046875
0 0.7367788461538461 0.6117788461538461 0.07211538461538461 0.07211538461538461
0 0.5120192307692307 0.3894230769230769 0.06009615384615385 0.06490384615384616
0 0.5576923076923077 0.7367788461538461 0.051682692307692304 0.0673076923076923
0 0.6670673076923077 0.3737980769230769 0.06129807692307692 0.039663461538461536
0 0.8233173076923077 0.44711538461538464 0.04447115384615385 0.055288461538461536
0 0.9206730769230769 0.9807692307692307 0.038461538461538464 0.036057692307692304
0 0.6526442307692307 0.3269230769230769 0.04927884615384615 0.04807692307692308
0 0.7764423076923077 0.5324519230769231 0.04807692307692308 0.04927884615384615
0 0.6177884615384616 0.39663461538461536 0.05048076923076923 0.046875
0 0.22596153846153846 0.43509615384615385 0.09495192307692307 0.05048076923076923
0 0.20673076923076922 0.6646634615384616 0.09375 0.0625
0 0.055288461538461536 0.5252403846153846 0.109375 0.04927884615384615
0 0.29086538461538464 0.6670673076923077 0.06129807692307692 0.056490384615384616
0 0.056490384615384616 0.07091346153846154 0.10697115384615384 0.0733173076923077
0 0.6057692307692307 0.4519230769230769 0.057692307692307696 0.06009615384615385
0 0.34134615384615385 0.8088942307692307 0.0673076923076923 0.08052884615384616
0 0.8918269230769231 0.5528846153846154 0.055288461538461536 0.055288461538461536
0 0.953125 0.6466346153846154 0.057692307692307696 0.06971153846153846