0 0.11658653846153846 0.040865384615384616 0.036057692307692304 0.06850961538461539
0 0.15384615384615385 0.03245192307692308 0.03365384615384615 0.03125
0 0.1778846153846154 0.016826923076923076 0.04567307692307692 0.03365384615384615
0 0.6899038461538461 0.02403846153846154 0.027644230769230768 0.038461538461538464
0 0.6538461538461539 0.07572115384615384 0.04326923076923077 0.06009615384615385
0 0.578125 0.07451923076923077 0.038461538461538464 0.03485576923076923
0 0.9423076923076923 0.037259615384615384 0.057692307692307696 0.07451923076923077
0 0.9711538461538461 0.10336538461538461 0.019230769230769232 0.03125
0 0.6009615384615384 0.1622596153846154 0.08533653846153846 0.04447115384615385
0 0.38341346153846156 0.3954326923076923 0.07572115384615384 0.04927884615384615
0 0.5600961538461539 0.4230769230769231 0.038461538461538464 0.04807692307692308
0 0.5925480769230769 0.5180288461538461 0.025240384615384616 0.025240384615384616
0 0.375 0.6201923076923077 0.039663461538461536 0.030048076923076924
0 0.36177884615384615 0.5733173076923077 0.04447115384615385 0.055288461538461536
0 0.3112980769230769 0.5733173076923077 0.057692307692307696 0.037259615384615384
0 0.21394230769230768 0.5901442307692307 0.056490384615384616 0.06490384615384616
0 0.09375 0.5997596153846154 0.030048076923076924 0.05889423076923077
0 0.05889423076923077 0.6045673076923077 0.046875 0.038461538461538464
0 0.025240384615384616 0.4495192307692308 0.05048076923076923 0.12740384615384615
0 0.09495192307692307 0.5192307692307693 0.038461538461538464 0.038461538461538464
0 0.9891826923076923 0.1502403846153846 0.020432692307692308 0.03245192307692308
0 0.8689903846153846 0.6995192307692307 0.040865384615384616 0.05889423076923077
0 0.8173076923076923 0.7704326923076923 0.04927884615384615 0.15504807692307693
0 0.7271634615384616 0.9411057692307693 0.06490384615384616 0.0673076923076923
0 0.5420673076923077 0.7211538461538461 0.055288461538461536 0.07572115384615384
0 0.6802884615384616 0.625 0.04927884615384615 0.055288461538461536
0 0.6490384615384616 0.6442307692307693 0.02403846153846154 0.03245192307692308
0 0.5709134615384616 0.6394230769230769 0.028846153846153848 0.026442307692307692
0 0.9759615384615384 0.41346153846153844 0.046875 0.06009615384615385
0 0.171875 0.5516826923076923 0.06370192307692307 0.04447115384615385