0 0.8858173076923077 0.984375 0.030048076923076924 0.028846153846153848
0 0.8377403846153846 0.9314903846153846 0.026442307692307692 0.021634615384615384
0 0.7608173076923077 0.921875 0.042067307692307696 0.036057692307692304
0 0.6646634615384616 0.9134615384615384 0.026442307692307692 0.027644230769230768
0 0.7632211538461539 0.8569711538461539 0.057692307692307696 0.04927884615384615
0 0.7115384615384616 0.8305288461538461 0.03485576923076923 0.055288461538461536
0 0.5949519230769231 0.9471153846153846 0.03485576923076923 0.028846153846153848
0 0.5528846153846154 0.9302884615384616 0.03245192307692308 0.039663461538461536
0 0.4987980769230769 0.9134615384615384 0.037259615384615384 0.03125
0 0.9747596153846154 0.8689903846153846 0.037259615384615384 0.054086538461538464
0 0.8786057692307693 0.703125 0.028846153846153848 0.06490384615384616
0 0.8425480769230769 0.7079326923076923 0.02283653846153846 0.028846153846153848
0 0.8221153846153846 0.7235576923076923 0.038461538461538464 0.040865384615384616
0 0.7956730769230769 0.7295673076923077 0.03365384615384615 0.051682692307692304
0 0.6478365384615384 0.7199519230769231 0.026442307692307692 0.07932692307692307
0 0.7007211538461539 0.6802884615384616 0.03245192307692308 0.04326923076923077
0 0.8233173076923077 0.6262019230769231 0.03365384615384615 0.04326923076923077
0 0.7836538461538461 0.6430288461538461 0.028846153846153848 0.03245192307692308
0 0.7319711538461539 0.8822115384615384 0.037259615384615384 0.028846153846153848
0 0.359375 0.7427884615384616 0.036057692307692304 0.055288461538461536
0 0.4254807692307692 0.7367788461538461 0.026442307692307692 0.042067307692307696
0 0.4014423076923077 0.7463942307692307 0.028846153846153848 0.06971153846153846
0 0.2620192307692308 0.9579326923076923 0.06009615384615385 0.030048076923076924
0 0.18269230769230768 0.9411057692307693 0.04567307692307692 0.03245192307692308
0 0.1814903846153846 0.8569711538461539 0.057692307692307696 0.08653846153846154
0 0.14783653846153846 0.7487980769230769 0.026442307692307692 0.04927884615384615
0 0.06009615384615385 0.7680288461538461 0.028846153846153848 0.03365384615384615
0 0.10697115384615384 0.6971153846153846 0.028846153846153848 0.046875
0 0.06610576923076923 0.6875 0.038461538461538464 0.056490384615384616
0 0.22956730769230768 0.6862980769230769 0.0733173076923077 0.036057692307692304
0 0.2668269230769231 0.6670673076923077 0.039663461538461536 0.04567307692307692
0 0.19110576923076922 0.59375 0.038461538461538464 0.03245192307692308
0 0.29927884615384615 0.5817307692307693 0.03125 0.028846153846153848
0 0.29086538461538464 0.546875 0.03365384615384615 0.042067307692307696
0 0.34134615384615385 0.5757211538461539 0.038461538461538464 0.027644230769230768
0 0.3762019230769231 0.5901442307692307 0.026442307692307692 0.02403846153846154
0 0.4110576923076923 0.5757211538461539 0.015625 0.036057692307692304
0 0.5625 0.5841346153846154 0.08173076923076923 0.026442307692307692
0 0.6009615384615384 0.5408653846153846 0.037259615384615384 0.03485576923076923
0 0.7668269230769231 0.5925480769230769 0.038461538461538464 0.036057692307692304
0 0.8509615384615384 0.5600961538461539 0.03245192307692308 0.039663461538461536
0 0.9819711538461539 0.5877403846153846 0.025240384615384616 0.019230769230769232
0 0.9711538461538461 0.4831730769230769 0.036057692307692304 0.06129807692307692
0 0.7704326923076923 0.45072115384615385 0.037259615384615384 0.03365384615384615
0 0.6550480769230769 0.47475961538461536 0.04447115384615385 0.037259615384615384
0 0.7512019230769231 0.4026442307692308 0.03365384615384615 0.046875
0 0.7524038461538461 0.3485576923076923 0.03125 0.057692307692307696
0 0.78125 0.3605769230769231 0.037259615384615384 0.038461538461538464
0 0.8125 0.32572115384615385 0.026442307692307692 0.040865384615384616
0 0.8497596153846154 0.3389423076923077 0.037259615384615384 0.03365384615384615
0 0.8798076923076923 0.3425480769230769 0.03365384615384615 0.018028846153846152
0 0.9603365384615384 0.3088942307692308 0.054086538461538464 0.028846153846153848
0 0.6634615384615384 0.3245192307692308 0.028846153846153848 0.036057692307692304
0 0.5901442307692307 0.265625 0.021634615384615384 0.05048076923076923
0 0.7956730769230769 0.21634615384615385 0.037259615384615384 0.08774038461538461
0 0.8257211538461539 0.1971153846153846 0.03125 0.037259615384615384
0 0.7391826923076923 0.08653846153846154 0.04567307692307692 0.07572115384615384
0 0.921875 0.04567307692307692 0.0673076923076923 0.07211538461538461
0 0.6225961538461539 0.026442307692307692 0.05889423076923077 0.051682692307692304
0 0.7307692307692307 0.014423076923076924 0.1045673076923077 0.028846153846153848
0 0.515625 0.08653846153846154 0.028846153846153848 0.08052884615384616
0 0.4891826923076923 0.17668269230769232 0.03365384615384615 0.04807692307692308
0 0.42427884615384615 0.2704326923076923 0.042067307692307696 0.046875
0 0.3233173076923077 0.09134615384615384 0.030048076923076924 0.06610576923076923
0 0.35096153846153844 0.06009615384615385 0.028846153846153848 0.055288461538461536
0 0.20192307692307693 0.046875 0.04927884615384615 0.02403846153846154
0 0.17548076923076922 0.016826923076923076 0.03365384615384615 0.03365384615384615
0 0.13822115384615385 0.01201923076923077 0.037259615384615384 0.02403846153846154
0 0.171875 0.31490384615384615 0.042067307692307696 0.04326923076923077
0 0.109375 0.25961538461538464 0.04567307692307692 0.025240384615384616
0 0.06490384615384616 0.24519230769230768 0.039663461538461536 0.020432692307692308
0 0.16826923076923078 0.3954326923076923 0.06610576923076923 0.03125
0 0.1622596153846154 0.36899038461538464 0.06370192307692307 0.03245192307692308
0 0.39783653846153844 0.42788461538461536 0.028846153846153848 0.038461538461538464
0 0.4254807692307692 0.4495192307692308 0.02403846153846154 0.03365384615384615
0 0.46153846153846156 0.44471153846153844 0.03245192307692308 0.036057692307692304
0 0.13221153846153846 0.5096153846153846 0.05048076923076923 0.020432692307692308
0 0.75 0.8137019230769231 0.04567307692307692 0.07211538461538461
0 0.3629807692307692 0.09014423076923077 0.02403846153846154 0.021634615384615384
0 0.23076923076923078 0.13221153846153846 0.026442307692307692 0.008413461538461538
0 0.1658653846153846 0.1935096153846154 0.03365384615384615 0.021634615384615384
0 0.9891826923076923 0.026442307692307692 0.013221153846153846 0.03125
0 0.10576923076923077 0.3016826923076923 0.014423076923076924 0.014423076923076924
0 0.6899038461538461 0.8762019230769231 0.025240384615384616 0.019230769230769232
0 0.6634615384615384 0.2800480769230769 0.02403846153846154 0.019230769230769232
0 0.6502403846153846 0.29927884615384615 0.021634615384615384 0.019230769230769232
0 0.640625 0.28125 0.037259615384615384 0.018028846153846152
0 0.7463942307692307 0.4891826923076923 0.021634615384615384 0.020432692307692308
0 0.16105769230769232 0.9122596153846154 0.027644230769230768 0.028846153846153848
0 0.22115384615384615 0.9903846153846154 0.025240384615384616 0.018028846153846152
0 0.06370192307692307 0.265625 0.02403846153846154 0.020432692307692308
0 0.859375 0.7295673076923077 0.019230769230769232 0.030048076923076924
0 0.9807692307692307 0.5721153846153846 0.030048076923076924 0.014423076923076924
0 0.7848557692307693 0.3918269230769231 0.025240384615384616 0.02403846153846154