0 0.7367788461538461 0.9074519230769231 0.18269230769230768 0.09495192307692307
0 0.49278846153846156 0.21634615384615385 0.07572115384615384 0.051682692307692304
0 0.484375 0.6213942307692307 0.06129807692307692 0.06971153846153846
0 0.45072115384615385 0.10096153846153846 0.11177884615384616 0.0733173076923077
0 0.037259615384615384 0.9290865384615384 0.07451923076923077 0.09375
0 0.8064903846153846 0.18870192307692307 0.11778846153846154 0.12259615384615384
0 0.12259615384615384 0.9555288461538461 0.07692307692307693 0.08653846153846154
0 0.1622596153846154 0.7163461538461539 0.06850961538461539 0.08653846153846154
0 0.953125 0.25240384615384615 0.08653846153846154 0.04447115384615385
0 0.5612980769230769 0.15865384615384615 0.07932692307692307 0.09014423076923077
0 0.5288461538461539 0.8689903846153846 0.08774038461538461 0.0673076923076923
0 0.5925480769230769 0.24759615384615385 0.08413461538461539 0.07572115384615384
0 0.1622596153846154 0.5300480769230769 0.06971153846153846 0.078125
0 0.02403846153846154 0.171875 0.04447115384615385 0.09134615384615384
0 0.9519230769230769 0.9627403846153846 0.09495192307692307 0.06610576923076923
0 0.20072115384615385 0.6742788461538461 0.09375 0.08173076923076923
0 0.9507211538461539 0.3329326923076923 0.08052884615384616 0.056490384615384616
0 0.2127403846153846 0.5324519230769231 0.056490384615384616 0.05048076923076923
0 0.8413461538461539 0.8846153846153846 0.07091346153846154 0.06610576923076923
0 0.609375 0.4110576923076923 0.0829326923076923 0.0673076923076923
0 0.8137019230769231 0.2860576923076923 0.08052884615384616 0.0673076923076923
0 0.171875 0.41586538461538464 0.06850961538461539 0.06490384615384616
0 0.359375 0.7524038461538461 0.09254807692307693 0.07211538461538461
0 0.18870192307692307 0.016826923076923076 0.05048076923076923 0.03365384615384615
0 0.11658653846153846 0.3233173076923077 0.06850961538461539 0.051682692307692304
0 0.8040865384615384 0.5300480769230769 0.11778846153846154 0.09495192307692307
0 0.8052884615384616 0.0889423076923077 0.06009615384615385 0.08774038461538461
0 0.5288461538461539 0.96875 0.0733173076923077 0.06009615384615385
0 0.9759615384615384 0.06490384615384616 0.046875 0.056490384615384616