0 0.5841346153846154 0.7788461538461539 0.09495192307692307 0.10096153846153846
0 0.43028846153846156 0.6454326923076923 0.08413461538461539 0.09134615384615384
0 0.1346153846153846 0.9639423076923077 0.12620192307692307 0.06129807692307692
0 0.9014423076923077 0.34975961538461536 0.06009615384615385 0.13581730769230768
0 0.5709134615384616 0.22235576923076922 0.10216346153846154 0.11538461538461539
0 0.32572115384615385 0.9326923076923077 0.07451923076923077 0.13221153846153846
0 0.7439903846153846 0.057692307692307696 0.10216346153846154 0.11538461538461539
0 0.25961538461538464 0.5865384615384616 0.14302884615384615 0.06971153846153846
0 0.08173076923076923 0.265625 0.16346153846153846 0.10817307692307693
0 0.19951923076923078 0.8689903846153846 0.07932692307692307 0.06129807692307692
0 0.11538461538461539 0.47596153846153844 0.13822115384615385 0.11298076923076923
0 0.03245192307692308 0.1045673076923077 0.06490384615384616 0.17067307692307693
0 0.28966346153846156 0.19951923076923078 0.06610576923076923 0.07211538461538461
0 0.4795673076923077 0.125 0.15384615384615385 0.0733173076923077
0 0.06009615384615385 0.6694711538461539 0.038461538461538464 0.0733173076923077
0 0.8305288461538461 0.7788461538461539 0.055288461538461536 0.09134615384615384
0 0.06370192307692307 0.734375 0.08413461538461539 0.11658653846153846
0 0.7524038461538461 0.23197115384615385 0.17548076923076922 0.1310096153846154
0 0.21153846153846154 0.27524038461538464 0.08653846153846154 0.09134615384615384
0 0.6610576923076923 0.7548076923076923 0.07692307692307693 0.06129807692307692
0 0.5396634615384616 0.9002403846153846 0.08653846153846154 0.07692307692307693
0 0.057692307692307696 0.8317307692307693 0.07091346153846154 0.09615384615384616
0 0.7524038461538461 0.9447115384615384 0.09975961538461539 0.07451923076923077
0 0.171875 0.055288461538461536 0.07211538461538461 0.0625
0 0.36658653846153844 0.7944711538461539 0.11177884615384616 0.09134615384615384
0 0.9663461538461539 0.5384615384615384 0.06610576923076923 0.07572115384615384
0 0.34975961538461536 0.6201923076923077 0.0889423076923077 0.10697115384615384
0 0.7487980769230769 0.46634615384615385 0.12259615384615384 0.09735576923076923
0 0.43990384615384615 0.8966346153846154 0.16346153846153846 0.07572115384615384
0 0.7319711538461539 0.7259615384615384 0.09014423076923077 0.11899038461538461
0 0.7524038461538461 0.5252403846153846 0.1778846153846154 0.07451923076923077
0 0.3329326923076923 0.8245192307692307 0.15384615384615385 0.08653846153846154
0 0.9110576923076923 0.16105769230769232 0.0889423076923077 0.07692307692307693