0 0.7752403846153846 0.5721153846153846 0.11057692307692307 0.08173076923076923
0 0.9483173076923077 0.7151442307692307 0.10216346153846154 0.08653846153846154
0 0.16346153846153846 0.3317307692307692 0.09134615384615384 0.06009615384615385
0 0.11899038461538461 0.4182692307692308 0.07692307692307693 0.06490384615384616
0 0.03245192307692308 0.5661057692307693 0.06490384615384616 0.09615384615384616
0 0.025240384615384616 0.9591346153846154 0.04927884615384615 0.08052884615384616
0 0.5997596153846154 0.18870192307692307 0.06971153846153846 0.07091346153846154
0 0.10576923076923077 0.6262019230769231 0.08533653846153846 0.18990384615384615
0 0.171875 0.5973557692307693 0.06971153846153846 0.1466346153846154
0 0.8918269230769231 0.8942307692307693 0.057692307692307696 0.0625
0 0.546875 0.359375 0.19591346153846154 0.06490384615384616
0 0.9555288461538461 0.8509615384615384 0.08774038461538461 0.06009615384615385
0 0.3329326923076923 0.1814903846153846 0.09735576923076923 0.07572115384615384
0 0.921875 0.9579326923076923 0.04807692307692308 0.07692307692307693
0 0.7415865384615384 0.06971153846153846 0.13822115384615385 0.1310096153846154
0 0.4326923076923077 0.4170673076923077 0.051682692307692304 0.07932692307692307
0 0.2403846153846154 0.12740384615384615 0.12620192307692307 0.1466346153846154
0 0.2932692307692308 0.7836538461538461 0.25721153846153844 0.13701923076923078
0 0.921875 0.9567307692307693 0.04807692307692308 0.078125
0 0.2247596153846154 0.9314903846153846 0.22596153846153846 0.08653846153846154
0 0.3641826923076923 0.04326923076923077 0.07932692307692307 0.08653846153846154
0 0.17668269230769232 0.8040865384615384 0.10096153846153846 0.16826923076923078
0 0.8641826923076923 0.7740384615384616 0.23677884615384615 0.11057692307692307
0 0.23677884615384615 0.25600961538461536 0.08774038461538461 0.078125
0 0.6634615384615384 0.1466346153846154 0.12740384615384615 0.08774038461538461
0 0.16466346153846154 0.9447115384615384 0.10697115384615384 0.10817307692307693
0 0.265625 0.6225961538461539 0.14543269230769232 0.13221153846153846
0 0.45072115384615385 0.2800480769230769 0.13221153846153846 0.07091346153846154
0 0.06129807692307692 0.8305288461538461 0.08653846153846154 0.09254807692307693
0 0.5504807692307693 0.296875 0.11658653846153846 0.11899038461538461
0 0.35216346153846156 0.359375 0.11057692307692307 0.10336538461538461
0 0.03365384615384615 0.5084134615384616 0.06610576923076923 0.06971153846153846
0 0.6478365384615384 0.5588942307692307 0.13822115384615385 0.13221153846153846
0 0.22355769230769232 0.8221153846153846 0.11177884615384616 0.08052884615384616