0 0.8569711538461539 0.31971153846153844 0.07572115384615384 0.0625
0 0.9254807692307693 0.44350961538461536 0.07091346153846154 0.027644230769230768
0 0.7584134615384616 0.5564903846153846 0.0733173076923077 0.07932692307692307
0 0.8052884615384616 0.7103365384615384 0.06490384615384616 0.0829326923076923
0 0.8762019230769231 0.6802884615384616 0.06370192307692307 0.06610576923076923
0 0.8918269230769231 0.6382211538461539 0.07091346153846154 0.05889423076923077
0 0.6538461538461539 0.7295673076923077 0.10336538461538461 0.078125
0 0.7151442307692307 0.7427884615384616 0.07091346153846154 0.06490384615384616
0 0.6850961538461539 0.671875 0.038461538461538464 0.04927884615384615
0 0.4831730769230769 0.65625 0.08052884615384616 0.04807692307692308
0 0.41346153846153844 0.6033653846153846 0.1466346153846154 0.055288461538461536
0 0.24639423076923078 0.4951923076923077 0.12259615384615384 0.055288461538461536
0 0.43509615384615385 0.5072115384615384 0.09495192307692307 0.03125
0 0.4891826923076923 0.47115384615384615 0.07211538461538461 0.038461538461538464
0 0.23317307692307693 0.6802884615384616 0.06009615384615385 0.0829326923076923
0 0.20072115384615385 0.5492788461538461 0.03365384615384615 0.03365384615384615
0 0.1466346153846154 0.5360576923076923 0.03485576923076923 0.038461538461538464
0 0.0985576923076923 0.7079326923076923 0.06370192307692307 0.11177884615384616
0 0.15384615384615385 0.84375 0.054086538461538464 0.04447115384615385
0 0.32091346153846156 0.8665865384615384 0.03365384615384615 0.07211538461538461
0 0.2704326923076923 0.8858173076923077 0.039663461538461536 0.04447115384615385
0 0.16466346153846154 0.9723557692307693 0.04447115384615385 0.054086538461538464
0 0.4074519230769231 0.9759615384615384 0.04927884615384615 0.040865384615384616
0 0.421875 0.8052884615384616 0.06370192307692307 0.08173076923076923
0 0.5036057692307693 0.7896634615384616 0.09975961538461539 0.038461538461538464
0 0.515625 0.7524038461538461 0.09254807692307693 0.052884615384615384
0 0.5420673076923077 0.8473557692307693 0.13581730769230768 0.0625
0 0.5625 0.96875 0.038461538461538464 0.055288461538461536
0 0.7427884615384616 0.9206730769230769 0.04447115384615385 0.051682692307692304
0 0.7920673076923077 0.8533653846153846 0.06490384615384616 0.07692307692307693
0 0.8605769230769231 0.8413461538461539 0.07572115384615384 0.08052884615384616
0 0.9038461538461539 0.8100961538461539 0.054086538461538464 0.07572115384615384
0 0.026442307692307692 0.7872596153846154 0.052884615384615384 0.06490384615384616
0 0.359375 0.296875 0.04447115384615385 0.054086538461538464
0 0.2956730769230769 0.24639423076923078 0.04807692307692308 0.038461538461538464
0 0.34134615384615385 0.1502403846153846 0.042067307692307696 0.09254807692307693
0 0.12139423076923077 0.16826923076923078 0.09975961538461539 0.036057692307692304
0 0.16346153846153846 0.12980769230769232 0.06009615384615385 0.04447115384615385
0 0.26802884615384615 0.15384615384615385 0.040865384615384616 0.028846153846153848
0 0.6394230769230769 0.25841346153846156 0.10576923076923077 0.04447115384615385
0 0.8677884615384616 0.23317307692307693 0.18389423076923078 0.04567307692307692
0 0.9242788461538461 0.10576923076923077 0.09014423076923077 0.04326923076923077
0 0.6538461538461539 0.028846153846153848 0.04447115384615385 0.05048076923076923
0 0.9735576923076923 0.6454326923076923 0.04326923076923077 0.06490384615384616
0 0.9567307692307693 0.7704326923076923 0.078125 0.06490384615384616
0 0.6526442307692307 0.5204326923076923 0.04326923076923077 0.039663461538461536
0 0.671875 0.9122596153846154 0.08533653846153846 0.07572115384615384
0 0.2932692307692308 0.09615384615384616 0.03485576923076923 0.040865384615384616
0 0.4110576923076923 0.009615384615384616 0.039663461538461536 0.019230769230769232
0 0.921875 0.07451923076923077 0.04927884615384615 0.028846153846153848
0 0.6514423076923077 0.7908653846153846 0.07211538461538461 0.078125
0 0.4567307692307692 0.3425480769230769 0.04326923076923077 0.028846153846153848
0 0.06129807692307692 0.04807692307692308 0.040865384615384616 0.03245192307692308
0 0.6033653846153846 0.4182692307692308 0.07091346153846154 0.057692307692307696
0 0.4206730769230769 0.6959134615384616 0.06971153846153846 0.05048076923076923
0 0.43028846153846156 0.7728365384615384 0.04807692307692308 0.054086538461538464
0 0.5072115384615384 0.8990384615384616 0.08052884615384616 0.07572115384615384
0 0.48197115384615385 0.5733173076923077 0.0829326923076923 0.04927884615384615
0 0.5360576923076923 0.46153846153846156 0.06370192307692307 0.04447115384615385