0 0.4326923076923077 0.03125 0.0733173076923077 0.06129807692307692
0 0.421875 0.057692307692307696 0.0829326923076923 0.038461538461538464
0 0.484375 0.11899038461538461 0.038461538461538464 0.08052884615384616
0 0.5817307692307693 0.03245192307692308 0.03365384615384615 0.06490384615384616
0 0.375 0.08413461538461539 0.057692307692307696 0.09615384615384616
0 0.9591346153846154 0.17908653846153846 0.08052884615384616 0.10817307692307693
0 0.9579326923076923 0.22235576923076922 0.03365384615384615 0.08653846153846154
0 0.5721153846153846 0.25721153846153844 0.04567307692307692 0.10096153846153846
0 0.6502403846153846 0.35697115384615385 0.03365384615384615 0.10576923076923077
0 0.7319711538461539 0.32572115384615385 0.046875 0.07572115384615384
0 0.4170673076923077 0.3545673076923077 0.055288461538461536 0.09134615384615384
0 0.19951923076923078 0.2920673076923077 0.16706730769230768 0.21634615384615385
0 0.020432692307692308 0.4014423076923077 0.026442307692307692 0.056490384615384616
0 0.056490384615384616 0.4326923076923077 0.025240384615384616 0.03245192307692308
0 0.019230769230769232 0.5108173076923077 0.038461538461538464 0.09254807692307693
0 0.16105769230769232 0.625 0.05048076923076923 0.06971153846153846
0 0.17307692307692307 0.5925480769230769 0.06370192307692307 0.05889423076923077
0 0.1502403846153846 0.6826923076923077 0.08653846153846154 0.055288461538461536
0 0.12379807692307693 0.5408653846153846 0.05048076923076923 0.06490384615384616
0 0.20552884615384615 0.7427884615384616 0.07451923076923077 0.17067307692307693
0 0.12740384615384615 0.8137019230769231 0.08413461538461539 0.039663461538461536
0 0.04326923076923077 0.6826923076923077 0.08653846153846154 0.038461538461538464
0 0.055288461538461536 0.7199519230769231 0.055288461538461536 0.038461538461538464
0 0.046875 0.9086538461538461 0.054086538461538464 0.040865384615384616
0 0.078125 0.8617788461538461 0.11538461538461539 0.11899038461538461
0 0.08052884615384616 0.7872596153846154 0.15985576923076922 0.039663461538461536
0 0.5793269230769231 0.8125 0.14783653846153846 0.03365384615384615
0 0.7307692307692307 0.7235576923076923 0.17427884615384615 0.0985576923076923
0 0.6983173076923077 0.6838942307692307 0.15264423076923078 0.06490384615384616
0 0.8461538461538461 0.7427884615384616 0.09975961538461539 0.09014423076923077
0 0.9399038461538461 0.6790865384615384 0.1141826923076923 0.04326923076923077
0 0.78125 0.8413461538461539 0.04567307692307692 0.09615384615384616
0 0.9338942307692307 0.9194711538461539 0.06610576923076923 0.040865384615384616
0 0.8233173076923077 0.8473557692307693 0.08653846153846154 0.09134615384615384
0 0.7403846153846154 0.9711538461538461 0.037259615384615384 0.056490384615384616
0 0.36177884615384615 0.6658653846153846 0.10096153846153846 0.11298076923076923
0 0.47596153846153844 0.8004807692307693 0.15384615384615385 0.1310096153846154
0 0.5276442307692307 0.90625 0.05048076923076923 0.15504807692307693
0 0.3605769230769231 0.9387019230769231 0.09134615384615384 0.12139423076923077
0 0.3125 0.8858173076923077 0.09134615384615384 0.09014423076923077
0 0.20673076923076922 0.9567307692307693 0.03485576923076923 0.0829326923076923
0 0.22596153846153846 0.9711538461538461 0.026442307692307692 0.04927884615384615
0 0.4014423076923077 0.7872596153846154 0.05048076923076923 0.10697115384615384
0 0.6213942307692307 0.5216346153846154 0.042067307692307696 0.06490384615384616
0 0.7067307692307693 0.6358173076923077 0.0829326923076923 0.07932692307692307
0 0.828125 0.5360576923076923 0.039663461538461536 0.09495192307692307
0 0.9819711538461539 0.3112980769230769 0.03365384615384615 0.037259615384615384
0 0.036057692307692304 0.3485576923076923 0.06490384615384616 0.04447115384615385
0 0.014423076923076924 0.0673076923076923 0.028846153846153848 0.09615384615384616
0 0.4326923076923077 0.8329326923076923 0.038461538461538464 0.051682692307692304
0 0.38822115384615385 0.8185096153846154 0.051682692307692304 0.056490384615384616
0 0.53125 0.9915865384615384 0.036057692307692304 0.014423076923076924
0 0.03485576923076923 0.8665865384615384 0.046875 0.052884615384615384
0 0.06971153846153846 0.5637019230769231 0.06129807692307692 0.03365384615384615
0 0.9915865384615384 0.49399038461538464 0.014423076923076924 0.055288461538461536
0 0.1310096153846154 0.6045673076923077 0.04567307692307692 0.06971153846153846