0 0.2932692307692308 0.6418269230769231 0.06971153846153846 0.038461538461538464
0 0.9795673076923077 0.46153846153846156 0.038461538461538464 0.11177884615384616
0 0.3329326923076923 0.9855769230769231 0.09495192307692307 0.027644230769230768
0 0.037259615384615384 0.9134615384615384 0.051682692307692304 0.046875
0 0.9471153846153846 0.8425480769230769 0.0625 0.04927884615384615
0 0.7908653846153846 0.7151442307692307 0.04927884615384615 0.054086538461538464
0 0.6778846153846154 0.22596153846153846 0.1201923076923077 0.09375
0 0.8774038461538461 0.2127403846153846 0.0673076923076923 0.08774038461538461
0 0.8100961538461539 0.515625 0.04567307692307692 0.03485576923076923
0 0.9206730769230769 0.9302884615384616 0.09134615384615384 0.04447115384615385
0 0.9627403846153846 0.026442307692307692 0.054086538461538464 0.04807692307692308
0 0.04807692307692308 0.8846153846153846 0.040865384615384616 0.055288461538461536
0 0.44711538461538464 0.6754807692307693 0.078125 0.04927884615384615
0 0.02283653846153846 0.47475961538461536 0.04567307692307692 0.07932692307692307
0 0.018028846153846152 0.8028846153846154 0.036057692307692304 0.056490384615384616
0 0.21153846153846154 0.8341346153846154 0.07211538461538461 0.042067307692307696
0 0.8665865384615384 0.5360576923076923 0.0733173076923077 0.03365384615384615
0 0.06971153846153846 0.1310096153846154 0.09615384615384616 0.04927884615384615
0 0.32091346153846156 0.9014423076923077 0.04927884615384615 0.06129807692307692
0 0.4795673076923077 0.15144230769230768 0.07211538461538461 0.04567307692307692
0 0.9110576923076923 0.8149038461538461 0.037259615384615384 0.057692307692307696
0 0.1935096153846154 0.6177884615384616 0.04807692307692308 0.06009615384615385
0 0.44591346153846156 0.20552884615384615 0.0733173076923077 0.09134615384615384
0 0.21394230769230768 0.026442307692307692 0.051682692307692304 0.051682692307692304
0 0.41225961538461536 0.8918269230769231 0.055288461538461536 0.08052884615384616
0 0.5132211538461539 0.11057692307692307 0.06610576923076923 0.04567307692307692
0 0.6947115384615384 0.47836538461538464 0.06009615384615385 0.052884615384615384
0 0.9819711538461539 0.7788461538461539 0.03365384615384615 0.03125
0 0.27163461538461536 0.5132211538461539 0.0733173076923077 0.08774038461538461
0 0.12379807692307693 0.9735576923076923 0.12259615384615384 0.05048076923076923
0 0.26322115384615385 0.5576923076923077 0.0625 0.026442307692307692
0 0.5132211538461539 0.890625 0.07211538461538461 0.10216346153846154
0 0.7560096153846154 0.96875 0.046875 0.038461538461538464
0 0.5072115384615384 0.296875 0.052884615384615384 0.07451923076923077
0 0.9507211538461539 0.9038461538461539 0.09134615384615384 0.046875
0 0.9651442307692307 0.057692307692307696 0.054086538461538464 0.036057692307692304
0 0.109375 0.45072115384615385 0.0889423076923077 0.05048076923076923
0 0.21514423076923078 0.9278846153846154 0.052884615384615384 0.057692307692307696
0 0.0625 0.53125 0.08774038461538461 0.057692307692307696
0 0.9483173076923077 0.8052884615384616 0.040865384615384616 0.05048076923076923
0 0.9831730769230769 0.6105769230769231 0.03125 0.0733173076923077
0 0.78125 0.6598557692307693 0.057692307692307696 0.06971153846153846
0 0.9314903846153846 0.11057692307692307 0.12259615384615384 0.07091346153846154
0 0.90625 0.625 0.05048076923076923 0.04447115384615385
0 0.13822115384615385 0.24639423076923078 0.046875 0.06490384615384616
0 0.18509615384615385 0.08173076923076923 0.09975961538461539 0.06610576923076923
0 0.3641826923076923 0.8798076923076923 0.054086538461538464 0.06009615384615385
0 0.43028846153846156 0.44471153846153844 0.0625 0.11177884615384616
0 0.7451923076923077 0.42788461538461536 0.06009615384615385 0.06610576923076923
0 0.47115384615384615 0.5673076923076923 0.046875 0.04447115384615385
0 0.8846153846153846 0.3293269230769231 0.057692307692307696 0.06490384615384616
0 0.6141826923076923 0.7115384615384616 0.042067307692307696 0.03365384615384615
0 0.06370192307692307 0.28966346153846156 0.056490384615384616 0.037259615384615384
0 0.4170673076923077 0.6225961538461539 0.055288461538461536 0.05048076923076923
0 0.5805288461538461 0.8930288461538461 0.039663461538461536 0.06850961538461539
0 0.9543269230769231 0.19591346153846154 0.09014423076923077 0.07572115384615384
0 0.6887019230769231 0.04326923076923077 0.07451923076923077 0.04927884615384615
0 0.15865384615384615 0.8641826923076923 0.13221153846153846 0.055288461538461536
0 0.8112980769230769 0.13221153846153846 0.10096153846153846 0.10576923076923077
0 0.9675480769230769 0.24519230769230768 0.05048076923076923 0.1141826923076923
0 0.5997596153846154 0.7920673076923077 0.05048076923076923 0.06129807692307692
0 0.4483173076923077 0.014423076923076924 0.10697115384615384 0.028846153846153848
0 0.44591346153846156 0.03485576923076923 0.06370192307692307 0.06610576923076923
0 0.07451923076923077 0.671875 0.08774038461538461 0.04447115384615385
0 0.38822115384615385 0.25961538461538464 0.036057692307692304 0.05889423076923077
0 0.6286057692307693 0.13822115384615385 0.09495192307692307 0.09254807692307693
0 0.037259615384615384 0.30649038461538464 0.04567307692307692 0.06009615384615385
0 0.7055288461538461 0.6478365384615384 0.10336538461538461 0.057692307692307696
0 0.7572115384615384 0.5973557692307693 0.08653846153846154 0.051682692307692304
0 0.7848557692307693 0.4723557692307692 0.055288461538461536 0.10096153846153846
0 0.9627403846153846 0.9747596153846154 0.06850961538461539 0.046875
0 0.6706730769230769 0.5552884615384616 0.03365384615384615 0.05889423076923077
0 0.9591346153846154 0.6514423076923077 0.04807692307692308 0.0733173076923077
0 0.07572115384615384 0.7956730769230769 0.07451923076923077 0.06370192307692307
0 0.3545673076923077 0.9338942307692307 0.07572115384615384 0.046875
0 0.6466346153846154 0.8725961538461539 0.042067307692307696 0.054086538461538464
0 0.03245192307692308 0.6213942307692307 0.06490384615384616 0.04567307692307692
0 0.6310096153846154 0.39302884615384615 0.17067307692307693 0.12259615384615384
0 0.21754807692307693 0.9819711538461539 0.057692307692307696 0.03365384615384615
0 0.7103365384615384 0.8245192307692307 0.06009615384615385 0.06370192307692307
0 0.8365384615384616 0.22355769230769232 0.05889423076923077 0.04567307692307692
0 0.9579326923076923 0.5649038461538461 0.028846153846153848 0.0625
0 0.609375 0.3473557692307692 0.0625 0.039663461538461536
0 0.24278846153846154 0.5096153846153846 0.07572115384615384 0.08052884615384616