0 0.9831730769230769 0.7932692307692307 0.03245192307692308 0.036057692307692304
0 0.7800480769230769 0.328125 0.036057692307692304 0.06490384615384616
0 0.3701923076923077 0.6177884615384616 0.057692307692307696 0.04326923076923077
0 0.5384615384615384 0.7271634615384616 0.11778846153846154 0.10817307692307693
0 0.4362980769230769 0.11658653846153846 0.037259615384615384 0.054086538461538464
0 0.4170673076923077 0.9146634615384616 0.04807692307692308 0.03485576923076923
0 0.8533653846153846 0.09735576923076923 0.057692307692307696 0.08533653846153846
0 0.8004807692307693 0.21634615384615385 0.08653846153846154 0.052884615384615384
0 0.05889423076923077 0.21153846153846154 0.03365384615384615 0.03245192307692308
0 0.8713942307692307 0.4651442307692308 0.08173076923076923 0.051682692307692304
0 0.5 0.020432692307692308 0.05048076923076923 0.039663461538461536
0 0.8834134615384616 0.140625 0.08052884615384616 0.055288461538461536
0 0.5949519230769231 0.5637019230769231 0.08052884615384616 0.046875
0 0.49278846153846156 0.6586538461538461 0.08052884615384616 0.06370192307692307
0 0.6971153846153846 0.9807692307692307 0.06850961538461539 0.03125
0 0.7944711538461539 0.59375 0.07572115384615384 0.05048076923076923
0 0.1778846153846154 0.8954326923076923 0.09975961538461539 0.03365384615384615
0 0.265625 0.051682692307692304 0.052884615384615384 0.04567307692307692
0 0.17067307692307693 0.5817307692307693 0.04447115384615385 0.036057692307692304
0 0.96875 0.7043269230769231 0.06009615384615385 0.040865384615384616
0 0.6622596153846154 0.49399038461538464 0.054086538461538464 0.055288461538461536
0 0.4074519230769231 0.43149038461538464 0.04927884615384615 0.04447115384615385
0 0.6778846153846154 0.1346153846153846 0.13822115384615385 0.07091346153846154
0 0.578125 0.054086538461538464 0.04447115384615385 0.06490384615384616
0 0.04927884615384615 0.0673076923076923 0.05048076923076923 0.042067307692307696
0 0.4338942307692308 0.4735576923076923 0.0625 0.036057692307692304
0 0.7487980769230769 0.6177884615384616 0.038461538461538464 0.021634615384615384
0 0.36538461538461536 0.4543269230769231 0.03365384615384615 0.03125
0 0.056490384615384616 0.7764423076923077 0.040865384615384616 0.038461538461538464
0 0.4098557692307692 0.9807692307692307 0.06971153846153846 0.037259615384615384
0 0.234375 0.9579326923076923 0.06009615384615385 0.06971153846153846
0 0.2536057692307692 0.6670673076923077 0.046875 0.04447115384615385
0 0.1971153846153846 0.21875 0.04447115384615385 0.03365384615384615
0 0.484375 0.5360576923076923 0.11778846153846154 0.05889423076923077
0 0.0985576923076923 0.8112980769230769 0.056490384615384616 0.028846153846153848
0 0.7451923076923077 0.7908653846153846 0.09495192307692307 0.039663461538461536
0 0.4675480769230769 0.6033653846153846 0.08052884615384616 0.055288461538461536
0 0.4651442307692308 0.15504807692307693 0.0673076923076923 0.037259615384615384
0 0.9783653846153846 0.7403846153846154 0.028846153846153848 0.02283653846153846
0 0.8930288461538461 0.5216346153846154 0.04567307692307692 0.039663461538461536
0 0.1141826923076923 0.25721153846153844 0.051682692307692304 0.028846153846153848
0 0.5721153846153846 0.8040865384615384 0.06009615384615385 0.11298076923076923
0 0.390625 0.7524038461538461 0.056490384615384616 0.06971153846153846
0 0.5420673076923077 0.8894230769230769 0.14182692307692307 0.04326923076923077
0 0.10216346153846154 0.7548076923076923 0.06490384615384616 0.06129807692307692
0 0.7487980769230769 0.02283653846153846 0.0985576923076923 0.04567307692307692
0 0.38461538461538464 0.2776442307692308 0.03125 0.03125
0 0.3954326923076923 0.16105769230769232 0.055288461538461536 0.06009615384615385
0 0.020432692307692308 0.16105769230769232 0.040865384615384616 0.04447115384615385
0 0.6394230769230769 0.27163461538461536 0.10697115384615384 0.06850961538461539
0 0.9326923076923077 0.5829326923076923 0.036057692307692304 0.030048076923076924
0 0.9435096153846154 0.6538461538461539 0.036057692307692304 0.03245192307692308
0 0.265625 0.34134615384615385 0.057692307692307696 0.038461538461538464
0 0.49158653846153844 0.33052884615384615 0.055288461538461536 0.04326923076923077
0 0.8377403846153846 0.7271634615384616 0.07211538461538461 0.051682692307692304
0 0.8076923076923077 0.8569711538461539 0.03365384615384615 0.025240384615384616
0 0.43028846153846156 0.26802884615384615 0.028846153846153848 0.026442307692307692
0 0.6983173076923077 0.9014423076923077 0.0985576923076923 0.03365384615384615
0 0.29447115384615385 0.28125 0.054086538461538464 0.028846153846153848
0 0.13942307692307693 0.6394230769230769 0.0625 0.039663461538461536
0 0.31009615384615385 0.8100961538461539 0.06129807692307692 0.04927884615384615
0 0.6694711538461539 0.3161057692307692 0.06850961538461539 0.042067307692307696
0 0.15264423076923078 0.3870192307692308 0.09975961538461539 0.07572115384615384
0 0.15745192307692307 0.31971153846153844 0.057692307692307696 0.04447115384615385
0 0.9795673076923077 0.3701923076923077 0.038461538461538464 0.037259615384615384
0 0.6706730769230769 0.5865384615384616 0.038461538461538464 0.030048076923076924
0 0.9278846153846154 0.9867788461538461 0.055288461538461536 0.02403846153846154
0 0.3449519230769231 0.18269230769230768 0.08413461538461539 0.06370192307692307
0 0.859375 0.875 0.04447115384615385 0.03485576923076923
0 0.30408653846153844 0.5264423076923077 0.05889423076923077 0.04447115384615385
0 0.5204326923076923 0.06490384615384616 0.04927884615384615 0.057692307692307696
0 0.6502403846153846 0.9411057692307693 0.054086538461538464 0.03245192307692308
0 0.040865384615384616 0.9663461538461539 0.08052884615384616 0.06610576923076923
0 0.5528846153846154 0.515625 0.04807692307692308 0.028846153846153848
0 0.2403846153846154 0.578125 0.04447115384615385 0.04807692307692308
0 0.34615384615384615 0.9098557692307693 0.04447115384615385 0.06009615384615385
0 0.46274038461538464 0.7680288461538461 0.038461538461538464 0.03485576923076923
0 0.5901442307692307 0.6069711538461539 0.0625 0.03245192307692308
0 0.8882211538461539 0.5697115384615384 0.06009615384615385 0.055288461538461536
0 0.8305288461538461 0.05889423076923077 0.055288461538461536 0.0829326923076923
0 0.7427884615384616 0.0985576923076923 0.028846153846153848 0.03485576923076923
0 0.015625 0.36538461538461536 0.03125 0.027644230769230768
0 0.25841346153846156 0.47115384615384615 0.13822115384615385 0.042067307692307696
0 0.7884615384615384 0.9627403846153846 0.06490384615384616 0.07091346153846154
0 0.7235576923076923 0.22956730769230768 0.0985576923076923 0.0733173076923077
0 0.2283653846153846 0.27524038461538464 0.11177884615384616 0.052884615384615384
0 0.1875 0.7992788461538461 0.07692307692307693 0.06610576923076923
0 0.17668269230769232 0.9771634615384616 0.04447115384615385 0.04447115384615385
0 0.3629807692307692 0.21033653846153846 0.052884615384615384 0.038461538461538464
0 0.31490384615384615 0.5649038461538461 0.046875 0.046875
0 0.7740384615384616 0.6658653846153846 0.039663461538461536 0.03365384615384615
0 0.8377403846153846 0.65625 0.06129807692307692 0.03125
0 0.042067307692307696 0.5805288461538461 0.08413461538461539 0.03365384615384615
0 0.15745192307692307 0.6899038461538461 0.078125 0.040865384615384616
0 0.9783653846153846 0.33413461538461536 0.039663461538461536 0.03245192307692308
0 0.19230769230769232 0.06490384615384616 0.04447115384615385 0.04447115384615385