0 0.12740384615384615 0.11658653846153846 0.16466346153846154 0.23197115384615385
0 0.9170673076923077 0.9254807692307693 0.16346153846153846 0.10096153846153846
0 0.03125 0.20192307692307693 0.0625 0.06971153846153846
0 0.9399038461538461 0.11658653846153846 0.11778846153846154 0.09735576923076923
0 0.7524038461538461 0.8052884615384616 0.23197115384615385 0.21634615384615385
0 0.9591346153846154 0.5985576923076923 0.07932692307692307 0.08774038461538461
0 0.39783653846153844 0.390625 0.15144230769230768 0.26802884615384615
0 0.41466346153846156 0.41225961538461536 0.17067307692307693 0.10576923076923077
0 0.9182692307692307 0.9771634615384616 0.1622596153846154 0.040865384615384616
0 0.8209134615384616 0.3701923076923077 0.11177884615384616 0.21995192307692307
0 0.09014423076923077 0.2920673076923077 0.09014423076923077 0.18509615384615385
0 0.2247596153846154 0.17067307692307693 0.140625 0.08173076923076923
0 0.125 0.21394230769230768 0.19471153846153846 0.22716346153846154
0 0.8701923076923077 0.08173076923076923 0.1201923076923077 0.09014423076923077
0 0.13822115384615385 0.6875 0.12259615384615384 0.18990384615384615
0 0.5757211538461539 0.7331730769230769 0.19230769230769232 0.1875
0 0.41466346153846156 0.6274038461538461 0.17067307692307693 0.07211538461538461
0 0.27163461538461536 0.27524038461538464 0.09134615384615384 0.12980769230769232
0 0.4423076923076923 0.08173076923076923 0.08774038461538461 0.14302884615384615
0 0.38221153846153844 0.8100961538461539 0.41947115384615385 0.25961538461538464
0 0.33533653846153844 0.9651442307692307 0.15985576923076922 0.06850961538461539
0 0.4375 0.7788461538461539 0.3293269230769231 0.1622596153846154
0 0.84375 0.6514423076923077 0.3016826923076923 0.4795673076923077