0 0.6706730769230769 0.5504807692307693 0.07211538461538461 0.08052884615384616
0 0.9867788461538461 0.30408653846153844 0.02403846153846154 0.07572115384615384
0 0.4170673076923077 0.039663461538461536 0.08653846153846154 0.078125
0 0.5588942307692307 0.09615384615384616 0.10576923076923077 0.08052884615384616
0 0.6682692307692307 0.65625 0.08413461538461539 0.09014423076923077
0 0.8389423076923077 0.22235576923076922 0.07091346153846154 0.04567307692307692
0 0.5372596153846154 0.2800480769230769 0.140625 0.0889423076923077
0 0.9831730769230769 0.5420673076923077 0.03245192307692308 0.08653846153846154
0 0.10817307692307693 0.08653846153846154 0.1466346153846154 0.0625
0 0.040865384615384616 0.3125 0.08173076923076923 0.09615384615384616
0 0.8846153846153846 0.7836538461538461 0.08653846153846154 0.08653846153846154
0 0.5084134615384616 0.6310096153846154 0.0829326923076923 0.09254807692307693
0 0.8677884615384616 0.9399038461538461 0.11658653846153846 0.08052884615384616
0 0.04927884615384615 0.9831730769230769 0.09735576923076923 0.03245192307692308
0 0.5120192307692307 0.4026442307692308 0.08653846153846154 0.055288461538461536
0 0.6009615384615384 0.8629807692307693 0.07932692307692307 0.07091346153846154
0 0.9519230769230769 0.7451923076923077 0.07451923076923077 0.11057692307692307
0 0.6117788461538461 0.5132211538461539 0.056490384615384616 0.06610576923076923
0 0.6814903846153846 0.7355769230769231 0.16346153846153846 0.07211538461538461
0 0.7295673076923077 0.3545673076923077 0.0673076923076923 0.07932692307692307
0 0.328125 0.18629807692307693 0.09495192307692307 0.06129807692307692
0 0.2127403846153846 0.33653846153846156 0.09735576923076923 0.09615384615384616
0 0.04447115384615385 0.6322115384615384 0.0889423076923077 0.08653846153846154
0 0.22716346153846154 0.8377403846153846 0.06971153846153846 0.10216346153846154
0 0.7427884615384616 0.4411057692307692 0.07211538461538461 0.08533653846153846
0 0.40625 0.8762019230769231 0.10697115384615384 0.11057692307692307
0 0.046875 0.8040865384615384 0.09375 0.08052884615384616
0 0.21033653846153846 0.43028846153846156 0.11177884615384616 0.07211538461538461
0 0.3293269230769231 0.7584134615384616 0.05048076923076923 0.04447115384615385
0 0.9651442307692307 0.41947115384615385 0.0673076923076923 0.08774038461538461
0 0.8088942307692307 0.06009615384615385 0.08052884615384616 0.056490384615384616