0 0.5384615384615384 0.23918269230769232 0.06490384615384616 0.09495192307692307
0 0.6850961538461539 0.2512019230769231 0.13822115384615385 0.2247596153846154
0 0.7079326923076923 0.37259615384615385 0.15985576923076922 0.08413461538461539
0 0.03485576923076923 0.020432692307692308 0.06971153846153846 0.040865384615384616
0 0.014423076923076924 0.039663461538461536 0.028846153846153848 0.055288461538461536
0 0.3641826923076923 0.046875 0.030048076923076924 0.021634615384615384
0 0.9771634615384616 0.2512019230769231 0.04447115384615385 0.06009615384615385
0 0.8581730769230769 0.47115384615384615 0.037259615384615384 0.014423076923076924
0 0.9759615384615384 0.4735576923076923 0.046875 0.04567307692307692
0 0.8665865384615384 0.6730769230769231 0.08173076923076923 0.0733173076923077
0 0.921875 0.9735576923076923 0.04927884615384615 0.051682692307692304
0 0.5697115384615384 0.8521634615384616 0.13221153846153846 0.13822115384615385
0 0.3161057692307692 0.8353365384615384 0.0625 0.12259615384615384
0 0.17908653846153846 0.8233173076923077 0.036057692307692304 0.054086538461538464
0 0.21634615384615385 0.8221153846153846 0.04326923076923077 0.07091346153846154
0 0.24879807692307693 0.8701923076923077 0.04447115384615385 0.06490384615384616
0 0.28125 0.9615384615384616 0.06129807692307692 0.07572115384615384
0 0.020432692307692308 0.890625 0.039663461538461536 0.05048076923076923
0 0.07932692307692307 0.9110576923076923 0.0625 0.07692307692307693
0 0.1778846153846154 0.9903846153846154 0.026442307692307692 0.016826923076923076
0 0.08413461538461539 0.75 0.15985576923076922 0.1622596153846154
0 0.3557692307692308 0.6622596153846154 0.06009615384615385 0.08052884615384616
0 0.2548076923076923 0.5288461538461539 0.038461538461538464 0.06490384615384616
0 0.1466346153846154 0.45913461538461536 0.04447115384615385 0.056490384615384616
0 0.17427884615384615 0.4098557692307692 0.06850961538461539 0.08173076923076923
0 0.21153846153846154 0.27403846153846156 0.07572115384615384 0.06490384615384616
0 0.359375 0.16706730769230768 0.07572115384615384 0.07091346153846154
0 0.45913461538461536 0.35096153846153844 0.07692307692307693 0.056490384615384616
0 0.3713942307692308 0.41586538461538464 0.04927884615384615 0.055288461538461536
0 0.5072115384615384 0.6622596153846154 0.054086538461538464 0.06129807692307692
0 0.5673076923076923 0.5997596153846154 0.09615384615384616 0.06971153846153846
0 0.2127403846153846 0.7055288461538461 0.04567307692307692 0.09014423076923077