0 0.5625 0.39302884615384615 0.06850961538461539 0.09134615384615384
0 0.8978365384615384 0.2704326923076923 0.04927884615384615 0.1045673076923077
0 0.5925480769230769 0.09375 0.10096153846153846 0.09014423076923077
0 0.0889423076923077 0.27163461538461536 0.04447115384615385 0.05889423076923077
0 0.8449519230769231 0.11298076923076923 0.04927884615384615 0.06971153846153846
0 0.96875 0.20552884615384615 0.06129807692307692 0.07572115384615384
0 0.8713942307692307 0.4387019230769231 0.0625 0.057692307692307696
0 0.057692307692307696 0.5961538461538461 0.036057692307692304 0.06370192307692307
0 0.5384615384615384 0.5673076923076923 0.09975961538461539 0.07572115384615384
0 0.9495192307692307 0.29927884615384615 0.0625 0.08653846153846154
0 0.33052884615384615 0.359375 0.08774038461538461 0.15745192307692307
0 0.06971153846153846 0.16706730769230768 0.055288461538461536 0.054086538461538464
0 0.4699519230769231 0.9375 0.07932692307692307 0.07692307692307693
0 0.9783653846153846 0.5985576923076923 0.040865384615384616 0.10336538461538461
0 0.9158653846153846 0.5841346153846154 0.06490384615384616 0.09134615384615384
0 0.4362980769230769 0.33653846153846156 0.056490384615384616 0.055288461538461536
0 0.7668269230769231 0.9711538461538461 0.07692307692307693 0.056490384615384616
0 0.7475961538461539 0.13701923076923078 0.11177884615384616 0.0625
0 0.1658653846153846 0.46875 0.11177884615384616 0.08653846153846154
0 0.8269230769230769 0.5625 0.08413461538461539 0.109375
0 0.4170673076923077 0.19591346153846154 0.055288461538461536 0.07572115384615384
0 0.10216346153846154 0.15625 0.0673076923076923 0.06971153846153846
0 0.9387019230769231 0.056490384615384616 0.06610576923076923 0.11177884615384616
0 0.10697115384615384 0.5420673076923077 0.10697115384615384 0.055288461538461536
0 0.6081730769230769 0.7704326923076923 0.09975961538461539 0.07211538461538461
0 0.9603365384615384 0.9699519230769231 0.07091346153846154 0.05889423076923077
0 0.9350961538461539 0.4230769230769231 0.06490384615384616 0.07572115384615384
0 0.8269230769230769 0.28365384615384615 0.05889423076923077 0.06610576923076923
0 0.6850961538461539 0.8822115384615384 0.10576923076923077 0.078125
0 0.25600961538461536 0.9879807692307693 0.07091346153846154 0.021634615384615384
0 0.33533653846153844 0.8713942307692307 0.06129807692307692 0.0625
0 0.0733173076923077 0.8990384615384616 0.04927884615384615 0.052884615384615384
0 0.7764423076923077 0.671875 0.10817307692307693 0.07211538461538461
0 0.4326923076923077 0.4951923076923077 0.08533653846153846 0.07932692307692307
0 0.4375 0.8485576923076923 0.0733173076923077 0.06971153846153846
0 0.36177884615384615 0.07932692307692307 0.06370192307692307 0.051682692307692304
0 0.17427884615384615 0.3016826923076923 0.07451923076923077 0.06490384615384616
0 0.6490384615384616 0.31971153846153844 0.09254807692307693 0.08052884615384616
0 0.7584134615384616 0.8112980769230769 0.0625 0.06971153846153846
0 0.9699519230769231 0.6947115384615384 0.057692307692307696 0.0829326923076923
0 0.2764423076923077 0.1622596153846154 0.07211538461538461 0.057692307692307696
0 0.13581730769230768 0.6274038461538461 0.07091346153846154 0.09735576923076923