0 0.9038461538461539 0.04927884615384615 0.08052884615384616 0.0985576923076923
0 0.9278846153846154 0.21754807692307693 0.08052884615384616 0.04326923076923077
0 0.8485576923076923 0.11057692307692307 0.06490384615384616 0.038461538461538464
0 0.7211538461538461 0.078125 0.07211538461538461 0.04927884615384615
0 0.5504807692307693 0.06490384615384616 0.06971153846153846 0.039663461538461536
0 0.5444711538461539 0.11177884615384616 0.055288461538461536 0.038461538461538464
0 0.6069711538461539 0.17908653846153846 0.04927884615384615 0.06610576923076923
0 0.5432692307692307 0.25600961538461536 0.040865384615384616 0.06009615384615385
0 0.484375 0.24158653846153846 0.056490384615384616 0.05048076923076923
0 0.46153846153846156 0.01201923076923077 0.03485576923076923 0.02403846153846154
0 0.38822115384615385 0.025240384615384616 0.06971153846153846 0.04927884615384615
0 0.25721153846153844 0.15985576923076922 0.04447115384615385 0.04927884615384615
0 0.21875 0.010817307692307692 0.046875 0.020432692307692308
0 0.03485576923076923 0.03365384615384615 0.06971153846153846 0.0673076923076923
0 0.02283653846153846 0.2764423076923077 0.04567307692307692 0.08173076923076923
0 0.02403846153846154 0.14783653846153846 0.046875 0.05048076923076923
0 0.0625 0.31971153846153844 0.027644230769230768 0.040865384615384616
0 0.23798076923076922 0.34134615384615385 0.038461538461538464 0.03365384615384615
0 0.30408653846153844 0.24278846153846154 0.08774038461538461 0.06129807692307692
0 0.4182692307692308 0.21754807692307693 0.05048076923076923 0.055288461538461536
0 0.08653846153846154 0.38221153846153844 0.03365384615384615 0.025240384615384616
0 0.2860576923076923 0.41947115384615385 0.07572115384615384 0.037259615384615384
0 0.06490384615384616 0.5625 0.0673076923076923 0.05048076923076923
0 0.38822115384615385 0.40024038461538464 0.11899038461538461 0.10697115384615384
0 0.45552884615384615 0.3954326923076923 0.040865384615384616 0.078125
0 0.6947115384615384 0.5012019230769231 0.06129807692307692 0.07932692307692307
0 0.6899038461538461 0.4579326923076923 0.04927884615384615 0.05889423076923077
0 0.9038461538461539 0.4266826923076923 0.06971153846153846 0.06971153846153846
0 0.9242788461538461 0.6117788461538461 0.05048076923076923 0.04447115384615385
0 0.9086538461538461 0.7355769230769231 0.06971153846153846 0.04927884615384615
0 0.9927884615384616 0.7259615384615384 0.013221153846153846 0.038461538461538464
0 0.7091346153846154 0.6959134615384616 0.06490384615384616 0.06850961538461539
0 0.6694711538461539 0.8485576923076923 0.04447115384615385 0.04447115384615385
0 0.7560096153846154 0.8545673076923077 0.040865384615384616 0.028846153846153848
0 0.8269230769230769 0.9651442307692307 0.06009615384615385 0.06610576923076923
0 0.3629807692307692 0.6418269230769231 0.02403846153846154 0.037259615384615384
0 0.47836538461538464 0.7956730769230769 0.11658653846153846 0.06850961538461539
0 0.4951923076923077 0.8822115384615384 0.037259615384615384 0.046875
0 0.36177884615384615 0.8365384615384616 0.02403846153846154 0.03125
0 0.28966346153846156 0.8004807692307693 0.06490384615384616 0.109375
0 0.203125 0.7115384615384616 0.08052884615384616 0.06009615384615385
0 0.18269230769230768 0.6454326923076923 0.03365384615384615 0.09615384615384616
0 0.16706730769230768 0.7764423076923077 0.07211538461538461 0.09134615384615384
0 0.04447115384615385 0.8040865384615384 0.04326923076923077 0.07211538461538461
0 0.039663461538461536 0.8930288461538461 0.056490384615384616 0.052884615384615384
0 0.10216346153846154 0.9879807692307693 0.06009615384615385 0.02283653846153846
0 0.36177884615384615 0.9747596153846154 0.09375 0.04807692307692308
0 0.25 0.9278846153846154 0.038461538461538464 0.05048076923076923
0 0.7223557692307693 0.9879807692307693 0.07932692307692307 0.02283653846153846
0 0.7475961538461539 0.33774038461538464 0.03485576923076923 0.03125
0 0.46033653846153844 0.9771634615384616 0.04807692307692308 0.04326923076923077
0 0.9939903846153846 0.9290865384615384 0.010817307692307692 0.042067307692307696
0 0.7788461538461539 0.14302884615384615 0.03125 0.020432692307692308
0 0.8197115384615384 0.31971153846153844 0.01201923076923077 0.028846153846153848
0 0.9951923076923077 0.7524038461538461 0.007211538461538462 0.015625
0 0.4519230769230769 0.42427884615384615 0.025240384615384616 0.02283653846153846