0 0.09735576923076923 0.9350961538461539 0.09254807692307693 0.08774038461538461
0 0.9555288461538461 0.22355769230769232 0.08774038461538461 0.10096153846153846
0 0.6454326923076923 0.4519230769230769 0.0889423076923077 0.042067307692307696
0 0.6430288461538461 0.3798076923076923 0.07451923076923077 0.11658653846153846
0 0.7908653846153846 0.9711538461538461 0.078125 0.055288461538461536
0 0.8149038461538461 0.026442307692307692 0.13581730769230768 0.051682692307692304
0 0.7427884615384616 0.31490384615384615 0.08653846153846154 0.08653846153846154
0 0.10096153846153846 0.22235576923076922 0.08052884615384616 0.08052884615384616
0 0.10697115384615384 0.4326923076923077 0.051682692307692304 0.07091346153846154
0 0.20072115384615385 0.7115384615384616 0.15384615384615385 0.07932692307692307
0 0.5336538461538461 0.8545673076923077 0.08653846153846154 0.10096153846153846
0 0.20673076923076922 0.4567307692307692 0.11538461538461539 0.09014423076923077
0 0.16466346153846154 0.9459134615384616 0.06971153846153846 0.10576923076923077
0 0.47716346153846156 0.037259615384615384 0.10336538461538461 0.07451923076923077
0 0.8149038461538461 0.42427884615384615 0.16826923076923078 0.11899038461538461
0 0.7608173076923077 0.6646634615384616 0.08774038461538461 0.05048076923076923
0 0.01201923076923077 0.10697115384615384 0.02403846153846154 0.028846153846153848
0 0.4098557692307692 0.5697115384615384 0.08052884615384616 0.08653846153846154
0 0.9507211538461539 0.8617788461538461 0.09615384615384616 0.06009615384615385
0 0.10336538461538461 0.6802884615384616 0.038461538461538464 0.038461538461538464
0 0.5492788461538461 0.9375 0.10096153846153846 0.06610576923076923
0 0.14302884615384615 0.9158653846153846 0.054086538461538464 0.07451923076923077
0 0.28125 0.6382211538461539 0.1310096153846154 0.09615384615384616
0 0.7632211538461539 0.2692307692307692 0.055288461538461536 0.052884615384615384
0 0.8233173076923077 0.7223557692307693 0.057692307692307696 0.052884615384615384
0 0.046875 0.47115384615384615 0.06370192307692307 0.109375
0 0.7391826923076923 0.5925480769230769 0.07692307692307693 0.07091346153846154
0 0.34134615384615385 0.4795673076923077 0.08052884615384616 0.05889423076923077
0 0.5108173076923077 0.7439903846153846 0.06370192307692307 0.09735576923076923
0 0.17427884615384615 0.3293269230769231 0.08774038461538461 0.12740384615384615
0 0.9423076923076923 0.5072115384615384 0.08653846153846154 0.1141826923076923
0 0.6586538461538461 0.7668269230769231 0.11298076923076923 0.12379807692307693
0 0.5625 0.2608173076923077 0.07572115384615384 0.06009615384615385
0 0.9579326923076923 0.09975961538461539 0.0829326923076923 0.06971153846153846
0 0.27524038461538464 0.4639423076923077 0.06370192307692307 0.0829326923076923
0 0.9735576923076923 0.9038461538461539 0.051682692307692304 0.04447115384615385
0 0.9302884615384616 0.23798076923076922 0.10096153846153846 0.07451923076923077
0 0.0625 0.025240384615384616 0.0889423076923077 0.04927884615384615
0 0.37740384615384615 0.9663461538461539 0.1201923076923077 0.06610576923076923
0 0.7992788461538461 0.08052884615384616 0.16826923076923078 0.06971153846153846
0 0.8725961538461539 0.6153846153846154 0.11177884615384616 0.08653846153846154
0 0.45913461538461536 0.5985576923076923 0.06971153846153846 0.06490384615384616
0 0.04807692307692308 0.7211538461538461 0.09615384615384616 0.07692307692307693
0 0.25841346153846156 0.35336538461538464 0.06850961538461539 0.0829326923076923
0 0.9675480769230769 0.17427884615384615 0.0625 0.08052884615384616