0 0.4182692307692308 0.8413461538461539 0.07572115384615384 0.11538461538461539
0 0.07211538461538461 0.02403846153846154 0.08774038461538461 0.04447115384615385
0 0.3641826923076923 0.265625 0.19110576923076922 0.1045673076923077
0 0.6286057692307693 0.5360576923076923 0.1141826923076923 0.0985576923076923
0 0.47716346153846156 0.41225961538461536 0.12860576923076922 0.08653846153846154
0 0.25600961538461536 0.1935096153846154 0.12980769230769232 0.140625
0 0.21153846153846154 0.1045673076923077 0.08653846153846154 0.20793269230769232
0 0.6201923076923077 0.9230769230769231 0.0889423076923077 0.09975961538461539
0 0.9483173076923077 0.5949519230769231 0.10096153846153846 0.10216346153846154
0 0.23798076923076922 0.28846153846153844 0.07572115384615384 0.08653846153846154
0 0.7572115384615384 0.8173076923076923 0.14783653846153846 0.0733173076923077
0 0.26802884615384615 0.36177884615384615 0.14423076923076922 0.08774038461538461
0 0.8173076923076923 0.9266826923076923 0.11658653846153846 0.13581730769230768
0 0.5757211538461539 0.6911057692307693 0.07572115384615384 0.11057692307692307
0 0.7584134615384616 0.27403846153846156 0.1502403846153846 0.0889423076923077
0 0.5120192307692307 0.21995192307692307 0.11778846153846154 0.09495192307692307
0 0.1310096153846154 0.47115384615384615 0.0829326923076923 0.10697115384615384
0 0.37740384615384615 0.9639423076923077 0.09495192307692307 0.06971153846153846
0 0.29447115384615385 0.9326923076923077 0.12139423076923077 0.13221153846153846
0 0.6021634615384616 0.47115384615384615 0.15144230769230768 0.25240384615384615
0 0.3798076923076923 0.03365384615384615 0.08533653846153846 0.06490384615384616