0 0.9447115384615384 0.7860576923076923 0.04326923076923077 0.08173076923076923
0 0.9735576923076923 0.7716346153846154 0.025240384615384616 0.056490384615384616
0 0.8365384615384616 0.7403846153846154 0.06009615384615385 0.12860576923076922
0 0.7884615384615384 0.8185096153846154 0.027644230769230768 0.12740384615384615
0 0.828125 0.8725961538461539 0.020432692307692308 0.11538461538461539
0 0.921875 0.8581730769230769 0.04567307692307692 0.09375
0 0.6538461538461539 0.8064903846153846 0.03365384615384615 0.06009615384615385
0 0.6538461538461539 0.7223557692307693 0.042067307692307696 0.06370192307692307
0 0.5853365384615384 0.6971153846153846 0.04326923076923077 0.03365384615384615
0 0.5961538461538461 0.671875 0.028846153846153848 0.02283653846153846
0 0.703125 0.734375 0.040865384615384616 0.09254807692307693
0 0.7451923076923077 0.734375 0.040865384615384616 0.09375
0 0.6694711538461539 0.6478365384615384 0.03365384615384615 0.021634615384615384
0 0.7872596153846154 0.7235576923076923 0.06370192307692307 0.07572115384615384
0 0.30649038461538464 0.90625 0.030048076923076924 0.14783653846153846
0 0.18870192307692307 0.9098557692307693 0.03125 0.1141826923076923
0 0.14423076923076922 0.9134615384615384 0.020432692307692308 0.11298076923076923
0 0.27283653846153844 0.7608173076923077 0.06009615384615385 0.12379807692307693
0 0.9603365384615384 0.5060096153846154 0.038461538461538464 0.018028846153846152
0 0.8641826923076923 0.4495192307692308 0.030048076923076924 0.025240384615384616
0 0.859375 0.6201923076923077 0.08052884615384616 0.0829326923076923
0 0.5456730769230769 0.5889423076923077 0.025240384615384616 0.09495192307692307
0 0.46634615384615385 0.5396634615384616 0.08413461538461539 0.054086538461538464
0 0.4230769230769231 0.44471153846153844 0.03125 0.09014423076923077
0 0.44591346153846156 0.38341346153846156 0.04927884615384615 0.054086538461538464
0 0.3485576923076923 0.3701923076923077 0.03365384615384615 0.055288461538461536
0 0.35336538461538464 0.53125 0.030048076923076924 0.04807692307692308
0 0.38100961538461536 0.5709134615384616 0.08052884615384616 0.02403846153846154
0 0.28125 0.5841346153846154 0.042067307692307696 0.06610576923076923
0 0.21514423076923078 0.5036057692307693 0.05889423076923077 0.12980769230769232
0 0.23197115384615385 0.43149038461538464 0.052884615384615384 0.07211538461538461
0 0.2692307692307692 0.42908653846153844 0.036057692307692304 0.08052884615384616
0 0.1971153846153846 0.2608173076923077 0.028846153846153848 0.13221153846153846
0 0.13581730769230768 0.20673076923076922 0.06850961538461539 0.02403846153846154
0 0.02403846153846154 0.2848557692307692 0.021634615384615384 0.09615384615384616
0 0.2956730769230769 0.22355769230769232 0.07211538461538461 0.03485576923076923
0 0.36899038461538464 0.2091346153846154 0.016826923076923076 0.06610576923076923
0 0.31850961538461536 0.13942307692307693 0.03365384615384615 0.037259615384615384
0 0.18269230769230768 0.1658653846153846 0.07211538461538461 0.054086538461538464
0 0.04326923076923077 0.11177884615384616 0.06129807692307692 0.03365384615384615
0 0.49759615384615385 0.20072115384615385 0.03365384615384615 0.078125
0 0.5841346153846154 0.18389423076923078 0.07932692307692307 0.021634615384615384
0 0.5252403846153846 0.1141826923076923 0.027644230769230768 0.06971153846153846
0 0.609375 0.05889423076923077 0.03245192307692308 0.04447115384615385
0 0.6634615384615384 0.07211538461538461 0.021634615384615384 0.06610576923076923
0 0.7740384615384616 0.13822115384615385 0.051682692307692304 0.04447115384615385
0 0.8257211538461539 0.16346153846153846 0.055288461538461536 0.04927884615384615
0 0.8954326923076923 0.16105769230769232 0.02403846153846154 0.04567307692307692
0 0.9326923076923077 0.19110576923076922 0.028846153846153848 0.04567307692307692
0 0.921875 0.09495192307692307 0.018028846153846152 0.02283653846153846
0 0.9338942307692307 0.06971153846153846 0.03125 0.02403846153846154
0 0.9807692307692307 0.24158653846153846 0.013221153846153846 0.04447115384615385
0 0.5192307692307693 0.703125 0.030048076923076924 0.06009615384615385
0 0.49399038461538464 0.6911057692307693 0.054086538461538464 0.06610576923076923
0 0.46153846153846156 0.29927884615384615 0.08533653846153846 0.052884615384615384
0 0.59375 0.25 0.09495192307692307 0.038461538461538464
0 0.6923076923076923 0.25 0.04927884615384615 0.09014423076923077
0 0.625 0.3076923076923077 0.051682692307692304 0.07091346153846154
0 0.6442307692307693 0.3629807692307692 0.03365384615384615 0.07932692307692307
0 0.671875 0.3449519230769231 0.026442307692307692 0.051682692307692304
0 0.7764423076923077 0.3641826923076923 0.046875 0.08052884615384616
0 0.9783653846153846 0.4543269230769231 0.018028846153846152 0.013221153846153846
0 0.8377403846153846 0.44591346153846156 0.04927884615384615 0.040865384615384616
0 0.4375 0.6069711538461539 0.06009615384615385 0.03365384615384615
0 0.14423076923076922 0.15745192307692307 0.021634615384615384 0.02283653846153846
0 0.515625 0.046875 0.028846153846153848 0.020432692307692308
0 0.8112980769230769 0.7259615384615384 0.04447115384615385 0.10576923076923077
0 0.05889423076923077 0.38341346153846156 0.018028846153846152 0.018028846153846152
0 0.5360576923076923 0.7439903846153846 0.02403846153846154 0.021634615384615384
0 0.06610576923076923 0.18028846153846154 0.03125 0.04807692307692308