0 0.4170673076923077 0.03365384615384615 0.0673076923076923 0.06009615384615385
0 0.18509615384615385 0.7512019230769231 0.09615384615384616 0.09495192307692307
0 0.5673076923076923 0.515625 0.11538461538461539 0.15745192307692307
0 0.04326923076923077 0.18269230769230768 0.08653846153846154 0.25
0 0.7572115384615384 0.32211538461538464 0.06490384615384616 0.10576923076923077
0 0.6394230769230769 0.6117788461538461 0.08173076923076923 0.33774038461538464
0 0.24879807692307693 0.7019230769230769 0.08173076923076923 0.08052884615384616
0 0.5372596153846154 0.052884615384615384 0.09615384615384616 0.10216346153846154
0 0.7704326923076923 0.07091346153846154 0.15264423076923078 0.13822115384615385
0 0.546875 0.90625 0.10697115384615384 0.18509615384615385
0 0.8990384615384616 0.05889423076923077 0.0889423076923077 0.10216346153846154
0 0.5264423076923077 0.6995192307692307 0.16346153846153846 0.21995192307692307
0 0.09014423076923077 0.9375 0.11057692307692307 0.1201923076923077
0 0.9423076923076923 0.38822115384615385 0.0733173076923077 0.12139423076923077
0 0.8449519230769231 0.19471153846153846 0.09615384615384616 0.18028846153846154
0 0.019230769230769232 0.9375 0.038461538461538464 0.12379807692307693
0 0.8137019230769231 0.4495192307692308 0.13221153846153846 0.24759615384615385
0 0.3641826923076923 0.4963942307692308 0.06971153846153846 0.10216346153846154
0 0.03245192307692308 0.48677884615384615 0.06490384615384616 0.1346153846153846
0 0.35216346153846156 0.2548076923076923 0.10216346153846154 0.10096153846153846
0 0.8665865384615384 0.8076923076923077 0.07091346153846154 0.07091346153846154
0 0.9254807692307693 0.09375 0.09615384615384616 0.15384615384615385
0 0.45913461538461536 0.3942307692307692 0.109375 0.12740384615384615
0 0.9387019230769231 0.30408653846153844 0.07211538461538461 0.09495192307692307
0 0.578125 0.25841346153846156 0.2127403846153846 0.11177884615384616
0 0.9266826923076923 0.6959134615384616 0.14423076923076922 0.10096153846153846
0 0.7956730769230769 0.8389423076923077 0.12740384615384615 0.07091346153846154
0 0.5024038461538461 0.21153846153846154 0.10697115384615384 0.16947115384615385
0 0.7355769230769231 0.49038461538461536 0.09615384615384616 0.12740384615384615
0 0.31009615384615385 0.4338942307692308 0.09615384615384616 0.22235576923076922
0 0.15264423076923078 0.9555288461538461 0.12139423076923077 0.08653846153846154