0 0.05048076923076923 0.7391826923076923 0.040865384615384616 0.06009615384615385
0 0.8954326923076923 0.5108173076923077 0.0673076923076923 0.04447115384615385
0 0.8882211538461539 0.04807692307692308 0.06490384615384616 0.056490384615384616
0 0.12620192307692307 0.48197115384615385 0.055288461538461536 0.038461538461538464
0 0.6826923076923077 0.1466346153846154 0.04447115384615385 0.03365384615384615
0 0.7283653846153846 0.2956730769230769 0.06610576923076923 0.04927884615384615
0 0.5733173076923077 0.671875 0.07692307692307693 0.08653846153846154
0 0.4387019230769231 0.8810096153846154 0.046875 0.07572115384615384
0 0.84375 0.984375 0.051682692307692304 0.028846153846153848
0 0.16105769230769232 0.12740384615384615 0.03365384615384615 0.027644230769230768
0 0.25 0.3425480769230769 0.03245192307692308 0.03365384615384615
0 0.4206730769230769 0.26802884615384615 0.04447115384615385 0.03125
0 0.9050480769230769 0.6514423076923077 0.06370192307692307 0.09014423076923077
0 0.3701923076923077 0.48197115384615385 0.06490384615384616 0.0625
0 0.796875 0.9375 0.07572115384615384 0.06971153846153846
0 0.7800480769230769 0.06850961538461539 0.036057692307692304 0.03485576923076923
0 0.47475961538461536 0.4963942307692308 0.036057692307692304 0.030048076923076924
0 0.9663461538461539 0.8870192307692307 0.06610576923076923 0.056490384615384616
0 0.13701923076923078 0.90625 0.07572115384615384 0.078125
0 0.9290865384615384 0.8076923076923077 0.054086538461538464 0.06009615384615385
0 0.44471153846153844 0.1201923076923077 0.052884615384615384 0.051682692307692304
0 0.5637019230769231 0.3088942307692308 0.028846153846153848 0.04927884615384615
0 0.609375 0.8028846153846154 0.038461538461538464 0.036057692307692304
0 0.59375 0.6189903846153846 0.06370192307692307 0.028846153846153848
0 0.796875 0.2536057692307692 0.06490384615384616 0.06009615384615385
0 0.90625 0.2800480769230769 0.04447115384615385 0.03245192307692308
0 0.4567307692307692 0.6502403846153846 0.057692307692307696 0.09615384615384616
0 0.38822115384615385 0.6742788461538461 0.04447115384615385 0.055288461538461536
0 0.2704326923076923 0.02283653846153846 0.042067307692307696 0.04567307692307692
0 0.9555288461538461 0.5552884615384616 0.06971153846153846 0.06850961538461539
0 0.4831730769230769 0.7427884615384616 0.04567307692307692 0.05889423076923077
0 0.08413461538461539 0.8257211538461539 0.07211538461538461 0.08533653846153846
0 0.5901442307692307 0.8413461538461539 0.06850961538461539 0.04567307692307692
0 0.17548076923076922 0.9555288461538461 0.06490384615384616 0.052884615384615384
0 0.8978365384615384 0.7752403846153846 0.04927884615384615 0.040865384615384616
0 0.7896634615384616 0.44711538461538464 0.08052884615384616 0.04927884615384615
0 0.36658653846153844 0.7115384615384616 0.05048076923076923 0.04567307692307692
0 0.40024038461538464 0.5673076923076923 0.0733173076923077 0.051682692307692304
0 0.39783653846153844 0.328125 0.04927884615384615 0.06490384615384616
0 0.21634615384615385 0.7980769230769231 0.05048076923076923 0.04927884615384615
0 0.1310096153846154 0.36177884615384615 0.07091346153846154 0.04927884615384615
0 0.7752403846153846 0.6682692307692307 0.04927884615384615 0.038461538461538464
0 0.8798076923076923 0.1045673076923077 0.028846153846153848 0.018028846153846152
0 0.9807692307692307 0.7115384615384616 0.036057692307692304 0.07091346153846154
0 0.7199519230769231 0.014423076923076924 0.09615384615384616 0.028846153846153848
0 0.3605769230769231 0.07692307692307693 0.04927884615384615 0.06610576923076923
0 0.5576923076923077 0.8954326923076923 0.051682692307692304 0.03365384615384615
0 0.5444711538461539 0.19110576923076922 0.04807692307692308 0.0733173076923077
0 0.025240384615384616 0.5805288461538461 0.04927884615384615 0.08413461538461539
0 0.5793269230769231 0.015625 0.0889423076923077 0.03125
0 0.9254807692307693 0.31971153846153844 0.057692307692307696 0.04807692307692308