0 0.34615384615384615 0.171875 0.10817307692307693 0.0829326923076923
0 0.030048076923076924 0.6911057692307693 0.06009615384615385 0.0985576923076923
0 0.8317307692307693 0.6033653846153846 0.11177884615384616 0.10576923076923077
0 0.3245192307692308 0.21514423076923078 0.12980769230769232 0.13341346153846154
0 0.0889423076923077 0.9723557692307693 0.1045673076923077 0.054086538461538464
0 0.0625 0.125 0.10096153846153846 0.09975961538461539
0 0.7463942307692307 0.4230769230769231 0.11778846153846154 0.055288461538461536
0 0.2920673076923077 0.6117788461538461 0.1045673076923077 0.13221153846153846
0 0.15625 0.7199519230769231 0.12259615384615384 0.08052884615384616
0 0.028846153846153848 0.953125 0.057692307692307696 0.07932692307692307
0 0.6009615384615384 0.1346153846153846 0.10697115384615384 0.12980769230769232
0 0.23677884615384615 0.12259615384615384 0.07932692307692307 0.08413461538461539
0 0.8016826923076923 0.3545673076923077 0.10216346153846154 0.06129807692307692
0 0.9435096153846154 0.7115384615384616 0.11177884615384616 0.07451923076923077
0 0.6105769230769231 0.28125 0.07572115384615384 0.11778846153846154
0 0.24158653846153846 0.5504807692307693 0.1346153846153846 0.10576923076923077
0 0.03125 0.8257211538461539 0.06129807692307692 0.10336538461538461
0 0.4543269230769231 0.125 0.09014423076923077 0.1141826923076923
0 0.07932692307692307 0.5084134615384616 0.12259615384615384 0.10336538461538461
0 0.16947115384615385 0.21153846153846154 0.09134615384615384 0.11538461538461539
0 0.5324519230769231 0.3942307692307692 0.09014423076923077 0.11658653846153846
0 0.2644230769230769 0.7307692307692307 0.125 0.09134615384615384