0 0.020432692307692308 0.04447115384615385 0.038461538461538464 0.055288461538461536
0 0.0985576923076923 0.13701923076923078 0.04927884615384615 0.07091346153846154
0 0.036057692307692304 0.18629807692307693 0.04447115384615385 0.057692307692307696
0 0.2548076923076923 0.11177884615384616 0.05889423076923077 0.1310096153846154
0 0.359375 0.07572115384615384 0.051682692307692304 0.057692307692307696
0 0.6165865384615384 0.06370192307692307 0.051682692307692304 0.1201923076923077
0 0.6622596153846154 0.12620192307692307 0.052884615384615384 0.078125
0 0.703125 0.2127403846153846 0.055288461538461536 0.08653846153846154
0 0.71875 0.13822115384615385 0.028846153846153848 0.05048076923076923
0 0.9266826923076923 0.054086538461538464 0.038461538461538464 0.078125
0 0.8545673076923077 0.06490384615384616 0.056490384615384616 0.12860576923076922
0 0.9375 0.33653846153846156 0.11778846153846154 0.09134615384615384
0 0.8389423076923077 0.40865384615384615 0.0889423076923077 0.08533653846153846
0 0.7920673076923077 0.3449519230769231 0.06009615384615385 0.140625
0 0.5612980769230769 0.4483173076923077 0.03365384615384615 0.051682692307692304
0 0.13341346153846154 0.25721153846153844 0.06009615384615385 0.057692307692307696
0 0.2608173076923077 0.40865384615384615 0.09254807692307693 0.07211538461538461
0 0.3329326923076923 0.43149038461538464 0.054086538461538464 0.07091346153846154
0 0.203125 0.46634615384615385 0.08052884615384616 0.0733173076923077
0 0.12379807692307693 0.33774038461538464 0.08173076923076923 0.06490384615384616
0 0.1935096153846154 0.34615384615384615 0.07572115384615384 0.038461538461538464
0 0.3004807692307692 0.35096153846153844 0.04927884615384615 0.078125
0 0.17307692307692307 0.5540865384615384 0.04326923076923077 0.03365384615384615
0 0.2608173076923077 0.578125 0.09975961538461539 0.04447115384615385
0 0.33774038461538464 0.5793269230769231 0.040865384615384616 0.051682692307692304
0 0.7139423076923077 0.5600961538461539 0.04927884615384615 0.10697115384615384
0 0.7788461538461539 0.5540865384615384 0.051682692307692304 0.0829326923076923
0 0.9350961538461539 0.5432692307692307 0.06850961538461539 0.0829326923076923
0 0.8966346153846154 0.6358173076923077 0.04326923076923077 0.13221153846153846
0 0.7584134615384616 0.6790865384615384 0.07572115384615384 0.055288461538461536
0 0.25600961538461536 0.7115384615384616 0.13822115384615385 0.04807692307692308
0 0.6262019230769231 0.8810096153846154 0.04927884615384615 0.055288461538461536
0 0.7451923076923077 0.9807692307692307 0.09014423076923077 0.036057692307692304
0 0.9098557692307693 0.8774038461538461 0.0733173076923077 0.06009615384615385
0 0.9290865384615384 0.9266826923076923 0.08413461538461539 0.052884615384615384
0 0.2776442307692308 0.9723557692307693 0.057692307692307696 0.052884615384615384
0 0.0625 0.8882211538461539 0.1045673076923077 0.038461538461538464
0 0.030048076923076924 0.9230769230769231 0.06009615384615385 0.04447115384615385
0 0.11298076923076923 0.9447115384615384 0.07572115384615384 0.0625
0 0.4230769230769231 0.9387019230769231 0.037259615384615384 0.03485576923076923
0 0.1045673076923077 0.8365384615384616 0.02403846153846154 0.026442307692307692
0 0.030048076923076924 0.44350961538461536 0.037259615384615384 0.07932692307692307
0 0.6057692307692307 0.16947115384615385 0.07572115384615384 0.17908653846153846
0 0.5228365384615384 0.8497596153846154 0.09134615384615384 0.0673076923076923
0 0.5480769230769231 0.8257211538461539 0.10697115384615384 0.04567307692307692
0 0.43028846153846156 0.796875 0.10697115384615384 0.052884615384615384
0 0.4807692307692308 0.7283653846153846 0.06370192307692307 0.06971153846153846
0 0.4050480769230769 0.7620192307692307 0.06009615384615385 0.040865384615384616