0 0.8185096153846154 0.7752403846153846 0.05889423076923077 0.08774038461538461
0 0.5492788461538461 0.4362980769230769 0.051682692307692304 0.09615384615384616
0 0.125 0.40865384615384615 0.06490384615384616 0.046875
0 0.7692307692307693 0.028846153846153848 0.06009615384615385 0.04807692307692308
0 0.6490384615384616 0.43028846153846156 0.07572115384615384 0.09134615384615384
0 0.5072115384615384 0.8161057692307693 0.08533653846153846 0.03485576923076923
0 0.8197115384615384 0.8870192307692307 0.08052884615384616 0.06129807692307692
0 0.2668269230769231 0.9170673076923077 0.07932692307692307 0.04447115384615385
0 0.9471153846153846 0.5564903846153846 0.07572115384615384 0.051682692307692304
0 0.21634615384615385 0.5649038461538461 0.0673076923076923 0.0625
0 0.12980769230769232 0.6165865384615384 0.0673076923076923 0.04567307692307692
0 0.35336538461538464 0.23197115384615385 0.09254807692307693 0.06610576923076923
0 0.1502403846153846 0.703125 0.11658653846153846 0.09134615384615384
0 0.44711538461538464 0.5985576923076923 0.06850961538461539 0.038461538461538464
0 0.4326923076923077 0.5552884615384616 0.07932692307692307 0.06850961538461539
0 0.6622596153846154 0.35096153846153844 0.08774038461538461 0.0673076923076923
0 0.65625 0.6478365384615384 0.055288461538461536 0.051682692307692304
0 0.8353365384615384 0.20072115384615385 0.07692307692307693 0.0673076923076923
0 0.8557692307692307 0.5757211538461539 0.06610576923076923 0.056490384615384616
0 0.7175480769230769 0.15625 0.06971153846153846 0.09975961538461539
0 0.359375 0.5180288461538461 0.056490384615384616 0.06009615384615385
0 0.4987980769230769 0.9254807692307693 0.06490384615384616 0.0625
0 0.12139423076923077 0.9543269230769231 0.09615384615384616 0.056490384615384616
0 0.48677884615384615 0.07091346153846154 0.10096153846153846 0.10216346153846154
0 0.7644230769230769 0.4735576923076923 0.07932692307692307 0.06971153846153846
0 0.0673076923076923 0.6201923076923077 0.10216346153846154 0.038461538461538464
0 0.6045673076923077 0.8774038461538461 0.09254807692307693 0.07572115384615384
0 0.8221153846153846 0.6490384615384616 0.06009615384615385 0.026442307692307692
0 0.265625 0.8846153846153846 0.1045673076923077 0.08052884615384616
0 0.44471153846153844 0.71875 0.04927884615384615 0.03245192307692308
0 0.9495192307692307 0.08774038461538461 0.051682692307692304 0.0985576923076923
0 0.8641826923076923 0.6298076923076923 0.0829326923076923 0.055288461538461536
0 0.59375 0.5396634615384616 0.0625 0.06009615384615385
0 0.9519230769230769 0.8918269230769231 0.046875 0.042067307692307696
0 0.5805288461538461 0.4651442307692308 0.08173076923076923 0.030048076923076924
0 0.71875 0.7776442307692307 0.07692307692307693 0.051682692307692304
0 0.5552884615384616 0.6923076923076923 0.08173076923076923 0.078125
0 0.703125 0.8125 0.07692307692307693 0.0829326923076923
0 0.5012019230769231 0.7427884615384616 0.05889423076923077 0.08774038461538461
0 0.027644230769230768 0.036057692307692304 0.055288461538461536 0.07091346153846154
0 0.8762019230769231 0.41586538461538464 0.055288461538461536 0.07692307692307693
0 0.8064903846153846 0.1814903846153846 0.06490384615384616 0.09375
0 0.5973557692307693 0.15144230769230768 0.09735576923076923 0.0985576923076923
0 0.30649038461538464 0.5444711538461539 0.109375 0.0829326923076923
0 0.33653846153846156 0.953125 0.06971153846153846 0.06129807692307692
0 0.7584134615384616 0.10096153846153846 0.042067307692307696 0.09375
0 0.5048076923076923 0.016826923076923076 0.08413461538461539 0.03365384615384615
0 0.33052884615384615 0.4543269230769231 0.06009615384615385 0.057692307692307696
0 0.11778846153846154 0.1346153846153846 0.057692307692307696 0.07572115384615384
0 0.28846153846153844 0.020432692307692308 0.07211538461538461 0.040865384615384616
0 0.4987980769230769 0.46634615384615385 0.06971153846153846 0.08173076923076923
0 0.5757211538461539 0.06610576923076923 0.07692307692307693 0.10336538461538461
0 0.5769230769230769 0.5588942307692307 0.07091346153846154 0.06009615384615385
0 0.5877403846153846 0.9435096153846154 0.08653846153846154 0.036057692307692304
0 0.7007211538461539 0.5564903846153846 0.0625 0.06009615384615385
0 0.6370192307692307 0.9387019230769231 0.10336538461538461 0.08413461538461539
0 0.2800480769230769 0.7992788461538461 0.11538461538461539 0.06610576923076923
0 0.7776442307692307 0.9399038461538461 0.09254807692307693 0.07451923076923077
0 0.3894230769230769 0.1201923076923077 0.10697115384615384 0.12740384615384615
0 0.3125 0.7764423076923077 0.11177884615384616 0.10697115384615384
0 0.9747596153846154 0.2860576923076923 0.04807692307692308 0.06129807692307692
0 0.036057692307692304 0.4014423076923077 0.0625 0.07091346153846154
0 0.6862980769230769 0.25600961538461536 0.10576923076923077 0.051682692307692304
0 0.1141826923076923 0.078125 0.07932692307692307 0.0889423076923077
0 0.45913461538461536 0.9350961538461539 0.06009615384615385 0.037259615384615384
0 0.49759615384615385 0.5432692307692307 0.04326923076923077 0.10096153846153846
0 0.1045673076923077 0.2247596153846154 0.08533653846153846 0.0673076923076923
0 0.8798076923076923 0.5444711538461539 0.0733173076923077 0.07211538461538461
0 0.6490384615384616 0.8497596153846154 0.06129807692307692 0.06129807692307692
0 0.7944711538461539 0.578125 0.039663461538461536 0.07091346153846154
0 0.10096153846153846 0.5216346153846154 0.0625 0.08173076923076923
0 0.6730769230769231 0.7163461538461539 0.10817307692307693 0.09134615384615384
0 0.42788461538461536 0.23677884615384615 0.11778846153846154 0.07572115384615384