0 0.578125 0.1141826923076923 0.09014423076923077 0.06009615384615385
0 0.20072115384615385 0.234375 0.0673076923076923 0.06009615384615385
0 0.8161057692307693 0.9747596153846154 0.07692307692307693 0.04927884615384615
0 0.28125 0.2860576923076923 0.08052884615384616 0.1201923076923077
0 0.4795673076923077 0.021634615384615384 0.08413461538461539 0.04326923076923077
0 0.4110576923076923 0.5204326923076923 0.07692307692307693 0.07451923076923077
0 0.2620192307692308 0.6490384615384616 0.055288461538461536 0.052884615384615384
0 0.2127403846153846 0.48197115384615385 0.042067307692307696 0.07091346153846154
0 0.2800480769230769 0.9230769230769231 0.054086538461538464 0.04326923076923077
0 0.5865384615384616 0.25721153846153844 0.05889423076923077 0.06009615384615385
0 0.40024038461538464 0.7980769230769231 0.055288461538461536 0.040865384615384616
0 0.6033653846153846 0.04807692307692308 0.10336538461538461 0.06370192307692307
0 0.7584134615384616 0.10697115384615384 0.08052884615384616 0.06370192307692307
0 0.21514423076923078 0.6021634615384616 0.04447115384615385 0.042067307692307696
0 0.16826923076923078 0.7439903846153846 0.055288461538461536 0.04927884615384615
0 0.19951923076923078 0.17307692307692307 0.056490384615384616 0.055288461538461536
0 0.90625 0.7163461538461539 0.0829326923076923 0.051682692307692304
0 0.03365384615384615 0.7007211538461539 0.06490384615384616 0.08173076923076923
0 0.9555288461538461 0.20673076923076922 0.054086538461538464 0.06971153846153846
0 0.08413461538461539 0.984375 0.038461538461538464 0.028846153846153848
0 0.21394230769230768 0.04567307692307692 0.055288461538461536 0.09134615384615384
0 0.5288461538461539 0.16947115384615385 0.07932692307692307 0.052884615384615384
0 0.22956730769230768 0.3173076923076923 0.07692307692307693 0.04927884615384615
0 0.0673076923076923 0.49278846153846156 0.04567307692307692 0.05048076923076923
0 0.13341346153846154 0.9759615384615384 0.057692307692307696 0.046875
0 0.48197115384615385 0.10817307692307693 0.08413461538461539 0.06490384615384616
0 0.3557692307692308 0.765625 0.07211538461538461 0.04927884615384615
0 0.20673076923076922 0.9459134615384616 0.04447115384615385 0.052884615384615384
0 0.3449519230769231 0.4326923076923077 0.055288461538461536 0.039663461538461536
0 0.7548076923076923 0.06971153846153846 0.09615384615384616 0.0625
0 0.8076923076923077 0.3016826923076923 0.0985576923076923 0.07211538461538461
0 0.09735576923076923 0.390625 0.08533653846153846 0.09014423076923077
0 0.9735576923076923 0.06370192307692307 0.051682692307692304 0.0625
0 0.5625 0.53125 0.06490384615384616 0.054086538461538464
0 0.7463942307692307 0.6322115384615384 0.12259615384615384 0.06490384615384616
0 0.46033653846153844 0.15985576923076922 0.07572115384615384 0.08653846153846154
0 0.3016826923076923 0.1658653846153846 0.054086538461538464 0.09014423076923077