0 0.3605769230769231 0.4723557692307692 0.0673076923076923 0.13581730769230768
0 0.31971153846153844 0.4411057692307692 0.06490384615384616 0.20552884615384615
0 0.45552884615384615 0.6045673076923077 0.10576923076923077 0.15384615384615385
0 0.4338942307692308 0.7247596153846154 0.125 0.20432692307692307
0 0.609375 0.8197115384615384 0.15504807692307693 0.17067307692307693
0 0.6730769230769231 0.8233173076923077 0.10096153846153846 0.06009615384615385
0 0.8389423076923077 0.9266826923076923 0.14543269230769232 0.03245192307692308
0 0.5997596153846154 0.22355769230769232 0.06490384615384616 0.07572115384615384
0 0.6117788461538461 0.265625 0.04447115384615385 0.038461538461538464
0 0.10216346153846154 0.06009615384615385 0.038461538461538464 0.0733173076923077
0 0.019230769230769232 0.3016826923076923 0.036057692307692304 0.04447115384615385
0 0.10697115384615384 0.3137019230769231 0.06490384615384616 0.12259615384615384
0 0.0625 0.27524038461538464 0.09615384615384616 0.18509615384615385
0 0.039663461538461536 0.4375 0.07932692307692307 0.0829326923076923
0 0.26322115384615385 0.7512019230769231 0.04927884615384615 0.1141826923076923
0 0.3245192307692308 0.8557692307692307 0.03245192307692308 0.06009615384615385
0 0.29447115384615385 0.8677884615384616 0.06971153846153846 0.13701923076923078
0 0.35096153846153844 0.9675480769230769 0.07451923076923077 0.0625
0 0.4098557692307692 0.9927884615384616 0.021634615384615384 0.013221153846153846
0 0.6141826923076923 0.9915865384615384 0.13581730769230768 0.015625
0 0.7716346153846154 0.9759615384615384 0.06850961538461539 0.04567307692307692
0 0.8882211538461539 0.9867788461538461 0.06490384615384616 0.02403846153846154
0 0.9699519230769231 0.7572115384615384 0.05889423076923077 0.052884615384615384
0 0.9507211538461539 0.7740384615384616 0.09615384615384616 0.07932692307692307
0 0.5132211538461539 0.53125 0.03485576923076923 0.03485576923076923
0 0.546875 0.328125 0.03485576923076923 0.08533653846153846
0 0.5745192307692307 0.10697115384615384 0.025240384615384616 0.028846153846153848
0 0.5997596153846154 0.028846153846153848 0.09615384615384616 0.056490384615384616
0 0.46153846153846156 0.021634615384615384 0.0673076923076923 0.04326923076923077
0 0.9350961538461539 0.09375 0.10697115384615384 0.06129807692307692
0 0.8293269230769231 0.08413461538461539 0.038461538461538464 0.040865384615384616
0 0.9206730769230769 0.1502403846153846 0.04807692307692308 0.06129807692307692
0 0.9771634615384616 0.42908653846153844 0.04326923076923077 0.05048076923076923
0 0.9663461538461539 0.38221153846153844 0.06610576923076923 0.037259615384615384
0 0.9615384615384616 0.34134615384615385 0.07451923076923077 0.03365384615384615
0 0.9915865384615384 0.49158653846153844 0.014423076923076924 0.020432692307692308
0 0.7608173076923077 0.29086538461538464 0.07572115384615384 0.038461538461538464
0 0.5084134615384616 0.4543269230769231 0.06850961538461539 0.040865384615384616
0 0.5456730769230769 0.5024038461538461 0.08533653846153846 0.07572115384615384
0 0.5180288461538461 0.9867788461538461 0.03365384615384615 0.025240384615384616
0 0.703125 0.9795673076923077 0.038461538461538464 0.038461538461538464
0 0.9471153846153846 0.21634615384615385 0.10336538461538461 0.04326923076923077
0 0.9543269230769231 0.2548076923076923 0.056490384615384616 0.07932692307692307
0 0.09975961538461539 0.6802884615384616 0.038461538461538464 0.04927884615384615
0 0.040865384615384616 0.5673076923076923 0.08173076923076923 0.13942307692307693
0 0.01201923076923077 0.5252403846153846 0.02403846153846154 0.055288461538461536
0 0.01201923076923077 0.6526442307692307 0.02403846153846154 0.055288461538461536
0 0.02403846153846154 0.8413461538461539 0.04807692307692308 0.1045673076923077
0 0.052884615384615384 0.859375 0.037259615384615384 0.07692307692307693
0 0.020432692307692308 0.9507211538461539 0.040865384615384616 0.09735576923076923
0 0.1045673076923077 0.9579326923076923 0.0985576923076923 0.078125
0 0.15625 0.8870192307692307 0.056490384615384616 0.11298076923076923
0 0.17307692307692307 0.9663461538461539 0.054086538461538464 0.06490384615384616