0 0.6574519230769231 0.7307692307692307 0.08653846153846154 0.046875
0 0.11177884615384616 0.46153846153846156 0.1201923076923077 0.12620192307692307
0 0.8269230769230769 0.38100961538461536 0.20072115384615385 0.18389423076923078
0 0.4735576923076923 0.6670673076923077 0.057692307692307696 0.04927884615384615
0 0.22956730769230768 0.41225961538461536 0.1141826923076923 0.08653846153846154
0 0.5793269230769231 0.6286057692307693 0.07451923076923077 0.11778846153846154
0 0.41346153846153844 0.546875 0.0829326923076923 0.08413461538461539
0 0.6057692307692307 0.038461538461538464 0.16346153846153846 0.0733173076923077
0 0.6899038461538461 0.9639423076923077 0.04927884615384615 0.03485576923076923
0 0.5492788461538461 0.26802884615384615 0.056490384615384616 0.07572115384615384
0 0.7403846153846154 0.8665865384615384 0.09375 0.09014423076923077
0 0.1466346153846154 0.7620192307692307 0.1045673076923077 0.12379807692307693
0 0.45913461538461536 0.8004807692307693 0.06971153846153846 0.04927884615384615
0 0.4110576923076923 0.6694711538461539 0.04927884615384615 0.04447115384615385
0 0.9230769230769231 0.9723557692307693 0.10576923076923077 0.052884615384615384
0 0.5865384615384616 0.36177884615384615 0.10336538461538461 0.07211538461538461
0 0.22355769230769232 0.5108173076923077 0.12980769230769232 0.08173076923076923
0 0.7992788461538461 0.9699519230769231 0.11057692307692307 0.05889423076923077
0 0.71875 0.234375 0.13942307692307693 0.09134615384615384
0 0.07211538461538461 0.29086538461538464 0.10336538461538461 0.19471153846153846
0 0.0733173076923077 0.07572115384615384 0.08533653846153846 0.14423076923076922
0 0.1346153846153846 0.9699519230769231 0.13341346153846154 0.057692307692307696