0 0.6838942307692307 0.052884615384615384 0.1201923076923077 0.10576923076923077
0 0.2848557692307692 0.15865384615384615 0.06490384615384616 0.038461538461538464
0 0.4579326923076923 0.15504807692307693 0.11177884615384616 0.05889423076923077
0 0.1658653846153846 0.06009615384615385 0.06490384615384616 0.09254807692307693
0 0.875 0.038461538461538464 0.1310096153846154 0.07572115384615384
0 0.9807692307692307 0.11177884615384616 0.037259615384615384 0.07572115384615384
0 0.9302884615384616 0.10336538461538461 0.06971153846153846 0.07932692307692307
0 0.11778846153846154 0.08052884615384616 0.04447115384615385 0.08173076923076923
0 0.14903846153846154 0.14302884615384615 0.03365384615384615 0.052884615384615384
0 0.04326923076923077 0.13822115384615385 0.08173076923076923 0.07572115384615384
0 0.6322115384615384 0.025240384615384616 0.21033653846153846 0.04927884615384615
0 0.6262019230769231 0.1045673076923077 0.08653846153846154 0.09615384615384616
0 0.016826923076923076 0.203125 0.03365384615384615 0.046875
0 0.07692307692307693 0.35216346153846156 0.0625 0.06370192307692307
0 0.036057692307692304 0.2920673076923077 0.04447115384615385 0.06971153846153846
0 0.014423076923076924 0.36177884615384615 0.028846153846153848 0.040865384615384616
0 0.296875 0.2644230769230769 0.24879807692307693 0.06610576923076923
0 0.5048076923076923 0.2439903846153846 0.13581730769230768 0.06610576923076923
0 0.5600961538461539 0.2764423076923077 0.08413461538461539 0.057692307692307696
0 0.8245192307692307 0.2668269230769231 0.109375 0.0625
0 0.7259615384615384 0.30649038461538464 0.23197115384615385 0.057692307692307696
0 0.7211538461538461 0.3329326923076923 0.055288461538461536 0.028846153846153848
0 0.4266826923076923 0.3605769230769231 0.07091346153846154 0.05889423076923077
0 0.5024038461538461 0.3605769230769231 0.07211538461538461 0.06850961538461539
0 0.5721153846153846 0.35697115384615385 0.039663461538461536 0.0733173076923077
0 0.27884615384615385 0.41947115384615385 0.07572115384615384 0.10096153846153846
0 0.2932692307692308 0.4735576923076923 0.06971153846153846 0.06610576923076923
0 0.15504807692307693 0.4951923076923077 0.109375 0.24519230769230768
0 0.9495192307692307 0.47836538461538464 0.09975961538461539 0.04326923076923077
0 0.9771634615384616 0.44350961538461536 0.04447115384615385 0.08052884615384616
0 0.9831730769230769 0.5240384615384616 0.03125 0.056490384615384616
0 0.828125 0.5661057692307693 0.13942307692307693 0.04927884615384615
0 0.7572115384615384 0.5841346153846154 0.08052884615384616 0.0673076923076923
0 0.24158653846153846 0.5829326923076923 0.04447115384615385 0.1141826923076923
0 0.27163461538461536 0.5552884615384616 0.040865384615384616 0.11778846153846154
0 0.32572115384615385 0.59375 0.12139423076923077 0.12259615384615384
0 0.13221153846153846 0.6598557692307693 0.11899038461538461 0.11177884615384616
0 0.0829326923076923 0.6237980769230769 0.04927884615384615 0.021634615384615384
0 0.23197115384615385 0.6875 0.08653846153846154 0.06971153846153846
0 0.44591346153846156 0.6430288461538461 0.07572115384615384 0.20192307692307693
0 0.7139423076923077 0.5504807692307693 0.03365384615384615 0.07572115384615384
0 0.9254807692307693 0.7295673076923077 0.07572115384615384 0.1814903846153846
0 0.78125 0.7740384615384616 0.06129807692307692 0.06129807692307692
0 0.8858173076923077 0.8221153846153846 0.12860576923076922 0.0985576923076923
0 0.5853365384615384 0.78125 0.04567307692307692 0.18269230769230768
0 0.31490384615384615 0.7259615384615384 0.06009615384615385 0.037259615384615384
0 0.015625 0.6742788461538461 0.03125 0.07572115384615384
0 0.03485576923076923 0.7860576923076923 0.06971153846153846 0.12620192307692307
0 0.2860576923076923 0.8064903846153846 0.10096153846153846 0.1141826923076923
0 0.4879807692307692 0.7956730769230769 0.1502403846153846 0.054086538461538464
0 0.3449519230769231 0.9122596153846154 0.1502403846153846 0.1045673076923077
0 0.1045673076923077 0.9807692307692307 0.09254807692307693 0.037259615384615384
0 0.21394230769230768 0.9519230769230769 0.09134615384615384 0.09495192307692307
0 0.32211538461538464 0.9759615384615384 0.15625 0.046875
0 0.5841346153846154 0.9927884615384616 0.04567307692307692 0.013221153846153846
0 0.875 0.8870192307692307 0.10096153846153846 0.08052884615384616
0 0.953125 0.9747596153846154 0.06490384615384616 0.04807692307692308
0 0.7728365384615384 0.9903846153846154 0.028846153846153848 0.018028846153846152
0 0.42908653846153844 0.953125 0.06129807692307692 0.06971153846153846