0 0.5540865384615384 0.5961538461538461 0.0829326923076923 0.07211538461538461
0 0.140625 0.0889423076923077 0.13822115384615385 0.15504807692307693
0 0.6670673076923077 0.7752403846153846 0.11177884615384616 0.11538461538461539
0 0.4014423076923077 0.7608173076923077 0.04447115384615385 0.042067307692307696
0 0.5600961538461539 0.3016826923076923 0.1045673076923077 0.09495192307692307
0 0.11177884615384616 0.8461538461538461 0.08533653846153846 0.09134615384615384
0 0.08413461538461539 0.7487980769230769 0.1346153846153846 0.10336538461538461
0 0.18389423076923078 0.31490384615384615 0.06009615384615385 0.06610576923076923
0 0.7163461538461539 0.5829326923076923 0.08052884615384616 0.07572115384615384
0 0.8100961538461539 0.3641826923076923 0.11177884615384616 0.09495192307692307
0 0.09615384615384616 0.5144230769230769 0.11298076923076923 0.08052884615384616
0 0.6490384615384616 0.9591346153846154 0.0985576923076923 0.07932692307692307
0 0.6790865384615384 0.6610576923076923 0.09975961538461539 0.12980769230769232
0 0.8293269230769231 0.7391826923076923 0.09495192307692307 0.09495192307692307
0 0.8100961538461539 0.07932692307692307 0.08052884615384616 0.06971153846153846
0 0.828125 0.8786057692307693 0.09134615384615384 0.09134615384615384
0 0.7860576923076923 0.14543269230769232 0.07091346153846154 0.11057692307692307
0 0.9014423076923077 0.41346153846153844 0.0673076923076923 0.10817307692307693
0 0.5 0.6189903846153846 0.06370192307692307 0.09254807692307693
0 0.6262019230769231 0.23677884615384615 0.0625 0.08653846153846154