0 0.08173076923076923 0.3016826923076923 0.03245192307692308 0.03245192307692308
0 0.16466346153846154 0.265625 0.03125 0.054086538461538464
0 0.29927884615384615 0.31009615384615385 0.042067307692307696 0.02283653846153846
0 0.13221153846153846 0.31490384615384615 0.026442307692307692 0.013221153846153846
0 0.06490384615384616 0.4855769230769231 0.025240384615384616 0.057692307692307696
0 0.10096153846153846 0.6189903846153846 0.04326923076923077 0.018028846153846152
0 0.03365384615384615 0.7908653846153846 0.036057692307692304 0.03245192307692308
0 0.04567307692307692 0.7115384615384616 0.04567307692307692 0.02283653846153846
0 0.06490384615384616 0.7391826923076923 0.03485576923076923 0.02403846153846154
0 0.10216346153846154 0.7632211538461539 0.03485576923076923 0.037259615384615384
0 0.21634615384615385 0.7572115384615384 0.03485576923076923 0.021634615384615384
0 0.25 0.7584134615384616 0.038461538461538464 0.040865384615384616
0 0.2644230769230769 0.8882211538461539 0.038461538461538464 0.06370192307692307
0 0.07211538461538461 0.6802884615384616 0.030048076923076924 0.03365384615384615
0 0.28725961538461536 0.6069711538461539 0.027644230769230768 0.02403846153846154
0 0.4951923076923077 0.18629807692307693 0.05048076923076923 0.037259615384615384
0 0.5649038461538461 0.19831730769230768 0.03125 0.038461538461538464
0 0.6826923076923077 0.20072115384615385 0.07692307692307693 0.04447115384615385
0 0.5480769230769231 0.27524038461538464 0.057692307692307696 0.030048076923076924
0 0.5072115384615384 0.2920673076923077 0.06490384615384616 0.030048076923076924
0 0.4987980769230769 0.32211538461538464 0.04447115384615385 0.030048076923076924
0 0.7572115384615384 0.15865384615384615 0.028846153846153848 0.06009615384615385
0 0.8064903846153846 0.1778846153846154 0.06009615384615385 0.0625
0 0.8016826923076923 0.29927884615384615 0.06490384615384616 0.025240384615384616
0 0.75 0.3088942307692308 0.03365384615384615 0.02403846153846154
0 0.7139423076923077 0.33653846153846156 0.03245192307692308 0.036057692307692304
0 0.9038461538461539 0.1778846153846154 0.054086538461538464 0.0625
0 0.9447115384615384 0.32572115384615385 0.08052884615384616 0.025240384615384616
0 0.9711538461538461 0.35697115384615385 0.055288461538461536 0.039663461538461536
0 0.6117788461538461 0.390625 0.038461538461538464 0.046875
0 0.5288461538461539 0.39663461538461536 0.036057692307692304 0.03365384615384615
0 0.7307692307692307 0.42788461538461536 0.07211538461538461 0.028846153846153848
0 0.8509615384615384 0.43028846153846156 0.046875 0.042067307692307696
0 0.2548076923076923 0.43149038461538464 0.030048076923076924 0.030048076923076924
0 0.28725961538461536 0.40625 0.046875 0.03125
0 0.35697115384615385 0.4639423076923077 0.03245192307692308 0.036057692307692304
0 0.43149038461538464 0.4579326923076923 0.028846153846153848 0.030048076923076924
0 0.4014423076923077 0.41225961538461536 0.036057692307692304 0.02403846153846154
0 0.3125 0.5769230769230769 0.030048076923076924 0.03125
0 0.3918269230769231 0.4879807692307692 0.03365384615384615 0.07451923076923077
0 0.48677884615384615 0.36177884615384615 0.026442307692307692 0.02283653846153846
0 0.46875 0.5637019230769231 0.04447115384615385 0.03125
0 0.49399038461538464 0.5673076923076923 0.056490384615384616 0.04927884615384615
0 0.5060096153846154 0.6899038461538461 0.03245192307692308 0.027644230769230768
0 0.6382211538461539 0.6850961538461539 0.027644230769230768 0.040865384615384616
0 0.3545673076923077 0.7475961538461539 0.038461538461538464 0.05048076923076923
0 0.9326923076923077 0.4963942307692308 0.06009615384615385 0.046875
0 0.7740384615384616 0.5961538461538461 0.056490384615384616 0.037259615384615384
0 0.7199519230769231 0.6370192307692307 0.0829326923076923 0.03245192307692308
0 0.7319711538461539 0.7788461538461539 0.039663461538461536 0.09254807692307693
0 0.3269230769230769 0.8052884615384616 0.04447115384615385 0.06370192307692307
0 0.43149038461538464 0.8449519230769231 0.042067307692307696 0.039663461538461536
0 0.32572115384615385 0.8954326923076923 0.027644230769230768 0.055288461538461536
0 0.4807692307692308 0.90625 0.05048076923076923 0.09014423076923077
0 0.5625 0.8533653846153846 0.03125 0.08052884615384616
0 0.6129807692307693 0.8353365384615384 0.055288461538461536 0.055288461538461536
0 0.5985576923076923 0.8569711538461539 0.05048076923076923 0.051682692307692304
0 0.8689903846153846 0.8221153846153846 0.036057692307692304 0.051682692307692304
0 0.9423076923076923 0.6923076923076923 0.11057692307692307 0.06370192307692307
0 0.8737980769230769 0.7427884615384616 0.08653846153846154 0.06971153846153846
0 0.9086538461538461 0.7956730769230769 0.027644230769230768 0.026442307692307692
0 0.9326923076923077 0.7572115384615384 0.07451923076923077 0.0673076923076923
0 0.984375 0.7764423076923077 0.028846153846153848 0.03125
0 0.9543269230769231 0.8401442307692307 0.037259615384615384 0.04447115384615385
0 0.21634615384615385 0.8257211538461539 0.030048076923076924 0.06009615384615385
0 0.05048076923076923 0.8149038461538461 0.020432692307692308 0.040865384615384616
0 0.10096153846153846 0.6454326923076923 0.025240384615384616 0.02403846153846154
0 0.359375 0.9134615384615384 0.03125 0.02283653846153846
0 0.42788461538461536 0.7295673076923077 0.013221153846153846 0.015625
0 0.9399038461538461 0.7764423076923077 0.04326923076923077 0.03365384615384615
0 0.875 0.453125 0.04326923076923077 0.013221153846153846
0 0.2860576923076923 0.02403846153846154 0.03245192307692308 0.015625
0 0.7175480769230769 0.4951923076923077 0.027644230769230768 0.055288461538461536