0 0.7115384615384616 0.9567307692307693 0.05889423076923077 0.06129807692307692
0 0.9711538461538461 0.1778846153846154 0.055288461538461536 0.1466346153846154
0 0.13822115384615385 0.34375 0.06490384615384616 0.09254807692307693
0 0.28846153846153844 0.3954326923076923 0.07091346153846154 0.055288461538461536
0 0.05889423076923077 0.296875 0.06490384615384616 0.06490384615384616
0 0.0889423076923077 0.18870192307692307 0.06009615384615385 0.07692307692307693
0 0.01201923076923077 0.7091346153846154 0.02403846153846154 0.0625
0 0.19591346153846154 0.9747596153846154 0.11778846153846154 0.04927884615384615
0 0.3605769230769231 0.16947115384615385 0.078125 0.06610576923076923
0 0.12980769230769232 0.12980769230769232 0.055288461538461536 0.06009615384615385
0 0.5516826923076923 0.5841346153846154 0.07451923076923077 0.09254807692307693
0 0.04447115384615385 0.43509615384615385 0.08774038461538461 0.07572115384615384
0 0.4014423076923077 0.10697115384615384 0.07572115384615384 0.04927884615384615
0 0.019230769230769232 0.9375 0.038461538461538464 0.12259615384615384
0 0.5612980769230769 0.9795673076923077 0.06971153846153846 0.038461538461538464
0 0.25240384615384615 0.31490384615384615 0.0985576923076923 0.09975961538461539
0 0.015625 0.16346153846153846 0.030048076923076924 0.08533653846153846
0 0.9819711538461539 0.8762019230769231 0.03485576923076923 0.05889423076923077
0 0.7043269230769231 0.421875 0.055288461538461536 0.055288461538461536
0 0.4326923076923077 0.33413461538461536 0.07211538461538461 0.051682692307692304
0 0.6322115384615384 0.9603365384615384 0.052884615384615384 0.04447115384615385
0 0.2764423076923077 0.019230769230769232 0.0673076923076923 0.038461538461538464
0 0.051682692307692304 0.36538461538461536 0.0889423076923077 0.06370192307692307
0 0.3545673076923077 0.7235576923076923 0.06971153846153846 0.07211538461538461
0 0.39663461538461536 0.23197115384615385 0.07211538461538461 0.07451923076923077
0 0.6141826923076923 0.8509615384615384 0.06490384615384616 0.052884615384615384
0 0.36538461538461536 0.35697115384615385 0.056490384615384616 0.06610576923076923
0 0.01201923076923077 0.5120192307692307 0.02403846153846154 0.07692307692307693
0 0.2091346153846154 0.1346153846153846 0.055288461538461536 0.04927884615384615
0 0.9399038461538461 0.3798076923076923 0.051682692307692304 0.05048076923076923
0 0.2127403846153846 0.828125 0.1141826923076923 0.08052884615384616