0 0.12259615384615384 0.6875 0.11658653846153846 0.12139423076923077
0 0.49158653846153844 0.625 0.08413461538461539 0.08052884615384616
0 0.25 0.29086538461538464 0.06129807692307692 0.06610576923076923
0 0.9302884615384616 0.19951923076923078 0.13701923076923078 0.08774038461538461
0 0.43149038461538464 0.019230769230769232 0.0625 0.036057692307692304
0 0.984375 0.49399038461538464 0.028846153846153848 0.08173076923076923
0 0.4182692307692308 0.33413461538461536 0.08052884615384616 0.06971153846153846
0 0.030048076923076924 0.7091346153846154 0.06009615384615385 0.07692307692307693
0 0.5901442307692307 0.5516826923076923 0.06490384615384616 0.16826923076923078
0 0.53125 0.5492788461538461 0.06490384615384616 0.10576923076923077
0 0.3605769230769231 0.10216346153846154 0.078125 0.13701923076923078
0 0.6586538461538461 0.7596153846153846 0.05889423076923077 0.06971153846153846
0 0.7451923076923077 0.8701923076923077 0.055288461538461536 0.0829326923076923
0 0.3701923076923077 0.6622596153846154 0.06129807692307692 0.06971153846153846
0 0.41947115384615385 0.7391826923076923 0.07211538461538461 0.08653846153846154
0 0.9507211538461539 0.8509615384615384 0.09615384615384616 0.09014423076923077
0 0.11899038461538461 0.5144230769230769 0.08653846153846154 0.057692307692307696
0 0.9170673076923077 0.4254807692307692 0.06009615384615385 0.056490384615384616
0 0.24879807692307693 0.9495192307692307 0.12980769230769232 0.0889423076923077
0 0.6430288461538461 0.08173076923076923 0.11177884615384616 0.16346153846153846
0 0.6622596153846154 0.9639423076923077 0.0829326923076923 0.06971153846153846
0 0.4543269230769231 0.8449519230769231 0.19110576923076922 0.203125
0 0.8125 0.030048076923076924 0.07692307692307693 0.06009615384615385
0 0.31971153846153844 0.9278846153846154 0.08052884615384616 0.12620192307692307
0 0.04567307692307692 0.109375 0.09134615384615384 0.0889423076923077
0 0.056490384615384616 0.44471153846153844 0.055288461538461536 0.09134615384615384
0 0.056490384615384616 0.05048076923076923 0.0985576923076923 0.10096153846153846
0 0.7608173076923077 0.484375 0.2439903846153846 0.11778846153846154
0 0.2860576923076923 0.34975961538461536 0.08052884615384616 0.09615384615384616
0 0.009615384615384616 0.7271634615384616 0.019230769230769232 0.09975961538461539
0 0.1466346153846154 0.3485576923076923 0.0985576923076923 0.1201923076923077
0 0.4014423076923077 0.4483173076923077 0.140625 0.10096153846153846
0 0.47115384615384615 0.40384615384615385 0.109375 0.09014423076923077
0 0.8221153846153846 0.9170673076923077 0.10576923076923077 0.10697115384615384
0 0.4963942307692308 0.007211538461538462 0.06129807692307692 0.014423076923076924