0 0.6598557692307693 0.32572115384615385 0.08533653846153846 0.08653846153846154
0 0.2439903846153846 0.04447115384615385 0.04447115384615385 0.08653846153846154
0 0.3233173076923077 0.1310096153846154 0.020432692307692308 0.046875
0 0.27163461538461536 0.1814903846153846 0.02403846153846154 0.036057692307692304
0 0.04567307692307692 0.05889423076923077 0.09134615384615384 0.040865384615384616
0 0.036057692307692304 0.13221153846153846 0.06971153846153846 0.04447115384615385
0 0.16466346153846154 0.1141826923076923 0.037259615384615384 0.10096153846153846
0 0.13822115384615385 0.026442307692307692 0.025240384615384616 0.04927884615384615
0 0.3401442307692308 0.16706730769230768 0.0733173076923077 0.11177884615384616
0 0.109375 0.18269230769230768 0.03365384615384615 0.051682692307692304
0 0.17548076923076922 0.25 0.051682692307692304 0.04927884615384615
0 0.09254807692307693 0.25841346153846156 0.13701923076923078 0.05048076923076923
0 0.11658653846153846 0.2980769230769231 0.06490384615384616 0.028846153846153848
0 0.07572115384615384 0.33653846153846156 0.06490384615384616 0.03485576923076923
0 0.18269230769230768 0.31971153846153844 0.030048076923076924 0.03485576923076923
0 0.27884615384615385 0.39302884615384615 0.07211538461538461 0.042067307692307696
0 0.21875 0.3954326923076923 0.038461538461538464 0.03365384615384615
0 0.15144230769230768 0.38822115384615385 0.09615384615384616 0.03125
0 0.037259615384615384 0.36899038461538464 0.06971153846153846 0.042067307692307696
0 0.046875 0.43149038461538464 0.055288461538461536 0.036057692307692304
0 0.1045673076923077 0.46875 0.038461538461538464 0.051682692307692304
0 0.1935096153846154 0.5024038461538461 0.03245192307692308 0.04567307692307692
0 0.12980769230769232 0.5588942307692307 0.04807692307692308 0.0985576923076923
0 0.09375 0.5625 0.056490384615384616 0.08653846153846154
0 0.6346153846153846 0.4254807692307692 0.13822115384615385 0.03125
0 0.7427884615384616 0.4951923076923077 0.0733173076923077 0.037259615384615384
0 0.7355769230769231 0.5697115384615384 0.028846153846153848 0.037259615384615384
0 0.828125 0.5048076923076923 0.027644230769230768 0.038461538461538464
0 0.9555288461538461 0.46274038461538464 0.08413461538461539 0.0673076923076923
0 0.9182692307692307 0.5324519230769231 0.040865384615384616 0.04447115384615385
0 0.9819711538461539 0.5552884615384616 0.030048076923076924 0.036057692307692304
0 0.796875 0.5793269230769231 0.028846153846153848 0.039663461538461536
0 0.6586538461538461 0.5697115384615384 0.06009615384615385 0.08052884615384616
0 0.578125 0.6009615384615384 0.13221153846153846 0.03365384615384615
0 0.6911057692307693 0.7235576923076923 0.04807692307692308 0.039663461538461536
0 0.7259615384615384 0.6935096153846154 0.03485576923076923 0.04447115384615385
0 0.8329326923076923 0.6959134615384616 0.02283653846153846 0.02403846153846154
0 0.8040865384615384 0.6742788461538461 0.021634615384615384 0.019230769230769232
0 0.7572115384615384 0.7199519230769231 0.02403846153846154 0.025240384615384616
0 0.8701923076923077 0.7608173076923077 0.046875 0.018028846153846152
0 0.7848557692307693 0.8137019230769231 0.08653846153846154 0.07091346153846154
0 0.6742788461538461 0.7944711538461539 0.028846153846153848 0.03485576923076923
0 0.9435096153846154 0.7992788461538461 0.05048076923076923 0.03485576923076923
0 0.9471153846153846 0.8533653846153846 0.028846153846153848 0.08653846153846154
0 0.8990384615384616 0.9362980769230769 0.0625 0.11778846153846154
0 0.8245192307692307 0.9302884615384616 0.03245192307692308 0.12860576923076922
0 0.796875 0.8762019230769231 0.026442307692307692 0.0733173076923077
0 0.7608173076923077 0.9098557692307693 0.04807692307692308 0.09375
0 0.8605769230769231 0.6274038461538461 0.05889423076923077 0.04447115384615385
0 0.8461538461538461 0.6802884615384616 0.02403846153846154 0.020432692307692308
0 0.7896634615384616 0.6935096153846154 0.02403846153846154 0.020432692307692308
0 0.7836538461538461 0.7211538461538461 0.019230769230769232 0.021634615384615384
0 0.703125 0.18990384615384615 0.09134615384615384 0.06129807692307692
0 0.5889423076923077 0.12980769230769232 0.1201923076923077 0.03365384615384615
0 0.515625 0.21033653846153846 0.14903846153846154 0.030048076923076924
0 0.6526442307692307 0.3076923076923077 0.0625 0.04447115384615385
0 0.7692307692307693 0.2536057692307692 0.042067307692307696 0.04927884615384615
0 0.8521634615384616 0.25 0.03125 0.038461538461538464
0 0.6586538461538461 0.018028846153846152 0.03485576923076923 0.028846153846153848
0 0.6105769230769231 0.03125 0.055288461538461536 0.030048076923076924
0 0.6694711538461539 0.0673076923076923 0.055288461538461536 0.04567307692307692
0 0.7199519230769231 0.14783653846153846 0.03365384615384615 0.03125
0 0.8713942307692307 0.0625 0.05048076923076923 0.018028846153846152
0 0.859375 0.08774038461538461 0.04567307692307692 0.019230769230769232
0 0.9411057692307693 0.0829326923076923 0.11177884615384616 0.038461538461538464
0 0.953125 0.1502403846153846 0.09134615384615384 0.04807692307692308
0 0.9375 0.20072115384615385 0.12379807692307693 0.09975961538461539
0 0.8846153846153846 0.38100961538461536 0.055288461538461536 0.04927884615384615
0 0.7920673076923077 0.3786057692307692 0.08052884615384616 0.0673076923076923
0 0.7896634615384616 0.3137019230769231 0.06971153846153846 0.046875
0 0.7211538461538461 0.3858173076923077 0.04927884615384615 0.06610576923076923
0 0.7836538461538461 0.3605769230769231 0.06009615384615385 0.06490384615384616
0 0.7680288461538461 0.375 0.026442307692307692 0.03365384615384615
0 0.056490384615384616 0.7932692307692307 0.07091346153846154 0.03485576923076923
0 0.03125 0.8461538461538461 0.06129807692307692 0.027644230769230768
0 0.16947115384615385 0.765625 0.046875 0.02403846153846154
0 0.2127403846153846 0.7524038461538461 0.03365384615384615 0.12259615384615384
0 0.12259615384615384 0.8930288461538461 0.038461538461538464 0.038461538461538464
0 0.036057692307692304 0.9014423076923077 0.06850961538461539 0.03125
0 0.040865384615384616 0.9807692307692307 0.028846153846153848 0.027644230769230768
0 0.20432692307692307 0.9567307692307693 0.08052884615384616 0.037259615384615384
0 0.21634615384615385 0.9242788461538461 0.02403846153846154 0.03485576923076923
0 0.35697115384615385 0.8185096153846154 0.07211538461538461 0.057692307692307696
0 0.3918269230769231 0.8846153846153846 0.16826923076923078 0.03245192307692308
0 0.9771634615384616 0.26322115384615385 0.04326923076923077 0.03245192307692308
0 0.6766826923076923 0.27283653846153844 0.09134615384615384 0.056490384615384616
0 0.7307692307692307 0.8858173076923077 0.021634615384615384 0.054086538461538464
0 0.10096153846153846 0.12379807692307693 0.06490384615384616 0.030048076923076924
0 0.21754807692307693 0.04447115384615385 0.025240384615384616 0.02283653846153846
0 0.9891826923076923 0.7788461538461539 0.018028846153846152 0.021634615384615384
0 0.8725961538461539 0.7728365384615384 0.046875 0.018028846153846152
0 0.8353365384615384 0.20432692307692307 0.039663461538461536 0.051682692307692304
0 0.08653846153846154 0.09615384615384616 0.06850961538461539 0.03125
0 0.10697115384615384 0.052884615384615384 0.05889423076923077 0.036057692307692304
0 0.08774038461538461 0.5360576923076923 0.027644230769230768 0.05048076923076923
0 0.7199519230769231 0.6502403846153846 0.040865384615384616 0.042067307692307696
0 0.9567307692307693 0.7548076923076923 0.016826923076923076 0.02283653846153846
0 0.7091346153846154 0.8052884615384616 0.03485576923076923 0.037259615384615384
0 0.7788461538461539 0.29086538461538464 0.046875 0.037259615384615384
0 0.75 0.5072115384615384 0.057692307692307696 0.025240384615384616
0 0.055288461538461536 0.07692307692307693 0.06610576923076923 0.02283653846153846
0 0.1141826923076923 0.23918269230769232 0.03365384615384615 0.025240384615384616