0 0.7367788461538461 0.7944711538461539 0.18990384615384615 0.12620192307692307
0 0.8064903846153846 0.23197115384615385 0.06009615384615385 0.08653846153846154
0 0.8786057692307693 0.18990384615384615 0.11538461538461539 0.0625
0 0.47716346153846156 0.5625 0.09254807692307693 0.06490384615384616
0 0.6021634615384616 0.7127403846153846 0.09134615384615384 0.09014423076923077
0 0.7199519230769231 0.3125 0.0889423076923077 0.07932692307692307
0 0.9651442307692307 0.2283653846153846 0.06850961538461539 0.06370192307692307
0 0.4987980769230769 0.4519230769230769 0.11177884615384616 0.09134615384615384
0 0.21995192307692307 0.8497596153846154 0.09254807692307693 0.07932692307692307
0 0.5769230769230769 0.3762019230769231 0.10336538461538461 0.06129807692307692
0 0.03365384615384615 0.26802884615384615 0.0673076923076923 0.055288461538461536
0 0.40384615384615385 0.03125 0.0985576923076923 0.0625
0 0.296875 0.09735576923076923 0.04326923076923077 0.0889423076923077
0 0.6274038461538461 0.2548076923076923 0.08774038461538461 0.09615384615384616
0 0.6995192307692307 0.4110576923076923 0.11298076923076923 0.06370192307692307
0 0.03245192307692308 0.96875 0.06490384615384616 0.057692307692307696
0 0.28365384615384615 0.5757211538461539 0.06610576923076923 0.12259615384615384
0 0.3581730769230769 0.9615384615384616 0.04807692307692308 0.07572115384615384
0 0.042067307692307696 0.22596153846153846 0.04927884615384615 0.04447115384615385
0 0.5252403846153846 0.8810096153846154 0.078125 0.0673076923076923
0 0.25961538461538464 0.96875 0.10216346153846154 0.06009615384615385
0 0.31009615384615385 0.036057692307692304 0.055288461538461536 0.07211538461538461
0 0.609375 0.5084134615384616 0.1045673076923077 0.0889423076923077
0 0.6081730769230769 0.44471153846153844 0.10096153846153846 0.07692307692307693
0 0.6322115384615384 0.6358173076923077 0.10817307692307693 0.08774038461538461
0 0.9074519230769231 0.8569711538461539 0.171875 0.06971153846153846
0 0.03485576923076923 0.09014423076923077 0.06971153846153846 0.055288461538461536
0 0.6550480769230769 0.3545673076923077 0.1045673076923077 0.07572115384615384
0 0.4483173076923077 0.8365384615384616 0.07091346153846154 0.14302884615384615
0 0.12259615384615384 0.04326923076923077 0.12620192307692307 0.056490384615384616
0 0.8533653846153846 0.453125 0.07572115384615384 0.12980769230769232
0 0.5612980769230769 0.5793269230769231 0.08774038461538461 0.12620192307692307
0 0.5336538461538461 0.3076923076923077 0.11778846153846154 0.06971153846153846
0 0.5757211538461539 0.014423076923076924 0.06370192307692307 0.028846153846153848
0 0.8100961538461539 0.8389423076923077 0.05048076923076923 0.0733173076923077
0 0.5889423076923077 0.06490384615384616 0.07451923076923077 0.09495192307692307
0 0.24639423076923078 0.13341346153846154 0.0733173076923077 0.06850961538461539
0 0.3473557692307692 0.11057692307692307 0.08653846153846154 0.07091346153846154
0 0.34375 0.5300480769230769 0.07572115384615384 0.1814903846153846
0 0.48197115384615385 0.7139423076923077 0.09495192307692307 0.0733173076923077
0 0.3545673076923077 0.24278846153846154 0.10697115384615384 0.07572115384615384
0 0.29927884615384615 0.16947115384615385 0.052884615384615384 0.040865384615384616
0 0.9110576923076923 0.8882211538461539 0.11778846153846154 0.08173076923076923
0 0.3233173076923077 0.39663461538461536 0.08052884615384616 0.06009615384615385