0 0.14543269230769232 0.20072115384615385 0.10817307692307693 0.03365384615384615
0 0.8822115384615384 0.5552884615384616 0.07091346153846154 0.038461538461538464
0 0.019230769230769232 0.49399038461538464 0.038461538461538464 0.03485576923076923
0 0.4423076923076923 0.765625 0.06490384615384616 0.038461538461538464
0 0.37259615384615385 0.21875 0.09014423076923077 0.056490384615384616
0 0.8834134615384616 0.01201923076923077 0.057692307692307696 0.02403846153846154
0 0.3425480769230769 0.9819711538461539 0.052884615384615384 0.03365384615384615
0 0.22235576923076922 0.640625 0.06370192307692307 0.06370192307692307
0 0.10096153846153846 0.6514423076923077 0.08173076923076923 0.04927884615384615
0 0.16947115384615385 0.3641826923076923 0.028846153846153848 0.12259615384615384
0 0.9290865384615384 0.7151442307692307 0.05048076923076923 0.040865384615384616
0 0.6478365384615384 0.671875 0.055288461538461536 0.028846153846153848
0 0.35096153846153844 0.5661057692307693 0.057692307692307696 0.05048076923076923
0 0.9399038461538461 0.1658653846153846 0.08774038461538461 0.06490384615384616
0 0.6983173076923077 0.5264423076923077 0.04927884615384615 0.015625
0 0.8798076923076923 0.6009615384615384 0.07692307692307693 0.05048076923076923
0 0.027644230769230768 0.6598557692307693 0.055288461538461536 0.07451923076923077
0 0.4266826923076923 0.8125 0.06971153846153846 0.036057692307692304
0 0.2127403846153846 0.8004807692307693 0.055288461538461536 0.03245192307692308
0 0.039663461538461536 0.5709134615384616 0.07932692307692307 0.05048076923076923
0 0.5612980769230769 0.859375 0.06009615384615385 0.06490384615384616
0 0.3137019230769231 0.8641826923076923 0.0673076923076923 0.039663461538461536
0 0.7451923076923077 0.06490384615384616 0.051682692307692304 0.08173076923076923
0 0.06850961538461539 0.8954326923076923 0.07932692307692307 0.038461538461538464
0 0.4098557692307692 0.8605769230769231 0.0673076923076923 0.040865384615384616
0 0.23677884615384615 0.18629807692307693 0.06370192307692307 0.037259615384615384
0 0.026442307692307692 0.5444711538461539 0.051682692307692304 0.036057692307692304
0 0.20793269230769232 0.203125 0.07091346153846154 0.07692307692307693
0 0.8425480769230769 0.41346153846153844 0.028846153846153848 0.09254807692307693
0 0.078125 0.875 0.0733173076923077 0.038461538461538464
0 0.3629807692307692 0.03245192307692308 0.09495192307692307 0.036057692307692304
0 0.25 0.8774038461538461 0.06971153846153846 0.052884615384615384
0 0.11658653846153846 0.48677884615384615 0.13701923076923078 0.05048076923076923
0 0.46634615384615385 0.8641826923076923 0.06009615384615385 0.08533653846153846
0 0.078125 0.24639423076923078 0.08653846153846154 0.03485576923076923
0 0.19951923076923078 0.484375 0.06971153846153846 0.06129807692307692
0 0.11538461538461539 0.6009615384615384 0.07692307692307693 0.040865384615384616
0 0.11057692307692307 0.8389423076923077 0.07211538461538461 0.027644230769230768
0 0.4651442307692308 0.6310096153846154 0.07451923076923077 0.038461538461538464
0 0.21153846153846154 0.7644230769230769 0.09134615384615384 0.036057692307692304
0 0.4639423076923077 0.42908653846153844 0.06370192307692307 0.06610576923076923
0 0.15264423076923078 0.8161057692307693 0.055288461538461536 0.028846153846153848
0 0.9278846153846154 0.8653846153846154 0.03365384615384615 0.038461538461538464
0 0.3112980769230769 0.4831730769230769 0.07211538461538461 0.052884615384615384
0 0.2439903846153846 0.5108173076923077 0.057692307692307696 0.03365384615384615
0 0.04807692307692308 0.21875 0.05048076923076923 0.03365384615384615
0 0.7896634615384616 0.6899038461538461 0.06370192307692307 0.037259615384615384
0 0.17668269230769232 0.6911057692307693 0.07692307692307693 0.038461538461538464
0 0.2692307692307692 0.9375 0.04807692307692308 0.052884615384615384
0 0.9747596153846154 0.109375 0.04567307692307692 0.08653846153846154
0 0.2776442307692308 0.8473557692307693 0.08533653846153846 0.038461538461538464
0 0.9807692307692307 0.7439903846153846 0.037259615384615384 0.07692307692307693
0 0.4266826923076923 0.7295673076923077 0.04927884615384615 0.03365384615384615
0 0.37740384615384615 0.45552884615384615 0.05048076923076923 0.04807692307692308
0 0.7055288461538461 0.38100961538461536 0.06610576923076923 0.05889423076923077
0 0.515625 0.44471153846153844 0.06129807692307692 0.042067307692307696
0 0.9387019230769231 0.2091346153846154 0.05048076923076923 0.03485576923076923
0 0.6923076923076923 0.5012019230769231 0.054086538461538464 0.04447115384615385
0 0.7139423076923077 0.26322115384615385 0.07572115384615384 0.05048076923076923
0 0.22355769230769232 0.25600961538461536 0.06490384615384616 0.06610576923076923
0 0.7560096153846154 0.4483173076923077 0.06490384615384616 0.042067307692307696
0 0.10336538461538461 0.21754807692307693 0.0889423076923077 0.04927884615384615