0 0.42788461538461536 0.10216346153846154 0.14302884615384615 0.09975961538461539
0 0.39783653846153844 0.6826923076923077 0.09375 0.08413461538461539
0 0.4110576923076923 0.43028846153846156 0.09615384615384616 0.13221153846153846
0 0.5985576923076923 0.7632211538461539 0.08052884615384616 0.08052884615384616
0 0.14543269230769232 0.40625 0.13942307692307693 0.203125
0 0.20432692307692307 0.2403846153846154 0.10697115384615384 0.11298076923076923
0 0.203125 0.09735576923076923 0.09615384615384616 0.19471153846153846
0 0.9387019230769231 0.3401442307692308 0.06490384615384616 0.1310096153846154
0 0.038461538461538464 0.19230769230769232 0.07692307692307693 0.07692307692307693
0 0.7512019230769231 0.6850961538461539 0.051682692307692304 0.1045673076923077
0 0.5961538461538461 0.9086538461538461 0.09375 0.11899038461538461
0 0.9735576923076923 0.8701923076923077 0.05048076923076923 0.08653846153846154
0 0.9290865384615384 0.9399038461538461 0.06610576923076923 0.10096153846153846
0 0.6514423076923077 0.7151442307692307 0.0829326923076923 0.07932692307692307
0 0.6237980769230769 0.3076923076923077 0.15264423076923078 0.09615384615384616
0 0.8257211538461539 0.7764423076923077 0.06009615384615385 0.06850961538461539
0 0.578125 0.45552884615384615 0.13822115384615385 0.11177884615384616
0 0.015625 0.07091346153846154 0.03125 0.11298076923076923
0 0.31850961538461536 0.22355769230769232 0.10216346153846154 0.06971153846153846
0 0.6911057692307693 0.9086538461538461 0.06610576923076923 0.08533653846153846
0 0.546875 0.6274038461538461 0.08052884615384616 0.0829326923076923
0 0.9362980769230769 0.4567307692307692 0.06009615384615385 0.13221153846153846
0 0.5877403846153846 0.14543269230769232 0.078125 0.09014423076923077
0 0.8629807692307693 0.03365384615384615 0.054086538461538464 0.0673076923076923
0 0.27403846153846156 0.9555288461538461 0.07211538461538461 0.08052884615384616
0 0.5012019230769231 0.16947115384615385 0.11298076923076923 0.10697115384615384
0 0.8329326923076923 0.7127403846153846 0.09615384615384616 0.08774038461538461
0 0.6947115384615384 0.06971153846153846 0.08653846153846154 0.13942307692307693
0 0.4831730769230769 0.44711538461538464 0.055288461538461536 0.06370192307692307
0 0.038461538461538464 0.9074519230769231 0.07572115384615384 0.14182692307692307
0 0.25841346153846156 0.056490384615384616 0.0829326923076923 0.11298076923076923
0 0.7608173076923077 0.9302884615384616 0.09254807692307693 0.11057692307692307