0 0.3125 0.06370192307692307 0.24519230769230768 0.0889423076923077
0 0.10336538461538461 0.3798076923076923 0.20673076923076922 0.1346153846153846
0 0.46274038461538464 0.46634615384615385 0.2403846153846154 0.10576923076923077
0 0.8016826923076923 0.8942307692307693 0.08052884615384616 0.21033653846153846
0 0.3317307692307692 0.6947115384615384 0.2439903846153846 0.11778846153846154
0 0.9399038461538461 0.5336538461538461 0.11899038461538461 0.08774038461538461
0 0.8257211538461539 0.7175480769230769 0.17307692307692307 0.15384615384615385
0 0.14302884615384615 0.7536057692307693 0.15865384615384615 0.14903846153846154
0 0.8269230769230769 0.2439903846153846 0.08653846153846154 0.08533653846153846
0 0.17427884615384615 0.027644230769230768 0.09375 0.055288461538461536
0 0.5576923076923077 0.9783653846153846 0.12259615384615384 0.040865384615384616
0 0.054086538461538464 0.19230769230769232 0.10697115384615384 0.12620192307692307
0 0.4579326923076923 0.78125 0.11778846153846154 0.06610576923076923
0 0.9615384615384616 0.6370192307692307 0.0733173076923077 0.07451923076923077
0 0.9795673076923077 0.296875 0.038461538461538464 0.14543269230769232
0 0.421875 0.7091346153846154 0.0985576923076923 0.07572115384615384
0 0.16346153846153846 0.19471153846153846 0.07572115384615384 0.12740384615384615
0 0.14903846153846154 0.875 0.21514423076923078 0.10697115384615384
0 0.29447115384615385 0.5516826923076923 0.11778846153846154 0.109375
0 0.7560096153846154 0.3293269230769231 0.1346153846153846 0.11538461538461539
0 0.640625 0.3545673076923077 0.25841346153846156 0.10336538461538461
0 0.9194711538461539 0.9543269230769231 0.12139423076923077 0.09014423076923077
0 0.125 0.6069711538461539 0.09495192307692307 0.08653846153846154
0 0.3858173076923077 0.2620192307692308 0.21634615384615385 0.09254807692307693
0 0.3942307692307692 0.8449519230769231 0.14302884615384615 0.08052884615384616
0 0.30408653846153844 0.2860576923076923 0.13822115384615385 0.07692307692307693
0 0.29086538461538464 0.15384615384615385 0.10697115384615384 0.11177884615384616
0 0.8677884615384616 0.7992788461538461 0.13822115384615385 0.1875
0 0.051682692307692304 0.9483173076923077 0.10336538461538461 0.09975961538461539
0 0.9567307692307693 0.4639423076923077 0.08533653846153846 0.12379807692307693
0 0.7512019230769231 0.9350961538461539 0.08052884615384616 0.12620192307692307
0 0.33774038461538464 0.6370192307692307 0.2091346153846154 0.09615384615384616
0 0.46634615384615385 0.8990384615384616 0.12740384615384615 0.0625