0 0.5384615384615384 0.1141826923076923 0.12259615384615384 0.09134615384615384
0 0.96875 0.038461538461538464 0.06129807692307692 0.07572115384615384
0 0.0889423076923077 0.2620192307692308 0.09735576923076923 0.12139423076923077
0 0.7836538461538461 0.037259615384615384 0.11538461538461539 0.07451923076923077
0 0.6322115384615384 0.2620192307692308 0.12740384615384615 0.06370192307692307
0 0.8233173076923077 0.9194711538461539 0.046875 0.06610576923076923
0 0.8942307692307693 0.33653846153846156 0.030048076923076924 0.039663461538461536
0 0.47115384615384615 0.04567307692307692 0.055288461538461536 0.0673076923076923
0 0.5985576923076923 0.34375 0.08533653846153846 0.08173076923076923
0 0.5132211538461539 0.7704326923076923 0.08052884615384616 0.07692307692307693
0 0.14783653846153846 0.7608173076923077 0.11538461538461539 0.06009615384615385
0 0.8149038461538461 0.9783653846153846 0.05889423076923077 0.042067307692307696
0 0.33533653846153844 0.021634615384615384 0.06009615384615385 0.04326923076923077
0 0.6574519230769231 0.19591346153846154 0.06610576923076923 0.06971153846153846
0 0.42908653846153844 0.5649038461538461 0.09254807692307693 0.09375
0 0.5877403846153846 0.039663461538461536 0.09375 0.07932692307692307
0 0.6778846153846154 0.35336538461538464 0.1310096153846154 0.07091346153846154
0 0.7728365384615384 0.5516826923076923 0.056490384615384616 0.06971153846153846
0 0.7680288461538461 0.36658653846153844 0.052884615384615384 0.06129807692307692
0 0.3016826923076923 0.9747596153846154 0.09134615384615384 0.04807692307692308
0 0.28365384615384615 0.2764423076923077 0.06490384615384616 0.0889423076923077
0 0.7848557692307693 0.9074519230769231 0.08052884615384616 0.07572115384615384
0 0.06009615384615385 0.5733173076923077 0.08173076923076923 0.057692307692307696
0 0.17427884615384615 0.5805288461538461 0.109375 0.09615384615384616
0 0.04326923076923077 0.5372596153846154 0.08653846153846154 0.06009615384615385
0 0.09134615384615384 0.3858173076923077 0.0625 0.08653846153846154
0 0.48197115384615385 0.27163461538461536 0.07211538461538461 0.10576923076923077
0 0.36177884615384615 0.8569711538461539 0.06490384615384616 0.0625
0 0.02403846153846154 0.7211538461538461 0.04807692307692308 0.0625
0 0.7451923076923077 0.1346153846153846 0.056490384615384616 0.09375
0 0.7752403846153846 0.12860576923076922 0.04927884615384615 0.10096153846153846
0 0.5432692307692307 0.9122596153846154 0.07091346153846154 0.1045673076923077
0 0.12860576923076922 0.9639423076923077 0.078125 0.06009615384615385
0 0.4807692307692308 0.6081730769230769 0.09134615384615384 0.051682692307692304