0 0.7572115384615384 0.24158653846153846 0.08052884615384616 0.06971153846153846
0 0.984375 0.04326923076923077 0.028846153846153848 0.08653846153846154
0 0.8125 0.16105769230769232 0.09735576923076923 0.07572115384615384
0 0.23677884615384615 0.25841346153846156 0.109375 0.08052884615384616
0 0.6923076923076923 0.31850961538461536 0.09735576923076923 0.07211538461538461
0 0.5144230769230769 0.040865384615384616 0.06490384615384616 0.08052884615384616
0 0.6923076923076923 0.5853365384615384 0.08653846153846154 0.109375
0 0.7175480769230769 0.9507211538461539 0.09014423076923077 0.09375
0 0.5396634615384616 0.15865384615384615 0.08653846153846154 0.125
0 0.02403846153846154 0.9771634615384616 0.04807692307692308 0.04326923076923077
0 0.038461538461538464 0.10817307692307693 0.07692307692307693 0.0625
0 0.2512019230769231 0.7608173076923077 0.057692307692307696 0.16706730769230768
0 0.6177884615384616 0.109375 0.06009615384615385 0.07572115384615384
0 0.2548076923076923 0.20673076923076922 0.06610576923076923 0.07572115384615384
0 0.1045673076923077 0.6682692307692307 0.1045673076923077 0.11177884615384616
0 0.9807692307692307 0.3401442307692308 0.037259615384615384 0.06490384615384616
0 0.43509615384615385 0.8834134615384616 0.1045673076923077 0.09735576923076923
0 0.8052884615384616 0.5384615384615384 0.11177884615384616 0.1346153846153846
0 0.8040865384615384 0.7427884615384616 0.1814903846153846 0.078125
0 0.9747596153846154 0.18629807692307693 0.04927884615384615 0.06971153846153846
0 0.3701923076923077 0.04567307692307692 0.09375 0.09014423076923077
0 0.12139423076923077 0.9771634615384616 0.0733173076923077 0.042067307692307696
0 0.8064903846153846 0.24278846153846154 0.06971153846153846 0.052884615384615384
0 0.5685096153846154 0.025240384615384616 0.06009615384615385 0.05048076923076923
0 0.04567307692307692 0.042067307692307696 0.0673076923076923 0.078125
0 0.39903846153846156 0.9831730769230769 0.078125 0.030048076923076924
0 0.056490384615384616 0.26802884615384615 0.0985576923076923 0.0733173076923077
0 0.953125 0.27524038461538464 0.09134615384615384 0.1045673076923077
0 0.9411057692307693 0.125 0.11658653846153846 0.08413461538461539