0 0.8461538461538461 0.3954326923076923 0.11778846153846154 0.1045673076923077
0 0.10096153846153846 0.39783653846153844 0.10096153846153846 0.10576923076923077
0 0.9567307692307693 0.49278846153846156 0.08413461538461539 0.078125
0 0.019230769230769232 0.1658653846153846 0.038461538461538464 0.07692307692307693
0 0.9771634615384616 0.20552884615384615 0.04447115384615385 0.05048076923076923
0 0.33774038461538464 0.9290865384615384 0.09735576923076923 0.12259615384615384
0 0.6213942307692307 0.2704326923076923 0.05048076923076923 0.04927884615384615
0 0.35697115384615385 0.6911057692307693 0.11778846153846154 0.0625
0 0.8545673076923077 0.7331730769230769 0.057692307692307696 0.04807692307692308
0 0.6165865384615384 0.09495192307692307 0.09495192307692307 0.07451923076923077
0 0.9086538461538461 0.7608173076923077 0.1141826923076923 0.08653846153846154
0 0.39783653846153844 0.18269230769230768 0.07211538461538461 0.06490384615384616
0 0.4519230769230769 0.7692307692307693 0.06370192307692307 0.0625
0 0.6862980769230769 0.7115384615384616 0.10697115384615384 0.09134615384615384
0 0.5264423076923077 0.3401442307692308 0.07451923076923077 0.04927884615384615
0 0.22596153846153846 0.7427884615384616 0.06971153846153846 0.055288461538461536
0 0.7091346153846154 0.20673076923076922 0.06009615384615385 0.04447115384615385
0 0.9771634615384616 0.9314903846153846 0.04326923076923077 0.1141826923076923
0 0.7199519230769231 0.3233173076923077 0.08653846153846154 0.046875
0 0.9338942307692307 0.09615384615384616 0.05889423076923077 0.06490384615384616
0 0.5733173076923077 0.20072115384615385 0.06971153846153846 0.07211538461538461
0 0.6129807692307693 0.6466346153846154 0.0733173076923077 0.09134615384615384
0 0.014423076923076924 0.8581730769230769 0.028846153846153848 0.06971153846153846
0 0.16105769230769232 0.890625 0.0829326923076923 0.0829326923076923
0 0.19831730769230768 0.65625 0.0673076923076923 0.05889423076923077
0 0.8533653846153846 0.8990384615384616 0.08653846153846154 0.16826923076923078
0 0.18269230769230768 0.5600961538461539 0.10697115384615384 0.08052884615384616
0 0.6081730769230769 0.4723557692307692 0.04927884615384615 0.08533653846153846
0 0.6622596153846154 0.22115384615384615 0.09254807692307693 0.09735576923076923
0 0.28846153846153844 0.038461538461538464 0.10576923076923077 0.07692307692307693
0 0.7776442307692307 0.7259615384615384 0.055288461538461536 0.05048076923076923
0 0.44471153846153844 0.09254807692307693 0.0889423076923077 0.09615384615384616
0 0.9855769230769231 0.11538461538461539 0.027644230769230768 0.057692307692307696
0 0.421875 0.25841346153846156 0.08653846153846154 0.07692307692307693
0 0.5576923076923077 0.026442307692307692 0.09254807692307693 0.051682692307692304
0 0.8918269230769231 0.9242788461538461 0.06971153846153846 0.1141826923076923
0 0.5673076923076923 0.40024038461538464 0.10336538461538461 0.0625