0 0.12379807692307693 0.14423076923076922 0.06009615384615385 0.04326923076923077
0 0.2668269230769231 0.030048076923076924 0.05889423076923077 0.06009615384615385
0 0.8425480769230769 0.08413461538461539 0.06971153846153846 0.06009615384615385
0 0.5769230769230769 0.030048076923076924 0.040865384615384616 0.037259615384615384
0 0.5252403846153846 0.018028846153846152 0.040865384615384616 0.036057692307692304
0 0.32572115384615385 0.026442307692307692 0.028846153846153848 0.04927884615384615
0 0.016826923076923076 0.021634615384615384 0.03365384615384615 0.020432692307692308
0 0.9423076923076923 0.0889423076923077 0.04927884615384615 0.056490384615384616
0 0.5360576923076923 0.48677884615384615 0.054086538461538464 0.04326923076923077
0 0.6069711538461539 0.546875 0.04567307692307692 0.038461538461538464
0 0.47115384615384615 0.7115384615384616 0.04326923076923077 0.05889423076923077
0 0.8762019230769231 0.7235576923076923 0.12740384615384615 0.06490384615384616
0 0.9663461538461539 0.6634615384615384 0.042067307692307696 0.06009615384615385
0 0.9723557692307693 0.6165865384615384 0.054086538461538464 0.037259615384615384
0 0.8185096153846154 0.7896634615384616 0.055288461538461536 0.040865384615384616
0 0.6538461538461539 0.8269230769230769 0.06850961538461539 0.07932692307692307
0 0.6778846153846154 0.8076923076923077 0.037259615384615384 0.040865384615384616
0 0.6370192307692307 0.9230769230769231 0.054086538461538464 0.14182692307692307
0 0.18269230769230768 0.7307692307692307 0.04927884615384615 0.11177884615384616
0 0.12139423076923077 0.7043269230769231 0.039663461538461536 0.06129807692307692
0 0.06490384615384616 0.7259615384615384 0.04447115384615385 0.06009615384615385
0 0.9555288461538461 0.040865384615384616 0.06009615384615385 0.04807692307692308
0 0.6598557692307693 0.6887019230769231 0.07692307692307693 0.039663461538461536
0 0.7055288461538461 0.6983173076923077 0.03485576923076923 0.03365384615384615
0 0.7596153846153846 0.6153846153846154 0.05048076923076923 0.039663461538461536
0 0.7860576923076923 0.6262019230769231 0.051682692307692304 0.06009615384615385
0 0.8076923076923077 0.16466346153846154 0.04927884615384615 0.055288461538461536
0 0.11778846153846154 0.09375 0.028846153846153848 0.03365384615384615
0 0.078125 0.0625 0.06370192307692307 0.04927884615384615
0 0.20673076923076922 0.007211538461538462 0.03365384615384615 0.014423076923076924
0 0.5180288461538461 0.5096153846153846 0.03125 0.028846153846153848