0 0.859375 0.140625 0.030048076923076924 0.10697115384615384
0 0.8197115384615384 0.10216346153846154 0.04927884615384615 0.05889423076923077
0 0.6790865384615384 0.07572115384615384 0.10576923076923077 0.04927884615384615
0 0.7764423076923077 0.20432692307692307 0.055288461538461536 0.055288461538461536
0 0.7283653846153846 0.23798076923076922 0.03245192307692308 0.07211538461538461
0 0.4987980769230769 0.051682692307692304 0.09014423076923077 0.02403846153846154
0 0.5612980769230769 0.22355769230769232 0.14302884615384615 0.042067307692307696
0 0.6262019230769231 0.31971153846153844 0.078125 0.054086538461538464
0 0.36177884615384615 0.052884615384615384 0.03365384615384615 0.057692307692307696
0 0.2668269230769231 0.14903846153846154 0.07692307692307693 0.052884615384615384
0 0.31971153846153844 0.20552884615384615 0.055288461538461536 0.10336538461538461
0 0.34134615384615385 0.22596153846153846 0.08413461538461539 0.09615384615384616
0 0.3557692307692308 0.24759615384615385 0.07572115384615384 0.08052884615384616
0 0.43149038461538464 0.24519230769230768 0.08653846153846154 0.02283653846153846
0 0.4411057692307692 0.18269230769230768 0.03245192307692308 0.08413461538461539
0 0.46634615384615385 0.22115384615384615 0.055288461538461536 0.12860576923076922
0 0.18509615384615385 0.2247596153846154 0.0625 0.15384615384615385
0 0.5384615384615384 0.3004807692307692 0.04927884615384615 0.055288461538461536
0 0.47596153846153844 0.3329326923076923 0.05889423076923077 0.026442307692307692
0 0.6165865384615384 0.3641826923076923 0.056490384615384616 0.03245192307692308
0 0.4266826923076923 0.36538461538461536 0.10697115384615384 0.030048076923076924
0 0.30408653846153844 0.3605769230769231 0.055288461538461536 0.037259615384615384
0 0.08173076923076923 0.21754807692307693 0.040865384615384616 0.1045673076923077
0 0.056490384615384616 0.18509615384615385 0.11298076923076923 0.0673076923076923
0 0.020432692307692308 0.2668269230769231 0.02283653846153846 0.06971153846153846
0 0.06370192307692307 0.3233173076923077 0.12740384615384615 0.04447115384615385
0 0.12379807692307693 0.29927884615384615 0.06850961538461539 0.038461538461538464
0 0.10697115384615384 0.36177884615384615 0.078125 0.027644230769230768
0 0.8257211538461539 0.3485576923076923 0.1346153846153846 0.09014423076923077
0 0.8064903846153846 0.6021634615384616 0.030048076923076924 0.07572115384615384
0 0.8497596153846154 0.6189903846153846 0.09975961538461539 0.025240384615384616
0 0.7427884615384616 0.5588942307692307 0.056490384615384616 0.0829326923076923
0 0.6766826923076923 0.5516826923076923 0.04326923076923077 0.057692307692307696
0 0.6983173076923077 0.5865384615384616 0.04927884615384615 0.06971153846153846
0 0.6298076923076923 0.6286057692307693 0.0889423076923077 0.08533653846153846
0 0.6346153846153846 0.5637019230769231 0.04807692307692308 0.08052884615384616
0 0.5685096153846154 0.5480769230769231 0.06971153846153846 0.07572115384615384
0 0.5360576923076923 0.49158653846153844 0.06490384615384616 0.08533653846153846
0 0.4735576923076923 0.5348557692307693 0.039663461538461536 0.14543269230769232
0 0.3605769230769231 0.46153846153846156 0.109375 0.109375
0 0.41947115384615385 0.4987980769230769 0.046875 0.12139423076923077
0 0.1622596153846154 0.5084134615384616 0.08052884615384616 0.13221153846153846
0 0.1971153846153846 0.5769230769230769 0.03125 0.06490384615384616
0 0.23677884615384615 0.5673076923076923 0.07091346153846154 0.11057692307692307
0 0.3016826923076923 0.5985576923076923 0.036057692307692304 0.051682692307692304
0 0.2764423076923077 0.6574519230769231 0.04447115384615385 0.06490384615384616
0 0.29927884615384615 0.7043269230769231 0.0625 0.03485576923076923
0 0.4375 0.6286057692307693 0.07572115384615384 0.02283653846153846
0 0.09375 0.6466346153846154 0.04447115384615385 0.11177884615384616
0 0.21754807692307693 0.7175480769230769 0.05889423076923077 0.056490384615384616
0 0.3425480769230769 0.7355769230769231 0.04567307692307692 0.028846153846153848
0 0.40865384615384615 0.7235576923076923 0.046875 0.027644230769230768
0 0.5877403846153846 0.7235576923076923 0.09134615384615384 0.026442307692307692
0 0.11298076923076923 0.75 0.027644230769230768 0.042067307692307696
0 0.109375 0.8028846153846154 0.0673076923076923 0.04326923076923077
0 0.046875 0.7512019230769231 0.027644230769230768 0.06370192307692307
0 0.056490384615384616 0.8112980769230769 0.030048076923076924 0.06490384615384616
0 0.030048076923076924 0.8605769230769231 0.06009615384615385 0.04807692307692308
0 0.018028846153846152 0.7608173076923077 0.03365384615384615 0.037259615384615384
0 0.039663461538461536 0.8076923076923077 0.07932692307692307 0.028846153846153848
0 0.07692307692307693 0.6117788461538461 0.15384615384615385 0.06009615384615385
0 0.2824519230769231 0.9122596153846154 0.052884615384615384 0.06370192307692307
0 0.6418269230769231 0.7620192307692307 0.08653846153846154 0.026442307692307692
0 0.7932692307692307 0.7439903846153846 0.15745192307692307 0.03125
0 0.8870192307692307 0.8497596153846154 0.04326923076923077 0.10697115384615384
0 0.7752403846153846 0.8689903846153846 0.06850961538461539 0.03365384615384615
0 0.7728365384615384 0.7728365384615384 0.14302884615384615 0.020432692307692308
0 0.8834134615384616 0.9050480769230769 0.140625 0.026442307692307692
0 0.2668269230769231 0.3545673076923077 0.028846153846153848 0.0733173076923077
0 0.9447115384615384 0.20793269230769232 0.08173076923076923 0.06009615384615385
0 0.9495192307692307 0.17427884615384615 0.09134615384615384 0.06009615384615385
0 0.984375 0.13221153846153846 0.02283653846153846 0.025240384615384616
0 0.9879807692307693 0.21514423076923078 0.021634615384615384 0.08173076923076923
0 0.9879807692307693 0.27524038461538464 0.018028846153846152 0.026442307692307692
0 0.9350961538461539 0.7608173076923077 0.02403846153846154 0.06490384615384616
0 0.859375 0.7668269230769231 0.12259615384615384 0.026442307692307692
0 0.7908653846153846 0.8846153846153846 0.037259615384615384 0.07692307692307693
0 0.7608173076923077 0.8677884615384616 0.014423076923076924 0.09014423076923077
0 0.3762019230769231 0.5877403846153846 0.027644230769230768 0.019230769230769232
0 0.34134615384615385 0.640625 0.028846153846153848 0.025240384615384616
0 0.38221153846153844 0.6358173076923077 0.021634615384615384 0.020432692307692308
0 0.3473557692307692 0.9615384615384616 0.03485576923076923 0.028846153846153848
0 0.04927884615384615 0.2668269230769231 0.025240384615384616 0.05889423076923077
0 0.8473557692307693 0.7007211538461539 0.036057692307692304 0.040865384615384616
0 0.7764423076923077 0.6322115384615384 0.03365384615384615 0.019230769230769232
0 0.9170673076923077 0.7920673076923077 0.07091346153846154 0.02283653846153846
0 0.2920673076923077 0.7752403846153846 0.042067307692307696 0.009615384615384616
0 0.35336538461538464 0.6213942307692307 0.019230769230769232 0.020432692307692308
0 0.8509615384615384 0.328125 0.056490384615384616 0.04447115384615385
0 0.5516826923076923 0.28365384615384615 0.030048076923076924 0.055288461538461536
0 0.18870192307692307 0.12980769230769232 0.028846153846153848 0.06490384615384616
0 0.6586538461538461 0.7067307692307693 0.030048076923076924 0.04567307692307692
0 0.6971153846153846 0.7259615384615384 0.06850961538461539 0.04326923076923077
0 0.7367788461538461 0.7235576923076923 0.078125 0.04447115384615385
0 0.31850961538461536 0.037259615384615384 0.020432692307692308 0.018028846153846152
0 0.25240384615384615 0.18870192307692307 0.04807692307692308 0.056490384615384616
0 0.2536057692307692 0.21634615384615385 0.06370192307692307 0.04927884615384615
0 0.22355769230769232 0.2403846153846154 0.1310096153846154 0.025240384615384616
0 0.2536057692307692 0.5516826923076923 0.0673076923076923 0.09134615384615384
0 0.08413461538461539 0.34615384615384615 0.039663461538461536 0.028846153846153848
0 0.6298076923076923 0.5036057692307693 0.052884615384615384 0.06490384615384616