0 0.06009615384615385 0.026442307692307692 0.03365384615384615 0.03365384615384615
0 0.21634615384615385 0.037259615384615384 0.051682692307692304 0.04447115384615385
0 0.29927884615384615 0.16346153846153846 0.037259615384615384 0.038461538461538464
0 0.38822115384615385 0.0985576923076923 0.04326923076923077 0.037259615384615384
0 0.36899038461538464 0.010817307692307692 0.04927884615384615 0.020432692307692308
0 0.546875 0.08653846153846154 0.052884615384615384 0.052884615384615384
0 0.7355769230769231 0.22596153846153846 0.046875 0.040865384615384616
0 0.06129807692307692 0.08653846153846154 0.03365384615384615 0.03245192307692308
0 0.10096153846153846 0.10216346153846154 0.06971153846153846 0.03365384615384615
0 0.7235576923076923 0.109375 0.030048076923076924 0.03365384615384615
0 0.7680288461538461 0.11177884615384616 0.04326923076923077 0.039663461538461536
0 0.7608173076923077 0.039663461538461536 0.04567307692307692 0.028846153846153848
0 0.8461538461538461 0.009615384615384616 0.036057692307692304 0.018028846153846152
0 0.9387019230769231 0.06971153846153846 0.08533653846153846 0.06009615384615385
0 0.8545673076923077 0.17427884615384615 0.051682692307692304 0.05048076923076923
0 0.6442307692307693 0.1778846153846154 0.038461538461538464 0.03245192307692308
0 0.6814903846153846 0.2091346153846154 0.03365384615384615 0.028846153846153848
0 0.028846153846153848 0.44471153846153844 0.040865384615384616 0.04326923076923077
0 0.4098557692307692 0.4795673076923077 0.038461538461538464 0.04567307692307692
0 0.8389423076923077 0.5132211538461539 0.051682692307692304 0.03485576923076923
0 0.8497596153846154 0.5564903846153846 0.036057692307692304 0.03485576923076923
0 0.7764423076923077 0.6875 0.04567307692307692 0.038461538461538464
0 0.7091346153846154 0.6802884615384616 0.039663461538461536 0.04447115384615385
0 0.8185096153846154 0.7632211538461539 0.037259615384615384 0.04807692307692308
0 0.6694711538461539 0.71875 0.04447115384615385 0.06610576923076923
0 0.6382211538461539 0.7668269230769231 0.03365384615384615 0.040865384615384616
0 0.6237980769230769 0.6514423076923077 0.055288461538461536 0.042067307692307696
0 0.5372596153846154 0.6274038461538461 0.038461538461538464 0.05048076923076923
0 0.5276442307692307 0.5841346153846154 0.027644230769230768 0.025240384615384616
0 0.5456730769230769 0.84375 0.038461538461538464 0.04567307692307692
0 0.3942307692307692 0.8221153846153846 0.03485576923076923 0.03485576923076923
0 0.3173076923076923 0.8461538461538461 0.04927884615384615 0.04447115384615385
0 0.2704326923076923 0.7572115384615384 0.05048076923076923 0.042067307692307696
0 0.1622596153846154 0.9375 0.05889423076923077 0.054086538461538464
0 0.06850961538461539 0.7704326923076923 0.039663461538461536 0.039663461538461536
0 0.11778846153846154 0.7427884615384616 0.037259615384615384 0.042067307692307696
0 0.22956730769230768 0.6850961538461539 0.040865384615384616 0.036057692307692304
0 0.3786057692307692 0.6538461538461539 0.027644230769230768 0.03485576923076923
0 0.4230769230769231 0.6177884615384616 0.028846153846153848 0.03365384615384615
0 0.24519230769230768 0.6298076923076923 0.038461538461538464 0.038461538461538464
0 0.09014423076923077 0.6670673076923077 0.039663461538461536 0.042067307692307696
0 0.038461538461538464 0.6442307692307693 0.038461538461538464 0.04326923076923077
0 0.2644230769230769 0.5204326923076923 0.055288461538461536 0.036057692307692304
0 0.9447115384615384 0.5384615384615384 0.038461538461538464 0.03365384615384615
0 0.5733173076923077 0.6177884615384616 0.030048076923076924 0.054086538461538464
0 0.01201923076923077 0.09495192307692307 0.02403846153846154 0.03125