0 0.25961538461538464 0.18629807692307693 0.038461538461538464 0.07692307692307693
0 0.2932692307692308 0.18028846153846154 0.03365384615384615 0.078125
0 0.3125 0.24278846153846154 0.03365384615384615 0.03245192307692308
0 0.36658653846153844 0.23197115384615385 0.06009615384615385 0.026442307692307692
0 0.4098557692307692 0.19230769230769232 0.06370192307692307 0.016826923076923076
0 0.38221153846153844 0.1778846153846154 0.021634615384615384 0.01201923076923077
0 0.5036057692307693 0.0829326923076923 0.06009615384615385 0.11057692307692307
0 0.3125 0.3137019230769231 0.051682692307692304 0.027644230769230768
0 0.4182692307692308 0.28365384615384615 0.025240384615384616 0.02403846153846154
0 0.44350961538461536 0.27524038461538464 0.019230769230769232 0.02403846153846154
0 0.3269230769230769 0.3605769230769231 0.06850961538461539 0.04927884615384615
0 0.47475961538461536 0.3317307692307692 0.09014423076923077 0.036057692307692304
0 0.4326923076923077 0.3389423076923077 0.03245192307692308 0.036057692307692304
0 0.45552884615384615 0.3762019230769231 0.027644230769230768 0.04326923076923077
0 0.10576923076923077 0.33533653846153844 0.018028846153846152 0.042067307692307696
0 0.13942307692307693 0.33653846153846156 0.030048076923076924 0.021634615384615384
0 0.16947115384615385 0.3786057692307692 0.038461538461538464 0.015625
0 0.11057692307692307 0.45072115384615385 0.07572115384615384 0.025240384615384616
0 0.17427884615384615 0.47836538461538464 0.03485576923076923 0.039663461538461536
0 0.27283653846153844 0.46033653846153844 0.056490384615384616 0.06009615384615385
0 0.24278846153846154 0.5180288461538461 0.05889423076923077 0.07091346153846154
0 0.23076923076923078 0.4807692307692308 0.018028846153846152 0.04567307692307692
0 0.23197115384615385 0.6850961538461539 0.037259615384615384 0.055288461538461536
0 0.16706730769230768 0.7608173076923077 0.020432692307692308 0.030048076923076924
0 0.22956730769230768 0.7644230769230769 0.030048076923076924 0.03485576923076923
0 0.21875 0.7848557692307693 0.03365384615384615 0.02283653846153846
0 0.2860576923076923 0.7932692307692307 0.026442307692307692 0.039663461538461536
0 0.2800480769230769 0.8173076923076923 0.02283653846153846 0.02283653846153846
0 0.26322115384615385 0.8341346153846154 0.019230769230769232 0.03365384615384615
0 0.21033653846153846 0.8197115384615384 0.04447115384615385 0.0673076923076923
0 0.22235576923076922 0.8882211538461539 0.019230769230769232 0.056490384615384616
0 0.12980769230769232 0.8569711538461539 0.06490384615384616 0.05889423076923077
0 0.12139423076923077 0.8305288461538461 0.038461538461538464 0.019230769230769232
0 0.5384615384615384 0.21634615384615385 0.1201923076923077 0.07572115384615384
0 0.5901442307692307 0.18028846153846154 0.03245192307692308 0.06490384615384616
0 0.5769230769230769 0.2704326923076923 0.09615384615384616 0.07091346153846154
0 0.6165865384615384 0.2932692307692308 0.03485576923076923 0.07572115384615384
0 0.21875 0.24639423076923078 0.039663461538461536 0.02403846153846154
0 0.13701923076923078 0.24879807692307693 0.038461538461538464 0.04567307692307692
0 0.0829326923076923 0.5096153846153846 0.026442307692307692 0.037259615384615384
0 0.49759615384615385 0.46033653846153844 0.016826923076923076 0.040865384615384616
0 0.5240384615384616 0.4579326923076923 0.03245192307692308 0.028846153846153848
0 0.6550480769230769 0.14903846153846154 0.04326923076923077 0.04927884615384615
0 0.6742788461538461 0.16706730769230768 0.0625 0.08533653846153846
0 0.703125 0.1875 0.040865384615384616 0.02283653846153846
0 0.7283653846153846 0.22716346153846154 0.0625 0.0829326923076923
0 0.7512019230769231 0.2247596153846154 0.057692307692307696 0.06009615384615385
0 0.6069711538461539 0.3641826923076923 0.03125 0.03365384615384615
0 0.6033653846153846 0.39903846153846156 0.06610576923076923 0.020432692307692308
0 0.6262019230769231 0.43028846153846156 0.037259615384615384 0.03485576923076923
0 0.7139423076923077 0.35697115384615385 0.020432692307692308 0.02283653846153846
0 0.7487980769230769 0.3762019230769231 0.014423076923076924 0.02403846153846154
0 0.7860576923076923 0.3317307692307692 0.07932692307692307 0.02283653846153846
0 0.7992788461538461 0.40865384615384615 0.03365384615384615 0.06971153846153846
0 0.8185096153846154 0.40625 0.021634615384615384 0.02403846153846154
0 0.7644230769230769 0.45552884615384615 0.036057692307692304 0.028846153846153848
0 0.8004807692307693 0.5024038461538461 0.06370192307692307 0.11538461538461539
0 0.6550480769230769 0.6262019230769231 0.038461538461538464 0.05048076923076923
0 0.5516826923076923 0.6826923076923077 0.06009615384615385 0.042067307692307696
0 0.5600961538461539 0.7211538461538461 0.037259615384615384 0.03365384615384615
0 0.59375 0.7043269230769231 0.018028846153846152 0.030048076923076924
0 0.6069711538461539 0.7355769230769231 0.014423076923076924 0.016826923076923076
0 0.6550480769230769 0.6802884615384616 0.03365384615384615 0.038461538461538464
0 0.7572115384615384 0.6310096153846154 0.055288461538461536 0.019230769230769232
0 0.7007211538461539 0.7319711538461539 0.037259615384615384 0.027644230769230768
0 0.7391826923076923 0.7295673076923077 0.020432692307692308 0.016826923076923076
0 0.7403846153846154 0.7620192307692307 0.02403846153846154 0.018028846153846152
0 0.7896634615384616 0.8100961538461539 0.09254807692307693 0.08052884615384616
0 0.6237980769230769 0.8317307692307693 0.02283653846153846 0.02403846153846154
0 0.6514423076923077 0.8605769230769231 0.039663461538461536 0.06370192307692307
0 0.7764423076923077 0.703125 0.051682692307692304 0.039663461538461536
0 0.7427884615384616 0.7007211538461539 0.013221153846153846 0.019230769230769232
0 0.8209134615384616 0.7451923076923077 0.06971153846153846 0.038461538461538464
0 0.8173076923076923 0.7139423076923077 0.038461538461538464 0.015625
0 0.8173076923076923 0.6875 0.038461538461538464 0.03125
0 0.8822115384615384 0.07211538461538461 0.038461538461538464 0.0829326923076923
0 0.7572115384615384 0.15985576923076922 0.019230769230769232 0.028846153846153848
0 0.8052884615384616 0.17908653846153846 0.028846153846153848 0.05889423076923077
0 0.8269230769230769 0.22716346153846154 0.10096153846153846 0.06129807692307692
0 0.8930288461538461 0.23918269230769232 0.04927884615384615 0.08774038461538461
0 0.9651442307692307 0.2800480769230769 0.0673076923076923 0.028846153846153848
0 0.37259615384615385 0.4879807692307692 0.02403846153846154 0.038461538461538464
0 0.1971153846153846 0.4831730769230769 0.03245192307692308 0.04447115384615385
0 0.09375 0.33653846153846156 0.013221153846153846 0.038461538461538464
0 0.7055288461538461 0.65625 0.027644230769230768 0.028846153846153848
0 0.5252403846153846 0.43028846153846156 0.020432692307692308 0.020432692307692308
0 0.8377403846153846 0.7007211538461539 0.028846153846153848 0.028846153846153848
0 0.6069711538461539 0.46274038461538464 0.03365384615384615 0.06490384615384616
0 0.6394230769230769 0.4182692307692308 0.03245192307692308 0.020432692307692308