0 0.6586538461538461 0.6430288461538461 0.08052884615384616 0.0733173076923077
0 0.5889423076923077 0.5132211538461539 0.06610576923076923 0.07572115384615384
0 0.17548076923076922 0.35697115384615385 0.06009615384615385 0.057692307692307696
0 0.9651442307692307 0.41225961538461536 0.0673076923076923 0.11177884615384616
0 0.9519230769230769 0.7536057692307693 0.06129807692307692 0.10336538461538461
0 0.8641826923076923 0.38100961538461536 0.07091346153846154 0.10697115384615384
0 0.4639423076923077 0.9182692307692307 0.042067307692307696 0.1310096153846154
0 0.8677884615384616 0.765625 0.10697115384615384 0.0625
0 0.4951923076923077 0.9399038461538461 0.06370192307692307 0.11778846153846154
0 0.9483173076923077 0.4951923076923077 0.0733173076923077 0.06370192307692307
0 0.9074519230769231 0.22956730769230768 0.08774038461538461 0.08653846153846154
0 0.04326923076923077 0.6262019230769231 0.055288461538461536 0.055288461538461536
0 0.19951923076923078 0.1658653846153846 0.06971153846153846 0.10216346153846154
0 0.47836538461538464 0.7295673076923077 0.1310096153846154 0.09134615384615384
0 0.3473557692307692 0.3737980769230769 0.09495192307692307 0.0889423076923077
0 0.8581730769230769 0.984375 0.12139423076923077 0.030048076923076924
0 0.28846153846153844 0.27403846153846156 0.08653846153846154 0.10096153846153846
0 0.052884615384615384 0.4014423076923077 0.0625 0.0829326923076923
0 0.7367788461538461 0.49158653846153844 0.06370192307692307 0.07692307692307693
0 0.453125 0.23798076923076922 0.14543269230769232 0.11177884615384616
0 0.5288461538461539 0.5685096153846154 0.12740384615384615 0.056490384615384616
0 0.7572115384615384 0.7391826923076923 0.10336538461538461 0.07091346153846154
0 0.6754807692307693 0.13221153846153846 0.0625 0.109375
0 0.11298076923076923 0.8221153846153846 0.07451923076923077 0.06490384615384616
0 0.2439903846153846 0.1310096153846154 0.06610576923076923 0.09615384615384616
0 0.546875 0.9459134615384616 0.056490384615384616 0.06610576923076923
0 0.6959134615384616 0.8786057692307693 0.06971153846153846 0.14302884615384615
0 0.671875 0.9639423076923077 0.0829326923076923 0.06971153846153846
0 0.040865384615384616 0.30288461538461536 0.08052884615384616 0.0985576923076923
0 0.28725961538461536 0.5516826923076923 0.14903846153846154 0.15144230769230768
0 0.13822115384615385 0.18028846153846154 0.06490384615384616 0.1346153846153846
0 0.47836538461538464 0.6778846153846154 0.07572115384615384 0.052884615384615384
0 0.18028846153846154 0.421875 0.09495192307692307 0.07091346153846154
0 0.5168269230769231 0.6322115384615384 0.0889423076923077 0.0625
0 0.9807692307692307 0.3870192307692308 0.036057692307692304 0.08774038461538461
0 0.05048076923076923 0.96875 0.0733173076923077 0.06129807692307692
0 0.22115384615384615 0.609375 0.06971153846153846 0.07211538461538461
0 0.23677884615384615 0.9723557692307693 0.08774038461538461 0.052884615384615384
0 0.4879807692307692 0.4362980769230769 0.06850961538461539 0.06370192307692307
0 0.8233173076923077 0.037259615384615384 0.06490384615384616 0.0733173076923077
0 0.16466346153846154 0.5829326923076923 0.08173076923076923 0.12259615384615384
0 0.025240384615384616 0.5480769230769231 0.05048076923076923 0.057692307692307696
0 0.5961538461538461 0.29086538461538464 0.09735576923076923 0.10576923076923077
0 0.8329326923076923 0.4795673076923077 0.10576923076923077 0.06370192307692307
0 0.09134615384615384 0.5336538461538461 0.04927884615384615 0.052884615384615384
0 0.13942307692307693 0.5024038461538461 0.06490384615384616 0.06009615384615385
0 0.4987980769230769 0.8497596153846154 0.0733173076923077 0.06971153846153846
0 0.9771634615384616 0.7271634615384616 0.04447115384615385 0.07572115384615384
0 0.2247596153846154 0.5276442307692307 0.052884615384615384 0.06971153846153846
0 0.8353365384615384 0.22235576923076922 0.05889423076923077 0.11177884615384616
0 0.027644230769230768 0.055288461538461536 0.055288461538461536 0.11057692307692307
0 0.9615384615384616 0.8233173076923077 0.07572115384615384 0.09495192307692307
0 0.6862980769230769 0.3786057692307692 0.0673076923076923 0.08653846153846154
0 0.8485576923076923 0.30288461538461536 0.0625 0.06490384615384616
0 0.5925480769230769 0.9423076923076923 0.06490384615384616 0.06370192307692307
0 0.078125 0.578125 0.10096153846153846 0.10817307692307693
0 0.6382211538461539 0.42427884615384615 0.0733173076923077 0.14302884615384615