0 0.9507211538461539 0.14182692307692307 0.09615384615384616 0.06971153846153846
0 0.9483173076923077 0.7391826923076923 0.10216346153846154 0.07932692307692307
0 0.040865384615384616 0.33052884615384615 0.08173076923076923 0.0625
0 0.052884615384615384 0.20793269230769232 0.10576923076923077 0.06009615384615385
0 0.11658653846153846 0.34375 0.08533653846153846 0.1045673076923077
0 0.09254807692307693 0.14182692307692307 0.18509615384615385 0.08173076923076923
0 0.9639423076923077 0.28365384615384615 0.0673076923076923 0.08052884615384616
0 0.06610576923076923 0.09375 0.13221153846153846 0.07932692307692307
0 0.9759615384615384 0.6983173076923077 0.04447115384615385 0.12379807692307693
0 0.052884615384615384 0.26322115384615385 0.10576923076923077 0.06490384615384616
0 0.036057692307692304 0.4495192307692308 0.07211538461538461 0.09495192307692307
0 0.7836538461538461 0.171875 0.16826923076923078 0.1201923076923077
0 0.9038461538461539 0.28846153846153844 0.15384615384615385 0.09735576923076923
0 0.9663461538461539 0.8233173076923077 0.05889423076923077 0.07572115384615384
0 0.10096153846153846 0.021634615384615384 0.11538461538461539 0.04326923076923077