0 0.24879807692307693 0.8016826923076923 0.06610576923076923 0.0733173076923077
0 0.4735576923076923 0.7788461538461539 0.09134615384615384 0.09014423076923077
0 0.0625 0.6057692307692307 0.125 0.10817307692307693
0 0.4495192307692308 0.40384615384615385 0.0985576923076923 0.08653846153846154
0 0.6610576923076923 0.21634615384615385 0.10697115384615384 0.1310096153846154
0 0.030048076923076924 0.8509615384615384 0.06009615384615385 0.09134615384615384
0 0.9471153846153846 0.02283653846153846 0.07451923076923077 0.04326923076923077
0 0.7391826923076923 0.5 0.09495192307692307 0.09615384615384616
0 0.6286057692307693 0.7548076923076923 0.11778846153846154 0.12139423076923077
0 0.9483173076923077 0.6177884615384616 0.09495192307692307 0.10096153846153846
0 0.8064903846153846 0.578125 0.08173076923076923 0.06490384615384616
0 0.7055288461538461 0.8185096153846154 0.11298076923076923 0.09615384615384616
0 0.43509615384615385 0.5492788461538461 0.09014423076923077 0.0673076923076923
0 0.10697115384615384 0.32091346153846156 0.10817307692307693 0.05889423076923077
0 0.0733173076923077 0.24759615384615385 0.0889423076923077 0.11899038461538461
0 0.8581730769230769 0.9194711538461539 0.07932692307692307 0.12860576923076922
0 0.3605769230769231 0.44711538461538464 0.10576923076923077 0.07572115384615384
0 0.07932692307692307 0.9663461538461539 0.125 0.06490384615384616
0 0.10216346153846154 0.9002403846153846 0.06490384615384616 0.06971153846153846
0 0.2932692307692308 0.9278846153846154 0.10096153846153846 0.12259615384615384
0 0.8052884615384616 0.9122596153846154 0.06490384615384616 0.06490384615384616
0 0.8497596153846154 0.36778846153846156 0.08052884615384616 0.078125
0 0.9375 0.15865384615384615 0.09375 0.10336538461538461
0 0.9879807692307693 0.31490384615384615 0.02283653846153846 0.07932692307692307
0 0.20432692307692307 0.9014423076923077 0.18509615384615385 0.09134615384615384
0 0.8413461538461539 0.09375 0.09014423076923077 0.1045673076923077
0 0.15504807692307693 0.14302884615384615 0.0889423076923077 0.09975961538461539
0 0.8329326923076923 0.6598557692307693 0.11057692307692307 0.09134615384615384
0 0.025240384615384616 0.9026442307692307 0.04927884615384615 0.051682692307692304
0 0.8161057692307693 0.7716346153846154 0.06610576923076923 0.06610576923076923
0 0.7367788461538461 0.29086538461538464 0.12139423076923077 0.07692307692307693
0 0.5288461538461539 0.9615384615384616 0.0985576923076923 0.07091346153846154