0 0.46875 0.9663461538461539 0.039663461538461536 0.042067307692307696
0 0.0889423076923077 0.9435096153846154 0.028846153846153848 0.036057692307692304
0 0.46875 0.7091346153846154 0.056490384615384616 0.046875
0 0.5661057692307693 0.8725961538461539 0.036057692307692304 0.078125
0 0.5024038461538461 0.39663461538461536 0.03485576923076923 0.037259615384615384
0 0.5721153846153846 0.4807692307692308 0.04447115384615385 0.04447115384615385
0 0.5012019230769231 0.5276442307692307 0.055288461538461536 0.051682692307692304
0 0.546875 0.5360576923076923 0.07091346153846154 0.06009615384615385
0 0.021634615384615384 0.09014423076923077 0.04326923076923077 0.04567307692307692
0 0.41947115384615385 0.32211538461538464 0.038461538461538464 0.04326923076923077
0 0.625 0.43509615384615385 0.051682692307692304 0.0625
0 0.6430288461538461 0.5 0.06490384615384616 0.04567307692307692
0 0.4639423076923077 0.39903846153846156 0.0625 0.06490384615384616
0 0.4855769230769231 0.3269230769230769 0.07572115384615384 0.056490384615384616
0 0.45072115384615385 0.265625 0.04927884615384615 0.07451923076923077
0 0.016826923076923076 0.7439903846153846 0.03365384615384615 0.06490384615384616
0 0.6117788461538461 0.8737980769230769 0.03365384615384615 0.0733173076923077
0 0.1045673076923077 0.03125 0.028846153846153848 0.04807692307692308
0 0.35697115384615385 0.030048076923076924 0.042067307692307696 0.04447115384615385
0 0.016826923076923076 0.9290865384615384 0.03365384615384615 0.04807692307692308
0 0.020432692307692308 0.051682692307692304 0.03485576923076923 0.027644230769230768
0 0.39783653846153844 0.2776442307692308 0.08653846153846154 0.052884615384615384
0 0.59375 0.5709134615384616 0.04807692307692308 0.040865384615384616
0 0.48197115384615385 0.20072115384615385 0.03485576923076923 0.06850961538461539
0 0.5649038461538461 0.4326923076923077 0.07572115384615384 0.03365384615384615
0 0.44591346153846156 0.9483173076923077 0.06129807692307692 0.09735576923076923
0 0.3942307692307692 0.09975961538461539 0.08653846153846154 0.03485576923076923