0 0.96875 0.3762019230769231 0.06009615384615385 0.08533653846153846
0 0.057692307692307696 0.7319711538461539 0.1141826923076923 0.046875
0 0.6826923076923077 0.5961538461538461 0.05889423076923077 0.04927884615384615
0 0.19951923076923078 0.17668269230769232 0.08052884615384616 0.11658653846153846
0 0.027644230769230768 0.5973557692307693 0.055288461538461536 0.026442307692307692
0 0.9543269230769231 0.6923076923076923 0.078125 0.04927884615384615
0 0.3557692307692308 0.3701923076923077 0.09134615384615384 0.04927884615384615
0 0.22115384615384615 0.9423076923076923 0.13221153846153846 0.04807692307692308
0 0.9543269230769231 0.6153846153846154 0.04807692307692308 0.04927884615384615
0 0.3088942307692308 0.8257211538461539 0.125 0.042067307692307696
0 0.33052884615384615 0.06370192307692307 0.03485576923076923 0.036057692307692304
0 0.5336538461538461 0.030048076923076924 0.12980769230769232 0.06009615384615385
0 0.5024038461538461 0.4326923076923077 0.07211538461538461 0.03245192307692308
0 0.4375 0.5865384615384616 0.1201923076923077 0.04326923076923077
0 0.125 0.5168269230769231 0.07451923076923077 0.055288461538461536
0 0.2824519230769231 0.026442307692307692 0.10336538461538461 0.04927884615384615
0 0.6983173076923077 0.6670673076923077 0.038461538461538464 0.06370192307692307
0 0.16466346153846154 0.8485576923076923 0.07932692307692307 0.038461538461538464
0 0.18990384615384615 0.234375 0.10096153846153846 0.037259615384615384
0 0.6189903846153846 0.7295673076923077 0.11538461538461539 0.07211538461538461
0 0.5120192307692307 0.20793269230769232 0.07572115384615384 0.06129807692307692
0 0.39663461538461536 0.7367788461538461 0.20552884615384615 0.051682692307692304
0 0.25721153846153844 0.34615384615384615 0.14423076923076922 0.04447115384615385
0 0.828125 0.18389423076923078 0.09254807692307693 0.07211538461538461
0 0.04447115384615385 0.9783653846153846 0.0889423076923077 0.040865384615384616
0 0.6334134615384616 0.2704326923076923 0.06009615384615385 0.040865384615384616
0 0.38100961538461536 0.25841346153846156 0.15384615384615385 0.07572115384615384
0 0.06971153846153846 0.3016826923076923 0.06971153846153846 0.028846153846153848
0 0.14543269230769232 0.4074519230769231 0.14783653846153846 0.051682692307692304
0 0.9074519230769231 0.35096153846153844 0.08774038461538461 0.06009615384615385
0 0.9362980769230769 0.9759615384615384 0.10096153846153846 0.039663461538461536
0 0.8185096153846154 0.53125 0.051682692307692304 0.0733173076923077
0 0.7704326923076923 0.3629807692307692 0.051682692307692304 0.06490384615384616
0 0.4519230769230769 0.5384615384615384 0.10576923076923077 0.06009615384615385
0 0.140625 0.05889423076923077 0.10697115384615384 0.037259615384615384
0 0.6995192307692307 0.08173076923076923 0.10576923076923077 0.0673076923076923
0 0.9170673076923077 0.42427884615384615 0.04447115384615385 0.028846153846153848
0 0.8569711538461539 0.7079326923076923 0.09615384615384616 0.026442307692307692
0 0.8725961538461539 0.890625 0.09615384615384616 0.04567307692307692
0 0.06129807692307692 0.8076923076923077 0.12259615384615384 0.04447115384615385
0 0.8028846153846154 0.8870192307692307 0.04326923076923077 0.028846153846153848
0 0.7752403846153846 0.8762019230769231 0.09254807692307693 0.05889423076923077
0 0.039663461538461536 0.05889423076923077 0.07932692307692307 0.040865384615384616
0 0.24759615384615385 0.3786057692307692 0.06971153846153846 0.02403846153846154
0 0.9278846153846154 0.47716346153846156 0.13221153846153846 0.04447115384615385
0 0.6322115384615384 0.5396634615384616 0.07091346153846154 0.0625
0 0.9759615384615384 0.33653846153846156 0.04567307692307692 0.06610576923076923
0 0.1310096153846154 0.484375 0.0985576923076923 0.030048076923076924
0 0.8185096153846154 0.6153846153846154 0.1141826923076923 0.054086538461538464
0 0.5516826923076923 0.6274038461538461 0.12259615384615384 0.04927884615384615
0 0.3581730769230769 0.6478365384615384 0.15384615384615385 0.0625
0 0.828125 0.6862980769230769 0.11658653846153846 0.038461538461538464
0 0.2439903846153846 0.4987980769230769 0.11778846153846154 0.042067307692307696
0 0.8810096153846154 0.8257211538461539 0.05889423076923077 0.03365384615384615
0 0.9447115384615384 0.13822115384615385 0.0673076923076923 0.09014423076923077
0 0.43509615384615385 0.39783653846153844 0.052884615384615384 0.02403846153846154
0 0.7536057692307693 0.4110576923076923 0.18990384615384615 0.052884615384615384
0 0.24158653846153846 0.04447115384615385 0.06850961538461539 0.052884615384615384
0 0.23317307692307693 0.15745192307692307 0.13341346153846154 0.09735576923076923
0 0.5829326923076923 0.4891826923076923 0.07572115384615384 0.042067307692307696