0 0.8052884615384616 0.5036057692307693 0.07692307692307693 0.06370192307692307
0 0.8293269230769231 0.65625 0.04567307692307692 0.04927884615384615
0 0.08774038461538461 0.8894230769230769 0.06490384615384616 0.09615384615384616
0 0.9098557692307693 0.6141826923076923 0.06370192307692307 0.0673076923076923
0 0.6598557692307693 0.8701923076923077 0.09615384615384616 0.1141826923076923
0 0.16105769230769232 0.31490384615384615 0.12620192307692307 0.05889423076923077
0 0.8473557692307693 0.6274038461538461 0.0673076923076923 0.08533653846153846
0 0.6370192307692307 0.9435096153846154 0.08413461538461539 0.04927884615384615
0 0.14423076923076922 0.859375 0.06009615384615385 0.04807692307692308
0 0.125 0.40384615384615385 0.06490384615384616 0.03365384615384615
0 0.3004807692307692 0.31490384615384615 0.06610576923076923 0.07211538461538461
0 0.17668269230769232 0.06129807692307692 0.06009615384615385 0.0625
0 0.23918269230769232 0.4891826923076923 0.0673076923076923 0.06490384615384616
0 0.3701923076923077 0.9831730769230769 0.11658653846153846 0.03125
0 0.609375 0.5913461538461539 0.09134615384615384 0.06370192307692307
0 0.515625 0.31490384615384615 0.056490384615384616 0.08774038461538461
0 0.021634615384615384 0.109375 0.04326923076923077 0.06009615384615385
0 0.14903846153846154 0.5877403846153846 0.04807692307692308 0.054086538461538464
0 0.5552884615384616 0.25721153846153844 0.06490384615384616 0.054086538461538464
0 0.8810096153846154 0.7295673076923077 0.046875 0.04927884615384615
0 0.8786057692307693 0.8365384615384616 0.10336538461538461 0.12259615384615384
0 0.9783653846153846 0.31490384615384615 0.042067307692307696 0.056490384615384616
0 0.9074519230769231 0.48197115384615385 0.0625 0.056490384615384616
0 0.33052884615384615 0.08052884615384616 0.08774038461538461 0.07211538461538461
0 0.7007211538461539 0.78125 0.12740384615384615 0.06971153846153846
0 0.6766826923076923 0.5360576923076923 0.10817307692307693 0.15384615384615385
0 0.7487980769230769 0.9194711538461539 0.04927884615384615 0.06610576923076923
0 0.1502403846153846 0.9507211538461539 0.12740384615384615 0.06490384615384616
0 0.051682692307692304 0.7283653846153846 0.10336538461538461 0.06490384615384616
0 0.6995192307692307 0.421875 0.04927884615384615 0.06490384615384616
0 0.07451923076923077 0.5913461538461539 0.051682692307692304 0.04447115384615385
0 0.9074519230769231 0.23197115384615385 0.0985576923076923 0.09615384615384616
0 0.96875 0.7536057692307693 0.06009615384615385 0.06971153846153846
0 0.9819711538461539 0.40384615384615385 0.03485576923076923 0.055288461538461536
0 0.5456730769230769 0.16947115384615385 0.09375 0.06490384615384616
0 0.4855769230769231 0.640625 0.04447115384615385 0.07692307692307693
0 0.07572115384615384 0.13221153846153846 0.039663461538461536 0.04447115384615385
0 0.140625 0.171875 0.06850961538461539 0.10817307692307693
0 0.31009615384615385 0.23918269230769232 0.04927884615384615 0.04927884615384615
0 0.038461538461538464 0.4182692307692308 0.07692307692307693 0.0889423076923077
0 0.125 0.7079326923076923 0.052884615384615384 0.057692307692307696
0 0.9735576923076923 0.8569711538461539 0.04927884615384615 0.06850961538461539
0 0.8257211538461539 0.06009615384615385 0.056490384615384616 0.046875
0 0.41466346153846156 0.9471153846153846 0.12860576923076922 0.056490384615384616
0 0.46634615384615385 0.9771634615384616 0.06009615384615385 0.04447115384615385
0 0.5949519230769231 0.4807692307692308 0.04927884615384615 0.11057692307692307
0 0.6875 0.6586538461538461 0.04567307692307692 0.05048076923076923
0 0.8149038461538461 0.41346153846153844 0.109375 0.0829326923076923
0 0.37259615384615385 0.2932692307692308 0.08653846153846154 0.05889423076923077
0 0.07091346153846154 0.040865384615384616 0.06490384615384616 0.08173076923076923
0 0.30528846153846156 0.015625 0.08173076923076923 0.030048076923076924
0 0.96875 0.13221153846153846 0.06009615384615385 0.078125
0 0.4831730769230769 0.07932692307692307 0.08052884615384616 0.06490384615384616
0 0.4375 0.02403846153846154 0.051682692307692304 0.046875
0 0.26322115384615385 0.3870192307692308 0.14903846153846154 0.06009615384615385
0 0.4050480769230769 0.6045673076923077 0.06370192307692307 0.04927884615384615
0 0.40625 0.8834134615384616 0.07572115384615384 0.08533653846153846