0 0.7091346153846154 0.3233173076923077 0.04927884615384615 0.03365384615384615
0 0.9146634615384616 0.6490384615384616 0.040865384615384616 0.038461538461538464
0 0.9302884615384616 0.5552884615384616 0.039663461538461536 0.08774038461538461
0 0.43509615384615385 0.026442307692307692 0.04927884615384615 0.05048076923076923
0 0.8737980769230769 0.515625 0.038461538461538464 0.0889423076923077
0 0.37740384615384615 0.07692307692307693 0.06490384615384616 0.07572115384615384
0 0.5384615384615384 0.10336538461538461 0.040865384615384616 0.08653846153846154
0 0.875 0.10697115384615384 0.055288461538461536 0.06009615384615385
0 0.203125 0.11177884615384616 0.08774038461538461 0.06129807692307692
0 0.36778846153846156 0.2860576923076923 0.0625 0.09014423076923077
0 0.7524038461538461 0.5709134615384616 0.08653846153846154 0.11778846153846154
0 0.5180288461538461 0.47475961538461536 0.03245192307692308 0.10096153846153846
0 0.6274038461538461 0.8473557692307693 0.04326923076923077 0.15264423076923078
0 0.6899038461538461 0.8100961538461539 0.109375 0.09735576923076923
0 0.7295673076923077 0.8930288461538461 0.0985576923076923 0.07211538461538461
0 0.109375 0.7980769230769231 0.04927884615384615 0.054086538461538464
0 0.9290865384615384 0.04807692307692308 0.04447115384615385 0.038461538461538464
0 0.17307692307692307 0.7127403846153846 0.04927884615384615 0.04927884615384615
0 0.8185096153846154 0.8954326923076923 0.054086538461538464 0.08173076923076923
0 0.19230769230769232 0.265625 0.06129807692307692 0.07692307692307693
0 0.036057692307692304 0.13221153846153846 0.055288461538461536 0.10096153846153846
0 0.32572115384615385 0.07572115384615384 0.056490384615384616 0.06490384615384616
0 0.46875 0.7692307692307693 0.05889423076923077 0.055288461538461536
0 0.8100961538461539 0.5360576923076923 0.04807692307692308 0.09014423076923077
0 0.32572115384615385 0.9543269230769231 0.057692307692307696 0.06971153846153846
0 0.04927884615384615 0.078125 0.08653846153846154 0.08052884615384616
0 0.7175480769230769 0.8209134615384616 0.07091346153846154 0.0625
0 0.19591346153846154 0.6694711538461539 0.0625 0.06009615384615385
0 0.025240384615384616 0.9423076923076923 0.04927884615384615 0.057692307692307696
0 0.5540865384615384 0.5444711538461539 0.06009615384615385 0.07211538461538461
0 0.5252403846153846 0.8557692307692307 0.06129807692307692 0.07211538461538461
0 0.09254807692307693 0.7403846153846154 0.15745192307692307 0.06850961538461539
0 0.5444711538461539 0.9651442307692307 0.04927884615384615 0.06850961538461539
0 0.027644230769230768 0.2824519230769231 0.055288461538461536 0.0889423076923077
0 0.28846153846153844 0.35216346153846156 0.04927884615384615 0.07932692307692307
0 0.375 0.38822115384615385 0.040865384615384616 0.06490384615384616
0 0.6526442307692307 0.08173076923076923 0.04807692307692308 0.07091346153846154
0 0.7944711538461539 0.08774038461538461 0.06370192307692307 0.08533653846153846
0 0.40865384615384615 0.3137019230769231 0.055288461538461536 0.09735576923076923
0 0.45552884615384615 0.9086538461538461 0.04927884615384615 0.06971153846153846
0 0.057692307692307696 0.2283653846153846 0.08173076923076923 0.09615384615384616
0 0.671875 0.2704326923076923 0.055288461538461536 0.08052884615384616
0 0.3329326923076923 0.019230769230769232 0.04326923076923077 0.038461538461538464
0 0.7055288461538461 0.3389423076923077 0.055288461538461536 0.046875
0 0.9747596153846154 0.546875 0.04807692307692308 0.09495192307692307
0 0.4074519230769231 0.8810096153846154 0.06610576923076923 0.0733173076923077
0 0.15985576923076922 0.4375 0.06370192307692307 0.06971153846153846
0 0.31009615384615385 0.15144230769230768 0.05048076923076923 0.08653846153846154
0 0.23317307692307693 0.65625 0.06850961538461539 0.054086538461538464
0 0.45072115384615385 0.3137019230769231 0.07091346153846154 0.0829326923076923
0 0.19230769230769232 0.5973557692307693 0.07692307692307693 0.07692307692307693
0 0.7560096153846154 0.6298076923076923 0.05048076923076923 0.08774038461538461
0 0.5024038461538461 0.36538461538461536 0.046875 0.14302884615384615
0 0.8846153846153846 0.6766826923076923 0.04447115384615385 0.06009615384615385
0 0.5492788461538461 0.6069711538461539 0.05889423076923077 0.06490384615384616
0 0.9735576923076923 0.08052884615384616 0.051682692307692304 0.09375
0 0.28846153846153844 0.27163461538461536 0.055288461538461536 0.05048076923076923
0 0.5180288461538461 0.47596153846153844 0.03245192307692308 0.10096153846153846
0 0.9591346153846154 0.7884615384615384 0.038461538461538464 0.08413461538461539
0 0.06009615384615385 0.4579326923076923 0.07211538461538461 0.07091346153846154
0 0.43990384615384615 0.3918269230769231 0.06610576923076923 0.08653846153846154
0 0.7019230769230769 0.453125 0.0733173076923077 0.10576923076923077
0 0.3269230769230769 0.22235576923076922 0.05889423076923077 0.06850961538461539
0 0.40625 0.027644230769230768 0.052884615384615384 0.055288461538461536
0 0.6045673076923077 0.44471153846153844 0.06370192307692307 0.0889423076923077
0 0.3245192307692308 0.4375 0.11899038461538461 0.06370192307692307
0 0.06129807692307692 0.41466346153846156 0.11899038461538461 0.07692307692307693
0 0.5360576923076923 0.2403846153846154 0.039663461538461536 0.10576923076923077
0 0.5048076923076923 0.09014423076923077 0.04447115384615385 0.07211538461538461
0 0.2127403846153846 0.9194711538461539 0.08052884615384616 0.056490384615384616
0 0.8377403846153846 0.1141826923076923 0.03365384615384615 0.07091346153846154
0 0.15264423076923078 0.8353365384615384 0.04927884615384615 0.0625
0 0.1141826923076923 0.9302884615384616 0.057692307692307696 0.06009615384615385
0 0.9375 0.8076923076923077 0.04447115384615385 0.10576923076923077
0 0.20793269230769232 0.42427884615384615 0.08413461538461539 0.07091346153846154
0 0.2548076923076923 0.9759615384615384 0.038461538461538464 0.04567307692307692
0 0.46033653846153844 0.9543269230769231 0.04326923076923077 0.056490384615384616
0 0.17668269230769232 0.9651442307692307 0.051682692307692304 0.06009615384615385