0 0.8509615384615384 0.3581730769230769 0.055288461538461536 0.21153846153846154
0 0.5204326923076923 0.40024038461538464 0.15384615384615385 0.17307692307692307
0 0.5240384615384616 0.49759615384615385 0.20793269230769232 0.10216346153846154
0 0.5060096153846154 0.5588942307692307 0.1045673076923077 0.13221153846153846
0 0.7403846153846154 0.5240384615384616 0.06009615384615385 0.052884615384615384
0 0.9050480769230769 0.6298076923076923 0.16105769230769232 0.056490384615384616
0 0.3449519230769231 0.27524038461538464 0.13822115384615385 0.20552884615384615
0 0.25240384615384615 0.23918269230769232 0.12740384615384615 0.19471153846153846
0 0.33052884615384615 0.6274038461538461 0.030048076923076924 0.1466346153846154
0 0.12980769230769232 0.5889423076923077 0.0889423076923077 0.26322115384615385
0 0.5961538461538461 0.7367788461538461 0.0733173076923077 0.040865384615384616
0 0.6117788461538461 0.7704326923076923 0.03125 0.03245192307692308
0 0.6466346153846154 0.6298076923076923 0.17908653846153846 0.04927884615384615
0 0.9507211538461539 0.8413461538461539 0.09735576923076923 0.05889423076923077
0 0.9567307692307693 0.7367788461538461 0.08413461538461539 0.11778846153846154
0 0.9254807692307693 0.7139423076923077 0.14783653846153846 0.03365384615384615
0 0.6754807692307693 0.8293269230769231 0.10697115384615384 0.09375
0 0.7283653846153846 0.8978365384615384 0.04326923076923077 0.03365384615384615
0 0.7908653846153846 0.9555288461538461 0.04927884615384615 0.08774038461538461
0 0.6358173076923077 0.9759615384615384 0.04326923076923077 0.04447115384615385
0 0.5985576923076923 0.8137019230769231 0.06009615384615385 0.04927884615384615
0 0.32091346153846156 0.8401442307692307 0.0673076923076923 0.15985576923076922
0 0.3762019230769231 0.9026442307692307 0.06009615384615385 0.09615384615384616
0 0.39302884615384615 0.9807692307692307 0.052884615384615384 0.037259615384615384
0 0.3004807692307692 0.9699519230769231 0.08173076923076923 0.057692307692307696
0 0.18389423076923078 0.9495192307692307 0.07932692307692307 0.09975961538461539
0 0.13701923076923078 0.9302884615384616 0.12379807692307693 0.06610576923076923
0 0.040865384615384616 0.546875 0.07692307692307693 0.04447115384615385
0 0.014423076923076924 0.5060096153846154 0.028846153846153848 0.026442307692307692
0 0.03485576923076923 0.47596153846153844 0.06490384615384616 0.055288461538461536
0 0.16105769230769232 0.35697115384615385 0.14903846153846154 0.14903846153846154
0 0.2247596153846154 0.3954326923076923 0.05048076923076923 0.054086538461538464
0 0.22716346153846154 0.45552884615384615 0.21153846153846154 0.052884615384615384
0 0.04567307692307692 0.26322115384615385 0.08052884615384616 0.18028846153846154
0 0.15264423076923078 0.8329326923076923 0.09014423076923077 0.13221153846153846
0 0.7463942307692307 0.5985576923076923 0.025240384615384616 0.028846153846153848
0 0.328125 0.734375 0.039663461538461536 0.04567307692307692
0 0.9314903846153846 0.5745192307692307 0.1346153846153846 0.18990384615384615
0 0.9014423076923077 0.6141826923076923 0.06129807692307692 0.14302884615384615