0 0.25 0.3858173076923077 0.10216346153846154 0.12740384615384615
0 0.8605769230769231 0.6850961538461539 0.12259615384615384 0.06490384615384616
0 0.8317307692307693 0.9747596153846154 0.16706730769230768 0.046875
0 0.578125 0.1658653846153846 0.10096153846153846 0.15985576923076922
0 0.039663461538461536 0.5889423076923077 0.07932692307692307 0.1201923076923077
0 0.9567307692307693 0.12379807692307693 0.08173076923076923 0.12379807692307693
0 0.38822115384615385 0.4891826923076923 0.13341346153846154 0.11177884615384616
0 0.26322115384615385 0.08533653846153846 0.140625 0.15985576923076922
0 0.96875 0.7091346153846154 0.05889423076923077 0.07211538461538461
0 0.7764423076923077 0.36538461538461536 0.22355769230769232 0.11177884615384616
0 0.12259615384615384 0.8870192307692307 0.24278846153846154 0.109375
0 0.6754807692307693 0.21995192307692307 0.09254807692307693 0.09254807692307693
0 0.9206730769230769 0.036057692307692304 0.13341346153846154 0.0673076923076923
0 0.8377403846153846 0.16346153846153846 0.09615384615384616 0.109375
0 0.9555288461538461 0.25721153846153844 0.08774038461538461 0.12980769230769232
0 0.9014423076923077 0.6141826923076923 0.19591346153846154 0.09495192307692307