0 0.2512019230769231 0.203125 0.14302884615384615 0.07932692307692307
0 0.5036057692307693 0.20793269230769232 0.10697115384615384 0.038461538461538464
0 0.13822115384615385 0.671875 0.11298076923076923 0.039663461538461536
0 0.46634615384615385 0.9242788461538461 0.11177884615384616 0.04447115384615385
0 0.7115384615384616 0.9711538461538461 0.039663461538461536 0.052884615384615384
0 0.06971153846153846 0.7920673076923077 0.09735576923076923 0.046875
0 0.7860576923076923 0.9759615384615384 0.06490384615384616 0.03365384615384615
0 0.016826923076923076 0.20072115384615385 0.03365384615384615 0.06490384615384616
0 0.6899038461538461 0.5 0.15144230769230768 0.04927884615384615
0 0.0673076923076923 0.4266826923076923 0.09134615384615384 0.054086538461538464
0 0.09134615384615384 0.7608173076923077 0.140625 0.03365384615384615
0 0.6358173076923077 0.078125 0.12379807692307693 0.06009615384615385
0 0.8413461538461539 0.35336538461538464 0.08774038461538461 0.06370192307692307
0 0.6514423076923077 0.6382211538461539 0.10576923076923077 0.03125
0 0.06850961538461539 0.46153846153846156 0.0673076923076923 0.021634615384615384
0 0.12379807692307693 0.39903846153846156 0.09014423076923077 0.04567307692307692
0 0.9759615384615384 0.15384615384615385 0.04447115384615385 0.08533653846153846
0 0.9362980769230769 0.6322115384615384 0.05048076923076923 0.05048076923076923
0 0.21995192307692307 0.3713942307692308 0.08052884615384616 0.042067307692307696
0 0.5096153846153846 0.8016826923076923 0.11057692307692307 0.03365384615384615
0 0.6201923076923077 0.1814903846153846 0.0889423076923077 0.036057692307692304
0 0.6129807692307693 0.5372596153846154 0.06370192307692307 0.020432692307692308
0 0.9663461538461539 0.052884615384615384 0.06610576923076923 0.054086538461538464
0 0.5144230769230769 0.8473557692307693 0.0673076923076923 0.018028846153846152
0 0.3088942307692308 0.6490384615384616 0.0829326923076923 0.04807692307692308
0 0.5360576923076923 0.9723557692307693 0.16947115384615385 0.039663461538461536
0 0.5324519230769231 0.171875 0.09254807692307693 0.038461538461538464
0 0.09615384615384616 0.5889423076923077 0.0889423076923077 0.038461538461538464
0 0.35336538461538464 0.8822115384615384 0.1045673076923077 0.055288461538461536
0 0.6778846153846154 0.15865384615384615 0.07572115384615384 0.109375
0 0.06129807692307692 0.8557692307692307 0.11899038461538461 0.0733173076923077
0 0.7860576923076923 0.26322115384615385 0.06490384615384616 0.0625
0 0.38461538461538464 0.9831730769230769 0.04567307692307692 0.028846153846153848
0 0.4831730769230769 0.6706730769230769 0.08774038461538461 0.05048076923076923
0 0.4026442307692308 0.19951923076923078 0.09615384615384616 0.038461538461538464
0 0.32572115384615385 0.26322115384615385 0.14903846153846154 0.04567307692307692
0 0.3329326923076923 0.9471153846153846 0.056490384615384616 0.05889423076923077
0 0.6478365384615384 0.46875 0.20072115384615385 0.04567307692307692
0 0.41346153846153844 0.8293269230769231 0.1346153846153846 0.039663461538461536
0 0.7223557692307693 0.020432692307692308 0.0985576923076923 0.039663461538461536
0 0.7139423076923077 0.7884615384615384 0.07572115384615384 0.03365384615384615
0 0.037259615384615384 0.6129807692307693 0.06009615384615385 0.03485576923076923
0 0.16947115384615385 0.9879807692307693 0.11899038461538461 0.02283653846153846
0 0.5528846153846154 0.8725961538461539 0.0985576923076923 0.04807692307692308
0 0.16346153846153846 0.8040865384615384 0.10216346153846154 0.038461538461538464
0 0.9290865384615384 0.14783653846153846 0.0673076923076923 0.027644230769230768
0 0.9014423076923077 0.21033653846153846 0.11298076923076923 0.1201923076923077
0 0.7439903846153846 0.4326923076923077 0.11177884615384616 0.038461538461538464
0 0.5024038461538461 0.6009615384615384 0.09134615384615384 0.05048076923076923
0 0.27163461538461536 0.3401442307692308 0.125 0.07572115384615384
0 0.7379807692307693 0.8365384615384616 0.06971153846153846 0.036057692307692304
0 0.8028846153846154 0.6009615384615384 0.06490384615384616 0.055288461538461536
0 0.07572115384615384 0.16346153846153846 0.09735576923076923 0.08653846153846154
0 0.09254807692307693 0.7608173076923077 0.140625 0.03365384615384615
0 0.4579326923076923 0.23557692307692307 0.07451923076923077 0.06490384615384616
0 0.5685096153846154 0.5060096153846154 0.12620192307692307 0.046875
0 0.20072115384615385 0.7620192307692307 0.09134615384615384 0.03365384615384615
0 0.15745192307692307 0.4411057692307692 0.10096153846153846 0.040865384615384616
0 0.6454326923076923 0.8545673076923077 0.08052884615384616 0.055288461538461536
0 0.7632211538461539 0.3449519230769231 0.04807692307692308 0.06009615384615385
0 0.7091346153846154 0.8461538461538461 0.14903846153846154 0.046875
0 0.6189903846153846 0.021634615384615384 0.06850961538461539 0.040865384615384616
0 0.24158653846153846 0.14543269230769232 0.12980769230769232 0.07572115384615384
0 0.23798076923076922 0.796875 0.039663461538461536 0.038461538461538464
0 0.06971153846153846 0.9483173076923077 0.13221153846153846 0.0625
0 0.08173076923076923 0.6802884615384616 0.10096153846153846 0.06610576923076923
0 0.32211538461538464 0.33052884615384615 0.07211538461538461 0.10697115384615384
0 0.8377403846153846 0.7079326923076923 0.13822115384615385 0.030048076923076924
0 0.8076923076923077 0.7920673076923077 0.12620192307692307 0.06490384615384616
0 0.234375 0.859375 0.12860576923076922 0.042067307692307696
0 0.8882211538461539 0.6610576923076923 0.05889423076923077 0.04567307692307692
0 0.31490384615384615 0.5745192307692307 0.0889423076923077 0.037259615384615384
0 0.3449519230769231 0.6334134615384616 0.07692307692307693 0.046875
0 0.7536057692307693 0.3112980769230769 0.09615384615384616 0.027644230769230768
0 0.5384615384615384 0.28725961538461536 0.12259615384615384 0.039663461538461536
0 0.6394230769230769 0.7115384615384616 0.15144230769230768 0.07091346153846154
0 0.1622596153846154 0.24278846153846154 0.09615384615384616 0.0673076923076923
0 0.515625 0.1201923076923077 0.11778846153846154 0.06370192307692307
0 0.06129807692307692 0.38341346153846156 0.07692307692307693 0.03365384615384615
0 0.6514423076923077 0.671875 0.109375 0.03365384615384615
0 0.43509615384615385 0.9747596153846154 0.06129807692307692 0.04567307692307692
0 0.23197115384615385 0.5877403846153846 0.08052884615384616 0.038461538461538464
0 0.6009615384615384 0.13942307692307693 0.09375 0.03485576923076923
0 0.265625 0.4411057692307692 0.054086538461538464 0.07572115384615384
0 0.7740384615384616 0.9375 0.09134615384615384 0.06370192307692307
0 0.8605769230769231 0.3137019230769231 0.039663461538461536 0.07572115384615384