0 0.18990384615384615 0.33413461538461536 0.04447115384615385 0.046875
0 0.9855769230769231 0.2439903846153846 0.027644230769230768 0.052884615384615384
0 0.5324519230769231 0.8245192307692307 0.15264423076923078 0.0733173076923077
0 0.7355769230769231 0.6177884615384616 0.11538461538461539 0.055288461538461536
0 0.2956730769230769 0.2692307692307692 0.038461538461538464 0.04567307692307692
0 0.5048076923076923 0.0985576923076923 0.037259615384615384 0.026442307692307692
0 0.8713942307692307 0.47115384615384615 0.056490384615384616 0.06610576923076923
0 0.4110576923076923 0.8016826923076923 0.06129807692307692 0.08774038461538461
0 0.5444711538461539 0.8786057692307693 0.10697115384615384 0.04447115384615385
0 0.13341346153846154 0.796875 0.10697115384615384 0.09375
0 0.25 0.08653846153846154 0.06850961538461539 0.09735576923076923
0 0.703125 0.5492788461538461 0.06129807692307692 0.09975961538461539
0 0.5360576923076923 0.9663461538461539 0.06490384615384616 0.06610576923076923
0 0.9519230769230769 0.8064903846153846 0.04447115384615385 0.12259615384615384
0 0.8269230769230769 0.5276442307692307 0.11057692307692307 0.06490384615384616
0 0.3557692307692308 0.7692307692307693 0.055288461538461536 0.08173076923076923
0 0.9795673076923077 0.8786057692307693 0.038461538461538464 0.07692307692307693
0 0.9675480769230769 0.0985576923076923 0.0625 0.04807692307692308
0 0.8413461538461539 0.7944711538461539 0.1141826923076923 0.051682692307692304
0 0.4675480769230769 0.40384615384615385 0.13221153846153846 0.109375
0 0.5036057692307693 0.15625 0.06971153846153846 0.054086538461538464
0 0.7560096153846154 0.734375 0.125 0.055288461538461536
0 0.5552884615384616 0.07692307692307693 0.052884615384615384 0.057692307692307696
0 0.09014423076923077 0.3485576923076923 0.07091346153846154 0.06009615384615385
0 0.42788461538461536 0.5348557692307693 0.09735576923076923 0.08653846153846154
0 0.7007211538461539 0.359375 0.052884615384615384 0.07692307692307693
0 0.3125 0.09615384615384616 0.07692307692307693 0.0889423076923077
0 0.055288461538461536 0.9290865384615384 0.09134615384615384 0.140625
0 0.7379807692307693 0.026442307692307692 0.15625 0.051682692307692304
0 0.9735576923076923 0.3245192307692308 0.05048076923076923 0.0889423076923077
0 0.019230769230769232 0.29086538461538464 0.038461538461538464 0.09375
0 0.23197115384615385 0.7367788461538461 0.05889423076923077 0.0733173076923077
0 0.6478365384615384 0.18269230769230768 0.20793269230769232 0.06129807692307692
0 0.8762019230769231 0.17908653846153846 0.07572115384615384 0.056490384615384616
0 0.9206730769230769 0.5697115384615384 0.09014423076923077 0.0625
0 0.9795673076923077 0.6057692307692307 0.038461538461538464 0.04927884615384615
0 0.3545673076923077 0.9134615384615384 0.18509615384615385 0.06850961538461539
0 0.18509615384615385 0.15144230769230768 0.036057692307692304 0.08052884615384616
0 0.9423076923076923 0.7103365384615384 0.078125 0.05889423076923077
0 0.6875 0.796875 0.056490384615384616 0.10697115384615384
0 0.3485576923076923 0.1346153846153846 0.042067307692307696 0.10336538461538461
0 0.171875 0.47836538461538464 0.038461538461538464 0.038461538461538464
0 0.3076923076923077 0.6526442307692307 0.042067307692307696 0.04567307692307692
0 0.96875 0.036057692307692304 0.06009615384615385 0.05048076923076923
0 0.8209134615384616 0.9278846153846154 0.15625 0.14182692307692307
0 0.26802884615384615 0.6610576923076923 0.046875 0.11177884615384616
0 0.5360576923076923 0.34975961538461536 0.07572115384615384 0.0829326923076923
0 0.8425480769230769 0.28125 0.08052884615384616 0.08774038461538461
0 0.7848557692307693 0.1658653846153846 0.13942307692307693 0.05889423076923077