0 0.6947115384615384 0.28365384615384615 0.16826923076923078 0.11658653846153846
0 0.5637019230769231 0.030048076923076924 0.10216346153846154 0.06009615384615385
0 0.7163461538461539 0.078125 0.1622596153846154 0.12620192307692307
0 0.8317307692307693 0.2283653846153846 0.1466346153846154 0.06009615384615385
0 0.9002403846153846 0.29447115384615385 0.19831730769230768 0.07692307692307693
0 0.703125 0.5168269230769231 0.14903846153846154 0.06129807692307692
0 0.5697115384615384 0.5697115384615384 0.23798076923076922 0.055288461538461536
0 0.6081730769230769 0.6634615384615384 0.16466346153846154 0.03365384615384615
0 0.7752403846153846 0.6286057692307693 0.23557692307692307 0.06370192307692307
0 0.9242788461538461 0.84375 0.1141826923076923 0.042067307692307696
0 0.8918269230769231 0.7728365384615384 0.21514423076923078 0.09735576923076923
0 0.6826923076923077 0.7644230769230769 0.2091346153846154 0.055288461538461536
0 0.49759615384615385 0.7367788461538461 0.12740384615384615 0.026442307692307692
0 0.4375 0.7860576923076923 0.28725961538461536 0.06490384615384616
0 0.859375 0.9699519230769231 0.21995192307692307 0.057692307692307696
0 0.4567307692307692 0.9507211538461539 0.2668269230769231 0.06490384615384616
0 0.5564903846153846 0.8822115384615384 0.02403846153846154 0.03245192307692308