0 0.33653846153846156 0.9302884615384616 0.0829326923076923 0.09495192307692307
0 0.9483173076923077 0.6298076923076923 0.06009615384615385 0.054086538461538464
0 0.09014423076923077 0.8197115384615384 0.06490384615384616 0.06129807692307692
0 0.4266826923076923 0.16947115384615385 0.0625 0.07692307692307693
0 0.9507211538461539 0.3293269230769231 0.06971153846153846 0.06490384615384616
0 0.9759615384615384 0.21394230769230768 0.04567307692307692 0.078125
0 0.9495192307692307 0.7992788461538461 0.07451923076923077 0.09975961538461539
0 0.5192307692307693 0.29447115384615385 0.06490384615384616 0.07451923076923077
0 0.1935096153846154 0.6141826923076923 0.06971153846153846 0.07451923076923077
0 0.4735576923076923 0.7740384615384616 0.0673076923076923 0.06490384615384616
0 0.3329326923076923 0.7908653846153846 0.051682692307692304 0.07451923076923077
0 0.39663461538461536 0.22956730769230768 0.05048076923076923 0.04807692307692308
0 0.49759615384615385 0.9146634615384616 0.07572115384615384 0.07572115384615384
0 0.40625 0.41466346153846156 0.054086538461538464 0.056490384615384616
0 0.4891826923076923 0.1658653846153846 0.055288461538461536 0.06009615384615385
0 0.33052884615384615 0.6838942307692307 0.06490384615384616 0.06850961538461539
0 0.36538461538461536 0.35216346153846156 0.09134615384615384 0.06490384615384616
0 0.8665865384615384 0.65625 0.06971153846153846 0.056490384615384616
0 0.9543269230769231 0.7283653846153846 0.06129807692307692 0.06009615384615385
0 0.037259615384615384 0.578125 0.07451923076923077 0.08533653846153846
0 0.7884615384615384 0.7524038461538461 0.07451923076923077 0.055288461538461536
0 0.016826923076923076 0.7668269230769231 0.03365384615384615 0.06971153846153846
0 0.5552884615384616 0.41947115384615385 0.06490384615384616 0.06850961538461539
0 0.96875 0.3641826923076923 0.06009615384615385 0.06971153846153846
0 0.5697115384615384 0.055288461538461536 0.0625 0.07932692307692307
0 0.8221153846153846 0.6862980769230769 0.07692307692307693 0.06009615384615385
0 0.7596153846153846 0.1346153846153846 0.08173076923076923 0.06850961538461539
0 0.45913461538461536 0.578125 0.06009615384615385 0.07692307692307693
0 0.2247596153846154 0.8569711538461539 0.0733173076923077 0.08052884615384616
0 0.7884615384615384 0.6262019230769231 0.09134615384615384 0.07091346153846154
0 0.8052884615384616 0.25721153846153844 0.06009615384615385 0.0625
0 0.44471153846153844 0.6358173076923077 0.06009615384615385 0.051682692307692304
0 0.28966346153846156 0.7175480769230769 0.06009615384615385 0.0625
0 0.6418269230769231 0.203125 0.06490384615384616 0.0733173076923077