0 0.7920673076923077 0.27524038461538464 0.09375 0.0889423076923077
0 0.2439903846153846 0.5829326923076923 0.109375 0.09134615384615384
0 0.328125 0.051682692307692304 0.10576923076923077 0.10216346153846154
0 0.5745192307692307 0.8112980769230769 0.10817307692307693 0.08052884615384616
0 0.016826923076923076 0.19230769230769232 0.03365384615384615 0.12259615384615384
0 0.43028846153846156 0.2283653846153846 0.06009615384615385 0.15384615384615385
0 0.8497596153846154 0.0889423076923077 0.06971153846153846 0.11538461538461539
0 0.3942307692307692 0.25961538461538464 0.08774038461538461 0.12740384615384615
0 0.35336538461538464 0.08533653846153846 0.08653846153846154 0.10697115384615384
0 0.37740384615384615 0.5528846153846154 0.1658653846153846 0.06971153846153846
0 0.4387019230769231 0.8665865384615384 0.15865384615384615 0.125
0 0.7463942307692307 0.7403846153846154 0.15745192307692307 0.07572115384615384
0 0.796875 0.46274038461538464 0.19831730769230768 0.10697115384615384
0 0.46875 0.36899038461538464 0.055288461538461536 0.07572115384615384
0 0.18990384615384615 0.09375 0.06850961538461539 0.08173076923076923
0 0.06610576923076923 0.7415865384615384 0.11778846153846154 0.15384615384615385
0 0.578125 0.27283653846153844 0.07451923076923077 0.08653846153846154
0 0.4338942307692308 0.9639423076923077 0.11658653846153846 0.06610576923076923
0 0.9194711538461539 0.7992788461538461 0.15865384615384615 0.09375
0 0.36538461538461536 0.7788461538461539 0.0733173076923077 0.08413461538461539
0 0.921875 0.2127403846153846 0.140625 0.0829326923076923
0 0.25721153846153844 0.042067307692307696 0.05048076923076923 0.07692307692307693
0 0.10697115384615384 0.8677884615384616 0.10576923076923077 0.09014423076923077
0 0.9302884615384616 0.09375 0.09375 0.17067307692307693
0 0.34134615384615385 0.8485576923076923 0.10817307692307693 0.1141826923076923