0 0.07572115384615384 0.4362980769230769 0.078125 0.1141826923076923
0 0.7439903846153846 0.59375 0.13701923076923078 0.09735576923076923
0 0.20192307692307693 0.15384615384615385 0.09134615384615384 0.14783653846153846
0 0.7163461538461539 0.24278846153846154 0.17067307692307693 0.2848557692307692
0 0.35697115384615385 0.8485576923076923 0.11538461538461539 0.08653846153846154
0 0.27884615384615385 0.46875 0.16346153846153846 0.12379807692307693
0 0.07692307692307693 0.2920673076923077 0.15384615384615385 0.11778846153846154
0 0.9350961538461539 0.6911057692307693 0.12740384615384615 0.17427884615384615
0 0.8461538461538461 0.08774038461538461 0.0985576923076923 0.17427884615384615
0 0.11899038461538461 0.016826923076923076 0.04927884615384615 0.03365384615384615
0 0.5384615384615384 0.49278846153846156 0.23197115384615385 0.10576923076923077
0 0.9663461538461539 0.37740384615384615 0.06490384615384616 0.08413461538461539
0 0.042067307692307696 0.10817307692307693 0.08413461538461539 0.11177884615384616
0 0.671875 0.7560096153846154 0.09134615384615384 0.11298076923076923
0 0.16105769230769232 0.5985576923076923 0.13341346153846154 0.17548076923076922
0 0.4110576923076923 0.2403846153846154 0.18269230769230768 0.20793269230769232
0 0.6358173076923077 0.9026442307692307 0.10817307692307693 0.07451923076923077
0 0.4170673076923077 0.7355769230769231 0.16346153846153846 0.0673076923076923
0 0.21514423076923078 0.39903846153846156 0.057692307692307696 0.11538461538461539
0 0.84375 0.7331730769230769 0.06370192307692307 0.06009615384615385
0 0.9651442307692307 0.5036057692307693 0.0673076923076923 0.08052884615384616
0 0.34134615384615385 0.6790865384615384 0.10096153846153846 0.06370192307692307
0 0.53125 0.7043269230769231 0.06610576923076923 0.12860576923076922
0 0.6322115384615384 0.5576923076923077 0.10336538461538461 0.2091346153846154
0 0.7211538461538461 0.7307692307692307 0.13701923076923078 0.10216346153846154
0 0.6009615384615384 0.7007211538461539 0.08533653846153846 0.10576923076923077
0 0.43149038461538464 0.030048076923076924 0.1141826923076923 0.06009615384615385
0 0.3701923076923077 0.578125 0.13701923076923078 0.08533653846153846
0 0.6766826923076923 0.4338942307692308 0.07211538461538461 0.15865384615384615
0 0.16346153846153846 0.06850961538461539 0.04807692307692308 0.13341346153846154
0 0.6490384615384616 0.10096153846153846 0.11538461538461539 0.14903846153846154
0 0.45913461538461536 0.12139423076923077 0.07692307692307693 0.10216346153846154
0 0.6021634615384616 0.027644230769230768 0.12740384615384615 0.055288461538461536
0 0.24879807692307693 0.6610576923076923 0.07572115384615384 0.14302884615384615
0 0.2860576923076923 0.052884615384615384 0.15865384615384615 0.10576923076923077
0 0.4699519230769231 0.4206730769230769 0.21875 0.11658653846153846
0 0.13221153846153846 0.4951923076923077 0.11298076923076923 0.09615384615384616
0 0.4110576923076923 0.8665865384615384 0.25240384615384615 0.09014423076923077
0 0.3112980769230769 0.359375 0.12620192307692307 0.09735576923076923
0 0.039663461538461536 0.021634615384615384 0.07932692307692307 0.04326923076923077