0 0.6550480769230769 0.2536057692307692 0.055288461538461536 0.0985576923076923
0 0.59375 0.6310096153846154 0.08052884615384616 0.07572115384615384
0 0.17427884615384615 0.875 0.12139423076923077 0.09495192307692307
0 0.3088942307692308 0.47115384615384615 0.06370192307692307 0.10697115384615384
0 0.25240384615384615 0.5276442307692307 0.08653846153846154 0.12259615384615384
0 0.8389423076923077 0.07572115384615384 0.11177884615384616 0.15144230769230768
0 0.018028846153846152 0.6682692307692307 0.036057692307692304 0.08052884615384616
0 0.484375 0.09735576923076923 0.09615384615384616 0.12740384615384615
0 0.052884615384615384 0.4699519230769231 0.08052884615384616 0.09375
0 0.49158653846153844 0.9459134615384616 0.11658653846153846 0.10697115384615384
0 0.6875 0.15625 0.11538461538461539 0.12740384615384615
0 0.44471153846153844 0.7367788461538461 0.11298076923076923 0.11658653846153846
0 0.13822115384615385 0.9807692307692307 0.08774038461538461 0.036057692307692304
0 0.07451923076923077 0.6634615384615384 0.07572115384615384 0.13701923076923078
0 0.5576923076923077 0.7415865384615384 0.09375 0.12620192307692307
0 0.390625 0.3858173076923077 0.10697115384615384 0.1045673076923077
0 0.7163461538461539 0.020432692307692308 0.07572115384615384 0.039663461538461536
0 0.9699519230769231 0.04567307692307692 0.05889423076923077 0.09014423076923077
0 0.8918269230769231 0.9038461538461539 0.12379807692307693 0.11899038461538461
0 0.6923076923076923 0.8894230769230769 0.13942307692307693 0.11899038461538461
0 0.15144230769230768 0.59375 0.12259615384615384 0.11057692307692307