0 0.5384615384615384 0.9579326923076923 0.06850961538461539 0.03485576923076923
0 0.7331730769230769 0.8569711538461539 0.03365384615384615 0.051682692307692304
0 0.6442307692307693 0.7548076923076923 0.03125 0.06129807692307692
0 0.6322115384615384 0.1466346153846154 0.04447115384615385 0.09134615384615384
0 0.71875 0.20793269230769232 0.03365384615384615 0.036057692307692304
0 0.8918269230769231 0.17668269230769232 0.06009615384615385 0.0625
0 0.7307692307692307 0.27163461538461536 0.04326923076923077 0.038461538461538464
0 0.6586538461538461 0.25961538461538464 0.03485576923076923 0.03245192307692308
0 0.9387019230769231 0.7415865384615384 0.040865384615384616 0.042067307692307696
0 0.8461538461538461 0.9014423076923077 0.027644230769230768 0.02283653846153846
0 0.8822115384615384 0.8545673076923077 0.03365384615384615 0.03485576923076923
0 0.9242788461538461 0.36658653846153844 0.021634615384615384 0.04326923076923077
0 0.9615384615384616 0.22596153846153846 0.019230769230769232 0.025240384615384616
0 0.8137019230769231 0.49759615384615385 0.03365384615384615 0.026442307692307692
0 0.7788461538461539 0.9543269230769231 0.07572115384615384 0.06370192307692307
0 0.8125 0.7355769230769231 0.07692307692307693 0.026442307692307692
0 0.9543269230769231 0.42788461538461536 0.019230769230769232 0.039663461538461536
0 0.9867788461538461 0.20673076923076922 0.02403846153846154 0.026442307692307692
0 0.7199519230769231 0.014423076923076924 0.06009615384615385 0.028846153846153848
0 0.8389423076923077 0.02283653846153846 0.052884615384615384 0.04447115384615385
0 0.6634615384615384 0.5625 0.037259615384615384 0.04326923076923077
0 0.5793269230769231 0.47596153846153844 0.036057692307692304 0.042067307692307696
0 0.5516826923076923 0.5300480769230769 0.04326923076923077 0.040865384615384616
0 0.84375 0.6237980769230769 0.038461538461538464 0.09615384615384616