0 0.984375 0.7355769230769231 0.028846153846153848 0.09975961538461539
0 0.78125 0.36899038461538464 0.11177884615384616 0.07692307692307693
0 0.3389423076923077 0.7512019230769231 0.17427884615384615 0.07932692307692307
0 0.6634615384615384 0.5552884615384616 0.08173076923076923 0.1935096153846154
0 0.7127403846153846 0.04567307692307692 0.10697115384615384 0.039663461538461536
0 0.6081730769230769 0.8942307692307693 0.06850961538461539 0.0985576923076923
0 0.1778846153846154 0.7728365384615384 0.11057692307692307 0.07692307692307693
0 0.7091346153846154 0.16105769230769232 0.17548076923076922 0.09975961538461539
0 0.41466346153846156 0.19591346153846154 0.11899038461538461 0.16466346153846154
0 0.515625 0.90625 0.06971153846153846 0.1141826923076923
0 0.9038461538461539 0.4987980769230769 0.037259615384615384 0.078125
0 0.1971153846153846 0.5384615384615384 0.10576923076923077 0.13221153846153846
0 0.046875 0.7764423076923077 0.09375 0.1201923076923077
0 0.8545673076923077 0.2800480769230769 0.14182692307692307 0.11177884615384616
0 0.020432692307692308 0.3737980769230769 0.040865384615384616 0.08774038461538461
0 0.8329326923076923 0.4495192307692308 0.22115384615384615 0.14302884615384615
0 0.6694711538461539 0.06370192307692307 0.171875 0.10697115384615384
0 0.03245192307692308 0.2608173076923077 0.06490384615384616 0.07091346153846154
0 0.09375 0.8293269230769231 0.12259615384615384 0.1346153846153846
0 0.28846153846153844 0.21995192307692307 0.08052884615384616 0.17427884615384615
0 0.10216346153846154 0.5204326923076923 0.11538461538461539 0.14903846153846154
0 0.625 0.5444711538461539 0.12620192307692307 0.10697115384615384
0 0.7548076923076923 0.5745192307692307 0.12259615384615384 0.09134615384615384
0 0.4266826923076923 0.2536057692307692 0.1141826923076923 0.18028846153846154
0 0.04447115384615385 0.6502403846153846 0.06610576923076923 0.11057692307692307
0 0.9735576923076923 0.8810096153846154 0.051682692307692304 0.09254807692307693
0 0.38461538461538464 0.890625 0.09975961538461539 0.08653846153846154
0 0.8293269230769231 0.6971153846153846 0.08653846153846154 0.12139423076923077