0 0.7884615384615384 0.71875 0.06850961538461539 0.0985576923076923
0 0.4723557692307692 0.3076923076923077 0.06850961538461539 0.06490384615384616
0 0.2403846153846154 0.45072115384615385 0.06009615384615385 0.08052884615384616
0 0.4266826923076923 0.18629807692307693 0.08774038461538461 0.052884615384615384
0 0.22596153846153846 0.046875 0.07451923076923077 0.06971153846153846
0 0.0673076923076923 0.036057692307692304 0.06370192307692307 0.03245192307692308
0 0.7163461538461539 0.4206730769230769 0.07451923076923077 0.05889423076923077
0 0.671875 0.7307692307692307 0.07572115384615384 0.0625
0 0.546875 0.18990384615384615 0.06971153846153846 0.09134615384615384
0 0.7199519230769231 0.09735576923076923 0.056490384615384616 0.04927884615384615
0 0.9014423076923077 0.020432692307692308 0.06009615384615385 0.040865384615384616
0 0.18990384615384615 0.9879807692307693 0.06009615384615385 0.018028846153846152
0 0.9567307692307693 0.7992788461538461 0.08173076923076923 0.07572115384615384
0 0.9663461538461539 0.41586538461538464 0.0625 0.04447115384615385
0 0.359375 0.7319711538461539 0.0733173076923077 0.039663461538461536
0 0.7079326923076923 0.8918269230769231 0.06490384615384616 0.07451923076923077
0 0.4579326923076923 0.6766826923076923 0.06971153846153846 0.06490384615384616
0 0.27524038461538464 0.8798076923076923 0.03245192307692308 0.05889423076923077
0 0.03365384615384615 0.7920673076923077 0.0673076923076923 0.04447115384615385
0 0.39663461538461536 0.8605769230769231 0.057692307692307696 0.04927884615384615
0 0.4254807692307692 0.3088942307692308 0.06610576923076923 0.052884615384615384
0 0.7704326923076923 0.7704326923076923 0.07451923076923077 0.037259615384615384
0 0.5769230769230769 0.9086538461538461 0.09134615384615384 0.057692307692307696
0 0.5492788461538461 0.10096153846153846 0.04927884615384615 0.05048076923076923
0 0.27283653846153844 0.9290865384615384 0.06610576923076923 0.057692307692307696
0 0.22355769230769232 0.140625 0.037259615384615384 0.08533653846153846
0 0.03485576923076923 0.18028846153846154 0.06971153846153846 0.057692307692307696
0 0.5348557692307693 0.9362980769230769 0.06971153846153846 0.05048076923076923
0 0.4795673076923077 0.41346153846153844 0.06370192307692307 0.05889423076923077
0 0.7367788461538461 0.5048076923076923 0.042067307692307696 0.06490384615384616
0 0.9338942307692307 0.46634615384615385 0.042067307692307696 0.08173076923076923
0 0.9579326923076923 0.13221153846153846 0.055288461538461536 0.06009615384615385
0 0.019230769230769232 0.3125 0.038461538461538464 0.04927884615384615
0 0.055288461538461536 0.5048076923076923 0.06971153846153846 0.06009615384615385
0 0.18870192307692307 0.9639423076923077 0.07091346153846154 0.054086538461538464
0 0.42788461538461536 0.8509615384615384 0.04927884615384615 0.040865384615384616
0 0.08173076923076923 0.16947115384615385 0.07091346153846154 0.07932692307692307
0 0.14903846153846154 0.7019230769230769 0.11177884615384616 0.04567307692307692
0 0.3317307692307692 0.6850961538461539 0.09134615384615384 0.057692307692307696
0 0.1814903846153846 0.21153846153846154 0.07572115384615384 0.056490384615384616
0 0.9543269230769231 0.6310096153846154 0.08774038461538461 0.04807692307692308
0 0.04567307692307692 0.015625 0.05889423076923077 0.03125
0 0.10216346153846154 0.5564903846153846 0.07091346153846154 0.054086538461538464
0 0.53125 0.390625 0.07091346153846154 0.10216346153846154
0 0.7319711538461539 0.3641826923076923 0.09014423076923077 0.09254807692307693
0 0.5757211538461539 0.6298076923076923 0.08774038461538461 0.054086538461538464
0 0.3954326923076923 0.24879807692307693 0.05048076923076923 0.055288461538461536
0 0.34615384615384615 0.22115384615384615 0.04927884615384615 0.04807692307692308
0 0.046875 0.9194711538461539 0.09375 0.0625
0 0.43509615384615385 0.4639423076923077 0.07451923076923077 0.055288461538461536
0 0.21634615384615385 0.29927884615384615 0.10096153846153846 0.055288461538461536
0 0.29447115384615385 0.06129807692307692 0.0673076923076923 0.04927884615384615
0 0.5492788461538461 0.018028846153846152 0.07692307692307693 0.03485576923076923
0 0.18629807692307693 0.1658653846153846 0.08533653846153846 0.030048076923076924
0 0.3858173076923077 0.6009615384615384 0.11658653846153846 0.054086538461538464
0 0.4074519230769231 0.6694711538461539 0.04927884615384615 0.054086538461538464
0 0.75 0.6117788461538461 0.04447115384615385 0.046875
0 0.8329326923076923 0.9507211538461539 0.06610576923076923 0.046875
0 0.9230769230769231 0.8725961538461539 0.06490384615384616 0.06610576923076923
0 0.6105769230769231 0.8413461538461539 0.052884615384615384 0.07211538461538461
0 0.1658653846153846 0.7367788461538461 0.07572115384615384 0.040865384615384616
0 0.6286057692307693 0.41346153846153844 0.06490384615384616 0.06490384615384616
0 0.9423076923076923 0.09014423076923077 0.04807692307692308 0.046875
0 0.7764423076923077 0.14302884615384615 0.06850961538461539 0.05048076923076923