0 0.765625 0.5637019230769231 0.07572115384615384 0.06490384615384616
0 0.037259615384615384 0.21634615384615385 0.07451923076923077 0.09134615384615384
0 0.7247596153846154 0.8305288461538461 0.08173076923076923 0.07932692307692307
0 0.17668269230769232 0.026442307692307692 0.11177884615384616 0.051682692307692304
0 0.9134615384615384 0.018028846153846152 0.13581730769230768 0.036057692307692304
0 0.9086538461538461 0.06009615384615385 0.1814903846153846 0.0889423076923077
0 0.03485576923076923 0.9555288461538461 0.06971153846153846 0.08413461538461539
0 0.10817307692307693 0.515625 0.06850961538461539 0.08052884615384616
0 0.3870192307692308 0.8894230769230769 0.10817307692307693 0.08653846153846154
0 0.8701923076923077 0.3473557692307692 0.14543269230769232 0.09014423076923077
0 0.4074519230769231 0.10336538461538461 0.08052884615384616 0.056490384615384616
0 0.203125 0.6045673076923077 0.0889423076923077 0.14182692307692307
0 0.640625 0.28725961538461536 0.08413461538461539 0.12379807692307693
0 0.28846153846153844 0.3870192307692308 0.09615384615384616 0.09735576923076923
0 0.5336538461538461 0.054086538461538464 0.125 0.09014423076923077
0 0.1201923076923077 0.2848557692307692 0.0733173076923077 0.0829326923076923
0 0.3016826923076923 0.5120192307692307 0.11538461538461539 0.07692307692307693
0 0.11778846153846154 0.057692307692307696 0.05889423076923077 0.09975961538461539
0 0.9579326923076923 0.6514423076923077 0.0829326923076923 0.09615384615384616
0 0.4543269230769231 0.8762019230769231 0.07091346153846154 0.09134615384615384
0 0.49399038461538464 0.9423076923076923 0.08413461538461539 0.09254807692307693
0 0.4519230769230769 0.7211538461538461 0.07932692307692307 0.09735576923076923
0 0.18629807692307693 0.0625 0.11658653846153846 0.0733173076923077
0 0.9759615384615384 0.7367788461538461 0.04567307692307692 0.07932692307692307
0 0.06971153846153846 0.6899038461538461 0.13822115384615385 0.09375
0 0.019230769230769232 0.4543269230769231 0.038461538461538464 0.07211538461538461
0 0.10096153846153846 0.9399038461538461 0.057692307692307696 0.06850961538461539
0 0.4951923076923077 0.1814903846153846 0.0733173076923077 0.13221153846153846
0 0.7235576923076923 0.4567307692307692 0.08533653846153846 0.06971153846153846