0 0.8293269230769231 0.4795673076923077 0.054086538461538464 0.042067307692307696
0 0.8125 0.054086538461538464 0.04807692307692308 0.06009615384615385
0 0.1971153846153846 0.6778846153846154 0.06971153846153846 0.06610576923076923
0 0.8425480769230769 0.40024038461538464 0.12860576923076922 0.08052884615384616
0 0.3112980769230769 0.23918269230769232 0.06850961538461539 0.04927884615384615
0 0.37740384615384615 0.5456730769230769 0.0985576923076923 0.10697115384615384
0 0.29927884615384615 0.3762019230769231 0.078125 0.06370192307692307
0 0.9350961538461539 0.13822115384615385 0.04927884615384615 0.06009615384615385
0 0.02403846153846154 0.5432692307692307 0.046875 0.04326923076923077
0 0.9495192307692307 0.7704326923076923 0.04927884615384615 0.04447115384615385
0 0.8389423076923077 0.09375 0.042067307692307696 0.06610576923076923
0 0.23557692307692307 0.8762019230769231 0.12379807692307693 0.07451923076923077
0 0.09254807692307693 0.296875 0.06009615384615385 0.04326923076923077
0 0.030048076923076924 0.8016826923076923 0.06009615384615385 0.06490384615384616
0 0.3918269230769231 0.28125 0.038461538461538464 0.07451923076923077
0 0.9711538461538461 0.5949519230769231 0.04927884615384615 0.09134615384615384
0 0.39903846153846156 0.28846153846153844 0.14783653846153846 0.05889423076923077
0 0.625 0.9326923076923077 0.06370192307692307 0.09615384615384616
0 0.24158653846153846 0.5829326923076923 0.09495192307692307 0.08774038461538461
0 0.609375 0.6959134615384616 0.09975961538461539 0.06610576923076923
0 0.18389423076923078 0.5252403846153846 0.15384615384615385 0.07692307692307693
0 0.8701923076923077 0.7620192307692307 0.030048076923076924 0.020432692307692308
0 0.9783653846153846 0.17668269230769232 0.040865384615384616 0.03365384615384615
0 0.5612980769230769 0.9002403846153846 0.06490384615384616 0.07211538461538461
0 0.5889423076923077 0.7403846153846154 0.07692307692307693 0.11177884615384616
0 0.23557692307692307 0.8100961538461539 0.15384615384615385 0.056490384615384616
0 0.5649038461538461 0.5793269230769231 0.08653846153846154 0.06009615384615385
0 0.13221153846153846 0.3786057692307692 0.04807692307692308 0.037259615384615384
0 0.44471153846153844 0.08653846153846154 0.06971153846153846 0.039663461538461536
0 0.453125 0.6658653846153846 0.054086538461538464 0.04927884615384615
0 0.9375 0.8858173076923077 0.07932692307692307 0.07932692307692307
0 0.6274038461538461 0.5288461538461539 0.12740384615384615 0.06850961538461539
0 0.5576923076923077 0.8125 0.039663461538461536 0.054086538461538464
0 0.8990384615384616 0.5985576923076923 0.056490384615384616 0.05889423076923077
0 0.3641826923076923 0.20432692307692307 0.04567307692307692 0.08052884615384616
0 0.3173076923076923 0.4699519230769231 0.057692307692307696 0.05048076923076923
0 0.037259615384615384 0.6310096153846154 0.07451923076923077 0.06971153846153846
0 0.31009615384615385 0.15865384615384615 0.09735576923076923 0.10576923076923077
0 0.5817307692307693 0.35216346153846156 0.06490384615384616 0.057692307692307696
0 0.4639423076923077 0.35336538461538464 0.042067307692307696 0.05048076923076923
0 0.9362980769230769 0.49759615384615385 0.1045673076923077 0.052884615384615384
0 0.7992788461538461 0.5889423076923077 0.06610576923076923 0.04927884615384615
0 0.04447115384615385 0.4110576923076923 0.05889423076923077 0.051682692307692304
0 0.8100961538461539 0.9206730769230769 0.11778846153846154 0.09975961538461539
0 0.7872596153846154 0.013221153846153846 0.08173076923076923 0.026442307692307692
0 0.47475961538461536 0.43509615384615385 0.10576923076923077 0.06370192307692307
0 0.8173076923076923 0.6790865384615384 0.055288461538461536 0.06129807692307692
0 0.6862980769230769 0.921875 0.06009615384615385 0.055288461538461536