0 0.8870192307692307 0.013221153846153846 0.03245192307692308 0.026442307692307692
0 0.9134615384615384 0.018028846153846152 0.04567307692307692 0.036057692307692304
0 0.9783653846153846 0.11899038461538461 0.042067307692307696 0.04567307692307692
0 0.9795673076923077 0.16105769230769232 0.036057692307692304 0.039663461538461536
0 0.8713942307692307 0.203125 0.02403846153846154 0.028846153846153848
0 0.9459134615384616 0.1971153846153846 0.06009615384615385 0.09134615384615384
0 0.9026442307692307 0.28966346153846156 0.06850961538461539 0.04567307692307692
0 0.9879807692307693 0.3401442307692308 0.021634615384615384 0.021634615384615384
0 0.984375 0.3786057692307692 0.030048076923076924 0.027644230769230768
0 0.8774038461538461 0.39903846153846156 0.03485576923076923 0.040865384615384616
0 0.921875 0.5096153846153846 0.042067307692307696 0.026442307692307692
0 0.9735576923076923 0.4795673076923077 0.046875 0.06129807692307692
0 0.7680288461538461 0.4675480769230769 0.037259615384615384 0.07692307692307693
0 0.9110576923076923 0.6454326923076923 0.07091346153846154 0.08533653846153846
0 0.9807692307692307 0.765625 0.037259615384615384 0.07572115384615384
0 0.9338942307692307 0.8341346153846154 0.06850961538461539 0.054086538461538464
0 0.9326923076923077 0.8774038461538461 0.039663461538461536 0.03365384615384615
0 0.703125 0.8389423076923077 0.052884615384615384 0.07451923076923077
0 0.75 0.6959134615384616 0.038461538461538464 0.0673076923076923
0 0.7752403846153846 0.7223557692307693 0.06009615384615385 0.05889423076923077
0 0.7487980769230769 0.019230769230769232 0.06009615384615385 0.038461538461538464
0 0.65625 0.040865384615384616 0.08533653846153846 0.08052884615384616
0 0.6117788461538461 0.046875 0.09615384615384616 0.09375
0 0.5276442307692307 0.04567307692307692 0.05048076923076923 0.04927884615384615
0 0.4567307692307692 0.13942307692307693 0.0625 0.054086538461538464
0 0.6201923076923077 0.234375 0.02403846153846154 0.06009615384615385
0 0.7379807692307693 0.171875 0.052884615384615384 0.04927884615384615
0 0.6574519230769231 0.25600961538461536 0.051682692307692304 0.10817307692307693
0 0.6766826923076923 0.2848557692307692 0.10096153846153846 0.11177884615384616
0 0.7151442307692307 0.3329326923076923 0.06610576923076923 0.05048076923076923
0 0.7896634615384616 0.38461538461538464 0.051682692307692304 0.06610576923076923
0 0.734375 0.4411057692307692 0.04807692307692308 0.078125
0 0.6646634615384616 0.4170673076923077 0.11057692307692307 0.0733173076923077
0 0.5841346153846154 0.3894230769230769 0.0733173076923077 0.039663461538461536
0 0.5108173076923077 0.3918269230769231 0.06490384615384616 0.051682692307692304
0 0.734375 0.5805288461538461 0.04927884615384615 0.030048076923076924
0 0.6237980769230769 0.6694711538461539 0.055288461538461536 0.051682692307692304
0 0.6610576923076923 0.6538461538461539 0.07932692307692307 0.09735576923076923
0 0.6153846153846154 0.5985576923076923 0.06610576923076923 0.055288461538461536
0 0.5805288461538461 0.5348557692307693 0.046875 0.08774038461538461
0 0.44350961538461536 0.5889423076923077 0.06971153846153846 0.09134615384615384
0 0.4795673076923077 0.6430288461538461 0.11177884615384616 0.046875
0 0.31009615384615385 0.6610576923076923 0.03485576923076923 0.03245192307692308
0 0.40625 0.7632211538461539 0.04807692307692308 0.06490384615384616
0 0.5420673076923077 0.7463942307692307 0.06610576923076923 0.055288461538461536
0 0.31971153846153844 0.875 0.1045673076923077 0.042067307692307696
0 0.375 0.8449519230769231 0.030048076923076924 0.040865384615384616
0 0.34375 0.8389423076923077 0.026442307692307692 0.046875
0 0.3137019230769231 0.9423076923076923 0.051682692307692304 0.1141826923076923
0 0.3870192307692308 0.9591346153846154 0.11177884615384616 0.08052884615384616
0 0.17067307692307693 0.7860576923076923 0.08173076923076923 0.0829326923076923
0 0.21634615384615385 0.59375 0.13221153846153846 0.08653846153846154
0 0.016826923076923076 0.3401442307692308 0.03365384615384615 0.06009615384615385
0 0.14423076923076922 0.42908653846153844 0.09735576923076923 0.14543269230769232
0 0.08173076923076923 0.35697115384615385 0.10096153846153846 0.09375
0 0.3317307692307692 0.3545673076923077 0.16947115384615385 0.13581730769230768
0 0.24278846153846154 0.28846153846153844 0.04807692307692308 0.10336538461538461
0 0.038461538461538464 0.25600961538461536 0.04927884615384615 0.027644230769230768
0 0.0889423076923077 0.23798076923076922 0.09134615384615384 0.10817307692307693
0 0.046875 0.13341346153846154 0.06490384615384616 0.04326923076923077
0 0.12860576923076922 0.15985576923076922 0.0673076923076923 0.0625
0 0.17427884615384615 0.13822115384615385 0.06850961538461539 0.0985576923076923
0 0.27163461538461536 0.11778846153846154 0.12379807692307693 0.06490384615384616
0 0.31850961538461536 0.027644230769230768 0.055288461538461536 0.055288461538461536
0 0.1466346153846154 0.04807692307692308 0.06009615384615385 0.09615384615384616
0 0.4254807692307692 0.6959134615384616 0.03365384615384615 0.03245192307692308
0 0.9134615384615384 0.6274038461538461 0.11177884615384616 0.052884615384615384
0 0.28966346153846156 0.06971153846153846 0.055288461538461536 0.06490384615384616