0 0.6346153846153846 0.18870192307692307 0.027644230769230768 0.06971153846153846
0 0.7199519230769231 0.2824519230769231 0.026442307692307692 0.015625
0 0.4423076923076923 0.19471153846153846 0.09134615384615384 0.03125
0 0.5576923076923077 0.23317307692307693 0.028846153846153848 0.06129807692307692
0 0.7211538461538461 0.2512019230769231 0.028846153846153848 0.037259615384615384
0 0.8016826923076923 0.21153846153846154 0.018028846153846152 0.028846153846153848
0 0.7259615384615384 0.19110576923076922 0.037259615384615384 0.04447115384615385
0 0.4855769230769231 0.3125 0.07211538461538461 0.051682692307692304
0 0.4891826923076923 0.2860576923076923 0.07692307692307693 0.05048076923076923
0 0.6262019230769231 0.3269230769230769 0.10096153846153846 0.028846153846153848
0 0.7115384615384616 0.13581730769230768 0.055288461538461536 0.06129807692307692
0 0.7319711538461539 0.11538461538461539 0.03365384615384615 0.07451923076923077
0 0.7764423076923077 0.14182692307692307 0.039663461538461536 0.08413461538461539
0 0.890625 0.18028846153846154 0.019230769230769232 0.02403846153846154
0 0.5108173076923077 0.19831730769230768 0.03365384615384615 0.025240384615384616
0 0.12259615384615384 0.19951923076923078 0.10697115384615384 0.04927884615384615
0 0.12259615384615384 0.22115384615384615 0.051682692307692304 0.040865384615384616
0 0.10096153846153846 0.265625 0.10336538461538461 0.02403846153846154
0 0.09975961538461539 0.29447115384615385 0.08173076923076923 0.025240384615384616
0 0.1310096153846154 0.3605769230769231 0.12379807692307693 0.06129807692307692
0 0.6598557692307693 0.28125 0.054086538461538464 0.038461538461538464
0 0.7632211538461539 0.3449519230769231 0.026442307692307692 0.028846153846153848
0 0.9038461538461539 0.25841346153846156 0.05889423076923077 0.04447115384615385
0 0.9170673076923077 0.21514423076923078 0.02403846153846154 0.021634615384615384
0 0.5600961538461539 0.28365384615384615 0.05048076923076923 0.056490384615384616
0 0.9939903846153846 0.0889423076923077 0.010817307692307692 0.05889423076923077
0 0.9122596153846154 0.7740384615384616 0.02283653846153846 0.02403846153846154
0 0.9411057692307693 0.7524038461538461 0.02403846153846154 0.018028846153846152
0 0.78125 0.6430288461538461 0.057692307692307696 0.051682692307692304
0 0.4675480769230769 0.6983173076923077 0.027644230769230768 0.02403846153846154
0 0.18990384615384615 0.6730769230769231 0.037259615384615384 0.037259615384615384
0 0.6778846153846154 0.41225961538461536 0.019230769230769232 0.02403846153846154
0 0.7860576923076923 0.375 0.030048076923076924 0.028846153846153848
0 0.12740384615384615 0.5384615384615384 0.02283653846153846 0.03365384615384615
0 0.6129807692307693 0.16826923076923078 0.030048076923076924 0.054086538461538464
0 0.12980769230769232 0.24639423076923078 0.06971153846153846 0.038461538461538464
0 0.5228365384615384 0.21995192307692307 0.037259615384615384 0.02403846153846154
0 0.9002403846153846 0.10817307692307693 0.06971153846153846 0.04447115384615385
0 0.8016826923076923 0.35697115384615385 0.037259615384615384 0.025240384615384616
0 0.6153846153846154 0.24639423076923078 0.054086538461538464 0.040865384615384616
0 0.71875 0.125 0.038461538461538464 0.057692307692307696
0 0.6802884615384616 0.42908653846153844 0.021634615384615384 0.014423076923076924
0 0.859375 0.6298076923076923 0.03245192307692308 0.054086538461538464
0 0.6826923076923077 0.21394230769230768 0.03245192307692308 0.038461538461538464