0 0.05048076923076923 0.38461538461538464 0.06490384615384616 0.06610576923076923
0 0.07572115384615384 0.32572115384615385 0.040865384615384616 0.039663461538461536
0 0.15745192307692307 0.4519230769230769 0.03245192307692308 0.055288461538461536
0 0.2980769230769231 0.38221153846153844 0.04326923076923077 0.03125
0 0.24158653846153846 0.5204326923076923 0.04807692307692308 0.04447115384615385
0 0.18990384615384615 0.6045673076923077 0.055288461538461536 0.06009615384615385
0 0.054086538461538464 0.609375 0.021634615384615384 0.026442307692307692
0 0.46033653846153844 0.5144230769230769 0.030048076923076924 0.054086538461538464
0 0.5961538461538461 0.5168269230769231 0.05048076923076923 0.042067307692307696
0 0.6466346153846154 0.5240384615384616 0.07091346153846154 0.08413461538461539
0 0.6045673076923077 0.35697115384615385 0.03485576923076923 0.12740384615384615
0 0.49278846153846156 0.453125 0.040865384615384616 0.04447115384615385
0 0.7439903846153846 0.4206730769230769 0.08052884615384616 0.06610576923076923
0 0.8028846153846154 0.375 0.03485576923076923 0.057692307692307696
0 0.9663461538461539 0.375 0.04927884615384615 0.15504807692307693
0 0.7860576923076923 0.26322115384615385 0.07572115384615384 0.06490384615384616
0 0.828125 0.5480769230769231 0.057692307692307696 0.056490384615384616
0 0.7536057692307693 0.6694711538461539 0.06850961538461539 0.051682692307692304
0 0.7572115384615384 0.7235576923076923 0.07451923076923077 0.054086538461538464
0 0.7427884615384616 0.7752403846153846 0.0625 0.04447115384615385
0 0.6766826923076923 0.8317307692307693 0.030048076923076924 0.06129807692307692
0 0.49038461538461536 0.7680288461538461 0.054086538461538464 0.04326923076923077
0 0.38822115384615385 0.7752403846153846 0.040865384615384616 0.055288461538461536
0 0.5108173076923077 0.6862980769230769 0.03245192307692308 0.040865384615384616
0 0.5805288461538461 0.6862980769230769 0.04326923076923077 0.03485576923076923
0 0.6225961538461539 0.6706730769230769 0.037259615384615384 0.04807692307692308
0 0.9399038461538461 0.7319711538461539 0.038461538461538464 0.055288461538461536
0 0.9819711538461539 0.7235576923076923 0.025240384615384616 0.04807692307692308
0 0.984375 0.6370192307692307 0.030048076923076924 0.055288461538461536
0 0.8449519230769231 0.6045673076923077 0.038461538461538464 0.042067307692307696
0 0.8341346153846154 0.42427884615384615 0.03365384615384615 0.040865384615384616
0 0.6814903846153846 0.2127403846153846 0.03365384615384615 0.038461538461538464
0 0.7271634615384616 0.19831730769230768 0.038461538461538464 0.040865384615384616
0 0.7596153846153846 0.15865384615384615 0.08653846153846154 0.06129807692307692
0 0.9483173076923077 0.2091346153846154 0.054086538461538464 0.09254807692307693
0 0.9134615384615384 0.12740384615384615 0.14903846153846154 0.038461538461538464
0 0.5516826923076923 0.09134615384615384 0.028846153846153848 0.021634615384615384
0 0.4170673076923077 0.1622596153846154 0.03245192307692308 0.021634615384615384
0 0.4110576923076923 0.2283653846153846 0.04447115384615385 0.03365384615384615
0 0.4879807692307692 0.2247596153846154 0.039663461538461536 0.056490384615384616
0 0.6358173076923077 0.019230769230769232 0.038461538461538464 0.038461538461538464
0 0.020432692307692308 0.13581730769230768 0.039663461538461536 0.078125
0 0.09975961538461539 0.6959134615384616 0.051682692307692304 0.03125
0 0.07572115384615384 0.6430288461538461 0.03365384615384615 0.037259615384615384
0 0.17908653846153846 0.9206730769230769 0.03365384615384615 0.07091346153846154
0 0.15264423076923078 0.8173076923076923 0.037259615384615384 0.030048076923076924
0 0.2620192307692308 0.7608173076923077 0.039663461538461536 0.03245192307692308
0 0.21153846153846154 0.7235576923076923 0.03365384615384615 0.037259615384615384
0 0.38341346153846156 0.9675480769230769 0.06129807692307692 0.055288461538461536
0 0.6286057692307693 0.9399038461538461 0.04326923076923077 0.056490384615384616
0 0.7620192307692307 0.9086538461538461 0.038461538461538464 0.0673076923076923
0 0.6730769230769231 0.4182692307692308 0.03125 0.04567307692307692
0 0.5697115384615384 0.24519230769230768 0.03245192307692308 0.0625
0 0.5072115384615384 0.13341346153846154 0.038461538461538464 0.040865384615384616
0 0.8665865384615384 0.2127403846153846 0.027644230769230768 0.05048076923076923
0 0.9483173076923077 0.6826923076923077 0.028846153846153848 0.03245192307692308
0 0.9867788461538461 0.8701923076923077 0.02403846153846154 0.04927884615384615
0 0.8545673076923077 0.703125 0.027644230769230768 0.03365384615384615
0 0.7920673076923077 0.9435096153846154 0.06129807692307692 0.05889423076923077
0 0.7391826923076923 0.9483173076923077 0.04927884615384615 0.09254807692307693