0 0.09014423076923077 0.234375 0.07932692307692307 0.0985576923076923
0 0.026442307692307692 0.9507211538461539 0.04807692307692308 0.078125
0 0.016826923076923076 0.890625 0.026442307692307692 0.03365384615384615
0 0.5877403846153846 0.4326923076923077 0.08052884615384616 0.06490384615384616
0 0.5276442307692307 0.14302884615384615 0.07932692307692307 0.06009615384615385
0 0.25721153846153844 0.3269230769230769 0.08173076923076923 0.056490384615384616
0 0.31850961538461536 0.1971153846153846 0.07211538461538461 0.056490384615384616
0 0.7259615384615384 0.7235576923076923 0.10216346153846154 0.0673076923076923
0 0.9663461538461539 0.96875 0.06610576923076923 0.06009615384615385
0 0.4855769230769231 0.5432692307692307 0.09375 0.11298076923076923
0 0.09975961538461539 0.14182692307692307 0.06009615384615385 0.08533653846153846
0 0.6033653846153846 0.05048076923076923 0.09615384615384616 0.10096153846153846
0 0.7271634615384616 0.13221153846153846 0.06490384615384616 0.04927884615384615
0 0.3076923076923077 0.515625 0.07451923076923077 0.06971153846153846
0 0.8966346153846154 0.234375 0.0889423076923077 0.06370192307692307
0 0.41346153846153844 0.14182692307692307 0.08413461538461539 0.054086538461538464
0 0.5132211538461539 0.25961538461538464 0.06610576923076923 0.055288461538461536
0 0.014423076923076924 0.25600961538461536 0.028846153846153848 0.036057692307692304
0 0.7295673076923077 0.6274038461538461 0.11298076923076923 0.07932692307692307
0 0.40384615384615385 0.47716346153846156 0.10096153846153846 0.0889423076923077
0 0.9459134615384616 0.13942307692307693 0.08653846153846154 0.06490384615384616
0 0.9675480769230769 0.6153846153846154 0.0625 0.05889423076923077
0 0.6021634615384616 0.23197115384615385 0.09014423076923077 0.06490384615384616
0 0.19831730769230768 0.2704326923076923 0.06490384615384616 0.054086538461538464
0 0.6502403846153846 0.9615384615384616 0.11778846153846154 0.07572115384615384
0 0.09375 0.5240384615384616 0.06610576923076923 0.10697115384615384
0 0.7572115384615384 0.07091346153846154 0.039663461538461536 0.04567307692307692
0 0.8617788461538461 0.4170673076923077 0.10697115384615384 0.07451923076923077
0 0.25240384615384615 0.11899038461538461 0.10697115384615384 0.06370192307692307
0 0.3173076923076923 0.84375 0.05048076923076923 0.04447115384615385
0 0.6165865384615384 0.40865384615384615 0.1346153846153846 0.05889423076923077
0 0.22716346153846154 0.42788461538461536 0.08653846153846154 0.07451923076923077
0 0.9050480769230769 0.8185096153846154 0.10817307692307693 0.09254807692307693
0 0.030048076923076924 0.328125 0.04807692307692308 0.039663461538461536