0 0.09134615384615384 0.6622596153846154 0.046875 0.028846153846153848
0 0.055288461538461536 0.4795673076923077 0.109375 0.0673076923076923
0 0.8557692307692307 0.20552884615384615 0.056490384615384616 0.038461538461538464
0 0.7427884615384616 0.3762019230769231 0.12259615384615384 0.038461538461538464
0 0.26802884615384615 0.4651442307692308 0.055288461538461536 0.057692307692307696
0 0.6586538461538461 0.5432692307692307 0.08774038461538461 0.037259615384615384
0 0.7079326923076923 0.5 0.07692307692307693 0.03365384615384615
0 0.875 0.6670673076923077 0.09735576923076923 0.06850961538461539
0 0.4206730769230769 0.9242788461538461 0.12860576923076922 0.04807692307692308
0 0.7728365384615384 0.8497596153846154 0.08052884615384616 0.054086538461538464
0 0.038461538461538464 0.5480769230769231 0.07451923076923077 0.04927884615384615
0 0.34615384615384615 0.5336538461538461 0.09735576923076923 0.05048076923076923
0 0.4411057692307692 0.5084134615384616 0.11778846153846154 0.042067307692307696
0 0.8810096153846154 0.6322115384615384 0.04927884615384615 0.0733173076923077
0 0.8990384615384616 0.13581730769230768 0.05889423076923077 0.05889423076923077
0 0.9675480769230769 0.15264423076923078 0.06370192307692307 0.07451923076923077
0 0.7115384615384616 0.8305288461538461 0.1466346153846154 0.06971153846153846
0 0.051682692307692304 0.23918269230769232 0.0985576923076923 0.07091346153846154
0 0.8858173076923077 0.9507211538461539 0.10096153846153846 0.09495192307692307
0 0.20793269230769232 0.09375 0.07932692307692307 0.04567307692307692
0 0.17668269230769232 0.042067307692307696 0.12740384615384615 0.08052884615384616
0 0.16826923076923078 0.9819711538461539 0.04927884615384615 0.03365384615384615
0 0.8125 0.46875 0.07572115384615384 0.042067307692307696
0 0.7632211538461539 0.43028846153846156 0.078125 0.03365384615384615
0 0.22115384615384615 0.45552884615384615 0.06971153846153846 0.055288461538461536
0 0.7451923076923077 0.6225961538461539 0.051682692307692304 0.03485576923076923
0 0.43028846153846156 0.5288461538461539 0.10096153846153846 0.06370192307692307
0 0.23918269230769232 0.828125 0.0889423076923077 0.03365384615384615
0 0.8329326923076923 0.5612980769230769 0.13341346153846154 0.04807692307692308
0 0.5144230769230769 0.5564903846153846 0.055288461538461536 0.030048076923076924
0 0.4338942307692308 0.14543269230769232 0.07091346153846154 0.06971153846153846
0 0.5552884615384616 0.27884615384615385 0.05889423076923077 0.028846153846153848
0 0.15504807692307693 0.8605769230769231 0.11778846153846154 0.055288461538461536
0 0.6502403846153846 0.14543269230769232 0.037259615384615384 0.07572115384615384
0 0.640625 0.18870192307692307 0.0673076923076923 0.03245192307692308
0 0.9387019230769231 0.5024038461538461 0.10817307692307693 0.08774038461538461
0 0.4951923076923077 0.030048076923076924 0.0673076923076923 0.06009615384615385
0 0.30288461538461536 0.9543269230769231 0.08653846153846154 0.04447115384615385
0 0.055288461538461536 0.24519230769230768 0.109375 0.03365384615384615
0 0.96875 0.8233173076923077 0.06009615384615385 0.0625
0 0.4723557692307692 0.038461538461538464 0.04567307692307692 0.055288461538461536
0 0.43509615384615385 0.28725961538461536 0.08413461538461539 0.054086538461538464
0 0.44350961538461536 0.4891826923076923 0.11658653846153846 0.03365384615384615
0 0.20673076923076922 0.9459134615384616 0.109375 0.03365384615384615
0 0.6358173076923077 0.9723557692307693 0.0889423076923077 0.03485576923076923
0 0.23557692307692307 0.02403846153846154 0.10216346153846154 0.04807692307692308
0 0.027644230769230768 0.8798076923076923 0.055288461538461536 0.06370192307692307
0 0.7043269230769231 0.9711538461538461 0.0985576923076923 0.056490384615384616
0 0.23076923076923078 0.15144230769230768 0.057692307692307696 0.028846153846153848
0 0.8485576923076923 0.8605769230769231 0.11658653846153846 0.04927884615384615
0 0.21875 0.18509615384615385 0.1201923076923077 0.040865384615384616
0 0.1658653846153846 0.7223557692307693 0.0673076923076923 0.09735576923076923
0 0.052884615384615384 0.6334134615384616 0.05048076923076923 0.109375
0 0.6766826923076923 0.6382211538461539 0.09254807692307693 0.046875
0 0.3233173076923077 0.30649038461538464 0.09134615384615384 0.054086538461538464
0 0.4639423076923077 0.7908653846153846 0.13221153846153846 0.036057692307692304
0 0.5961538461538461 0.49399038461538464 0.06850961538461539 0.055288461538461536
0 0.20072115384615385 0.5348557692307693 0.14423076923076922 0.038461538461538464
0 0.42908653846153844 0.421875 0.10817307692307693 0.052884615384615384
0 0.42427884615384615 0.8894230769230769 0.05048076923076923 0.036057692307692304
0 0.38822115384615385 0.3317307692307692 0.0673076923076923 0.06129807692307692
0 0.21394230769230768 0.23317307692307693 0.10697115384615384 0.03485576923076923
0 0.8461538461538461 0.27524038461538464 0.0733173076923077 0.040865384615384616
0 0.7235576923076923 0.9134615384615384 0.06129807692307692 0.051682692307692304
0 0.9050480769230769 0.9182692307692307 0.056490384615384616 0.038461538461538464
0 0.04927884615384615 0.9735576923076923 0.09495192307692307 0.051682692307692304
0 0.6875 0.5276442307692307 0.12379807692307693 0.040865384615384616
0 0.6923076923076923 0.18990384615384615 0.06129807692307692 0.0625
0 0.4375 0.3870192307692308 0.06971153846153846 0.04927884615384615
0 0.9819711538461539 0.9747596153846154 0.03485576923076923 0.04807692307692308
0 0.25240384615384615 0.7836538461538461 0.0625 0.015625
0 0.34615384615384615 0.45913461538461536 0.078125 0.04927884615384615
0 0.8485576923076923 0.24278846153846154 0.0673076923076923 0.038461538461538464
0 0.8100961538461539 0.9663461538461539 0.056490384615384616 0.06129807692307692
0 0.6045673076923077 0.4362980769230769 0.09975961538461539 0.06009615384615385
0 0.48197115384615385 0.546875 0.054086538461538464 0.04927884615384615
0 0.765625 0.7247596153846154 0.06370192307692307 0.09495192307692307
0 0.5576923076923077 0.24759615384615385 0.03125 0.06129807692307692
0 0.6430288461538461 0.8004807692307693 0.046875 0.04927884615384615
0 0.07091346153846154 0.9170673076923077 0.09134615384615384 0.036057692307692304
0 0.15865384615384615 0.5564903846153846 0.18870192307692307 0.038461538461538464
0 0.9747596153846154 0.125 0.04807692307692308 0.04927884615384615
0 0.8401442307692307 0.12740384615384615 0.04447115384615385 0.07572115384615384
0 0.6298076923076923 0.026442307692307692 0.05048076923076923 0.04567307692307692
0 0.22596153846153846 0.4963942307692308 0.09014423076923077 0.027644230769230768
0 0.44711538461538464 0.25841346153846156 0.06370192307692307 0.042067307692307696
0 0.3389423076923077 0.4987980769230769 0.06971153846153846 0.026442307692307692
0 0.25240384615384615 0.9086538461538461 0.078125 0.03365384615384615
0 0.7836538461538461 0.11658653846153846 0.08533653846153846 0.07451923076923077
0 0.9302884615384616 0.7391826923076923 0.09014423076923077 0.10576923076923077
0 0.5300480769230769 0.33052884615384615 0.039663461538461536 0.057692307692307696
0 0.5396634615384616 0.07451923076923077 0.04567307692307692 0.07091346153846154