0 0.11538461538461539 0.2512019230769231 0.07932692307692307 0.0625
0 0.16105769230769232 0.3737980769230769 0.036057692307692304 0.08413461538461539
0 0.11658653846153846 0.3485576923076923 0.05048076923076923 0.07932692307692307
0 0.3137019230769231 0.3545673076923077 0.06009615384615385 0.07692307692307693
0 0.9627403846153846 0.0829326923076923 0.07211538461538461 0.13221153846153846
0 0.8713942307692307 0.021634615384615384 0.055288461538461536 0.04326923076923077
0 0.8365384615384616 0.13341346153846154 0.04447115384615385 0.10817307692307693
0 0.8774038461538461 0.26802884615384615 0.07932692307692307 0.1622596153846154
0 0.71875 0.24158653846153846 0.04807692307692308 0.10697115384615384
0 0.6826923076923077 0.0673076923076923 0.06009615384615385 0.1346153846153846
0 0.8125 0.3004807692307692 0.04447115384615385 0.11658653846153846
0 0.7704326923076923 0.2824519230769231 0.04927884615384615 0.07572115384615384
0 0.7644230769230769 0.3401442307692308 0.039663461538461536 0.07932692307692307
0 0.6177884615384616 0.18389423076923078 0.08653846153846154 0.12139423076923077
0 0.44471153846153844 0.22235576923076922 0.1875 0.07932692307692307
0 0.5793269230769231 0.12740384615384615 0.1141826923076923 0.11658653846153846
0 0.19951923076923078 0.171875 0.09375 0.13701923076923078
0 0.28846153846153844 0.2091346153846154 0.10697115384615384 0.04807692307692308
0 0.27884615384615385 0.15985576923076922 0.06971153846153846 0.046875
0 0.34975961538461536 0.31971153846153844 0.04567307692307692 0.09495192307692307
0 0.34615384615384615 0.2403846153846154 0.08653846153846154 0.14302884615384615
0 0.2980769230769231 0.036057692307692304 0.08653846153846154 0.07091346153846154
0 0.3894230769230769 0.06490384615384616 0.046875 0.03485576923076923
0 0.4831730769230769 0.03365384615384615 0.02403846153846154 0.04927884615384615
0 0.5192307692307693 0.051682692307692304 0.0625 0.055288461538461536
0 0.21153846153846154 0.036057692307692304 0.040865384615384616 0.039663461538461536
0 0.055288461538461536 0.025240384615384616 0.06971153846153846 0.05048076923076923
0 0.06009615384615385 0.13221153846153846 0.11298076923076923 0.04927884615384615
0 0.020432692307692308 0.0889423076923077 0.039663461538461536 0.06490384615384616
0 0.14783653846153846 0.12379807692307693 0.037259615384615384 0.052884615384615384
0 0.4543269230769231 0.17307692307692307 0.16947115384615385 0.14302884615384615
0 0.6478365384615384 0.35096153846153844 0.06129807692307692 0.08653846153846154
0 0.6213942307692307 0.3870192307692308 0.09495192307692307 0.09014423076923077
0 0.5120192307692307 0.39903846153846156 0.1201923076923077 0.0829326923076923
0 0.34375 0.41466346153846156 0.07572115384615384 0.06490384615384616
0 0.4723557692307692 0.41947115384615385 0.11899038461538461 0.15865384615384615
0 0.2608173076923077 0.47716346153846156 0.27403846153846156 0.06850961538461539
0 0.027644230769230768 0.4326923076923077 0.054086538461538464 0.09254807692307693
0 0.1502403846153846 0.5264423076923077 0.09134615384615384 0.06009615384615385
0 0.055288461538461536 0.5240384615384616 0.0733173076923077 0.07211538461538461
0 0.07572115384615384 0.6105769230769231 0.051682692307692304 0.0673076923076923
0 0.18990384615384615 0.5817307692307693 0.07692307692307693 0.052884615384615384
0 0.1466346153846154 0.6310096153846154 0.055288461538461536 0.08774038461538461
0 0.10817307692307693 0.6887019230769231 0.21634615384615385 0.12740384615384615
0 0.0673076923076923 0.8545673076923077 0.04927884615384615 0.04447115384615385
0 0.14302884615384615 0.8786057692307693 0.12259615384615384 0.04447115384615385
0 0.25600961538461536 0.8016826923076923 0.04447115384615385 0.038461538461538464
0 0.5168269230769231 0.8725961538461539 0.05889423076923077 0.08173076923076923
0 0.1201923076923077 0.9783653846153846 0.036057692307692304 0.040865384615384616
0 0.014423076923076924 0.8942307692307693 0.028846153846153848 0.04326923076923077
0 0.4362980769230769 0.9615384615384616 0.07211538461538461 0.07572115384615384
0 0.5408653846153846 0.9555288461538461 0.056490384615384616 0.04326923076923077
0 0.7151442307692307 0.4411057692307692 0.11057692307692307 0.08052884615384616
0 0.7367788461538461 0.4074519230769231 0.040865384615384616 0.04326923076923077
0 0.5949519230769231 0.4675480769230769 0.051682692307692304 0.04927884615384615
0 0.875 0.46875 0.0673076923076923 0.051682692307692304
0 0.8040865384615384 0.4014423076923077 0.0673076923076923 0.04807692307692308
0 0.5757211538461539 0.5120192307692307 0.06490384615384616 0.04326923076923077
0 0.7596153846153846 0.49759615384615385 0.051682692307692304 0.06971153846153846
0 0.71875 0.5600961538461539 0.05889423076923077 0.08653846153846154
0 0.4495192307692308 0.5721153846153846 0.13341346153846154 0.08413461538461539
0 0.45552884615384615 0.5072115384615384 0.10817307692307693 0.04567307692307692
0 0.6225961538461539 0.5865384615384616 0.11057692307692307 0.07211538461538461
0 0.8894230769230769 0.609375 0.07211538461538461 0.04807692307692308
0 0.8786057692307693 0.6586538461538461 0.06971153846153846 0.055288461538461536
0 0.890625 0.7548076923076923 0.05048076923076923 0.04567307692307692
0 0.7319711538461539 0.71875 0.11778846153846154 0.11658653846153846
0 0.7860576923076923 0.6153846153846154 0.08052884615384616 0.06610576923076923
0 0.8040865384615384 0.6610576923076923 0.12139423076923077 0.14543269230769232
0 0.7331730769230769 0.8305288461538461 0.07692307692307693 0.14543269230769232
0 0.5600961538461539 0.7596153846153846 0.08533653846153846 0.10216346153846154
0 0.5985576923076923 0.8365384615384616 0.057692307692307696 0.052884615384615384
0 0.6225961538461539 0.8774038461538461 0.04927884615384615 0.0625
0 0.4423076923076923 0.6911057692307693 0.09134615384615384 0.1141826923076923
0 0.40024038461538464 0.6959134615384616 0.09615384615384616 0.0733173076923077
0 0.4338942307692308 0.6274038461538461 0.11057692307692307 0.08052884615384616
0 0.5829326923076923 0.6382211538461539 0.036057692307692304 0.12259615384615384
0 0.3545673076923077 0.625 0.04567307692307692 0.08052884615384616
0 0.29927884615384615 0.6586538461538461 0.040865384615384616 0.038461538461538464
0 0.014423076923076924 0.5288461538461539 0.028846153846153848 0.054086538461538464
0 0.35216346153846156 0.9867788461538461 0.03125 0.025240384615384616
0 0.578125 0.9819711538461539 0.026442307692307692 0.02403846153846154
0 0.6875 0.9447115384615384 0.04927884615384615 0.04447115384615385
0 0.6802884615384616 0.7740384615384616 0.04447115384615385 0.04927884615384615
0 0.6670673076923077 0.8161057692307693 0.03245192307692308 0.036057692307692304
0 0.36778846153846156 0.49759615384615385 0.038461538461538464 0.038461538461538464
0 0.11177884615384616 0.08774038461538461 0.038461538461538464 0.05889423076923077
0 0.9146634615384616 0.06129807692307692 0.038461538461538464 0.04447115384615385
0 0.9699519230769231 0.01201923076923077 0.04326923076923077 0.02403846153846154
0 0.42427884615384615 0.41346153846153844 0.09375 0.12259615384615384
0 0.5336538461538461 0.47836538461538464 0.04447115384615385 0.040865384615384616
0 0.3954326923076923 0.45913461538461536 0.039663461538461536 0.03365384615384615
0 0.5673076923076923 0.5564903846153846 0.055288461538461536 0.030048076923076924
0 0.13701923076923078 0.2860576923076923 0.020432692307692308 0.028846153846153848
0 0.2956730769230769 0.7475961538461539 0.039663461538461536 0.018028846153846152
0 0.5985576923076923 0.8665865384615384 0.03365384615384615 0.027644230769230768
0 0.5600961538461539 0.4026442307692308 0.057692307692307696 0.04927884615384615
0 0.3737980769230769 0.4675480769230769 0.039663461538461536 0.03245192307692308
0 0.1045673076923077 0.6634615384615384 0.06129807692307692 0.06129807692307692
0 0.06009615384615385 0.2439903846153846 0.046875 0.03485576923076923
0 0.008413461538461538 0.2536057692307692 0.016826923076923076 0.03365384615384615
0 0.01201923076923077 0.9290865384615384 0.02403846153846154 0.036057692307692304