0 0.359375 0.009615384615384616 0.14182692307692307 0.019230769230769232
0 0.45072115384615385 0.07211538461538461 0.10216346153846154 0.08774038461538461
0 0.5540865384615384 0.109375 0.05048076923076923 0.039663461538461536
0 0.5913461538461539 0.036057692307692304 0.042067307692307696 0.055288461538461536
0 0.7680288461538461 0.03245192307692308 0.04447115384615385 0.04567307692307692
0 0.7427884615384616 0.037259615384615384 0.06490384615384616 0.06370192307692307
0 0.7139423076923077 0.09134615384615384 0.06129807692307692 0.10096153846153846
0 0.6310096153846154 0.1502403846153846 0.030048076923076924 0.05889423076923077
0 0.41947115384615385 0.14302884615384615 0.09615384615384616 0.06971153846153846
0 0.5949519230769231 0.17668269230769232 0.057692307692307696 0.036057692307692304
0 0.5600961538461539 0.17908653846153846 0.05889423076923077 0.042067307692307696
0 0.8990384615384616 0.16706730769230768 0.10576923076923077 0.04927884615384615
0 0.9639423076923077 0.2920673076923077 0.055288461538461536 0.0673076923076923
0 0.9158653846153846 0.34615384615384615 0.038461538461538464 0.05048076923076923
0 0.8100961538461539 0.24759615384615385 0.046875 0.09615384615384616
0 0.7475961538461539 0.29927884615384615 0.06009615384615385 0.20072115384615385
0 0.7752403846153846 0.2608173076923077 0.025240384615384616 0.11177884615384616
0 0.9819711538461539 0.26322115384615385 0.03365384615384615 0.02403846153846154
0 0.8545673076923077 0.3701923076923077 0.04326923076923077 0.030048076923076924
0 0.5829326923076923 0.2704326923076923 0.10817307692307693 0.07572115384615384
0 0.43028846153846156 0.22716346153846154 0.09134615384615384 0.04447115384615385
0 0.4182692307692308 0.2920673076923077 0.10336538461538461 0.06971153846153846
0 0.4543269230769231 0.375 0.10817307692307693 0.1310096153846154
0 0.5600961538461539 0.3954326923076923 0.07572115384615384 0.028846153846153848
0 0.6286057692307693 0.5108173076923077 0.04807692307692308 0.05048076923076923
0 0.7163461538461539 0.5204326923076923 0.03365384615384615 0.030048076923076924
0 0.6778846153846154 0.5997596153846154 0.03365384615384615 0.057692307692307696
0 0.7223557692307693 0.640625 0.05048076923076923 0.06009615384615385
0 0.6586538461538461 0.7127403846153846 0.04447115384615385 0.03245192307692308
0 0.4879807692307692 0.6899038461538461 0.08653846153846154 0.038461538461538464
0 0.7127403846153846 0.7295673076923077 0.051682692307692304 0.08052884615384616
0 0.5649038461538461 0.7680288461538461 0.07451923076923077 0.038461538461538464
0 0.6201923076923077 0.8377403846153846 0.038461538461538464 0.046875
0 0.7103365384615384 0.7836538461538461 0.03365384615384615 0.04807692307692308
0 0.5264423076923077 0.8545673076923077 0.07451923076923077 0.040865384615384616
0 0.546875 0.8858173076923077 0.06971153846153846 0.07451923076923077
0 0.5612980769230769 0.9399038461538461 0.06009615384615385 0.038461538461538464
0 0.8149038461538461 0.8822115384615384 0.038461538461538464 0.039663461538461536
0 0.8016826923076923 0.8677884615384616 0.06009615384615385 0.04927884615384615
0 0.6766826923076923 0.9867788461538461 0.04567307692307692 0.02403846153846154
0 0.7175480769230769 0.9723557692307693 0.040865384615384616 0.052884615384615384
0 0.3485576923076923 0.8822115384615384 0.052884615384615384 0.14423076923076922
0 0.025240384615384616 0.9879807692307693 0.04807692307692308 0.021634615384615384
0 0.04807692307692308 0.9495192307692307 0.057692307692307696 0.030048076923076924
0 0.007211538461538462 0.8100961538461539 0.014423076923076924 0.028846153846153848
0 0.046875 0.6177884615384616 0.09254807692307693 0.15504807692307693
0 0.01201923076923077 0.49278846153846156 0.02403846153846154 0.05048076923076923
0 0.15625 0.484375 0.0625 0.10096153846153846
0 0.06009615384615385 0.38221153846153844 0.10096153846153846 0.042067307692307696
0 0.007211538461538462 0.2127403846153846 0.014423076923076924 0.04447115384615385
0 0.07091346153846154 0.12259615384615384 0.040865384615384616 0.05889423076923077
0 0.6538461538461539 0.28125 0.04927884615384615 0.03125
0 0.9411057692307693 0.7199519230769231 0.038461538461538464 0.02403846153846154
0 0.12379807692307693 0.4254807692307692 0.037259615384615384 0.042067307692307696
0 0.03245192307692308 0.59375 0.040865384615384616 0.030048076923076924
0 0.016826923076923076 0.8990384615384616 0.03365384615384615 0.03125
0 0.6598557692307693 0.890625 0.06370192307692307 0.05048076923076923
0 0.43990384615384615 0.42427884615384615 0.1346153846153846 0.09134615384615384