0 0.4891826923076923 0.3485576923076923 0.14302884615384615 0.10216346153846154
0 0.6899038461538461 0.5336538461538461 0.18990384615384615 0.1814903846153846
0 0.8557692307692307 0.40384615384615385 0.051682692307692304 0.04927884615384615
0 0.8641826923076923 0.6899038461538461 0.07572115384615384 0.055288461538461536
0 0.9146634615384616 0.8990384615384616 0.09975961538461539 0.18509615384615385
0 0.11778846153846154 0.46634615384615385 0.22235576923076922 0.0889423076923077
0 0.6057692307692307 0.953125 0.10216346153846154 0.09134615384615384
0 0.9747596153846154 0.15745192307692307 0.04447115384615385 0.07091346153846154
0 0.7980769230769231 0.24278846153846154 0.20673076923076922 0.10336538461538461
0 0.6069711538461539 0.20072115384615385 0.038461538461538464 0.04326923076923077
0 0.7956730769230769 0.16346153846153846 0.08052884615384616 0.07211538461538461
0 0.8088942307692307 0.7896634615384616 0.0889423076923077 0.09975961538461539
0 0.47836538461538464 0.06370192307692307 0.0673076923076923 0.12740384615384615
0 0.17067307692307693 0.7331730769230769 0.09615384615384616 0.1045673076923077
0 0.8413461538461539 0.35096153846153844 0.07932692307692307 0.08533653846153846
0 0.5252403846153846 0.9639423076923077 0.078125 0.06971153846153846
0 0.4735576923076923 0.9615384615384616 0.09014423076923077 0.07451923076923077
0 0.7944711538461539 0.4230769230769231 0.05889423076923077 0.07572115384615384
0 0.09014423076923077 0.3798076923076923 0.18028846153846154 0.052884615384615384
0 0.09735576923076923 0.31850961538461536 0.19471153846153846 0.06971153846153846
0 0.49038461538461536 0.8233173076923077 0.11899038461538461 0.15985576923076922
0 0.19230769230769232 0.484375 0.06971153846153846 0.07091346153846154
0 0.9615384615384616 0.9507211538461539 0.07572115384615384 0.09615384615384616
0 0.8834134615384616 0.24759615384615385 0.12259615384615384 0.0733173076923077
0 0.6430288461538461 0.17307692307692307 0.13701923076923078 0.08774038461538461
0 0.7055288461538461 0.15504807692307693 0.05889423076923077 0.051682692307692304
0 0.31971153846153844 0.7848557692307693 0.10096153846153846 0.07572115384615384
0 0.15865384615384615 0.25600961538461536 0.31009615384615385 0.08052884615384616
0 0.828125 0.10817307692307693 0.1310096153846154 0.06009615384615385
0 0.8088942307692307 0.3161057692307692 0.037259615384615384 0.038461538461538464
0 0.030048076923076924 0.171875 0.06009615384615385 0.11778846153846154
0 0.3762019230769231 0.44471153846153844 0.11899038461538461 0.10096153846153846
0 0.828125 0.7307692307692307 0.057692307692307696 0.11177884615384616
0 0.71875 0.234375 0.04927884615384615 0.06009615384615385
0 0.4483173076923077 0.5685096153846154 0.0889423076923077 0.21153846153846154
0 0.43028846153846156 0.7259615384615384 0.14903846153846154 0.05889423076923077
0 0.7295673076923077 0.38221153846153844 0.13341346153846154 0.21875
0 0.28846153846153844 0.2848557692307692 0.06370192307692307 0.0829326923076923
0 0.7067307692307693 0.3245192307692308 0.0985576923076923 0.09975961538461539
0 0.9302884615384616 0.3125 0.09254807692307693 0.08533653846153846
0 0.3076923076923077 0.40384615384615385 0.24759615384615385 0.07692307692307693
0 0.7319711538461539 0.84375 0.06971153846153846 0.07451923076923077
0 0.09375 0.5024038461538461 0.07692307692307693 0.055288461538461536
0 0.6262019230769231 0.8161057692307693 0.16466346153846154 0.0673076923076923
0 0.5228365384615384 0.40384615384615385 0.07572115384615384 0.09615384615384616
0 0.3485576923076923 0.31971153846153844 0.16466346153846154 0.10096153846153846
0 0.9723557692307693 0.009615384615384616 0.05048076923076923 0.019230769230769232
0 0.859375 0.15745192307692307 0.06009615384615385 0.07211538461538461
0 0.96875 0.8509615384615384 0.06129807692307692 0.09615384615384616
0 0.7932692307692307 0.8786057692307693 0.06971153846153846 0.06129807692307692
0 0.6394230769230769 0.34134615384615385 0.04567307692307692 0.06610576923076923
0 0.7223557692307693 0.7704326923076923 0.08052884615384616 0.08653846153846154