0 0.7872596153846154 0.25240384615384615 0.06850961538461539 0.09014423076923077
0 0.5084134615384616 0.021634615384615384 0.036057692307692304 0.04326923076923077
0 0.39302884615384615 0.01201923076923077 0.0625 0.02403846153846154
0 0.6189903846153846 0.042067307692307696 0.052884615384615384 0.08413461538461539
0 0.03245192307692308 0.030048076923076924 0.06490384615384616 0.06009615384615385
0 0.1141826923076923 0.020432692307692308 0.10336538461538461 0.039663461538461536
0 0.23918269230769232 0.028846153846153848 0.06850961538461539 0.054086538461538464
0 0.17668269230769232 0.09134615384615384 0.037259615384615384 0.04807692307692308
0 0.04326923076923077 0.43028846153846156 0.046875 0.0625
0 0.234375 0.24879807692307693 0.06490384615384616 0.03485576923076923
0 0.40865384615384615 0.27403846153846156 0.052884615384615384 0.038461538461538464
0 0.25721153846153844 0.4110576923076923 0.06009615384615385 0.078125
0 0.203125 0.4170673076923077 0.046875 0.05048076923076923
0 0.24278846153846154 0.45913461538461536 0.040865384615384616 0.040865384615384616
0 0.24519230769230768 0.36778846153846156 0.10336538461538461 0.04326923076923077
0 0.12259615384615384 0.5252403846153846 0.06971153846153846 0.03485576923076923
0 0.039663461538461536 0.7680288461538461 0.07932692307692307 0.12259615384615384
0 0.25841346153846156 0.5625 0.06850961538461539 0.09014423076923077
0 0.21153846153846154 0.6430288461538461 0.06490384615384616 0.052884615384615384
0 0.22716346153846154 0.6802884615384616 0.03365384615384615 0.06610576923076923
0 0.29927884615384615 0.7127403846153846 0.04326923076923077 0.054086538461538464
0 0.19471153846153846 0.7776442307692307 0.08173076923076923 0.078125
0 0.13581730769230768 0.8461538461538461 0.04927884615384615 0.0625
0 0.07692307692307693 0.9110576923076923 0.04927884615384615 0.04447115384615385
0 0.16826923076923078 0.9519230769230769 0.06009615384615385 0.09495192307692307
0 0.18509615384615385 0.8954326923076923 0.028846153846153848 0.06009615384615385
0 0.3545673076923077 0.7115384615384616 0.040865384615384616 0.05048076923076923
0 0.5024038461538461 0.5997596153846154 0.06009615384615385 0.07572115384615384
0 0.44591346153846156 0.7103365384615384 0.051682692307692304 0.12259615384615384
0 0.42788461538461536 0.8100961538461539 0.05889423076923077 0.08653846153846154
0 0.4230769230769231 0.9314903846153846 0.06129807692307692 0.08173076923076923
0 0.5961538461538461 0.6141826923076923 0.10336538461538461 0.1310096153846154
0 0.6538461538461539 0.2824519230769231 0.04447115384615385 0.06971153846153846
0 0.8161057692307693 0.43990384615384615 0.08052884615384616 0.04447115384615385
0 0.9134615384615384 0.4098557692307692 0.03365384615384615 0.04447115384615385
0 0.9639423076923077 0.4326923076923077 0.03485576923076923 0.05048076923076923
0 0.8870192307692307 0.4735576923076923 0.04567307692307692 0.04447115384615385
0 0.8473557692307693 0.6382211538461539 0.03365384615384615 0.052884615384615384
0 0.8894230769230769 0.6622596153846154 0.05048076923076923 0.046875
0 0.9110576923076923 0.8052884615384616 0.05048076923076923 0.046875
0 0.8509615384615384 0.875 0.05048076923076923 0.05048076923076923
0 0.9290865384615384 0.8557692307692307 0.06610576923076923 0.0625
0 0.7836538461538461 0.7007211538461539 0.046875 0.11177884615384616
0 0.8209134615384616 0.7055288461538461 0.038461538461538464 0.07572115384615384
0 0.7127403846153846 0.984375 0.07932692307692307 0.028846153846153848
0 0.5360576923076923 0.36658653846153844 0.027644230769230768 0.03365384615384615
0 0.578125 0.36658653846153844 0.054086538461538464 0.056490384615384616
0 0.6117788461538461 0.390625 0.028846153846153848 0.06370192307692307
0 0.5673076923076923 0.4423076923076923 0.05889423076923077 0.07692307692307693
0 0.6153846153846154 0.4675480769230769 0.042067307692307696 0.03365384615384615
0 0.49158653846153844 0.16105769230769232 0.057692307692307696 0.06009615384615385
0 0.4362980769230769 0.1814903846153846 0.06370192307692307 0.04807692307692308
0 0.3269230769230769 0.16706730769230768 0.046875 0.039663461538461536
0 0.47596153846153844 0.09254807692307693 0.04326923076923077 0.040865384615384616
0 0.3016826923076923 0.09735576923076923 0.05048076923076923 0.06490384615384616
0 0.2956730769230769 0.17668269230769232 0.04447115384615385 0.04567307692307692
0 0.9387019230769231 0.42427884615384615 0.015625 0.03365384615384615