0 0.7487980769230769 0.3329326923076923 0.04447115384615385 0.04567307692307692
0 0.8052884615384616 0.203125 0.0733173076923077 0.06129807692307692
0 0.7764423076923077 0.25961538461538464 0.04567307692307692 0.04927884615384615
0 0.7752403846153846 0.06370192307692307 0.09134615384615384 0.04927884615384615
0 0.5673076923076923 0.051682692307692304 0.02283653846153846 0.027644230769230768
0 0.53125 0.04447115384615385 0.036057692307692304 0.04447115384615385
0 0.1622596153846154 0.025240384615384616 0.06009615384615385 0.05048076923076923
0 0.39903846153846156 0.04326923076923077 0.03365384615384615 0.055288461538461536
0 0.22355769230769232 0.13822115384615385 0.055288461538461536 0.04447115384615385
0 0.19951923076923078 0.31490384615384615 0.0733173076923077 0.055288461538461536
0 0.8762019230769231 0.028846153846153848 0.055288461538461536 0.057692307692307696
0 0.02403846153846154 0.5228365384615384 0.046875 0.0625
0 0.11298076923076923 0.53125 0.057692307692307696 0.038461538461538464
0 0.18990384615384615 0.5889423076923077 0.025240384615384616 0.025240384615384616
0 0.16947115384615385 0.5072115384615384 0.06850961538461539 0.051682692307692304
0 0.21754807692307693 0.5504807692307693 0.06971153846153846 0.03485576923076923
0 0.5673076923076923 0.5733173076923077 0.07572115384615384 0.042067307692307696
0 0.6466346153846154 0.6009615384615384 0.042067307692307696 0.04447115384615385
0 0.7103365384615384 0.5528846153846154 0.078125 0.051682692307692304
0 0.018028846153846152 0.6862980769230769 0.03485576923076923 0.02283653846153846
0 0.14543269230769232 0.7524038461538461 0.03245192307692308 0.06490384615384616
0 0.3125 0.7211538461538461 0.027644230769230768 0.04326923076923077
0 0.4254807692307692 0.7956730769230769 0.036057692307692304 0.038461538461538464
0 0.4338942307692308 0.6790865384615384 0.042067307692307696 0.04927884615384615
0 0.2800480769230769 0.7427884615384616 0.038461538461538464 0.052884615384615384
0 0.027644230769230768 0.7536057692307693 0.055288461538461536 0.056490384615384616
0 0.9711538461538461 0.7391826923076923 0.042067307692307696 0.06009615384615385
0 0.7764423076923077 0.8269230769230769 0.05889423076923077 0.08052884615384616
0 0.6418269230769231 0.6935096153846154 0.037259615384615384 0.07091346153846154
0 0.5300480769230769 0.8858173076923077 0.06610576923076923 0.13701923076923078
0 0.6262019230769231 0.9819711538461539 0.04326923076923077 0.03365384615384615
0 0.4543269230769231 0.9543269230769231 0.08653846153846154 0.06971153846153846
0 0.5264423076923077 0.6947115384615384 0.028846153846153848 0.057692307692307696
0 0.48677884615384615 0.7055288461538461 0.03485576923076923 0.051682692307692304
0 0.7271634615384616 0.8701923076923077 0.030048076923076924 0.03125
0 0.7716346153846154 0.8954326923076923 0.04326923076923077 0.07211538461538461
0 0.010817307692307692 0.2403846153846154 0.021634615384615384 0.038461538461538464
0 0.5540865384615384 0.01201923076923077 0.03125 0.02403846153846154
0 0.6490384615384616 0.11298076923076923 0.037259615384615384 0.026442307692307692