0 0.41947115384615385 0.8161057692307693 0.203125 0.21634615384615385
0 0.051682692307692304 0.5925480769230769 0.09254807692307693 0.14423076923076922
0 0.8401442307692307 0.5336538461538461 0.11177884615384616 0.13701923076923078
0 0.12620192307692307 0.5649038461538461 0.06490384615384616 0.21634615384615385
0 0.48677884615384615 0.30649038461538464 0.1310096153846154 0.09134615384615384
0 0.11177884615384616 0.7980769230769231 0.22355769230769232 0.06850961538461539
0 0.6057692307692307 0.21634615384615385 0.09014423076923077 0.09495192307692307
0 0.9230769230769231 0.17908653846153846 0.10697115384615384 0.0889423076923077
0 0.26802884615384615 0.2247596153846154 0.16105769230769232 0.22115384615384615
0 0.46634615384615385 0.8918269230769231 0.0985576923076923 0.08653846153846154
0 0.45072115384615385 0.19831730769230768 0.10096153846153846 0.10817307692307693
0 0.5396634615384616 0.4483173076923077 0.203125 0.17307692307692307
0 0.6622596153846154 0.7872596153846154 0.0985576923076923 0.12740384615384615
0 0.28125 0.109375 0.11057692307692307 0.21875
0 0.6153846153846154 0.9507211538461539 0.06610576923076923 0.06850961538461539
0 0.0985576923076923 0.8545673076923077 0.19591346153846154 0.078125
0 0.6850961538461539 0.4579326923076923 0.0985576923076923 0.12139423076923077
0 0.13701923076923078 0.3641826923076923 0.08533653846153846 0.21634615384615385
0 0.6105769230769231 0.6694711538461539 0.14423076923076922 0.0829326923076923
0 0.6802884615384616 0.31490384615384615 0.21033653846153846 0.056490384615384616
0 0.3701923076923077 0.09735576923076923 0.09134615384615384 0.19471153846153846
0 0.40024038461538464 0.11538461538461539 0.10096153846153846 0.0889423076923077
0 0.8834134615384616 0.04447115384615385 0.08533653846153846 0.08653846153846154
0 0.7115384615384616 0.5264423076923077 0.125 0.07211538461538461
0 0.3629807692307692 0.71875 0.08653846153846154 0.23557692307692307
0 0.5444711538461539 0.5384615384615384 0.12860576923076922 0.1502403846153846