0 0.5985576923076923 0.28846153846153844 0.04447115384615385 0.06009615384615385
0 0.8774038461538461 0.7115384615384616 0.03125 0.03365384615384615
0 0.7872596153846154 0.9254807692307693 0.03125 0.03125
0 0.9567307692307693 0.039663461538461536 0.0733173076923077 0.07692307692307693
0 0.4675480769230769 0.45552884615384615 0.054086538461538464 0.05889423076923077
0 0.8076923076923077 0.7908653846153846 0.07932692307692307 0.12379807692307693
0 0.6802884615384616 0.6658653846153846 0.05048076923076923 0.08173076923076923
0 0.05889423076923077 0.020432692307692308 0.06971153846153846 0.040865384615384616
0 0.45552884615384615 0.9447115384615384 0.04567307692307692 0.09495192307692307
0 0.16105769230769232 0.6213942307692307 0.039663461538461536 0.08533653846153846
0 0.9375 0.78125 0.0625 0.04807692307692308
0 0.8341346153846154 0.34615384615384615 0.028846153846153848 0.038461538461538464
0 0.07091346153846154 0.5336538461538461 0.13822115384615385 0.1814903846153846
0 0.040865384615384616 0.7163461538461539 0.08173076923076923 0.040865384615384616
0 0.8076923076923077 0.6971153846153846 0.03245192307692308 0.038461538461538464
0 0.7163461538461539 0.515625 0.038461538461538464 0.051682692307692304
0 0.29447115384615385 0.2644230769230769 0.06009615384615385 0.04447115384615385
0 0.43509615384615385 0.7259615384615384 0.07572115384615384 0.04567307692307692
0 0.15865384615384615 0.1310096153846154 0.046875 0.109375
0 0.9759615384615384 0.17668269230769232 0.04447115384615385 0.06971153846153846
0 0.46153846153846156 0.3545673076923077 0.09375 0.04927884615384615
0 0.9314903846153846 0.375 0.038461538461538464 0.039663461538461536
0 0.08533653846153846 0.6201923076923077 0.037259615384615384 0.04326923076923077
0 0.29447115384615385 0.35216346153846156 0.03365384615384615 0.036057692307692304
0 0.6586538461538461 0.35697115384615385 0.04927884615384615 0.04927884615384615
0 0.9350961538461539 0.38341346153846156 0.051682692307692304 0.06610576923076923
0 0.7548076923076923 0.9350961538461539 0.09134615384615384 0.07091346153846154
0 0.3173076923076923 0.5132211538461539 0.0733173076923077 0.06009615384615385
0 0.8353365384615384 0.6887019230769231 0.026442307692307692 0.027644230769230768
0 0.8257211538461539 0.6646634615384616 0.021634615384615384 0.021634615384615384
0 0.6526442307692307 0.2668269230769231 0.042067307692307696 0.04927884615384615
0 0.36899038461538464 0.7283653846153846 0.057692307692307696 0.042067307692307696
0 0.09495192307692307 0.7331730769230769 0.09615384615384616 0.09134615384615384
0 0.6862980769230769 0.7295673076923077 0.06610576923076923 0.056490384615384616
0 0.31009615384615385 0.8870192307692307 0.06971153846153846 0.05048076923076923
0 0.38461538461538464 0.4266826923076923 0.12259615384615384 0.05889423076923077
0 0.11177884615384616 0.3389423076923077 0.051682692307692304 0.046875
0 0.28125 0.6298076923076923 0.054086538461538464 0.1346153846153846
0 0.5036057692307693 0.5625 0.10096153846153846 0.051682692307692304
0 0.8052884615384616 0.25600961538461536 0.05889423076923077 0.05889423076923077
0 0.8762019230769231 0.9735576923076923 0.055288461538461536 0.051682692307692304
0 0.6382211538461539 0.4423076923076923 0.04447115384615385 0.05048076923076923
0 0.07692307692307693 0.8413461538461539 0.04567307692307692 0.13822115384615385
0 0.671875 0.6213942307692307 0.04326923076923077 0.04447115384615385
0 0.953125 0.28125 0.05048076923076923 0.06610576923076923
0 0.7884615384615384 0.8701923076923077 0.038461538461538464 0.04447115384615385
0 0.38461538461538464 0.5168269230769231 0.06490384615384616 0.08052884615384616
0 0.03365384615384615 0.671875 0.0673076923076923 0.06009615384615385
0 0.8293269230769231 0.5673076923076923 0.06971153846153846 0.09615384615384616
0 0.36899038461538464 0.6947115384615384 0.038461538461538464 0.027644230769230768
0 0.14302884615384615 0.4014423076923077 0.055288461538461536 0.036057692307692304
0 0.020432692307692308 0.8161057692307693 0.039663461538461536 0.06129807692307692
0 0.19110576923076922 0.42788461538461536 0.06009615384615385 0.054086538461538464