0 0.9014423076923077 0.16105769230769232 0.08774038461538461 0.19471153846153846
0 0.5961538461538461 0.05889423076923077 0.07211538461538461 0.027644230769230768
0 0.5036057692307693 0.27283653846153844 0.0625 0.08413461538461539
0 0.28725961538461536 0.37259615384615385 0.04927884615384615 0.11177884615384616
0 0.19230769230769232 0.3389423076923077 0.07692307692307693 0.10576923076923077
0 0.14543269230769232 0.5144230769230769 0.0889423076923077 0.16706730769230768
0 0.3076923076923077 0.5048076923076923 0.07091346153846154 0.08052884615384616
0 0.44591346153846156 0.5540865384615384 0.039663461538461536 0.06490384615384616
0 0.1658653846153846 0.6334134615384616 0.040865384615384616 0.06009615384615385
0 0.2247596153846154 0.6538461538461539 0.04807692307692308 0.021634615384615384
0 0.037259615384615384 0.6694711538461539 0.07451923076923077 0.04927884615384615
0 0.10817307692307693 0.7079326923076923 0.052884615384615384 0.057692307692307696
0 0.48197115384615385 0.6850961538461539 0.09134615384615384 0.08533653846153846
0 0.25 0.7475961538461539 0.06009615384615385 0.030048076923076924
0 0.5925480769230769 0.46153846153846156 0.06971153846153846 0.042067307692307696
0 0.5204326923076923 0.48197115384615385 0.12620192307692307 0.038461538461538464
0 0.7512019230769231 0.4855769230769231 0.07932692307692307 0.037259615384615384
0 0.5649038461538461 0.6045673076923077 0.078125 0.03125
0 0.6514423076923077 0.5564903846153846 0.040865384615384616 0.12740384615384615
0 0.7992788461538461 0.5757211538461539 0.08413461538461539 0.039663461538461536
0 0.9591346153846154 0.515625 0.06490384615384616 0.026442307692307692
0 0.15745192307692307 0.0673076923076923 0.038461538461538464 0.125
0 0.109375 0.06370192307692307 0.10697115384615384 0.12139423076923077
0 0.08173076923076923 0.22355769230769232 0.046875 0.16105769230769232
0 0.38221153846153844 0.021634615384615384 0.0625 0.04326923076923077
0 0.3918269230769231 0.052884615384615384 0.039663461538461536 0.1045673076923077
0 0.4519230769230769 0.036057692307692304 0.028846153846153848 0.06009615384615385
0 0.4651442307692308 0.23197115384615385 0.025240384615384616 0.06009615384615385
0 0.40865384615384615 0.20432692307692307 0.03485576923076923 0.03365384615384615
0 0.9278846153846154 0.03365384615384615 0.037259615384615384 0.06610576923076923
0 0.07451923076923077 0.39903846153846156 0.14783653846153846 0.04326923076923077
0 0.07451923076923077 0.5420673076923077 0.078125 0.0985576923076923
0 0.08533653846153846 0.6069711538461539 0.030048076923076924 0.021634615384615384
0 0.036057692307692304 0.6670673076923077 0.02403846153846154 0.028846153846153848
0 0.2644230769230769 0.6742788461538461 0.04447115384615385 0.037259615384615384
0 0.3112980769230769 0.8088942307692307 0.026442307692307692 0.054086538461538464
0 0.3449519230769231 0.7872596153846154 0.03125 0.039663461538461536
0 0.4579326923076923 0.7836538461538461 0.08052884615384616 0.06971153846153846
0 0.38822115384615385 0.8990384615384616 0.028846153846153848 0.07211538461538461
0 0.3629807692307692 0.9891826923076923 0.028846153846153848 0.019230769230769232
0 0.828125 0.8545673076923077 0.10096153846153846 0.028846153846153848
0 0.9254807692307693 0.8137019230769231 0.055288461538461536 0.028846153846153848
0 0.9867788461538461 0.9290865384615384 0.025240384615384616 0.039663461538461536
0 0.9879807692307693 0.7980769230769231 0.021634615384615384 0.078125
0 0.9783653846153846 0.859375 0.042067307692307696 0.042067307692307696
0 0.9375 0.859375 0.036057692307692304 0.04447115384615385
0 0.1502403846153846 0.6802884615384616 0.036057692307692304 0.025240384615384616
0 0.32091346153846156 0.5865384615384616 0.019230769230769232 0.013221153846153846
0 0.2692307692307692 0.07572115384615384 0.05889423076923077 0.07692307692307693
0 0.7788461538461539 0.055288461538461536 0.10096153846153846 0.055288461538461536
0 0.7704326923076923 0.14423076923076922 0.019230769230769232 0.1141826923076923
0 0.6947115384615384 0.15264423076923078 0.09975961538461539 0.07572115384615384
0 0.19471153846153846 0.5276442307692307 0.0625 0.0673076923076923
0 0.18629807692307693 0.47716346153846156 0.06490384615384616 0.039663461538461536
0 0.8028846153846154 0.7331730769230769 0.07211538461538461 0.06009615384615385
0 0.7740384615384616 0.7836538461538461 0.06850961538461539 0.0625