0 0.46875 0.9134615384615384 0.057692307692307696 0.08653846153846154
0 0.5757211538461539 0.7740384615384616 0.056490384615384616 0.055288461538461536
0 0.6141826923076923 0.15384615384615385 0.051682692307692304 0.06129807692307692
0 0.9314903846153846 0.13822115384615385 0.057692307692307696 0.07451923076923077
0 0.6322115384615384 0.24639423076923078 0.0673076923076923 0.07091346153846154
0 0.8954326923076923 0.4951923076923077 0.06009615384615385 0.09615384615384616
0 0.9399038461538461 0.23677884615384615 0.06009615384615385 0.078125
0 0.6538461538461539 0.9759615384615384 0.055288461538461536 0.04447115384615385
0 0.9146634615384616 0.6418269230769231 0.06370192307692307 0.09615384615384616
0 0.9723557692307693 0.8100961538461539 0.054086538461538464 0.08413461538461539
0 0.49278846153846156 0.09375 0.08052884615384616 0.18269230769230768
0 0.8509615384615384 0.8004807692307693 0.046875 0.037259615384615384