0 0.7151442307692307 0.1502403846153846 0.07692307692307693 0.11658653846153846
0 0.8605769230769231 0.021634615384615384 0.109375 0.04326923076923077
0 0.5757211538461539 0.7055288461538461 0.11778846153846154 0.07572115384615384
0 0.05889423076923077 0.4230769230769231 0.11778846153846154 0.07692307692307693
0 0.5012019230769231 0.9266826923076923 0.11177884615384616 0.0829326923076923
0 0.052884615384615384 0.14182692307692307 0.10576923076923077 0.0829326923076923
0 0.42788461538461536 0.054086538461538464 0.09615384615384616 0.10336538461538461
0 0.6995192307692307 0.9242788461538461 0.08653846153846154 0.07091346153846154
0 0.3112980769230769 0.6959134615384616 0.09975961538461539 0.10096153846153846
0 0.2091346153846154 0.765625 0.20673076923076922 0.13341346153846154
0 0.8016826923076923 0.7391826923076923 0.13581730769230768 0.18389423076923078
0 0.29086538461538464 0.5564903846153846 0.10576923076923077 0.0985576923076923
0 0.21514423076923078 0.1935096153846154 0.14302884615384615 0.08413461538461539
0 0.71875 0.43990384615384615 0.06129807692307692 0.09615384615384616
0 0.9579326923076923 0.6802884615384616 0.07451923076923077 0.08653846153846154
0 0.515625 0.8149038461538461 0.12259615384615384 0.10576923076923077
0 0.9134615384615384 0.5504807692307693 0.06009615384615385 0.09134615384615384
0 0.04326923076923077 0.8389423076923077 0.08653846153846154 0.09134615384615384
0 0.6418269230769231 0.3401442307692308 0.0829326923076923 0.056490384615384616
0 0.14302884615384615 0.06490384615384616 0.15865384615384615 0.12379807692307693
0 0.45552884615384615 0.4879807692307692 0.19591346153846154 0.08413461538461539
0 0.0733173076923077 0.7331730769230769 0.11778846153846154 0.07572115384615384
0 0.8016826923076923 0.6153846153846154 0.0829326923076923 0.06370192307692307
0 0.03485576923076923 0.375 0.06971153846153846 0.0673076923076923
0 0.15985576923076922 0.8774038461538461 0.13701923076923078 0.15144230769230768
0 0.9579326923076923 0.11177884615384616 0.055288461538461536 0.1141826923076923
0 0.53125 0.625 0.06370192307692307 0.06370192307692307
0 0.037259615384615384 0.6610576923076923 0.07451923076923077 0.08653846153846154
0 0.7475961538461539 0.984375 0.11778846153846154 0.028846153846153848
0 0.19471153846153846 0.39302884615384615 0.13221153846153846 0.06009615384615385