0 0.23677884615384615 0.030048076923076924 0.09495192307692307 0.06009615384615385
0 0.3858173076923077 0.2920673076923077 0.08653846153846154 0.13221153846153846
0 0.38341346153846156 0.23918269230769232 0.10576923076923077 0.13942307692307693
0 0.2403846153846154 0.31009615384615385 0.056490384615384616 0.06129807692307692
0 0.09975961538461539 0.28846153846153844 0.14543269230769232 0.07572115384615384
0 0.03245192307692308 0.25240384615384615 0.05889423076923077 0.06971153846153846
0 0.02403846153846154 0.35096153846153844 0.046875 0.08533653846153846
0 0.036057692307692304 0.4699519230769231 0.06490384615384616 0.07451923076923077
0 0.44471153846153844 0.4266826923076923 0.09375 0.10216346153846154
0 0.39302884615384615 0.4735576923076923 0.052884615384615384 0.04927884615384615
0 0.3125 0.5180288461538461 0.10096153846153846 0.11778846153846154
0 0.47475961538461536 0.75 0.08533653846153846 0.18269230769230768
0 0.41346153846153844 0.7884615384615384 0.05889423076923077 0.17307692307692307
0 0.4326923076923077 0.6358173076923077 0.054086538461538464 0.11177884615384616
0 0.38221153846153844 0.6153846153846154 0.08173076923076923 0.06971153846153846
0 0.4423076923076923 0.9771634615384616 0.06009615384615385 0.04326923076923077
0 0.3918269230769231 0.9314903846153846 0.0625 0.13581730769230768
0 0.35336538461538464 0.8509615384615384 0.05889423076923077 0.06009615384615385
0 0.28125 0.8774038461538461 0.06971153846153846 0.07572115384615384
0 0.11658653846153846 0.8641826923076923 0.0625 0.06610576923076923
0 0.026442307692307692 0.8149038461538461 0.051682692307692304 0.06490384615384616
0 0.2692307692307692 0.9615384615384616 0.10817307692307693 0.06009615384615385
0 0.33653846153846156 0.9182692307692307 0.08052884615384616 0.07932692307692307
0 0.33413461538461536 0.9807692307692307 0.0673076923076923 0.036057692307692304
0 0.6983173076923077 0.8725961538461539 0.039663461538461536 0.028846153846153848
0 0.9098557692307693 0.9338942307692307 0.056490384615384616 0.054086538461538464
0 0.7896634615384616 0.7668269230769231 0.055288461538461536 0.055288461538461536
0 0.7644230769230769 0.5889423076923077 0.04927884615384615 0.06009615384615385
0 0.8713942307692307 0.75 0.11177884615384616 0.09254807692307693
0 0.9699519230769231 0.7055288461538461 0.057692307692307696 0.09495192307692307
0 0.8990384615384616 0.6141826923076923 0.09975961538461539 0.06971153846153846
0 0.9110576923076923 0.5420673076923077 0.0733173076923077 0.06971153846153846
0 0.8317307692307693 0.47836538461538464 0.06971153846153846 0.06971153846153846
0 0.8329326923076923 0.140625 0.057692307692307696 0.07572115384615384
0 0.8533653846153846 0.24278846153846154 0.0673076923076923 0.08052884615384616
0 0.9026442307692307 0.1622596153846154 0.07211538461538461 0.12740384615384615
0 0.8653846153846154 0.37740384615384615 0.054086538461538464 0.08413461538461539
0 0.9591346153846154 0.18990384615384615 0.07932692307692307 0.08052884615384616
0 0.6598557692307693 0.054086538461538464 0.04447115384615385 0.037259615384615384
0 0.5805288461538461 0.015625 0.06971153846153846 0.030048076923076924
0 0.4675480769230769 0.009615384615384616 0.06009615384615385 0.019230769230769232
0 0.8497596153846154 0.703125 0.05048076923076923 0.056490384615384616
0 0.9759615384615384 0.9939903846153846 0.03365384615384615 0.009615384615384616
0 0.8978365384615384 0.9927884615384616 0.07211538461538461 0.013221153846153846
0 0.2512019230769231 0.9903846153846154 0.038461538461538464 0.018028846153846152
0 0.010817307692307692 0.8918269230769231 0.021634615384615384 0.055288461538461536
0 0.3870192307692308 0.7680288461538461 0.03365384615384615 0.04927884615384615
0 0.46274038461538464 0.5757211538461539 0.04567307692307692 0.05048076923076923
0 0.9350961538461539 0.29447115384615385 0.08533653846153846 0.08774038461538461
0 0.9338942307692307 0.25721153846153844 0.09254807692307693 0.06850961538461539
0 0.37259615384615385 0.7403846153846154 0.030048076923076924 0.026442307692307692
0 0.8930288461538461 0.33653846153846156 0.06009615384615385 0.06129807692307692