0 0.5913461538461539 0.6274038461538461 0.0625 0.06490384615384616
0 0.27283653846153844 0.9771634615384616 0.06610576923076923 0.04447115384615385
0 0.5180288461538461 0.1622596153846154 0.06490384615384616 0.10576923076923077
0 0.030048076923076924 0.5492788461538461 0.06009615384615385 0.11177884615384616
0 0.21514423076923078 0.14423076923076922 0.06971153846153846 0.07211538461538461
0 0.22115384615384615 0.31490384615384615 0.07451923076923077 0.06850961538461539
0 0.8413461538461539 0.5889423076923077 0.08413461538461539 0.0985576923076923
0 0.7572115384615384 0.49278846153846156 0.12740384615384615 0.0625
0 0.38100961538461536 0.3713942307692308 0.06370192307692307 0.04447115384615385
0 0.2512019230769231 0.5180288461538461 0.08774038461538461 0.08052884615384616
0 0.03365384615384615 0.35096153846153844 0.06610576923076923 0.0985576923076923
0 0.6586538461538461 0.9122596153846154 0.09134615384615384 0.05889423076923077
0 0.10096153846153846 0.6875 0.06490384615384616 0.0829326923076923
0 0.5216346153846154 0.6610576923076923 0.07451923076923077 0.12980769230769232
0 0.5372596153846154 0.9435096153846154 0.09975961538461539 0.11177884615384616
0 0.31971153846153844 0.5480769230769231 0.056490384615384616 0.11177884615384616
0 0.8305288461538461 0.4206730769230769 0.1141826923076923 0.08533653846153846
0 0.796875 0.2764423076923077 0.17307692307692307 0.06490384615384616
0 0.06610576923076923 0.9507211538461539 0.0673076923076923 0.09735576923076923
0 0.6850961538461539 0.03485576923076923 0.09375 0.04807692307692308
0 0.5889423076923077 0.04807692307692308 0.07211538461538461 0.09615384615384616
0 0.359375 0.22596153846153846 0.06971153846153846 0.10096153846153846
0 0.7860576923076923 0.8329326923076923 0.042067307692307696 0.08653846153846154
0 0.6694711538461539 0.15384615384615385 0.07572115384615384 0.08653846153846154
0 0.3762019230769231 0.052884615384615384 0.12740384615384615 0.038461538461538464
0 0.8569711538461539 0.17908653846153846 0.140625 0.06129807692307692
0 0.24639423076923078 0.6947115384615384 0.0829326923076923 0.09615384615384616
0 0.5649038461538461 0.47716346153846156 0.08173076923076923 0.09375
0 0.4891826923076923 0.4375 0.08653846153846154 0.11778846153846154
0 0.15264423076923078 0.9435096153846154 0.07211538461538461 0.08052884615384616
0 0.016826923076923076 0.18870192307692307 0.03365384615384615 0.05889423076923077
0 0.26802884615384615 0.2668269230769231 0.046875 0.04326923076923077
0 0.33533653846153844 0.39903846153846156 0.0625 0.06490384615384616
0 0.4014423076923077 0.5637019230769231 0.07091346153846154 0.06850961538461539
0 0.5 0.7524038461538461 0.04927884615384615 0.109375
0 0.09254807692307693 0.24879807692307693 0.07091346153846154 0.1201923076923077
0 0.5552884615384616 0.10096153846153846 0.06971153846153846 0.06490384615384616
0 0.17668269230769232 0.6694711538461539 0.06490384615384616 0.14302884615384615
0 0.025240384615384616 0.8509615384615384 0.04927884615384615 0.10697115384615384
0 0.19230769230769232 0.7451923076923077 0.04447115384615385 0.06490384615384616
0 0.036057692307692304 0.04567307692307692 0.07091346153846154 0.09134615384615384
0 0.39783653846153844 0.17427884615384615 0.051682692307692304 0.12379807692307693
0 0.921875 0.9675480769230769 0.06971153846153846 0.0625
0 0.09134615384615384 0.13942307692307693 0.08413461538461539 0.09975961538461539
0 0.9122596153846154 0.6610576923076923 0.06971153846153846 0.12139423076923077
0 0.2860576923076923 0.1045673076923077 0.07091346153846154 0.11778846153846154