0 0.028846153846153848 0.10216346153846154 0.056490384615384616 0.05889423076923077
0 0.09014423076923077 0.07091346153846154 0.04807692307692308 0.11538461538461539
0 0.24519230769230768 0.040865384615384616 0.05048076923076923 0.08052884615384616
0 0.016826923076923076 0.20673076923076922 0.03365384615384615 0.052884615384615384
0 0.07211538461538461 0.265625 0.06971153846153846 0.025240384615384616
0 0.014423076923076924 0.3088942307692308 0.028846153846153848 0.06009615384615385
0 0.22716346153846154 0.19831730769230768 0.17427884615384615 0.1622596153846154
0 0.5420673076923077 0.12259615384615384 0.051682692307692304 0.14783653846153846
0 0.65625 0.078125 0.0673076923076923 0.0829326923076923
0 0.3713942307692308 0.36177884615384615 0.09975961538461539 0.20192307692307693
0 0.4483173076923077 0.3641826923076923 0.08653846153846154 0.12379807692307693
0 0.5096153846153846 0.3389423076923077 0.09134615384615384 0.04447115384615385
0 0.039663461538461536 0.59375 0.07932692307692307 0.11057692307692307
0 0.12620192307692307 0.4795673076923077 0.038461538461538464 0.036057692307692304
0 0.11899038461538461 0.6201923076923077 0.11778846153846154 0.10817307692307693
0 0.16826923076923078 0.5997596153846154 0.05048076923076923 0.0673076923076923
0 0.054086538461538464 0.9278846153846154 0.10817307692307693 0.12259615384615384
0 0.23197115384615385 0.8233173076923077 0.09014423076923077 0.07572115384615384
0 0.2644230769230769 0.7896634615384616 0.0625 0.09615384615384616
0 0.171875 0.8834134615384616 0.12740384615384615 0.1778846153846154
0 0.35336538461538464 0.8257211538461539 0.04447115384615385 0.0889423076923077
0 0.43028846153846156 0.8389423076923077 0.05889423076923077 0.09615384615384616
0 0.20793269230769232 0.9567307692307693 0.04447115384615385 0.03245192307692308
0 0.25 0.9735576923076923 0.06009615384615385 0.05048076923076923
0 0.35697115384615385 0.9074519230769231 0.02403846153846154 0.046875
0 0.4050480769230769 0.9266826923076923 0.06490384615384616 0.06971153846153846
0 0.49158653846153844 0.9350961538461539 0.04807692307692308 0.078125
0 0.3233173076923077 0.9411057692307693 0.12259615384615384 0.11658653846153846
0 0.6490384615384616 0.9567307692307693 0.1466346153846154 0.08533653846153846
0 0.96875 0.9627403846153846 0.06009615384615385 0.038461538461538464
0 0.9314903846153846 0.9771634615384616 0.04447115384615385 0.04447115384615385
0 0.7668269230769231 0.8786057692307693 0.24759615384615385 0.08533653846153846
0 0.7728365384615384 0.8016826923076923 0.040865384615384616 0.036057692307692304
0 0.9771634615384616 0.7043269230769231 0.04447115384615385 0.05889423076923077
0 0.9278846153846154 0.7115384615384616 0.09134615384615384 0.040865384615384616
0 0.8846153846153846 0.6598557692307693 0.22716346153846154 0.08533653846153846
0 0.7439903846153846 0.6454326923076923 0.06009615384615385 0.15144230769230768
0 0.8942307692307693 0.5661057692307693 0.04927884615384615 0.1346153846153846
0 0.9182692307692307 0.3233173076923077 0.1622596153846154 0.06129807692307692
0 0.8076923076923077 0.3545673076923077 0.042067307692307696 0.06370192307692307
0 0.7692307692307693 0.4723557692307692 0.11177884615384616 0.15865384615384615
0 0.9122596153846154 0.4543269230769231 0.07211538461538461 0.04927884615384615
0 0.9579326923076923 0.4411057692307692 0.08173076923076923 0.11658653846153846
0 0.7019230769230769 0.453125 0.28725961538461536 0.0985576923076923
0 0.5024038461538461 0.6262019230769231 0.08533653846153846 0.16346153846153846
0 0.5504807692307693 0.7391826923076923 0.078125 0.07692307692307693
0 0.6057692307692307 0.84375 0.04447115384615385 0.17067307692307693
0 0.41346153846153844 0.9795673076923077 0.055288461538461536 0.038461538461538464
0 0.4579326923076923 0.9014423076923077 0.0625 0.055288461538461536
0 0.4495192307692308 0.9543269230769231 0.04447115384615385 0.04567307692307692
0 0.9014423076923077 0.4362980769230769 0.03245192307692308 0.025240384615384616