0 0.625 0.8341346153846154 0.08653846153846154 0.07932692307692307
0 0.6141826923076923 0.45552884615384615 0.08173076923076923 0.09375
0 0.12860576923076922 0.04807692307692308 0.11298076923076923 0.09615384615384616
0 0.24759615384615385 0.9014423076923077 0.15865384615384615 0.057692307692307696
0 0.5456730769230769 0.7512019230769231 0.08774038461538461 0.10576923076923077
0 0.12620192307692307 0.36778846153846156 0.07932692307692307 0.0829326923076923
0 0.9158653846153846 0.6887019230769231 0.13822115384615385 0.12620192307692307
0 0.04447115384615385 0.6646634615384616 0.0889423076923077 0.07572115384615384
0 0.24519230769230768 0.8581730769230769 0.1622596153846154 0.06009615384615385
0 0.6322115384615384 0.6887019230769231 0.07211538461538461 0.08653846153846154
0 0.6899038461538461 0.9110576923076923 0.07572115384615384 0.10216346153846154
0 0.040865384615384616 0.38100961538461536 0.07451923076923077 0.09735576923076923
0 0.2247596153846154 0.8088942307692307 0.09134615384615384 0.06129807692307692
0 0.3401442307692308 0.765625 0.052884615384615384 0.06009615384615385
0 0.20793269230769232 0.6959134615384616 0.06850961538461539 0.10216346153846154
0 0.39783653846153844 0.5745192307692307 0.04807692307692308 0.051682692307692304
0 0.10096153846153846 0.3076923076923077 0.06971153846153846 0.12740384615384615
0 0.8737980769230769 0.38100961538461536 0.0985576923076923 0.13221153846153846
0 0.10697115384615384 0.7740384615384616 0.08774038461538461 0.055288461538461536
0 0.38822115384615385 0.7247596153846154 0.06850961538461539 0.140625