0 0.03485576923076923 0.40625 0.025240384615384616 0.02403846153846154
0 0.9891826923076923 0.5444711538461539 0.018028846153846152 0.037259615384615384
0 0.4699519230769231 0.14903846153846154 0.040865384615384616 0.05889423076923077
0 0.45913461538461536 0.7331730769230769 0.04447115384615385 0.04447115384615385
0 0.5853365384615384 0.8545673076923077 0.06009615384615385 0.055288461538461536
0 0.390625 0.875 0.055288461538461536 0.12259615384615384
0 0.9771634615384616 0.48197115384615385 0.04447115384615385 0.05048076923076923
0 0.5120192307692307 0.20552884615384615 0.08413461538461539 0.1466346153846154
0 0.421875 0.7776442307692307 0.06971153846153846 0.10697115384615384
0 0.5192307692307693 0.8317307692307693 0.0625 0.125
0 0.9278846153846154 0.14302884615384615 0.030048076923076924 0.0829326923076923
0 0.5552884615384616 0.8822115384615384 0.055288461538461536 0.09615384615384616
0 0.5637019230769231 0.20793269230769232 0.06009615384615385 0.07692307692307693
0 0.5889423076923077 0.7319711538461539 0.04567307692307692 0.038461538461538464
0 0.3918269230769231 0.5132211538461539 0.08533653846153846 0.052884615384615384
0 0.6454326923076923 0.25240384615384615 0.06610576923076923 0.07572115384615384
0 0.5697115384615384 0.32091346153846156 0.06009615384615385 0.04326923076923077
0 0.5600961538461539 0.7992788461538461 0.03125 0.03365384615384615
0 0.49759615384615385 0.47475961538461536 0.038461538461538464 0.08173076923076923
0 0.6177884615384616 0.20192307692307693 0.06009615384615385 0.04807692307692308
0 0.5685096153846154 0.6225961538461539 0.0625 0.16346153846153846
0 0.5192307692307693 0.38822115384615385 0.07572115384615384 0.06971153846153846
0 0.03125 0.5048076923076923 0.0625 0.125
0 0.4987980769230769 0.34615384615384615 0.04447115384615385 0.051682692307692304
0 0.6538461538461539 0.5252403846153846 0.06370192307692307 0.07211538461538461
0 0.5625 0.14423076923076922 0.052884615384615384 0.039663461538461536
0 0.4579326923076923 0.8641826923076923 0.0673076923076923 0.0985576923076923
0 0.53125 0.7512019230769231 0.055288461538461536 0.06490384615384616