0 0.1875 0.025240384615384616 0.06490384615384616 0.04927884615384615
0 0.28365384615384615 0.13581730769230768 0.052884615384615384 0.03365384615384615
0 0.15144230769230768 0.1875 0.055288461538461536 0.03365384615384615
0 0.14543269230769232 0.23076923076923078 0.027644230769230768 0.030048076923076924
0 0.38341346153846156 0.07932692307692307 0.042067307692307696 0.07572115384615384
0 0.41586538461538464 0.040865384615384616 0.03125 0.06610576923076923
0 0.5324519230769231 0.08533653846153846 0.06370192307692307 0.07572115384615384
0 0.5829326923076923 0.040865384615384616 0.055288461538461536 0.08173076923076923
0 0.7139423076923077 0.10697115384615384 0.07211538461538461 0.07451923076923077
0 0.1778846153846154 0.12139423076923077 0.052884615384615384 0.057692307692307696
0 0.234375 0.1045673076923077 0.06971153846153846 0.0673076923076923
0 0.7536057692307693 0.17067307692307693 0.07932692307692307 0.12259615384615384
0 0.8076923076923077 0.06971153846153846 0.12379807692307693 0.07932692307692307
0 0.8930288461538461 0.09375 0.040865384615384616 0.039663461538461536
0 0.4182692307692308 0.1778846153846154 0.056490384615384616 0.054086538461538464
0 0.46274038461538464 0.21153846153846154 0.055288461538461536 0.08653846153846154
0 0.4951923076923077 0.16346153846153846 0.055288461538461536 0.04927884615384615
0 0.9711538461538461 0.15384615384615385 0.055288461538461536 0.051682692307692304
0 0.3918269230769231 0.23798076923076922 0.054086538461538464 0.05889423076923077
0 0.3088942307692308 0.28725961538461536 0.04326923076923077 0.06971153846153846
0 0.09495192307692307 0.30408653846153844 0.028846153846153848 0.018028846153846152
0 0.08413461538461539 0.35096153846153844 0.07211538461538461 0.05048076923076923
0 0.22956730769230768 0.34134615384615385 0.06009615384615385 0.037259615384615384
0 0.09975961538461539 0.41225961538461536 0.038461538461538464 0.04447115384615385
0 0.5829326923076923 0.27884615384615385 0.07572115384615384 0.06490384615384616
0 0.7463942307692307 0.28846153846153844 0.06850961538461539 0.03365384615384615
0 0.984375 0.3401442307692308 0.028846153846153848 0.046875
0 0.49759615384615385 0.359375 0.040865384615384616 0.04326923076923077
0 0.5925480769230769 0.4074519230769231 0.026442307692307692 0.06009615384615385
0 0.40024038461538464 0.46153846153846156 0.06009615384615385 0.04447115384615385
0 0.25 0.41346153846153844 0.0733173076923077 0.06370192307692307
0 0.15384615384615385 0.4579326923076923 0.04927884615384615 0.038461538461538464
0 0.0733173076923077 0.4807692307692308 0.04927884615384615 0.03365384615384615
0 0.2247596153846154 0.46153846153846156 0.038461538461538464 0.03365384615384615
0 0.8617788461538461 0.43509615384615385 0.052884615384615384 0.055288461538461536
0 0.8545673076923077 0.4951923076923077 0.06009615384615385 0.04927884615384615
0 0.9795673076923077 0.46875 0.038461538461538464 0.051682692307692304
0 0.5432692307692307 0.5024038461538461 0.05048076923076923 0.051682692307692304
0 0.5204326923076923 0.5625 0.04927884615384615 0.04567307692307692
0 0.38221153846153844 0.5985576923076923 0.04567307692307692 0.057692307692307696
0 0.3269230769230769 0.5889423076923077 0.04447115384615385 0.04567307692307692
0 0.16346153846153846 0.5853365384615384 0.040865384615384616 0.04927884615384615
0 0.20793269230769232 0.5805288461538461 0.04326923076923077 0.04927884615384615
0 0.9050480769230769 0.5865384615384616 0.15384615384615385 0.06490384615384616
0 0.7596153846153846 0.5973557692307693 0.09254807692307693 0.06129807692307692
0 0.8100961538461539 0.5853365384615384 0.054086538461538464 0.028846153846153848
0 0.6430288461538461 0.5805288461538461 0.03485576923076923 0.038461538461538464
0 0.5661057692307693 0.5973557692307693 0.06490384615384616 0.037259615384615384
0 0.6274038461538461 0.6358173076923077 0.08173076923076923 0.038461538461538464
0 0.47716346153846156 0.671875 0.039663461538461536 0.03245192307692308
0 0.8365384615384616 0.6826923076923077 0.09735576923076923 0.04927884615384615
0 0.09134615384615384 0.6850961538461539 0.040865384615384616 0.04447115384615385
0 0.4795673076923077 0.7944711538461539 0.040865384615384616 0.04447115384615385
0 0.6021634615384616 0.7475961538461539 0.02403846153846154 0.036057692307692304
0 0.6622596153846154 0.8173076923076923 0.054086538461538464 0.036057692307692304
0 0.6706730769230769 0.7163461538461539 0.06490384615384616 0.06850961538461539
0 0.4098557692307692 0.8341346153846154 0.05889423076923077 0.06971153846153846
0 0.4362980769230769 0.8918269230769231 0.04807692307692308 0.06971153846153846
0 0.019230769230769232 0.7632211538461539 0.038461538461538464 0.08413461538461539
0 0.734375 0.8137019230769231 0.040865384615384616 0.040865384615384616
0 0.014423076923076924 0.9134615384615384 0.028846153846153848 0.038461538461538464
0 0.06370192307692307 0.8918269230769231 0.04447115384615385 0.039663461538461536
0 0.08533653846153846 0.9375 0.03365384615384615 0.042067307692307696
0 0.11538461538461539 0.9567307692307693 0.039663461538461536 0.08052884615384616
0 0.1971153846153846 0.9819711538461539 0.038461538461538464 0.03365384615384615
0 0.36778846153846156 0.9483173076923077 0.06971153846153846 0.046875
0 0.3701923076923077 0.9795673076923077 0.055288461538461536 0.038461538461538464
0 0.6983173076923077 0.953125 0.0673076923076923 0.06129807692307692
0 0.7776442307692307 0.9867788461538461 0.04927884615384615 0.02403846153846154
0 0.7055288461538461 0.9867788461538461 0.055288461538461536 0.02403846153846154