0 0.28365384615384615 0.019230769230769232 0.08173076923076923 0.038461538461538464
0 0.14783653846153846 0.014423076923076924 0.08413461538461539 0.028846153846153848
0 0.13942307692307693 0.22956730769230768 0.1778846153846154 0.14302884615384615
0 0.27524038461538464 0.3858173076923077 0.14423076923076922 0.10697115384615384
0 0.4807692307692308 0.29927884615384615 0.07451923076923077 0.08052884615384616
0 0.078125 0.45072115384615385 0.07451923076923077 0.07211538461538461
0 0.013221153846153846 0.4987980769230769 0.025240384615384616 0.12740384615384615
0 0.18990384615384615 0.49278846153846156 0.078125 0.08413461538461539
0 0.40024038461538464 0.5600961538461539 0.12860576923076922 0.08653846153846154
0 0.31009615384615385 0.5372596153846154 0.09375 0.10576923076923077
0 0.2512019230769231 0.5961538461538461 0.11538461538461539 0.1658653846153846
0 0.17908653846153846 0.6129807692307693 0.06850961538461539 0.15264423076923078
0 0.03485576923076923 0.6706730769230769 0.06971153846153846 0.10096153846153846
0 0.8677884615384616 0.11177884615384616 0.15865384615384615 0.15625
0 0.1875 0.8064903846153846 0.10576923076923077 0.07451923076923077
0 0.21033653846153846 0.7391826923076923 0.18990384615384615 0.10336538461538461
0 0.10216346153846154 0.8401442307692307 0.08774038461538461 0.11778846153846154
0 0.1201923076923077 0.8918269230769231 0.10697115384615384 0.12740384615384615
0 0.3076923076923077 0.7788461538461539 0.10336538461538461 0.14423076923076922
0 0.9302884615384616 0.42908653846153844 0.11177884615384616 0.17427884615384615
0 0.8617788461538461 0.421875 0.09735576923076923 0.09735576923076923
0 0.9879807692307693 0.36538461538461536 0.02283653846153846 0.0829326923076923
0 0.9375 0.42427884615384615 0.12379807692307693 0.12620192307692307
0 0.8112980769230769 0.5588942307692307 0.12259615384615384 0.09735576923076923
0 0.7175480769230769 0.7475961538461539 0.08413461538461539 0.12860576923076922
0 0.9026442307692307 0.8149038461538461 0.078125 0.2247596153846154
0 0.7608173076923077 0.8377403846153846 0.2283653846153846 0.13221153846153846
0 0.9699519230769231 0.7740384615384616 0.057692307692307696 0.11057692307692307
0 0.34134615384615385 0.9314903846153846 0.04927884615384615 0.09735576923076923
0 0.41346153846153844 0.8677884615384616 0.08653846153846154 0.16346153846153846
0 0.6935096153846154 0.9603365384615384 0.09495192307692307 0.07692307692307693
0 0.7247596153846154 0.9855769230769231 0.04807692307692308 0.026442307692307692
0 0.8557692307692307 0.9110576923076923 0.07091346153846154 0.17427884615384615
0 0.9362980769230769 0.9242788461538461 0.052884615384615384 0.13701923076923078