0 0.9735576923076923 0.38100961538461536 0.051682692307692304 0.07451923076923077
0 0.19230769230769232 0.43990384615384615 0.07692307692307693 0.09014423076923077
0 0.46153846153846156 0.59375 0.18990384615384615 0.1658653846153846
0 0.7127403846153846 0.34615384615384615 0.06129807692307692 0.07211538461538461
0 0.8990384615384616 0.18509615384615385 0.06850961538461539 0.055288461538461536
0 0.19831730769230768 0.14783653846153846 0.057692307692307696 0.13341346153846154
0 0.1658653846153846 0.28365384615384615 0.09495192307692307 0.10336538461538461
0 0.7608173076923077 0.039663461538461536 0.07572115384615384 0.051682692307692304
0 0.29447115384615385 0.4110576923076923 0.08774038461538461 0.056490384615384616
0 0.3233173076923077 0.7427884615384616 0.13701923076923078 0.2776442307692308
0 0.15985576923076922 0.5673076923076923 0.14302884615384615 0.13221153846153846
0 0.8449519230769231 0.609375 0.06850961538461539 0.0829326923076923
0 0.8149038461538461 0.38461538461538464 0.109375 0.0673076923076923
0 0.7920673076923077 0.14182692307692307 0.03365384615384615 0.03365384615384615
0 0.9639423076923077 0.028846153846153848 0.04447115384615385 0.03365384615384615
0 0.5649038461538461 0.6382211538461539 0.03485576923076923 0.0625
0 0.052884615384615384 0.53125 0.1045673076923077 0.14423076923076922
0 0.7944711538461539 0.5360576923076923 0.07572115384615384 0.20552884615384615
0 0.6742788461538461 0.703125 0.16346153846153846 0.12379807692307693
0 0.9038461538461539 0.028846153846153848 0.052884615384615384 0.057692307692307696
0 0.6358173076923077 0.20072115384615385 0.08052884615384616 0.125
0 0.41225961538461536 0.5841346153846154 0.09134615384615384 0.07692307692307693
0 0.84375 0.7548076923076923 0.10216346153846154 0.12860576923076922
0 0.41947115384615385 0.28725961538461536 0.07932692307692307 0.14423076923076922
0 0.9699519230769231 0.9759615384615384 0.056490384615384616 0.046875
0 0.21634615384615385 0.040865384615384616 0.1201923076923077 0.08173076923076923
0 0.9230769230769231 0.49038461538461536 0.06129807692307692 0.10096153846153846
0 0.6670673076923077 0.09254807692307693 0.051682692307692304 0.09495192307692307
0 0.3545673076923077 0.96875 0.2091346153846154 0.06009615384615385
0 0.5757211538461539 0.859375 0.06971153846153846 0.09254807692307693
0 0.4483173076923077 0.8461538461538461 0.057692307692307696 0.06129807692307692
0 0.5228365384615384 0.22115384615384615 0.055288461538461536 0.07572115384615384
0 0.609375 0.38822115384615385 0.06971153846153846 0.11177884615384616
0 0.7524038461538461 0.14302884615384615 0.037259615384615384 0.038461538461538464
0 0.8197115384615384 0.20673076923076922 0.04927884615384615 0.06009615384615385
0 0.03365384615384615 0.08653846153846154 0.0673076923076923 0.1141826923076923
0 0.4338942307692308 0.15745192307692307 0.171875 0.07692307692307693