0 0.056490384615384616 0.17307692307692307 0.11298076923076923 0.14903846153846154
0 0.19110576923076922 0.328125 0.11298076923076923 0.04447115384615385
0 0.10817307692307693 0.27403846153846156 0.15384615384615385 0.21634615384615385
0 0.23317307692307693 0.11177884615384616 0.09134615384615384 0.12740384615384615
0 0.3076923076923077 0.18028846153846154 0.11177884615384616 0.26322115384615385
0 0.234375 0.04326923076923077 0.05048076923076923 0.08653846153846154
0 0.44350961538461536 0.056490384615384616 0.1658653846153846 0.11298076923076923
0 0.49158653846153844 0.1875 0.12980769230769232 0.04447115384615385
0 0.5108173076923077 0.14302884615384615 0.23677884615384615 0.06490384615384616
0 0.5733173076923077 0.14903846153846154 0.06490384615384616 0.1814903846153846
0 0.7427884615384616 0.09014423076923077 0.1778846153846154 0.05048076923076923
0 0.9471153846153846 0.10576923076923077 0.10336538461538461 0.14423076923076922
0 0.2824519230769231 0.10697115384615384 0.16466346153846154 0.14903846153846154
0 0.8137019230769231 0.051682692307692304 0.14903846153846154 0.06370192307692307
0 0.4411057692307692 0.29447115384615385 0.055288461538461536 0.18028846153846154
0 0.5120192307692307 0.3425480769230769 0.12139423076923077 0.1346153846153846
0 0.29447115384615385 0.34134615384615385 0.078125 0.11778846153846154
0 0.3798076923076923 0.2608173076923077 0.06850961538461539 0.22355769230769232
0 0.9086538461538461 0.2860576923076923 0.15384615384615385 0.0829326923076923
0 0.9459134615384616 0.39663461538461536 0.10697115384615384 0.11177884615384616
0 0.8882211538461539 0.4014423076923077 0.203125 0.04927884615384615
0 0.7572115384615384 0.37740384615384615 0.07572115384615384 0.06490384615384616
0 0.7331730769230769 0.421875 0.04447115384615385 0.055288461538461536
0 0.7944711538461539 0.27403846153846156 0.14903846153846154 0.140625
0 0.9747596153846154 0.8100961538461539 0.04807692307692308 0.0625
0 0.9747596153846154 0.8846153846153846 0.046875 0.040865384615384616
0 0.6706730769230769 0.9735576923076923 0.04447115384615385 0.04927884615384615
0 0.7872596153846154 0.9663461538461539 0.10697115384615384 0.06490384615384616
0 0.8185096153846154 0.9122596153846154 0.08774038461538461 0.1141826923076923
0 0.7151442307692307 0.8365384615384616 0.17307692307692307 0.055288461538461536
0 0.6334134615384616 0.9230769230769231 0.18870192307692307 0.09495192307692307
0 0.9086538461538461 0.8016826923076923 0.09495192307692307 0.09495192307692307
0 0.8233173076923077 0.8149038461538461 0.13822115384615385 0.1971153846153846
0 0.7319711538461539 0.6730769230769231 0.16466346153846154 0.08653846153846154
0 0.5829326923076923 0.6706730769230769 0.11899038461538461 0.07572115384615384
0 0.5997596153846154 0.6286057692307693 0.18389423076923078 0.07572115384615384
0 0.7319711538461539 0.5673076923076923 0.1658653846153846 0.08774038461538461
0 0.5853365384615384 0.8088942307692307 0.09735576923076923 0.1875
0 0.703125 0.7439903846153846 0.16105769230769232 0.06610576923076923
0 0.6033653846153846 0.6322115384615384 0.09014423076923077 0.21634615384615385
0 0.5865384615384616 0.5240384615384616 0.08052884615384616 0.12259615384615384
0 0.33653846153846156 0.6466346153846154 0.12620192307692307 0.19110576923076922
0 0.48677884615384615 0.4387019230769231 0.140625 0.18990384615384615
0 0.055288461538461536 0.9867788461538461 0.03245192307692308 0.02403846153846154
0 0.026442307692307692 0.9495192307692307 0.052884615384615384 0.055288461538461536
0 0.16466346153846154 0.9098557692307693 0.09495192307692307 0.09735576923076923
0 0.18990384615384615 0.984375 0.056490384615384616 0.028846153846153848
0 0.3076923076923077 0.9423076923076923 0.09134615384615384 0.1141826923076923
0 0.6814903846153846 0.4362980769230769 0.078125 0.28365384615384615
0 0.2644230769230769 0.7463942307692307 0.10336538461538461 0.21995192307692307
0 0.3076923076923077 0.7091346153846154 0.08653846153846154 0.16105769230769232
0 0.19110576923076922 0.8425480769230769 0.14543269230769232 0.21153846153846154
0 0.10336538461538461 0.5769230769230769 0.06490384615384616 0.19110576923076922
0 0.15985576923076922 0.48197115384615385 0.19110576923076922 0.13221153846153846
0 0.037259615384615384 0.6610576923076923 0.07451923076923077 0.078125
0 0.057692307692307696 0.49759615384615385 0.07572115384615384 0.25
0 0.44471153846153844 0.6694711538461539 0.06009615384615385 0.1310096153846154
0 0.4026442307692308 0.9194711538461539 0.15745192307692307 0.15865384615384615
0 0.44350961538461536 0.8810096153846154 0.0985576923076923 0.055288461538461536
0 0.5144230769230769 0.9375 0.051682692307692304 0.12379807692307693
0 0.5072115384615384 0.7247596153846154 0.08774038461538461 0.2536057692307692
0 0.6370192307692307 0.11298076923076923 0.02403846153846154 0.046875
0 0.11177884615384616 0.8353365384615384 0.040865384615384616 0.040865384615384616