0 0.8978365384615384 0.7331730769230769 0.08653846153846154 0.13341346153846154
0 0.12259615384615384 0.7944711538461539 0.109375 0.10817307692307693
0 0.921875 0.9483173076923077 0.08653846153846154 0.06971153846153846
0 0.43990384615384615 0.051682692307692304 0.08653846153846154 0.06971153846153846
0 0.07572115384615384 0.7451923076923077 0.15144230769230768 0.14783653846153846
0 0.2848557692307692 0.9350961538461539 0.07692307692307693 0.10697115384615384
0 0.46875 0.7307692307692307 0.08052884615384616 0.056490384615384616
0 0.20793269230769232 0.1045673076923077 0.0829326923076923 0.07932692307692307
0 0.43990384615384615 0.0985576923076923 0.04927884615384615 0.039663461538461536
0 0.27884615384615385 0.7836538461538461 0.054086538461538464 0.09495192307692307
0 0.9483173076923077 0.8221153846153846 0.08533653846153846 0.11778846153846154
0 0.9615384615384616 0.5600961538461539 0.052884615384615384 0.040865384615384616
0 0.04567307692307692 0.09014423076923077 0.09134615384615384 0.06971153846153846
0 0.04326923076923077 0.6021634615384616 0.08653846153846154 0.13942307692307693
0 0.421875 0.8449519230769231 0.09254807692307693 0.09495192307692307
0 0.7235576923076923 0.6298076923076923 0.0673076923076923 0.0985576923076923
0 0.03125 0.46875 0.0625 0.07692307692307693
0 0.7295673076923077 0.8870192307692307 0.1045673076923077 0.07572115384615384
0 0.8185096153846154 0.1045673076923077 0.06009615384615385 0.10216346153846154
0 0.8725961538461539 0.051682692307692304 0.1141826923076923 0.10216346153846154
0 0.2439903846153846 0.6237980769230769 0.07572115384615384 0.06370192307692307
0 0.35697115384615385 0.6141826923076923 0.09615384615384616 0.09495192307692307
0 0.9807692307692307 0.0673076923076923 0.037259615384615384 0.09735576923076923
0 0.38100961538461536 0.37740384615384615 0.06850961538461539 0.0625
0 0.45552884615384615 0.5240384615384616 0.0673076923076923 0.07572115384615384
0 0.3137019230769231 0.4050480769230769 0.11778846153846154 0.10697115384615384
0 0.7944711538461539 0.9579326923076923 0.11778846153846154 0.0829326923076923
0 0.7115384615384616 0.8197115384615384 0.06490384615384616 0.06490384615384616
0 0.7235576923076923 0.3581730769230769 0.0733173076923077 0.06490384615384616
0 0.6875 0.16947115384615385 0.08173076923076923 0.078125
0 0.1346153846153846 0.484375 0.10096153846153846 0.06490384615384616
0 0.8617788461538461 0.5985576923076923 0.07211538461538461 0.057692307692307696
0 0.7259615384615384 0.9543269230769231 0.09014423076923077 0.06009615384615385
0 0.5673076923076923 0.09254807692307693 0.046875 0.04927884615384615
0 0.8605769230769231 0.23557692307692307 0.125 0.08533653846153846
0 0.04326923076923077 0.9483173076923077 0.08653846153846154 0.07451923076923077
0 0.4795673076923077 0.8100961538461539 0.06009615384615385 0.078125
0 0.328125 0.038461538461538464 0.07932692307692307 0.07692307692307693
0 0.640625 0.28365384615384615 0.0829326923076923 0.10096153846153846
0 0.5721153846153846 0.40625 0.08052884615384616 0.078125
0 0.3545673076923077 0.9723557692307693 0.07211538461538461 0.052884615384615384
0 0.65625 0.9002403846153846 0.08052884615384616 0.06850961538461539
0 0.09254807692307693 0.5697115384615384 0.10576923076923077 0.06850961538461539