0 0.06971153846153846 0.31490384615384615 0.08052884615384616 0.039663461538461536
0 0.125 0.4170673076923077 0.0673076923076923 0.07692307692307693
0 0.21394230769230768 0.3485576923076923 0.026442307692307692 0.046875
0 0.359375 0.4699519230769231 0.040865384615384616 0.13341346153846154
0 0.21875 0.5769230769230769 0.055288461538461536 0.026442307692307692
0 0.31971153846153844 0.6586538461538461 0.03245192307692308 0.04927884615384615
0 0.39302884615384615 0.6826923076923077 0.040865384615384616 0.04927884615384615
0 0.23798076923076922 0.7391826923076923 0.06610576923076923 0.027644230769230768
0 0.3088942307692308 0.8425480769230769 0.03485576923076923 0.06850961538461539
0 0.08774038461538461 0.9182692307692307 0.040865384615384616 0.1045673076923077
0 0.5564903846153846 0.7704326923076923 0.03365384615384615 0.06971153846153846
0 0.5829326923076923 0.7007211538461539 0.03365384615384615 0.06610576923076923
0 0.5997596153846154 0.40865384615384615 0.11658653846153846 0.026442307692307692
0 0.4807692307692308 0.31971153846153844 0.1045673076923077 0.07692307692307693
0 0.6814903846153846 0.2668269230769231 0.046875 0.039663461538461536
0 0.46153846153846156 0.1622596153846154 0.057692307692307696 0.06850961538461539
0 0.7055288461538461 0.1141826923076923 0.140625 0.08533653846153846
0 0.8245192307692307 0.10697115384615384 0.07091346153846154 0.046875
0 0.8858173076923077 0.21394230769230768 0.055288461538461536 0.052884615384615384
0 0.8137019230769231 0.4483173076923077 0.04567307692307692 0.125
0 0.7283653846153846 0.7331730769230769 0.08413461538461539 0.030048076923076924
0 0.9110576923076923 0.8798076923076923 0.027644230769230768 0.0889423076923077
0 0.9471153846153846 0.8353365384615384 0.037259615384615384 0.11298076923076923
0 0.8701923076923077 0.7163461538461539 0.051682692307692304 0.06490384615384616
0 0.21754807692307693 0.9603365384615384 0.055288461538461536 0.027644230769230768
0 0.7608173076923077 0.7956730769230769 0.03125 0.07692307692307693
0 0.6430288461538461 0.6766826923076923 0.08052884615384616 0.04807692307692308
0 0.859375 0.8822115384615384 0.06490384615384616 0.037259615384615384
0 0.8545673076923077 0.5492788461538461 0.08052884615384616 0.052884615384615384
0 0.5925480769230769 0.3245192307692308 0.10216346153846154 0.04326923076923077
0 0.8677884615384616 0.4170673076923077 0.07211538461538461 0.04447115384615385
0 0.8389423076923077 0.3786057692307692 0.06850961538461539 0.040865384615384616
0 0.9242788461538461 0.31009615384615385 0.04447115384615385 0.02403846153846154
0 0.08173076923076923 0.796875 0.014423076923076924 0.02283653846153846
0 0.32211538461538464 0.9747596153846154 0.04447115384615385 0.02403846153846154
0 0.359375 0.8870192307692307 0.018028846153846152 0.042067307692307696
0 0.27524038461538464 0.8497596153846154 0.03365384615384615 0.03365384615384615
0 0.4411057692307692 0.8569711538461539 0.021634615384615384 0.038461538461538464
0 0.33774038461538464 0.7824519230769231 0.008413461538461538 0.007211538461538462
0 0.36177884615384615 0.7367788461538461 0.018028846153846152 0.018028846153846152
0 0.2980769230769231 0.7512019230769231 0.025240384615384616 0.028846153846153848
0 0.4074519230769231 0.8317307692307693 0.02403846153846154 0.09735576923076923
0 0.46153846153846156 0.90625 0.019230769230769232 0.1502403846153846
0 0.203125 0.6887019230769231 0.02403846153846154 0.03125
0 0.06610576923076923 0.7644230769230769 0.07451923076923077 0.0625
0 0.056490384615384616 0.6742788461538461 0.055288461538461536 0.040865384615384616
0 0.051682692307692304 0.6045673076923077 0.04447115384615385 0.10216346153846154
0 0.056490384615384616 0.5024038461538461 0.014423076923076924 0.054086538461538464
0 0.04927884615384615 0.009615384615384616 0.026442307692307692 0.019230769230769232
0 0.046875 0.20552884615384615 0.03365384615384615 0.07451923076923077
0 0.052884615384615384 0.25600961538461536 0.046875 0.036057692307692304
0 0.10697115384615384 0.3870192307692308 0.038461538461538464 0.038461538461538464
0 0.13581730769230768 0.41225961538461536 0.057692307692307696 0.016826923076923076
0 0.2668269230769231 0.4723557692307692 0.01201923076923077 0.015625
0 0.32211538461538464 0.20192307692307693 0.013221153846153846 0.007211538461538462
0 0.39903846153846156 0.3701923076923077 0.0673076923076923 0.03365384615384615
0 0.42427884615384615 0.43028846153846156 0.06129807692307692 0.02283653846153846
0 0.46634615384615385 0.44711538461538464 0.06490384615384616 0.05889423076923077
0 0.5192307692307693 0.4362980769230769 0.03245192307692308 0.018028846153846152
0 0.5456730769230769 0.44471153846153844 0.028846153846153848 0.019230769230769232
0 0.5336538461538461 0.4543269230769231 0.09134615384615384 0.042067307692307696
0 0.5817307692307693 0.4831730769230769 0.03125 0.021634615384615384
0 0.5360576923076923 0.49278846153846156 0.020432692307692308 0.02403846153846154
0 0.5913461538461539 0.4423076923076923 0.037259615384615384 0.039663461538461536
0 0.30408653846153844 0.5480769230769231 0.02283653846153846 0.03485576923076923
0 0.27884615384615385 0.6490384615384616 0.06370192307692307 0.019230769230769232
0 0.5865384615384616 0.7728365384615384 0.040865384615384616 0.036057692307692304
0 0.5576923076923077 0.7199519230769231 0.020432692307692308 0.07572115384615384
0 0.4387019230769231 0.5180288461538461 0.036057692307692304 0.019230769230769232
0 0.41947115384615385 0.5288461538461539 0.03485576923076923 0.025240384615384616
0 0.5961538461538461 0.14182692307692307 0.10576923076923077 0.054086538461538464
0 0.5576923076923077 0.17427884615384615 0.04927884615384615 0.018028846153846152
0 0.8100961538461539 0.007211538461538462 0.03365384615384615 0.014423076923076924
0 0.7764423076923077 0.1935096153846154 0.07572115384615384 0.038461538461538464
0 0.8173076923076923 0.16346153846153846 0.016826923076923076 0.07692307692307693
0 0.8533653846153846 0.18509615384615385 0.03365384615384615 0.03365384615384615
0 0.7367788461538461 0.25240384615384615 0.05048076923076923 0.028846153846153848
0 0.6610576923076923 0.29927884615384615 0.057692307692307696 0.021634615384615384
0 0.9086538461538461 0.25240384615384615 0.038461538461538464 0.018028846153846152
0 0.9326923076923077 0.22115384615384615 0.07451923076923077 0.040865384615384616
0 0.9615384615384616 0.3161057692307692 0.016826923076923076 0.016826923076923076
0 0.7920673076923077 0.35216346153846156 0.03365384615384615 0.013221153846153846
0 0.9435096153846154 0.4326923076923077 0.02403846153846154 0.02283653846153846
0 0.9411057692307693 0.3870192307692308 0.057692307692307696 0.038461538461538464
0 0.9254807692307693 0.4026442307692308 0.08774038461538461 0.038461538461538464
0 0.9038461538461539 0.44350961538461536 0.007211538461538462 0.038461538461538464
0 0.8918269230769231 0.4495192307692308 0.04447115384615385 0.02283653846153846
0 0.9591346153846154 0.45913461538461536 0.021634615384615384 0.018028846153846152
0 0.9038461538461539 0.4951923076923077 0.021634615384615384 0.04927884615384615
0 0.8413461538461539 0.5360576923076923 0.04567307692307692 0.040865384615384616
0 0.765625 0.4375 0.0625 0.03125
0 0.6959134615384616 0.8521634615384616 0.018028846153846152 0.03365384615384615
0 0.8786057692307693 0.9471153846153846 0.0625 0.054086538461538464
0 0.7788461538461539 0.7175480769230769 0.04927884615384615 0.02403846153846154
0 0.8305288461538461 0.6983173076923077 0.054086538461538464 0.05889423076923077
0 0.9170673076923077 0.7331730769230769 0.056490384615384616 0.020432692307692308
0 0.8233173076923077 0.7536057692307693 0.051682692307692304 0.055288461538461536
0 0.9014423076923077 0.11298076923076923 0.013221153846153846 0.009615384615384616
0 0.8617788461538461 0.8533653846153846 0.03485576923076923 0.03365384615384615
0 0.7680288461538461 0.8822115384615384 0.025240384615384616 0.007211538461538462
0 0.9447115384615384 0.9579326923076923 0.04927884615384615 0.054086538461538464
0 0.8617788461538461 0.9831730769230769 0.040865384615384616 0.026442307692307692
0 0.21634615384615385 0.8173076923076923 0.013221153846153846 0.009615384615384616
0 0.10817307692307693 0.051682692307692304 0.013221153846153846 0.02283653846153846
0 0.8269230769230769 0.4110576923076923 0.030048076923076924 0.016826923076923076
0 0.31850961538461536 0.8016826923076923 0.028846153846153848 0.03125