0 0.7151442307692307 0.9026442307692307 0.06370192307692307 0.15745192307692307
0 0.7427884615384616 0.6153846153846154 0.09495192307692307 0.06971153846153846
0 0.21754807692307693 0.057692307692307696 0.04807692307692308 0.1141826923076923
0 0.17427884615384615 0.5588942307692307 0.15384615384615385 0.12620192307692307
0 0.5588942307692307 0.7608173076923077 0.038461538461538464 0.06610576923076923
0 0.20072115384615385 0.2668269230769231 0.10576923076923077 0.24759615384615385
0 0.49278846153846156 0.5949519230769231 0.17668269230769232 0.06490384615384616
0 0.5120192307692307 0.04807692307692308 0.06009615384615385 0.06971153846153846
0 0.3401442307692308 0.1201923076923077 0.1201923076923077 0.1346153846153846
0 0.9555288461538461 0.18028846153846154 0.08653846153846154 0.10817307692307693
0 0.31850961538461536 0.6346153846153846 0.06129807692307692 0.06610576923076923
0 0.7319711538461539 0.5216346153846154 0.13701923076923078 0.09975961538461539
0 0.7560096153846154 0.17668269230769232 0.10096153846153846 0.11538461538461539
0 0.10096153846153846 0.5757211538461539 0.06129807692307692 0.09134615384615384
0 0.07932692307692307 0.33413461538461536 0.15865384615384615 0.09615384615384616
0 0.06971153846153846 0.4254807692307692 0.13822115384615385 0.11177884615384616
0 0.6790865384615384 0.65625 0.056490384615384616 0.055288461538461536
0 0.3245192307692308 0.21634615384615385 0.1310096153846154 0.1502403846153846
0 0.037259615384615384 0.06490384615384616 0.07451923076923077 0.12740384615384615
0 0.48677884615384615 0.9735576923076923 0.07451923076923077 0.04927884615384615
0 0.14783653846153846 0.03125 0.0625 0.06009615384615385
0 0.5480769230769231 0.71875 0.07572115384615384 0.10817307692307693
0 0.020432692307692308 0.6274038461538461 0.040865384615384616 0.11778846153846154
0 0.47596153846153844 0.18629807692307693 0.1310096153846154 0.12259615384615384
0 0.37740384615384615 0.41225961538461536 0.12259615384615384 0.1971153846153846