0 0.11658653846153846 0.12620192307692307 0.10697115384615384 0.08653846153846154
0 0.3942307692307692 0.11298076923076923 0.07572115384615384 0.04326923076923077
0 0.3858173076923077 0.23076923076923078 0.038461538461538464 0.03125
0 0.042067307692307696 0.055288461538461536 0.039663461538461536 0.05048076923076923
0 0.18389423076923078 0.057692307692307696 0.10096153846153846 0.11177884615384616
0 0.13581730769230768 0.2512019230769231 0.08533653846153846 0.036057692307692304
0 0.12980769230769232 0.2764423076923077 0.1141826923076923 0.06009615384615385
0 0.046875 0.24158653846153846 0.05048076923076923 0.056490384615384616
0 0.9615384615384616 0.10096153846153846 0.027644230769230768 0.07091346153846154
0 0.9278846153846154 0.04567307692307692 0.040865384615384616 0.08653846153846154
0 0.9555288461538461 0.16466346153846154 0.04567307692307692 0.05048076923076923
0 0.6358173076923077 0.2848557692307692 0.04927884615384615 0.026442307692307692
0 0.875 0.27884615384615385 0.05048076923076923 0.038461538461538464
0 0.9411057692307693 0.3076923076923077 0.042067307692307696 0.037259615384615384
0 0.8978365384615384 0.34615384615384615 0.06370192307692307 0.04447115384615385
0 0.9254807692307693 0.42427884615384615 0.027644230769230768 0.055288461538461536
0 0.5721153846153846 0.39302884615384615 0.06370192307692307 0.03485576923076923
0 0.4879807692307692 0.4206730769230769 0.10576923076923077 0.0829326923076923
0 0.7908653846153846 0.45072115384615385 0.09375 0.055288461538461536
0 0.8473557692307693 0.5180288461538461 0.052884615384615384 0.06009615384615385
0 0.6610576923076923 0.8173076923076923 0.03365384615384615 0.04567307692307692
0 0.6959134615384616 0.7608173076923077 0.021634615384615384 0.025240384615384616
0 0.7644230769230769 0.7115384615384616 0.038461538461538464 0.04567307692307692
0 0.5384615384615384 0.765625 0.04567307692307692 0.02403846153846154
0 0.47836538461538464 0.7223557692307693 0.07091346153846154 0.02403846153846154
0 0.4807692307692308 0.7451923076923077 0.08533653846153846 0.03125
0 0.3894230769230769 0.8028846153846154 0.0889423076923077 0.02283653846153846
0 0.4170673076923077 0.8125 0.08653846153846154 0.055288461538461536
0 0.6177884615384616 0.8064903846153846 0.038461538461538464 0.06490384615384616
0 0.44350961538461536 0.5324519230769231 0.039663461538461536 0.07091346153846154
0 0.6298076923076923 0.5985576923076923 0.07932692307692307 0.06490384615384616
0 0.5697115384615384 0.6526442307692307 0.109375 0.038461538461538464
0 0.38341346153846156 0.6754807692307693 0.06610576923076923 0.020432692307692308
0 0.35096153846153844 0.5709134615384616 0.09014423076923077 0.04447115384615385
0 0.2608173076923077 0.7944711538461539 0.09254807692307693 0.0889423076923077
0 0.5324519230769231 0.8834134615384616 0.040865384615384616 0.11778846153846154
0 0.6213942307692307 0.24759615384615385 0.016826923076923076 0.052884615384615384
0 0.36778846153846156 0.47475961538461536 0.08774038461538461 0.04927884615384615
0 0.34134615384615385 0.6370192307692307 0.09134615384615384 0.028846153846153848
0 0.33533653846153844 0.8521634615384616 0.06850961538461539 0.02403846153846154
0 0.7139423076923077 0.9038461538461539 0.042067307692307696 0.04447115384615385
0 0.32091346153846156 0.4987980769230769 0.028846153846153848 0.06370192307692307
0 0.8016826923076923 0.7944711538461539 0.02283653846153846 0.03365384615384615