0 0.96875 0.8353365384615384 0.06129807692307692 0.08653846153846154
0 0.4170673076923077 0.9711538461538461 0.06009615384615385 0.055288461538461536
0 0.5961538461538461 0.0889423076923077 0.09375 0.13341346153846154
0 0.5552884615384616 0.01201923076923077 0.04326923076923077 0.02403846153846154
0 0.3858173076923077 0.7584134615384616 0.04447115384615385 0.038461538461538464
0 0.20673076923076922 0.3894230769230769 0.042067307692307696 0.04807692307692308
0 0.33533653846153844 0.7716346153846154 0.06370192307692307 0.04927884615384615
0 0.036057692307692304 0.3605769230769231 0.03365384615384615 0.036057692307692304
0 0.2091346153846154 0.6225961538461539 0.06009615384615385 0.05889423076923077
0 0.0673076923076923 0.15985576923076922 0.051682692307692304 0.0673076923076923
0 0.8305288461538461 0.9074519230769231 0.04807692307692308 0.05048076923076923
0 0.4326923076923077 0.08533653846153846 0.056490384615384616 0.08533653846153846
0 0.2860576923076923 0.27283653846153844 0.039663461538461536 0.04326923076923077
0 0.6298076923076923 0.1971153846153846 0.07692307692307693 0.038461538461538464
0 0.9182692307692307 0.5300480769230769 0.04447115384615385 0.06850961538461539
0 0.5709134615384616 0.8209134615384616 0.04447115384615385 0.03365384615384615
0 0.4651442307692308 0.6129807692307693 0.06009615384615385 0.04447115384615385
0 0.055288461538461536 0.39783653846153844 0.030048076923076924 0.027644230769230768
0 0.9122596153846154 0.29086538461538464 0.04927884615384615 0.03125
0 0.8557692307692307 0.5096153846153846 0.038461538461538464 0.1045673076923077
0 0.5444711538461539 0.7283653846153846 0.057692307692307696 0.051682692307692304
0 0.14423076923076922 0.49278846153846156 0.04927884615384615 0.05048076923076923
0 0.3605769230769231 0.8245192307692307 0.03245192307692308 0.02283653846153846
0 0.11538461538461539 0.4387019230769231 0.03485576923076923 0.046875
0 0.3641826923076923 0.27403846153846156 0.06971153846153846 0.06490384615384616
0 0.4495192307692308 0.37259615384615385 0.038461538461538464 0.028846153846153848
0 0.8100961538461539 0.5817307692307693 0.0625 0.06971153846153846
0 0.17668269230769232 0.21634615384615385 0.0673076923076923 0.09134615384615384
0 0.8473557692307693 0.6814903846153846 0.078125 0.04447115384615385
0 0.31490384615384615 0.6454326923076923 0.04326923076923077 0.055288461538461536
0 0.24639423076923078 0.34975961538461536 0.04447115384615385 0.057692307692307696
0 0.3858173076923077 0.10817307692307693 0.028846153846153848 0.09495192307692307
0 0.7139423076923077 0.8497596153846154 0.04447115384615385 0.04927884615384615
0 0.09254807692307693 0.6622596153846154 0.06370192307692307 0.09134615384615384
0 0.8052884615384616 0.75 0.06009615384615385 0.051682692307692304
0 0.09375 0.07091346153846154 0.036057692307692304 0.0625
0 0.7283653846153846 0.6274038461538461 0.06610576923076923 0.039663461538461536
0 0.4951923076923077 0.7367788461538461 0.038461538461538464 0.05889423076923077
0 0.4170673076923077 0.43149038461538464 0.036057692307692304 0.057692307692307696
0 0.9375 0.040865384615384616 0.08052884615384616 0.07932692307692307
0 0.3112980769230769 0.41947115384615385 0.042067307692307696 0.052884615384615384
0 0.018028846153846152 0.34134615384615385 0.036057692307692304 0.06850961538461539
0 0.9399038461538461 0.7668269230769231 0.06490384615384616 0.04927884615384615
0 0.1971153846153846 0.7944711538461539 0.08052884615384616 0.055288461538461536
0 0.10817307692307693 0.29927884615384615 0.06610576923076923 0.06490384615384616
0 0.2283653846153846 0.515625 0.042067307692307696 0.07211538461538461
0 0.8149038461538461 0.6610576923076923 0.04447115384615385 0.038461538461538464
0 0.025240384615384616 0.828125 0.046875 0.04567307692307692
0 0.8569711538461539 0.046875 0.055288461538461536 0.04807692307692308
0 0.7884615384615384 0.7151442307692307 0.04326923076923077 0.030048076923076924