0 0.15865384615384615 0.23197115384615385 0.14783653846153846 0.057692307692307696
0 0.3016826923076923 0.2608173076923077 0.06490384615384616 0.055288461538461536
0 0.3701923076923077 0.22956730769230768 0.14182692307692307 0.12740384615384615
0 0.5168269230769231 0.21754807692307693 0.08052884615384616 0.11778846153846154
0 0.5949519230769231 0.328125 0.12379807692307693 0.10697115384615384
0 0.7235576923076923 0.3557692307692308 0.06850961538461539 0.09254807692307693
0 0.40625 0.46634615384615385 0.11778846153846154 0.08173076923076923
0 0.49759615384615385 0.4098557692307692 0.057692307692307696 0.14903846153846154
0 0.23918269230769232 0.453125 0.06009615384615385 0.052884615384615384
0 0.25240384615384615 0.375 0.04927884615384615 0.0733173076923077
0 0.359375 0.38221153846153844 0.04447115384615385 0.06009615384615385
0 0.15625 0.5264423076923077 0.06850961538461539 0.06129807692307692
0 0.22355769230769232 0.5961538461538461 0.18509615384615385 0.05889423076923077
0 0.49278846153846156 0.5973557692307693 0.10576923076923077 0.0889423076923077
0 0.5829326923076923 0.6526442307692307 0.03485576923076923 0.030048076923076924
0 0.4567307692307692 0.7007211538461539 0.17548076923076922 0.06009615384615385
0 0.20673076923076922 0.6850961538461539 0.08653846153846154 0.052884615384615384
0 0.4483173076923077 0.8161057692307693 0.08413461538461539 0.09615384615384616
0 0.3473557692307692 0.8173076923076923 0.10096153846153846 0.09615384615384616
0 0.23677884615384615 0.7680288461538461 0.08653846153846154 0.052884615384615384
0 0.2704326923076923 0.8365384615384616 0.06490384615384616 0.052884615384615384
0 0.6298076923076923 0.8641826923076923 0.051682692307692304 0.10216346153846154
0 0.640625 0.8221153846153846 0.039663461538461536 0.11057692307692307
0 0.8064903846153846 0.921875 0.07451923076923077 0.052884615384615384
0 0.7439903846153846 0.8617788461538461 0.05889423076923077 0.06610576923076923
0 0.7319711538461539 0.7908653846153846 0.07451923076923077 0.10336538461538461
0 0.8016826923076923 0.6838942307692307 0.09615384615384616 0.13581730769230768
0 0.8677884615384616 0.7055288461538461 0.055288461538461536 0.11899038461538461
0 0.6887019230769231 0.5709134615384616 0.18629807692307693 0.19110576923076922
0 0.7199519230769231 0.4735576923076923 0.08533653846153846 0.09735576923076923
0 0.8161057692307693 0.33774038461538464 0.109375 0.171875
0 0.8521634615384616 0.25600961538461536 0.10697115384615384 0.09375
0 0.828125 0.2692307692307692 0.1201923076923077 0.09134615384615384
0 0.6887019230769231 0.25841346153846156 0.0625 0.10697115384615384
0 0.625 0.16466346153846154 0.08653846153846154 0.11057692307692307
0 0.609375 0.21394230769230768 0.03365384615384615 0.06009615384615385
0 0.6923076923076923 0.09975961538461539 0.06490384615384616 0.13221153846153846
0 0.6358173076923077 0.04567307692307692 0.08052884615384616 0.06129807692307692
0 0.4951923076923077 0.06370192307692307 0.09495192307692307 0.04927884615384615
0 0.48197115384615385 0.109375 0.078125 0.057692307692307696
0 0.9350961538461539 0.8954326923076923 0.04447115384615385 0.07692307692307693
0 0.4639423076923077 0.9447115384615384 0.16105769230769232 0.10697115384615384
0 0.12980769230769232 0.75 0.10817307692307693 0.04326923076923077
0 0.038461538461538464 0.6814903846153846 0.07692307692307693 0.06971153846153846
0 0.08413461538461539 0.5588942307692307 0.08052884615384616 0.07932692307692307
0 0.3137019230769231 0.10216346153846154 0.10817307692307693 0.12980769230769232
0 0.9855769230769231 0.08533653846153846 0.027644230769230768 0.09254807692307693
0 0.9543269230769231 0.7055288461538461 0.03125 0.06610576923076923
0 0.9783653846153846 0.7175480769230769 0.042067307692307696 0.11778846153846154
0 0.039663461538461536 0.036057692307692304 0.07692307692307693 0.06971153846153846
0 0.11778846153846154 0.28125 0.10697115384615384 0.08533653846153846
0 0.25 0.3389423076923077 0.109375 0.0889423076923077
0 0.41466346153846156 0.4266826923076923 0.020432692307692308 0.03125
0 0.37740384615384615 0.49278846153846156 0.08533653846153846 0.07572115384615384
0 0.15985576923076922 0.5600961538461539 0.03365384615384615 0.027644230769230768
0 0.4495192307692308 0.5264423076923077 0.04807692307692308 0.039663461538461536
0 0.0673076923076923 0.78125 0.06610576923076923 0.055288461538461536
0 0.3317307692307692 0.984375 0.09134615384615384 0.030048076923076924
0 0.5949519230769231 0.90625 0.04927884615384615 0.056490384615384616
0 0.49759615384615385 0.8317307692307693 0.04927884615384615 0.09134615384615384
0 0.29447115384615385 0.13581730769230768 0.07091346153846154 0.04927884615384615
0 0.18509615384615385 0.12379807692307693 0.10817307692307693 0.04807692307692308
0 0.8629807692307693 0.9459134615384616 0.03365384615384615 0.03365384615384615
0 0.5637019230769231 0.75 0.042067307692307696 0.04326923076923077
0 0.3389423076923077 0.01201923076923077 0.038461538461538464 0.02403846153846154
0 0.8137019230769231 0.5372596153846154 0.11298076923076923 0.14543269230769232
0 0.8293269230769231 0.5120192307692307 0.10697115384615384 0.12259615384615384
0 0.8786057692307693 0.49158653846153844 0.06850961538461539 0.09254807692307693
0 0.9026442307692307 0.4206730769230769 0.04927884615384615 0.0985576923076923
0 0.3942307692307692 0.6670673076923077 0.0733173076923077 0.10216346153846154