0 0.6826923076923077 0.8149038461538461 0.08653846153846154 0.06009615384615385
0 0.9579326923076923 0.4831730769230769 0.08173076923076923 0.06490384615384616
0 0.9338942307692307 0.7584134615384616 0.12980769230769232 0.052884615384615384
0 0.7764423076923077 0.0625 0.10096153846153846 0.10216346153846154
0 0.7451923076923077 0.9651442307692307 0.0673076923076923 0.0673076923076923
0 0.9387019230769231 0.8149038461538461 0.11778846153846154 0.06490384615384616
0 0.7548076923076923 0.125 0.056490384615384616 0.06971153846153846
0 0.7908653846153846 0.7788461538461539 0.08774038461538461 0.078125
0 0.8822115384615384 0.05048076923076923 0.10576923076923077 0.09735576923076923
0 0.8064903846153846 0.296875 0.051682692307692304 0.04326923076923077
0 0.9627403846153846 0.140625 0.07211538461538461 0.11057692307692307
0 0.7091346153846154 0.8774038461538461 0.1201923076923077 0.07211538461538461
0 0.7836538461538461 0.17548076923076922 0.12259615384615384 0.07211538461538461
0 0.921875 0.3798076923076923 0.109375 0.08052884615384616
0 0.8689903846153846 0.40625 0.11177884615384616 0.0673076923076923
0 0.04567307692307692 0.6682692307692307 0.09134615384615384 0.057692307692307696
0 0.8545673076923077 0.6826923076923077 0.10096153846153846 0.07211538461538461