0 0.4987980769230769 0.8052884615384616 0.025240384615384616 0.06610576923076923
0 0.1778846153846154 0.5396634615384616 0.078125 0.06370192307692307
0 0.26322115384615385 0.9711538461538461 0.09014423076923077 0.046875
0 0.46033653846153844 0.3329326923076923 0.07692307692307693 0.04927884615384615
0 0.15625 0.12139423076923077 0.06850961538461539 0.0673076923076923
0 0.8581730769230769 0.5480769230769231 0.08413461538461539 0.04567307692307692
0 0.4855769230769231 0.5552884615384616 0.10697115384615384 0.056490384615384616
0 0.28966346153846156 0.8545673076923077 0.06490384615384616 0.07211538461538461
0 0.6262019230769231 0.0673076923076923 0.054086538461538464 0.09495192307692307
0 0.6634615384615384 0.13942307692307693 0.042067307692307696 0.07692307692307693
0 0.18389423076923078 0.9639423076923077 0.0673076923076923 0.06971153846153846
0 0.5721153846153846 0.5492788461538461 0.04807692307692308 0.06850961538461539
0 0.5384615384615384 0.28846153846153844 0.06610576923076923 0.055288461538461536
0 0.8209134615384616 0.09375 0.06850961538461539 0.12740384615384615
0 0.65625 0.24278846153846154 0.06490384615384616 0.10096153846153846
0 0.026442307692307692 0.8305288461538461 0.051682692307692304 0.030048076923076924
0 0.18870192307692307 0.7019230769230769 0.06129807692307692 0.07932692307692307
0 0.5132211538461539 0.21634615384615385 0.05889423076923077 0.057692307692307696
0 0.4326923076923077 0.16105769230769232 0.055288461538461536 0.09495192307692307
0 0.75 0.9206730769230769 0.07692307692307693 0.04807692307692308
0 0.36538461538461536 0.1201923076923077 0.038461538461538464 0.1045673076923077
0 0.7235576923076923 0.7151442307692307 0.06009615384615385 0.06370192307692307
0 0.7463942307692307 0.39302884615384615 0.08413461538461539 0.09134615384615384
0 0.8689903846153846 0.4230769230769231 0.037259615384615384 0.11298076923076923
0 0.6754807692307693 0.7548076923076923 0.02403846153846154 0.06971153846153846
0 0.9507211538461539 0.32211538461538464 0.046875 0.052884615384615384
0 0.921875 0.28966346153846156 0.04927884615384615 0.06009615384615385
0 0.578125 0.7548076923076923 0.04447115384615385 0.07572115384615384
0 0.019230769230769232 0.7752403846153846 0.038461538461538464 0.06490384615384616
0 0.8725961538461539 0.8088942307692307 0.03125 0.08052884615384616
0 0.41225961538461536 0.578125 0.02403846153846154 0.06610576923076923
0 0.7475961538461539 0.5697115384615384 0.0889423076923077 0.06009615384615385
0 0.1141826923076923 0.018028846153846152 0.10697115384615384 0.036057692307692304
0 0.140625 0.32211538461538464 0.08052884615384616 0.1310096153846154
0 0.08774038461538461 0.056490384615384616 0.038461538461538464 0.03485576923076923
0 0.016826923076923076 0.5877403846153846 0.03365384615384615 0.06129807692307692
0 0.7055288461538461 0.6141826923076923 0.10096153846153846 0.078125
0 0.6081730769230769 0.8689903846153846 0.04326923076923077 0.07211538461538461
0 0.04447115384615385 0.35697115384615385 0.08774038461538461 0.11778846153846154
0 0.6526442307692307 0.8016826923076923 0.1045673076923077 0.09975961538461539
0 0.04807692307692308 0.7163461538461539 0.07211538461538461 0.10576923076923077
0 0.15985576923076922 0.49038461538461536 0.046875 0.056490384615384616
0 0.26322115384615385 0.1141826923076923 0.06009615384615385 0.13341346153846154
0 0.6069711538461539 0.3798076923076923 0.038461538461538464 0.10096153846153846
0 0.375 0.8100961538461539 0.07692307692307693 0.05889423076923077
0 0.09375 0.9627403846153846 0.07932692307692307 0.0733173076923077
0 0.29927884615384615 0.4579326923076923 0.06490384615384616 0.06610576923076923
0 0.7199519230769231 0.28125 0.0733173076923077 0.08052884615384616
0 0.3449519230769231 0.90625 0.05889423076923077 0.08052884615384616
0 0.11177884615384616 0.23798076923076922 0.04326923076923077 0.06971153846153846
0 0.2920673076923077 0.6538461538461539 0.036057692307692304 0.03365384615384615
0 0.13341346153846154 0.20673076923076922 0.0733173076923077 0.04447115384615385
0 0.265625 0.4891826923076923 0.04807692307692308 0.09254807692307693
0 0.6057692307692307 0.47596153846153844 0.04927884615384615 0.06490384615384616
0 0.26802884615384615 0.9086538461538461 0.057692307692307696 0.03245192307692308
0 0.16346153846153846 0.05889423076923077 0.07211538461538461 0.07451923076923077
0 0.796875 0.9483173076923077 0.056490384615384616 0.03245192307692308
0 0.4254807692307692 0.41346153846153844 0.04927884615384615 0.09014423076923077
0 0.7403846153846154 0.49399038461538464 0.0733173076923077 0.052884615384615384