0 0.41346153846153844 0.7716346153846154 0.13701923076923078 0.1310096153846154
0 0.5240384615384616 0.6430288461538461 0.08413461538461539 0.15865384615384615
0 0.7319711538461539 0.06610576923076923 0.13701923076923078 0.13221153846153846
0 0.28365384615384615 0.7512019230769231 0.11899038461538461 0.20432692307692307
0 0.3942307692307692 0.20552884615384615 0.06610576923076923 0.17067307692307693
0 0.5865384615384616 0.06490384615384616 0.11298076923076923 0.12980769230769232
0 0.5324519230769231 0.40865384615384615 0.09495192307692307 0.23197115384615385
0 0.7728365384615384 0.8377403846153846 0.1310096153846154 0.11778846153846154
0 0.4483173076923077 0.6526442307692307 0.09495192307692307 0.23197115384615385
0 0.23557692307692307 0.8798076923076923 0.11298076923076923 0.04447115384615385
0 0.6742788461538461 0.6105769230769231 0.2091346153846154 0.10096153846153846
0 0.8930288461538461 0.1045673076923077 0.15865384615384615 0.2091346153846154
0 0.46274038461538464 0.8173076923076923 0.08413461538461539 0.13942307692307693
0 0.984375 0.04927884615384615 0.028846153846153848 0.09735576923076923
0 0.5024038461538461 0.8125 0.09254807692307693 0.06971153846153846