0 0.8617788461538461 0.15264423076923078 0.140625 0.08413461538461539
0 0.38461538461538464 0.9387019230769231 0.07451923076923077 0.1201923076923077
0 0.9447115384615384 0.44711538461538464 0.109375 0.09495192307692307
0 0.8293269230769231 0.6502403846153846 0.11658653846153846 0.08413461538461539
0 0.3016826923076923 0.35336538461538464 0.08052884615384616 0.20673076923076922
0 0.5637019230769231 0.9543269230769231 0.10096153846153846 0.06971153846153846
0 0.5913461538461539 0.7992788461538461 0.09134615384615384 0.15264423076923078
0 0.15745192307692307 0.8990384615384616 0.09134615384615384 0.10096153846153846
0 0.07572115384615384 0.07572115384615384 0.1502403846153846 0.14302884615384615
0 0.41346153846153844 0.14182692307692307 0.08052884615384616 0.07932692307692307
0 0.28725961538461536 0.421875 0.06490384615384616 0.12259615384615384
0 0.5132211538461539 0.5168269230769231 0.08052884615384616 0.12860576923076922
0 0.32091346153846156 0.16466346153846154 0.07692307692307693 0.09615384615384616
0 0.2932692307692308 0.5444711538461539 0.08653846153846154 0.08774038461538461
0 0.07572115384615384 0.5901442307692307 0.1502403846153846 0.11538461538461539
0 0.47115384615384615 0.9338942307692307 0.08653846153846154 0.12379807692307693
0 0.2548076923076923 0.8725961538461539 0.07211538461538461 0.17908653846153846
0 0.6117788461538461 0.6262019230769231 0.0889423076923077 0.21153846153846154
0 0.5096153846153846 0.33533653846153844 0.055288461538461536 0.0673076923076923
0 0.020432692307692308 0.41466346153846156 0.040865384615384616 0.06370192307692307
0 0.4230769230769231 0.3329326923076923 0.12259615384615384 0.21995192307692307