0 0.9170673076923077 0.16346153846153846 0.09975961538461539 0.06850961538461539
0 0.296875 0.625 0.06971153846153846 0.0673076923076923
0 0.42908653846153844 0.7331730769230769 0.11899038461538461 0.0889423076923077
0 0.1201923076923077 0.09615384615384616 0.06009615384615385 0.052884615384615384
0 0.9375 0.5048076923076923 0.10817307692307693 0.10096153846153846
0 0.6225961538461539 0.7980769230769231 0.06009615384615385 0.06971153846153846
0 0.7451923076923077 0.06490384615384616 0.05048076923076923 0.0829326923076923
0 0.328125 0.5180288461538461 0.0625 0.055288461538461536
0 0.7824519230769231 0.20793269230769232 0.055288461538461536 0.06009615384615385
0 0.8918269230769231 0.23798076923076922 0.09134615384615384 0.09134615384615384
0 0.028846153846153848 0.14543269230769232 0.046875 0.04927884615384615
0 0.9302884615384616 0.7403846153846154 0.09014423076923077 0.09495192307692307
0 0.7403846153846154 0.5528846153846154 0.07572115384615384 0.0673076923076923
0 0.3245192307692308 0.125 0.07572115384615384 0.08533653846153846
0 0.33052884615384615 0.8341346153846154 0.07692307692307693 0.04927884615384615
0 0.34615384615384615 0.46033653846153844 0.07091346153846154 0.052884615384615384