0 0.6670673076923077 0.17668269230769232 0.0733173076923077 0.06009615384615385
0 0.09735576923076923 0.4951923076923077 0.09014423076923077 0.025240384615384616
0 0.765625 0.8545673076923077 0.13701923076923078 0.03125
0 0.14302884615384615 0.6658653846153846 0.15264423076923078 0.09254807692307693
0 0.9591346153846154 0.11057692307692307 0.07572115384615384 0.04447115384615385
0 0.28125 0.5132211538461539 0.08533653846153846 0.05048076923076923
0 0.1466346153846154 0.4050480769230769 0.11658653846153846 0.0985576923076923
0 0.2692307692307692 0.6141826923076923 0.039663461538461536 0.09615384615384616
0 0.53125 0.02283653846153846 0.06370192307692307 0.04567307692307692
0 0.49278846153846156 0.8245192307692307 0.06850961538461539 0.038461538461538464
0 0.3449519230769231 0.8173076923076923 0.057692307692307696 0.020432692307692308
0 0.6466346153846154 0.1141826923076923 0.11057692307692307 0.056490384615384616
0 0.8942307692307693 0.13581730769230768 0.04807692307692308 0.030048076923076924
0 0.13822115384615385 0.7872596153846154 0.12139423076923077 0.046875
0 0.07091346153846154 0.33653846153846156 0.08653846153846154 0.02403846153846154
0 0.4014423076923077 0.05048076923076923 0.13341346153846154 0.07572115384615384
0 0.5841346153846154 0.29927884615384615 0.15384615384615385 0.07572115384615384
0 0.6045673076923077 0.7716346153846154 0.0673076923076923 0.03485576923076923
0 0.8701923076923077 0.7692307692307693 0.10096153846153846 0.055288461538461536
0 0.10096153846153846 0.2536057692307692 0.20192307692307693 0.055288461538461536
0 0.7259615384615384 0.7475961538461539 0.09134615384615384 0.038461538461538464
0 0.78125 0.8725961538461539 0.12740384615384615 0.03485576923076923
0 0.41225961538461536 0.23677884615384615 0.09254807692307693 0.046875
0 0.2548076923076923 0.07211538461538461 0.09495192307692307 0.04447115384615385
0 0.8617788461538461 0.46153846153846156 0.11658653846153846 0.06610576923076923
0 0.22716346153846154 0.12620192307692307 0.1310096153846154 0.06129807692307692
0 0.025240384615384616 0.44711538461538464 0.04927884615384615 0.025240384615384616
0 0.7608173076923077 0.5180288461538461 0.13822115384615385 0.09615384615384616
0 0.05048076923076923 0.7620192307692307 0.09254807692307693 0.038461538461538464
0 0.036057692307692304 0.14783653846153846 0.06610576923076923 0.039663461538461536
0 0.6646634615384616 0.25240384615384615 0.1201923076923077 0.05048076923076923
0 0.036057692307692304 0.1814903846153846 0.07091346153846154 0.03485576923076923
0 0.3954326923076923 0.13822115384615385 0.11057692307692307 0.06370192307692307
0 0.09975961538461539 0.4170673076923077 0.07572115384615384 0.051682692307692304
0 0.796875 0.6237980769230769 0.13822115384615385 0.037259615384615384
0 0.6911057692307693 0.6057692307692307 0.09254807692307693 0.055288461538461536
0 0.42908653846153844 0.43509615384615385 0.07211538461538461 0.037259615384615384
0 0.0829326923076923 0.15865384615384615 0.06971153846153846 0.0733173076923077
0 0.34375 0.17307692307692307 0.10216346153846154 0.06009615384615385
0 0.6201923076923077 0.8509615384615384 0.06490384615384616 0.04447115384615385
0 0.8305288461538461 0.5012019230769231 0.078125 0.051682692307692304
0 0.15264423076923078 0.46153846153846156 0.11899038461538461 0.037259615384615384
0 0.9423076923076923 0.21875 0.051682692307692304 0.07091346153846154
0 0.8810096153846154 0.08653846153846154 0.051682692307692304 0.055288461538461536
0 0.2800480769230769 0.8028846153846154 0.09134615384615384 0.051682692307692304
0 0.484375 0.7247596153846154 0.07572115384615384 0.036057692307692304
0 0.4338942307692308 0.11538461538461539 0.12139423076923077 0.055288461538461536
0 0.3954326923076923 0.16466346153846154 0.0733173076923077 0.054086538461538464
0 0.53125 0.02403846153846154 0.06370192307692307 0.04447115384615385
0 0.6875 0.15745192307692307 0.13221153846153846 0.06490384615384616
0 0.9399038461538461 0.14182692307692307 0.08774038461538461 0.12139423076923077
0 0.875 0.5168269230769231 0.08533653846153846 0.02403846153846154
0 0.21875 0.15865384615384615 0.09134615384615384 0.04447115384615385
0 0.7548076923076923 0.23197115384615385 0.07572115384615384 0.030048076923076924
0 0.10336538461538461 0.8016826923076923 0.10697115384615384 0.06129807692307692
0 0.2247596153846154 0.5420673076923077 0.14182692307692307 0.028846153846153848
0 0.13221153846153846 0.8545673076923077 0.109375 0.042067307692307696
0 0.3786057692307692 0.6670673076923077 0.11177884615384616 0.08653846153846154
0 0.8389423076923077 0.24519230769230768 0.078125 0.036057692307692304
0 0.7199519230769231 0.47596153846153844 0.12379807692307693 0.03365384615384615
0 0.8161057692307693 0.038461538461538464 0.05048076923076923 0.07692307692307693
0 0.8293269230769231 0.18990384615384615 0.07451923076923077 0.06490384615384616
0 0.9747596153846154 0.2548076923076923 0.04927884615384615 0.038461538461538464
0 0.07692307692307693 0.515625 0.15384615384615385 0.040865384615384616
0 0.5012019230769231 0.07932692307692307 0.08774038461538461 0.046875