0 0.2860576923076923 0.9254807692307693 0.09134615384615384 0.14543269230769232
0 0.703125 0.43990384615384615 0.10336538461538461 0.13221153846153846
0 0.11658653846153846 0.90625 0.13942307692307693 0.14182692307692307
0 0.06850961538461539 0.07091346153846154 0.11057692307692307 0.140625
0 0.4254807692307692 0.9290865384615384 0.09134615384615384 0.13942307692307693
0 0.2620192307692308 0.13221153846153846 0.07572115384615384 0.11778846153846154
0 0.42788461538461536 0.056490384615384616 0.0673076923076923 0.11298076923076923
0 0.8125 0.6117788461538461 0.10216346153846154 0.12259615384615384
0 0.7992788461538461 0.16346153846153846 0.10096153846153846 0.0985576923076923
0 0.06971153846153846 0.9026442307692307 0.11177884615384616 0.10817307692307693
0 0.2860576923076923 0.39903846153846156 0.057692307692307696 0.07572115384615384
0 0.6370192307692307 0.04807692307692308 0.15504807692307693 0.09375
0 0.19110576923076922 0.5685096153846154 0.1045673076923077 0.12980769230769232
0 0.09375 0.4110576923076923 0.07692307692307693 0.08052884615384616
0 0.5985576923076923 0.6514423076923077 0.11057692307692307 0.16466346153846154
0 0.625 0.14302884615384615 0.08653846153846154 0.14903846153846154
0 0.5348557692307693 0.051682692307692304 0.07572115384615384 0.09254807692307693
0 0.8425480769230769 0.15985576923076922 0.09014423076923077 0.13341346153846154
0 0.5384615384615384 0.9759615384615384 0.09014423076923077 0.04326923076923077
0 0.13701923076923078 0.3894230769230769 0.08413461538461539 0.08052884615384616
0 0.25721153846153844 0.03245192307692308 0.09615384615384616 0.06490384615384616
0 0.6694711538461539 0.5216346153846154 0.10096153846153846 0.08052884615384616
0 0.7728365384615384 0.5168269230769231 0.11057692307692307 0.09495192307692307