0 0.140625 0.12139423076923077 0.15384615384615385 0.051682692307692304
0 0.9411057692307693 0.3245192307692308 0.11658653846153846 0.04927884615384615
0 0.8822115384615384 0.10336538461538461 0.08173076923076923 0.04447115384615385
0 0.12379807692307693 0.4723557692307692 0.06370192307692307 0.052884615384615384
0 0.1502403846153846 0.5516826923076923 0.15865384615384615 0.07091346153846154
0 0.0733173076923077 0.6622596153846154 0.09615384615384616 0.09014423076923077
0 0.09615384615384616 0.29447115384615385 0.10096153846153846 0.06850961538461539
0 0.0625 0.546875 0.09615384615384616 0.07091346153846154
0 0.026442307692307692 0.7944711538461539 0.051682692307692304 0.10336538461538461
0 0.27403846153846156 0.18509615384615385 0.12740384615384615 0.07932692307692307
0 0.19591346153846154 0.23918269230769232 0.14423076923076922 0.07572115384615384
0 0.8245192307692307 0.6045673076923077 0.13341346153846154 0.06490384615384616
0 0.17668269230769232 0.9170673076923077 0.1346153846153846 0.054086538461538464
0 0.051682692307692304 0.7572115384615384 0.09495192307692307 0.09615384615384616
0 0.96875 0.43509615384615385 0.06009615384615385 0.06850961538461539
0 0.8882211538461539 0.31971153846153844 0.14302884615384615 0.1045673076923077
0 0.08052884615384616 0.421875 0.13341346153846154 0.07572115384615384
0 0.8894230769230769 0.020432692307692308 0.12139423076923077 0.038461538461538464
0 0.2764423076923077 0.3918269230769231 0.20072115384615385 0.14903846153846154