0 0.921875 0.6538461538461539 0.14903846153846154 0.18990384615384615
0 0.828125 0.17668269230769232 0.11177884615384616 0.21875
0 0.02403846153846154 0.06971153846153846 0.046875 0.13942307692307693
0 0.09495192307692307 0.8990384615384616 0.18990384615384615 0.08653846153846154
0 0.29447115384615385 0.037259615384615384 0.0889423076923077 0.07451923076923077
0 0.6862980769230769 0.6298076923076923 0.09134615384615384 0.16706730769230768
0 0.9326923076923077 0.5901442307692307 0.13341346153846154 0.18028846153846154
0 0.6850961538461539 0.42788461538461536 0.18269230769230768 0.15144230769230768
0 0.6286057692307693 0.06129807692307692 0.21153846153846154 0.12259615384615384
0 0.5673076923076923 0.6298076923076923 0.1201923076923077 0.16706730769230768
0 0.6430288461538461 0.8701923076923077 0.13221153846153846 0.10336538461538461
0 0.7427884615384616 0.0829326923076923 0.078125 0.11538461538461539
0 0.390625 0.9230769230769231 0.16346153846153846 0.11778846153846154
0 0.24158653846153846 0.9651442307692307 0.13221153846153846 0.0673076923076923
0 0.23557692307692307 0.2956730769230769 0.12259615384615384 0.19831730769230768
0 0.6081730769230769 0.9639423076923077 0.08173076923076923 0.06490384615384616
0 0.12740384615384615 0.6274038461538461 0.15144230769230768 0.10336538461538461
0 0.28725961538461536 0.6165865384615384 0.0829326923076923 0.15625
0 0.9038461538461539 0.027644230769230768 0.15384615384615385 0.055288461538461536
0 0.36538461538461536 0.5961538461538461 0.16346153846153846 0.07692307692307693
0 0.25 0.203125 0.23197115384615385 0.10096153846153846