0 0.9242788461538461 0.15144230769230768 0.06971153846153846 0.04807692307692308
0 0.8125 0.3233173076923077 0.06490384615384616 0.06129807692307692
0 0.8052884615384616 0.49038461538461536 0.06971153846153846 0.036057692307692304
0 0.328125 0.765625 0.06370192307692307 0.06370192307692307
0 0.328125 0.030048076923076924 0.07211538461538461 0.04927884615384615
0 0.390625 0.5745192307692307 0.09134615384615384 0.056490384615384616
0 0.8365384615384616 0.7872596153846154 0.07211538461538461 0.05048076923076923
0 0.9447115384615384 0.08413461538461539 0.10216346153846154 0.07572115384615384
0 0.8209134615384616 0.7307692307692307 0.06009615384615385 0.04567307692307692
0 0.21875 0.8173076923076923 0.051682692307692304 0.04927884615384615
0 0.28365384615384615 0.9663461538461539 0.04927884615384615 0.05889423076923077
0 0.09375 0.6971153846153846 0.06370192307692307 0.055288461538461536
0 0.9711538461538461 0.7836538461538461 0.056490384615384616 0.10817307692307693
0 0.2848557692307692 0.8774038461538461 0.10096153846153846 0.08052884615384616
0 0.43990384615384615 0.6442307692307693 0.08052884615384616 0.04927884615384615
0 0.8713942307692307 0.6117788461538461 0.06850961538461539 0.046875
0 0.45913461538461536 0.25240384615384615 0.10817307692307693 0.09615384615384616
0 0.9555288461538461 0.38341346153846156 0.0829326923076923 0.06971153846153846
0 0.20552884615384615 0.04567307692307692 0.04447115384615385 0.056490384615384616
0 0.7740384615384616 0.6538461538461539 0.05048076923076923 0.03125
0 0.9711538461538461 0.9375 0.055288461538461536 0.07692307692307693
0 0.03365384615384615 0.8052884615384616 0.06610576923076923 0.13701923076923078
0 0.13221153846153846 0.9362980769230769 0.037259615384615384 0.054086538461538464
0 0.33533653846153844 0.27884615384615385 0.06009615384615385 0.06009615384615385