0 0.38822115384615385 0.021634615384615384 0.04927884615384615 0.04326923076923077
0 0.640625 0.8846153846153846 0.06971153846153846 0.06850961538461539
0 0.3629807692307692 0.6069711538461539 0.04927884615384615 0.08413461538461539
0 0.9723557692307693 0.13221153846153846 0.04927884615384615 0.08533653846153846
0 0.75 0.3269230769230769 0.1141826923076923 0.0829326923076923
0 0.03125 0.5817307692307693 0.06129807692307692 0.054086538461538464
0 0.4699519230769231 0.13581730769230768 0.0673076923076923 0.07572115384615384
0 0.6658653846153846 0.8389423076923077 0.04326923076923077 0.042067307692307696
0 0.23918269230769232 0.8329326923076923 0.04927884615384615 0.09134615384615384
0 0.6021634615384616 0.8100961538461539 0.04447115384615385 0.039663461538461536
0 0.6574519230769231 0.038461538461538464 0.0889423076923077 0.07692307692307693
0 0.24278846153846154 0.6394230769230769 0.08774038461538461 0.04927884615384615
0 0.6802884615384616 0.27884615384615385 0.11899038461538461 0.055288461538461536
0 0.13221153846153846 0.11778846153846154 0.08413461538461539 0.04447115384615385
0 0.71875 0.9206730769230769 0.06370192307692307 0.06971153846153846
0 0.03485576923076923 0.53125 0.06971153846153846 0.06490384615384616
0 0.4423076923076923 0.2548076923076923 0.06490384615384616 0.06009615384615385
0 0.20793269230769232 0.8545673076923077 0.040865384615384616 0.06009615384615385
0 0.02403846153846154 0.7127403846153846 0.046875 0.0829326923076923
0 0.10336538461538461 0.33774038461538464 0.046875 0.09735576923076923
0 0.19831730769230768 0.16947115384615385 0.06971153846153846 0.11177884615384616
0 0.02403846153846154 0.28725961538461536 0.04807692307692308 0.04447115384615385
0 0.5817307692307693 0.43990384615384615 0.0625 0.07451923076923077
0 0.7788461538461539 0.46274038461538464 0.09975961538461539 0.08653846153846154
0 0.0889423076923077 0.6370192307692307 0.09134615384615384 0.07572115384615384
0 0.29927884615384615 0.1875 0.13822115384615385 0.052884615384615384
0 0.5637019230769231 0.48197115384615385 0.11899038461538461 0.04447115384615385
0 0.5456730769230769 0.8617788461538461 0.06370192307692307 0.07692307692307693
0 0.8197115384615384 0.6009615384615384 0.08413461538461539 0.055288461538461536
0 0.43149038461538464 0.671875 0.10697115384615384 0.06370192307692307
0 0.16706730769230768 0.7800480769230769 0.08173076923076923 0.06009615384615385
0 0.640625 0.7836538461538461 0.04927884615384615 0.0673076923076923
0 0.6502403846153846 0.48677884615384615 0.08413461538461539 0.07692307692307693
0 0.4855769230769231 0.8930288461538461 0.052884615384615384 0.052884615384615384
0 0.6610576923076923 0.31490384615384615 0.08173076923076923 0.09014423076923077
0 0.38221153846153844 0.3942307692307692 0.08052884615384616 0.05048076923076923
0 0.3389423076923077 0.36538461538461536 0.04927884615384615 0.039663461538461536
0 0.14182692307692307 0.4375 0.04447115384615385 0.04326923076923077
0 0.9663461538461539 0.8149038461538461 0.06610576923076923 0.040865384615384616
0 0.15384615384615385 0.46875 0.08653846153846154 0.04807692307692308
0 0.6538461538461539 0.9423076923076923 0.06129807692307692 0.06009615384615385
0 0.8569711538461539 0.8221153846153846 0.08052884615384616 0.06009615384615385
0 0.7139423076923077 0.8137019230769231 0.09615384615384616 0.07211538461538461
0 0.5552884615384616 0.3545673076923077 0.07451923076923077 0.057692307692307696
0 0.02283653846153846 0.8533653846153846 0.04567307692307692 0.06971153846153846
0 0.5576923076923077 0.6045673076923077 0.04447115384615385 0.04927884615384615
0 0.18269230769230768 0.2403846153846154 0.14903846153846154 0.05048076923076923
0 0.7752403846153846 0.17067307692307693 0.04807692307692308 0.052884615384615384
0 0.0673076923076923 0.2283653846153846 0.09975961538461539 0.055288461538461536
0 0.9759615384615384 0.6069711538461539 0.046875 0.05889423076923077
0 0.8701923076923077 0.38461538461538464 0.06129807692307692 0.046875
0 0.4723557692307692 0.47716346153846156 0.04807692307692308 0.07451923076923077
0 0.7728365384615384 0.21634615384615385 0.09495192307692307 0.06009615384615385
0 0.2860576923076923 0.39903846153846156 0.036057692307692304 0.03365384615384615
0 0.36778846153846156 0.7620192307692307 0.06490384615384616 0.04567307692307692
0 0.18509615384615385 0.7151442307692307 0.08774038461538461 0.04326923076923077
0 0.2439903846153846 0.32091346153846156 0.06490384615384616 0.05048076923076923
0 0.08173076923076923 0.7512019230769231 0.06129807692307692 0.06490384615384616
0 0.3076923076923077 0.7740384615384616 0.06850961538461539 0.06009615384615385
0 0.5084134615384616 0.3858173076923077 0.04927884615384615 0.07211538461538461
0 0.057692307692307696 0.18629807692307693 0.09254807692307693 0.04326923076923077
0 0.4639423076923077 0.6826923076923077 0.12980769230769232 0.03365384615384615
0 0.10096153846153846 0.8449519230769231 0.0733173076923077 0.06129807692307692
0 0.9639423076923077 0.6838942307692307 0.06971153846153846 0.057692307692307696
0 0.8269230769230769 0.5204326923076923 0.11778846153846154 0.08653846153846154
0 0.09134615384615384 0.44471153846153844 0.056490384615384616 0.051682692307692304
0 0.9206730769230769 0.9278846153846154 0.057692307692307696 0.05889423076923077
0 0.4326923076923077 0.8798076923076923 0.06850961538461539 0.11298076923076923
0 0.6694711538461539 0.5396634615384616 0.08413461538461539 0.04927884615384615
0 0.8004807692307693 0.71875 0.06129807692307692 0.057692307692307696
0 0.578125 0.6947115384615384 0.08173076923076923 0.10576923076923077
0 0.6430288461538461 0.14423076923076922 0.11177884615384616 0.054086538461538464
0 0.7403846153846154 0.5625 0.10096153846153846 0.039663461538461536
0 0.9471153846153846 0.8605769230769231 0.1045673076923077 0.08533653846153846
0 0.28966346153846156 0.46634615384615385 0.0985576923076923 0.04447115384615385
0 0.7572115384615384 0.7560096153846154 0.07692307692307693 0.06610576923076923
0 0.5625 0.7680288461538461 0.07932692307692307 0.04567307692307692
0 0.3125 0.8930288461538461 0.057692307692307696 0.08173076923076923
0 0.42788461538461536 0.6141826923076923 0.055288461538461536 0.06370192307692307
0 0.7824519230769231 0.39783653846153844 0.1045673076923077 0.04927884615384615
0 0.4879807692307692 0.9362980769230769 0.05889423076923077 0.046875