0 0.8545673076923077 0.4651442307692308 0.0829326923076923 0.06610576923076923
0 0.9134615384615384 0.37740384615384615 0.0829326923076923 0.0733173076923077
0 0.5612980769230769 0.6237980769230769 0.07932692307692307 0.057692307692307696
0 0.84375 0.4050480769230769 0.07091346153846154 0.10096153846153846
0 0.29447115384615385 0.03365384615384615 0.06610576923076923 0.06610576923076923
0 0.33653846153846156 0.34375 0.06490384615384616 0.07451923076923077
0 0.5625 0.5132211538461539 0.11057692307692307 0.13822115384615385
0 0.11057692307692307 0.5673076923076923 0.0889423076923077 0.09495192307692307
0 0.09134615384615384 0.9387019230769231 0.10096153846153846 0.11177884615384616
0 0.7980769230769231 0.28846153846153844 0.06971153846153846 0.09375
0 0.17067307692307693 0.8786057692307693 0.0889423076923077 0.08052884615384616
0 0.33533653846153844 0.8665865384615384 0.0889423076923077 0.08052884615384616
0 0.9242788461538461 0.33653846153846156 0.04927884615384615 0.04447115384615385
0 0.8004807692307693 0.07572115384615384 0.08052884615384616 0.08052884615384616
0 0.40865384615384615 0.5504807692307693 0.07572115384615384 0.06850961538461539
0 0.038461538461538464 0.12259615384615384 0.056490384615384616 0.06850961538461539
0 0.06971153846153846 0.3173076923076923 0.09014423076923077 0.09134615384615384
0 0.36538461538461536 0.9375 0.06129807692307692 0.054086538461538464
0 0.42908653846153844 0.5120192307692307 0.0625 0.06610576923076923
0 0.3485576923076923 0.9795673076923077 0.06009615384615385 0.039663461538461536
0 0.43149038461538464 0.9747596153846154 0.1502403846153846 0.04927884615384615
0 0.6959134615384616 0.028846153846153848 0.06129807692307692 0.055288461538461536
0 0.36899038461538464 0.4795673076923077 0.06009615384615385 0.06971153846153846
0 0.8737980769230769 0.29447115384615385 0.08052884615384616 0.08052884615384616
0 0.03485576923076923 0.53125 0.06971153846153846 0.0733173076923077
0 0.12980769230769232 0.5396634615384616 0.06370192307692307 0.0673076923076923
0 0.3004807692307692 0.4423076923076923 0.07211538461538461 0.0733173076923077
0 0.026442307692307692 0.44711538461538464 0.051682692307692304 0.09615384615384616
0 0.45913461538461536 0.5913461538461539 0.07572115384615384 0.08653846153846154
0 0.32572115384615385 0.30408653846153844 0.06971153846153846 0.054086538461538464
0 0.31490384615384615 0.5108173076923077 0.06971153846153846 0.07692307692307693