0 0.36658653846153844 0.96875 0.12740384615384615 0.06009615384615385
0 0.09134615384615384 0.8858173076923077 0.125 0.1310096153846154
0 0.48197115384615385 0.08774038461538461 0.08052884615384616 0.11538461538461539
0 0.38100961538461536 0.06610576923076923 0.06610576923076923 0.13221153846153846
0 0.8882211538461539 0.36778846153846156 0.11778846153846154 0.11778846153846154
0 0.8389423076923077 0.7463942307692307 0.10697115384615384 0.07572115384615384
0 0.6682692307692307 0.7596153846153846 0.16466346153846154 0.07932692307692307
0 0.5889423076923077 0.9026442307692307 0.125 0.08173076923076923
0 0.5120192307692307 0.125 0.08052884615384616 0.11658653846153846
0 0.16346153846153846 0.12620192307692307 0.08774038461538461 0.11177884615384616
0 0.9555288461538461 0.5817307692307693 0.08653846153846154 0.14302884615384615
0 0.06850961538461539 0.11778846153846154 0.09735576923076923 0.140625
0 0.10096153846153846 0.5276442307692307 0.09615384615384616 0.09134615384615384
0 0.7944711538461539 0.6358173076923077 0.08653846153846154 0.06971153846153846
0 0.41466346153846156 0.06850961538461539 0.07932692307692307 0.09254807692307693
0 0.3798076923076923 0.9014423076923077 0.1045673076923077 0.1045673076923077
0 0.84375 0.921875 0.08653846153846154 0.1201923076923077
0 0.7800480769230769 0.07572115384615384 0.09735576923076923 0.13341346153846154
0 0.8509615384615384 0.25240384615384615 0.10817307692307693 0.11899038461538461
0 0.2403846153846154 0.5276442307692307 0.10576923076923077 0.08774038461538461
0 0.71875 0.3870192307692308 0.08533653846153846 0.10216346153846154
0 0.265625 0.07572115384615384 0.1045673076923077 0.09014423076923077
0 0.32572115384615385 0.46875 0.07932692307692307 0.10336538461538461
0 0.5600961538461539 0.3737980769230769 0.11778846153846154 0.08052884615384616
0 0.9555288461538461 0.028846153846153848 0.08653846153846154 0.057692307692307696
0 0.5144230769230769 0.7956730769230769 0.10697115384615384 0.10697115384615384
0 0.5552884615384616 0.9759615384615384 0.12259615384615384 0.04447115384615385
0 0.8004807692307693 0.5528846153846154 0.07091346153846154 0.07572115384615384