0 0.5384615384615384 0.7752403846153846 0.08653846153846154 0.11778846153846154
0 0.8822115384615384 0.4723557692307692 0.06009615384615385 0.06490384615384616
0 0.9206730769230769 0.3713942307692308 0.04927884615384615 0.07932692307692307
0 0.7439903846153846 0.6346153846153846 0.07932692307692307 0.09495192307692307
0 0.6550480769230769 0.9122596153846154 0.0733173076923077 0.08413461538461539
0 0.8858173076923077 0.7103365384615384 0.07572115384615384 0.06610576923076923
0 0.5252403846153846 0.10216346153846154 0.06370192307692307 0.06490384615384616
0 0.171875 0.7596153846153846 0.054086538461538464 0.09615384615384616
0 0.03125 0.20673076923076922 0.06129807692307692 0.17067307692307693
0 0.48677884615384615 0.46634615384615385 0.06009615384615385 0.0733173076923077
0 0.9038461538461539 0.5288461538461539 0.09975961538461539 0.0625
0 0.4326923076923077 0.828125 0.10096153846153846 0.16947115384615385
0 0.7103365384615384 0.4579326923076923 0.11538461538461539 0.07091346153846154
0 0.5444711538461539 0.4206730769230769 0.04807692307692308 0.06009615384615385
0 0.4375 0.14903846153846154 0.06370192307692307 0.07211538461538461
0 0.17307692307692307 0.515625 0.10576923076923077 0.12740384615384615
0 0.8233173076923077 0.5745192307692307 0.09134615384615384 0.08653846153846154
0 0.6177884615384616 0.026442307692307692 0.14903846153846154 0.052884615384615384
0 0.22355769230769232 0.8269230769230769 0.06971153846153846 0.10697115384615384
0 0.9747596153846154 0.03365384615384615 0.04927884615384615 0.06490384615384616
0 0.4170673076923077 0.28846153846153844 0.0889423076923077 0.140625
0 0.4483173076923077 0.9375 0.06490384615384616 0.12259615384615384
0 0.6069711538461539 0.4855769230769231 0.0829326923076923 0.06971153846153846
0 0.9699519230769231 0.19471153846153846 0.057692307692307696 0.078125
0 0.8713942307692307 0.2692307692307692 0.11538461538461539 0.11298076923076923
0 0.4182692307692308 0.5 0.13581730769230768 0.1045673076923077
0 0.2127403846153846 0.24879807692307693 0.07692307692307693 0.09375
0 0.47115384615384615 0.07211538461538461 0.06370192307692307 0.054086538461538464
0 0.12980769230769232 0.8858173076923077 0.12740384615384615 0.12980769230769232
0 0.8365384615384616 0.3173076923076923 0.1201923076923077 0.09735576923076923
0 0.2704326923076923 0.15144230769230768 0.10096153846153846 0.051682692307692304
0 0.31009615384615385 0.8269230769230769 0.09134615384615384 0.10096153846153846
0 0.6983173076923077 0.036057692307692304 0.051682692307692304 0.07211538461538461
0 0.9783653846153846 0.38341346153846156 0.042067307692307696 0.07572115384615384
0 0.47596153846153844 0.8521634615384616 0.056490384615384616 0.0889423076923077
0 0.8725961538461539 0.8317307692307693 0.09014423076923077 0.0889423076923077
0 0.03245192307692308 0.9110576923076923 0.06490384615384616 0.08653846153846154
0 0.9591346153846154 0.7235576923076923 0.08052884615384616 0.12980769230769232
0 0.1502403846153846 0.78125 0.0673076923076923 0.11538461538461539
0 0.6514423076923077 0.5685096153846154 0.07932692307692307 0.12740384615384615
0 0.19591346153846154 0.4266826923076923 0.06490384615384616 0.057692307692307696
0 0.5372596153846154 0.6514423076923077 0.09134615384615384 0.08653846153846154
0 0.1141826923076923 0.29927884615384615 0.07572115384615384 0.08052884615384616
0 0.9314903846153846 0.765625 0.06610576923076923 0.07932692307692307
0 0.2668269230769231 0.7019230769230769 0.07572115384615384 0.07211538461538461
0 0.9146634615384616 0.6237980769230769 0.11778846153846154 0.09975961538461539
0 0.28725961538461536 0.2283653846153846 0.11177884615384616 0.12259615384615384