0 0.734375 0.43990384615384615 0.07692307692307693 0.0625
0 0.26802884615384615 0.2824519230769231 0.16466346153846154 0.10817307692307693
0 0.5913461538461539 0.8173076923076923 0.07451923076923077 0.07211538461538461
0 0.013221153846153846 0.6899038461538461 0.025240384615384616 0.12740384615384615
0 0.24158653846153846 0.4795673076923077 0.10697115384615384 0.10096153846153846
0 0.5132211538461539 0.12860576923076922 0.14903846153846154 0.25721153846153844
0 0.9242788461538461 0.5228365384615384 0.10697115384615384 0.09134615384615384
0 0.15384615384615385 0.765625 0.09615384615384616 0.06370192307692307
0 0.515625 0.3329326923076923 0.09134615384615384 0.10216346153846154
0 0.3641826923076923 0.3233173076923077 0.13822115384615385 0.12259615384615384
0 0.7259615384615384 0.9423076923076923 0.06370192307692307 0.11177884615384616
0 0.038461538461538464 0.6201923076923077 0.0625 0.12379807692307693
0 0.9290865384615384 0.96875 0.06009615384615385 0.06009615384615385
0 0.09134615384615384 0.3401442307692308 0.10336538461538461 0.06850961538461539
0 0.020432692307692308 0.3605769230769231 0.038461538461538464 0.039663461538461536
0 0.7788461538461539 0.042067307692307696 0.10697115384615384 0.06971153846153846
0 0.4230769230769231 0.9579326923076923 0.09615384615384616 0.06971153846153846
0 0.7175480769230769 0.22716346153846154 0.06009615384615385 0.06490384615384616
0 0.34134615384615385 0.6959134615384616 0.07451923076923077 0.06971153846153846
0 0.6009615384615384 0.40024038461538464 0.07572115384615384 0.11298076923076923
0 0.5216346153846154 0.640625 0.08653846153846154 0.0733173076923077
0 0.328125 0.859375 0.11538461538461539 0.07091346153846154
0 0.6610576923076923 0.8858173076923077 0.12379807692307693 0.0673076923076923
0 0.8605769230769231 0.22956730769230768 0.09375 0.08774038461538461
0 0.48677884615384615 0.4519230769230769 0.06610576923076923 0.07451923076923077
0 0.22115384615384615 0.8016826923076923 0.056490384615384616 0.051682692307692304
0 0.5865384615384616 0.484375 0.056490384615384616 0.055288461538461536
0 0.31850961538461536 0.7584134615384616 0.06971153846153846 0.07692307692307693
0 0.08413461538461539 0.5144230769230769 0.06971153846153846 0.10697115384615384
0 0.44350961538461536 0.22235576923076922 0.140625 0.14302884615384615
0 0.9675480769230769 0.7271634615384616 0.06370192307692307 0.12860576923076922
0 0.765625 0.578125 0.08653846153846154 0.0889423076923077
0 0.5817307692307693 0.3016826923076923 0.04807692307692308 0.04927884615384615
0 0.016826923076923076 0.41947115384615385 0.03365384615384615 0.07932692307692307
0 0.6550480769230769 0.7680288461538461 0.06009615384615385 0.07451923076923077
0 0.15504807692307693 0.06850961538461539 0.0625 0.06009615384615385
0 0.4423076923076923 0.4098557692307692 0.038461538461538464 0.07572115384615384
0 0.7223557692307693 0.17427884615384615 0.10096153846153846 0.056490384615384616
0 0.8545673076923077 0.9555288461538461 0.10096153846153846 0.08774038461538461
0 0.3762019230769231 0.41947115384615385 0.09975961538461539 0.08413461538461539
0 0.3641826923076923 0.9206730769230769 0.07091346153846154 0.07451923076923077
0 0.5600961538461539 0.7752403846153846 0.06009615384615385 0.0733173076923077
0 0.3401442307692308 0.5444711538461539 0.10697115384615384 0.09615384615384616
0 0.32572115384615385 0.10697115384615384 0.078125 0.10096153846153846