0 0.7139423076923077 0.515625 0.10697115384615384 0.07572115384615384
0 0.8461538461538461 0.28966346153846156 0.09134615384615384 0.0733173076923077
0 0.7860576923076923 0.3016826923076923 0.057692307692307696 0.06971153846153846
0 0.32572115384615385 0.5240384615384616 0.05889423076923077 0.0625
0 0.38461538461538464 0.7175480769230769 0.06971153846153846 0.07692307692307693
0 0.96875 0.3485576923076923 0.06129807692307692 0.07932692307692307
0 0.3269230769230769 0.8629807692307693 0.07572115384615384 0.0733173076923077
0 0.17668269230769232 0.15625 0.08173076923076923 0.0829326923076923
0 0.37259615384615385 0.17668269230769232 0.109375 0.06009615384615385
0 0.2548076923076923 0.4951923076923077 0.06971153846153846 0.17427884615384615
0 0.36658653846153844 0.9170673076923077 0.125 0.09134615384615384
0 0.5625 0.16346153846153846 0.09375 0.07211538461538461
0 0.1814903846153846 0.39783653846153844 0.07091346153846154 0.08052884615384616
0 0.8786057692307693 0.38341346153846156 0.1045673076923077 0.06850961538461539
0 0.8197115384615384 0.9483173076923077 0.09735576923076923 0.10096153846153846
0 0.15865384615384615 0.4723557692307692 0.06490384615384616 0.057692307692307696
0 0.9074519230769231 0.15384615384615385 0.04927884615384615 0.046875
0 0.13701923076923078 0.4050480769230769 0.06610576923076923 0.04927884615384615
0 0.018028846153846152 0.4375 0.03365384615384615 0.054086538461538464
0 0.46875 0.28725961538461536 0.09975961538461539 0.07932692307692307
0 0.9302884615384616 0.22596153846153846 0.13701923076923078 0.09375
0 0.5913461538461539 0.33653846153846156 0.07572115384615384 0.078125
0 0.2764423076923077 0.9375 0.06610576923076923 0.10096153846153846
0 0.140625 0.7608173076923077 0.09975961538461539 0.12980769230769232
0 0.359375 0.22596153846153846 0.09615384615384616 0.055288461538461536
0 0.578125 0.5180288461538461 0.09134615384615384 0.09134615384615384
0 0.9134615384615384 0.8870192307692307 0.12139423076923077 0.10336538461538461
0 0.20793269230769232 0.9639423076923077 0.057692307692307696 0.05889423076923077
0 0.2824519230769231 0.3737980769230769 0.08413461538461539 0.08653846153846154
0 0.7211538461538461 0.34375 0.06009615384615385 0.13221153846153846
0 0.036057692307692304 0.53125 0.07091346153846154 0.16706730769230768
0 0.8064903846153846 0.1502403846153846 0.20072115384615385 0.07932692307692307
0 0.4639423076923077 0.4855769230769231 0.08413461538461539 0.04807692307692308
0 0.3954326923076923 0.8052884615384616 0.057692307692307696 0.09375
0 0.3581730769230769 0.9747596153846154 0.0625 0.04807692307692308
0 0.8870192307692307 0.7572115384615384 0.07211538461538461 0.09735576923076923
0 0.49399038461538464 0.44711538461538464 0.14182692307692307 0.07211538461538461
0 0.34615384615384615 0.4495192307692308 0.14423076923076922 0.07572115384615384
0 0.09134615384615384 0.49158653846153844 0.0625 0.10336538461538461
0 0.24879807692307693 0.16947115384615385 0.057692307692307696 0.08653846153846154
0 0.6742788461538461 0.29927884615384615 0.09014423076923077 0.11899038461538461
0 0.9555288461538461 0.4963942307692308 0.08653846153846154 0.06490384615384616