0 0.2920673076923077 0.20192307692307693 0.0673076923076923 0.109375
0 0.04326923076923077 0.8858173076923077 0.07572115384615384 0.06009615384615385
0 0.30528846153846156 0.3389423076923077 0.07211538461538461 0.0673076923076923
0 0.4483173076923077 0.3473557692307692 0.09735576923076923 0.06971153846153846
0 0.19591346153846154 0.5637019230769231 0.07572115384615384 0.06129807692307692
0 0.375 0.19110576923076922 0.06129807692307692 0.10096153846153846
0 0.6358173076923077 0.26802884615384615 0.07211538461538461 0.1346153846153846
0 0.4110576923076923 0.28125 0.10697115384615384 0.10096153846153846
0 0.6838942307692307 0.8701923076923077 0.0625 0.08533653846153846
0 0.8245192307692307 0.8353365384615384 0.06850961538461539 0.06971153846153846
0 0.15625 0.7680288461538461 0.0673076923076923 0.11298076923076923
0 0.7415865384615384 0.8473557692307693 0.0625 0.06850961538461539
0 0.45552884615384615 0.24158653846153846 0.06009615384615385 0.09254807692307693
0 0.31009615384615385 0.4891826923076923 0.054086538461538464 0.06370192307692307
0 0.17548076923076922 0.9543269230769231 0.08052884615384616 0.0673076923076923
0 0.7860576923076923 0.24519230769230768 0.09495192307692307 0.10336538461538461
0 0.15985576923076922 0.6502403846153846 0.06971153846153846 0.0673076923076923
0 0.7439903846153846 0.7608173076923077 0.10336538461538461 0.11057692307692307
0 0.3449519230769231 0.7800480769230769 0.06490384615384616 0.08052884615384616
0 0.06850961538461539 0.16947115384615385 0.07692307692307693 0.09735576923076923
0 0.9411057692307693 0.5961538461538461 0.08052884615384616 0.05889423076923077
0 0.22716346153846154 0.6370192307692307 0.052884615384615384 0.07572115384615384
0 0.13581730769230768 0.41346153846153844 0.06971153846153846 0.11899038461538461
0 0.9350961538461539 0.734375 0.04927884615384615 0.09254807692307693
0 0.20432692307692307 0.234375 0.0889423076923077 0.09134615384615384
0 0.12259615384615384 0.8461538461538461 0.04807692307692308 0.04447115384615385
0 0.09495192307692307 0.5769230769230769 0.07572115384615384 0.06490384615384616
0 0.7019230769230769 0.43990384615384615 0.06971153846153846 0.06971153846153846
0 0.7800480769230769 0.33052884615384615 0.10216346153846154 0.06490384615384616
0 0.057692307692307696 0.7944711538461539 0.04927884615384615 0.051682692307692304
0 0.53125 0.16466346153846154 0.07451923076923077 0.21394230769230768
0 0.13822115384615385 0.7584134615384616 0.055288461538461536 0.078125
0 0.9759615384615384 0.7403846153846154 0.04567307692307692 0.11177884615384616
0 0.7800480769230769 0.37259615384615385 0.1778846153846154 0.10697115384615384
0 0.65625 0.59375 0.08653846153846154 0.07211538461538461
0 0.41346153846153844 0.5697115384615384 0.06971153846153846 0.07572115384615384
0 0.5192307692307693 0.59375 0.07451923076923077 0.0829326923076923
0 0.7524038461538461 0.9278846153846154 0.0625 0.07451923076923077
0 0.019230769230769232 0.4723557692307692 0.038461538461538464 0.06971153846153846
0 0.24519230769230768 0.4519230769230769 0.06971153846153846 0.08173076923076923
0 0.18269230769230768 0.859375 0.08653846153846154 0.07091346153846154
0 0.5625 0.38221153846153844 0.06610576923076923 0.09014423076923077
0 0.35216346153846156 0.43028846153846156 0.038461538461538464 0.06009615384615385
0 0.16706730769230768 0.49278846153846156 0.06610576923076923 0.06971153846153846
0 0.9651442307692307 0.9567307692307693 0.0625 0.06850961538461539
0 0.39783653846153844 0.4098557692307692 0.06009615384615385 0.055288461538461536
0 0.5769230769230769 0.5300480769230769 0.06490384615384616 0.08653846153846154
0 0.39903846153846156 0.5036057692307693 0.054086538461538464 0.06490384615384616
0 0.6057692307692307 0.9819711538461539 0.07091346153846154 0.03365384615384615
0 0.3425480769230769 0.8305288461538461 0.038461538461538464 0.039663461538461536
0 0.8617788461538461 0.5348557692307693 0.08052884615384616 0.08533653846153846