0 0.1875 0.7608173076923077 0.0673076923076923 0.09375
0 0.11177884615384616 0.5036057692307693 0.04326923076923077 0.051682692307692304
0 0.5444711538461539 0.5685096153846154 0.07211538461538461 0.06009615384615385
0 0.9699519230769231 0.953125 0.046875 0.07091346153846154
0 0.3629807692307692 0.5012019230769231 0.06009615384615385 0.04447115384615385
0 0.23677884615384615 0.3137019230769231 0.037259615384615384 0.03365384615384615
0 0.30408653846153844 0.31971153846153844 0.030048076923076924 0.04447115384615385
0 0.24639423076923078 0.046875 0.09495192307692307 0.09134615384615384
0 0.6610576923076923 0.5600961538461539 0.04567307692307692 0.042067307692307696
0 0.28966346153846156 0.7355769230769231 0.03485576923076923 0.040865384615384616
0 0.28365384615384615 0.22355769230769232 0.04807692307692308 0.030048076923076924
0 0.12980769230769232 0.2860576923076923 0.036057692307692304 0.03365384615384615
0 0.31009615384615385 0.8257211538461539 0.02283653846153846 0.036057692307692304
0 0.7295673076923077 0.6682692307692307 0.05889423076923077 0.038461538461538464
0 0.29927884615384615 0.025240384615384616 0.028846153846153848 0.046875
0 0.39903846153846156 0.09014423076923077 0.026442307692307692 0.02283653846153846
0 0.8137019230769231 0.125 0.04567307692307692 0.055288461538461536
0 0.3137019230769231 0.6009615384615384 0.04447115384615385 0.056490384615384616
0 0.9483173076923077 0.43990384615384615 0.042067307692307696 0.05048076923076923
0 0.026442307692307692 0.578125 0.052884615384615384 0.038461538461538464
0 0.625 0.6189903846153846 0.055288461538461536 0.07572115384615384
0 0.07211538461538461 0.5492788461538461 0.07451923076923077 0.05048076923076923
0 0.4014423076923077 0.1346153846153846 0.06490384615384616 0.06610576923076923
0 0.8137019230769231 0.84375 0.052884615384615384 0.10697115384615384
0 0.33653846153846156 0.0829326923076923 0.04567307692307692 0.07091346153846154
0 0.04927884615384615 0.04567307692307692 0.06490384615384616 0.09134615384615384
0 0.17067307692307693 0.265625 0.040865384615384616 0.036057692307692304
0 0.8774038461538461 0.9771634615384616 0.11899038461538461 0.04447115384615385
0 0.020432692307692308 0.7548076923076923 0.03245192307692308 0.021634615384615384
0 0.7199519230769231 0.18990384615384615 0.05889423076923077 0.046875
0 0.14783653846153846 0.22235576923076922 0.08052884615384616 0.04927884615384615
0 0.4735576923076923 0.4483173076923077 0.06009615384615385 0.11899038461538461
0 0.6995192307692307 0.109375 0.036057692307692304 0.08173076923076923
0 0.09975961538461539 0.6850961538461539 0.04567307692307692 0.06129807692307692
0 0.5853365384615384 0.42788461538461536 0.06370192307692307 0.125
0 0.8978365384615384 0.019230769230769232 0.027644230769230768 0.03245192307692308
0 0.7487980769230769 0.042067307692307696 0.05889423076923077 0.04447115384615385
0 0.36177884615384615 0.040865384615384616 0.04807692307692308 0.07692307692307693
0 0.140625 0.9507211538461539 0.038461538461538464 0.02403846153846154
0 0.9735576923076923 0.6574519230769231 0.05048076923076923 0.04567307692307692
0 0.6045673076923077 0.9098557692307693 0.07091346153846154 0.04326923076923077
0 0.8894230769230769 0.5336538461538461 0.040865384615384616 0.06610576923076923
0 0.6225961538461539 0.08653846153846154 0.036057692307692304 0.05048076923076923
0 0.13221153846153846 0.1045673076923077 0.0673076923076923 0.10697115384615384
0 0.8942307692307693 0.06850961538461539 0.055288461538461536 0.06490384615384616
0 0.6694711538461539 0.890625 0.06971153846153846 0.046875
0 0.7139423076923077 0.3629807692307692 0.09134615384615384 0.09615384615384616
0 0.4326923076923077 0.26802884615384615 0.037259615384615384 0.07211538461538461
0 0.7584134615384616 0.46634615384615385 0.0625 0.06129807692307692
0 0.8353365384615384 0.4735576923076923 0.08173076923076923 0.109375
0 0.20072115384615385 0.6117788461538461 0.05048076923076923 0.04326923076923077
0 0.8557692307692307 0.2091346153846154 0.036057692307692304 0.036057692307692304
0 0.4795673076923077 0.0985576923076923 0.04447115384615385 0.055288461538461536
0 0.75 0.7199519230769231 0.06009615384615385 0.037259615384615384
0 0.8305288461538461 0.7367788461538461 0.038461538461538464 0.036057692307692304