0 0.16105769230769232 0.8653846153846154 0.27884615384615385 0.2644230769230769
0 0.9627403846153846 0.375 0.0733173076923077 0.0829326923076923
0 0.30649038461538464 0.8329326923076923 0.10216346153846154 0.12740384615384615
0 0.06971153846153846 0.9098557692307693 0.1346153846153846 0.14903846153846154
0 0.7235576923076923 0.8329326923076923 0.07211538461538461 0.08173076923076923
0 0.44591346153846156 0.08533653846153846 0.18629807692307693 0.16947115384615385
0 0.030048076923076924 0.4735576923076923 0.055288461538461536 0.10697115384615384
0 0.9314903846153846 0.05048076923076923 0.11778846153846154 0.10096153846153846
0 0.9579326923076923 0.8413461538461539 0.08173076923076923 0.0985576923076923
0 0.515625 0.17307692307692307 0.24278846153846154 0.10216346153846154
0 0.22596153846153846 0.3329326923076923 0.1814903846153846 0.18990384615384615
0 0.6466346153846154 0.46033653846153844 0.09735576923076923 0.08052884615384616
0 0.9050480769230769 0.4951923076923077 0.18509615384615385 0.14783653846153846
0 0.9435096153846154 0.6370192307692307 0.10697115384615384 0.20552884615384615
0 0.6959134615384616 0.057692307692307696 0.16346153846153846 0.1141826923076923
0 0.8365384615384616 0.34615384615384615 0.16826923076923078 0.22235576923076922
0 0.7379807692307693 0.2800480769230769 0.09735576923076923 0.10096153846153846
0 0.10697115384615384 0.3858173076923077 0.13581730769230768 0.24278846153846154
0 0.21875 0.6742788461538461 0.06490384615384616 0.15625
0 0.6850961538461539 0.1346153846153846 0.08173076923076923 0.06850961538461539
0 0.171875 0.8197115384615384 0.06971153846153846 0.06971153846153846