0 0.05048076923076923 0.025240384615384616 0.10096153846153846 0.05048076923076923
0 0.8112980769230769 0.040865384615384616 0.06971153846153846 0.08052884615384616
0 0.9086538461538461 0.9302884615384616 0.078125 0.06490384615384616
0 0.28846153846153844 0.6694711538461539 0.0625 0.05048076923076923
0 0.9098557692307693 0.2403846153846154 0.06971153846153846 0.07211538461538461
0 0.7427884615384616 0.42908653846153844 0.04807692307692308 0.051682692307692304
0 0.4723557692307692 0.4170673076923077 0.056490384615384616 0.04807692307692308
0 0.22716346153846154 0.203125 0.038461538461538464 0.042067307692307696
0 0.4807692307692308 0.8185096153846154 0.056490384615384616 0.06490384615384616
0 0.171875 0.20793269230769232 0.0733173076923077 0.11057692307692307
0 0.33533653846153844 0.32572115384615385 0.04807692307692308 0.06971153846153846
0 0.8846153846153846 0.5925480769230769 0.06850961538461539 0.07451923076923077
0 0.9314903846153846 0.046875 0.06971153846153846 0.078125
0 0.8173076923076923 0.9639423076923077 0.0829326923076923 0.07091346153846154
0 0.25721153846153844 0.3004807692307692 0.046875 0.04567307692307692
0 0.2536057692307692 0.12139423076923077 0.052884615384615384 0.09254807692307693
0 0.19831730769230768 0.765625 0.09014423076923077 0.1141826923076923
0 0.2920673076923077 0.20072115384615385 0.057692307692307696 0.06370192307692307
0 0.0625 0.7319711538461539 0.06370192307692307 0.06490384615384616
0 0.013221153846153846 0.8305288461538461 0.025240384615384616 0.040865384615384616
0 0.8485576923076923 0.8882211538461539 0.07932692307692307 0.06129807692307692
0 0.39663461538461536 0.19831730769230768 0.055288461538461536 0.08173076923076923
0 0.390625 0.3545673076923077 0.04567307692307692 0.055288461538461536
0 0.2091346153846154 0.6334134615384616 0.09615384615384616 0.09134615384615384
0 0.19951923076923078 0.10697115384615384 0.055288461538461536 0.08774038461538461
0 0.7427884615384616 0.14543269230769232 0.04807692307692308 0.051682692307692304
0 0.9471153846153846 0.10576923076923077 0.06129807692307692 0.07572115384615384
0 0.9651442307692307 0.7163461538461539 0.05048076923076923 0.08413461538461539
0 0.18028846153846154 0.9387019230769231 0.06850961538461539 0.06009615384615385
0 0.4735576923076923 0.16826923076923078 0.03365384615384615 0.051682692307692304
0 0.8617788461538461 0.10576923076923077 0.056490384615384616 0.054086538461538464
0 0.6081730769230769 0.027644230769230768 0.12980769230769232 0.055288461538461536
0 0.051682692307692304 0.4579326923076923 0.07932692307692307 0.057692307692307696
0 0.4423076923076923 0.27884615384615385 0.04927884615384615 0.078125
0 0.4483173076923077 0.5360576923076923 0.08052884615384616 0.09495192307692307
0 0.5408653846153846 0.1971153846153846 0.10096153846153846 0.04447115384615385
0 0.3076923076923077 0.984375 0.0733173076923077 0.028846153846153848
0 0.9411057692307693 0.6790865384615384 0.052884615384615384 0.10336538461538461