0 0.4074519230769231 0.027644230769230768 0.15625 0.055288461538461536
0 0.6550480769230769 0.16105769230769232 0.08533653846153846 0.08653846153846154
0 0.43509615384615385 0.23317307692307693 0.09975961538461539 0.12259615384615384
0 0.40865384615384615 0.7596153846153846 0.12860576923076922 0.20552884615384615
0 0.34375 0.9435096153846154 0.14783653846153846 0.11177884615384616
0 0.6706730769230769 0.0829326923076923 0.10216346153846154 0.0673076923076923
0 0.32091346153846156 0.18509615384615385 0.14783653846153846 0.11538461538461539
0 0.31850961538461536 0.6862980769230769 0.15264423076923078 0.12740384615384615
0 0.9483173076923077 0.8617788461538461 0.09254807692307693 0.09615384615384616
0 0.9435096153846154 0.25721153846153844 0.09495192307692307 0.13942307692307693
0 0.5192307692307693 0.4362980769230769 0.10576923076923077 0.09134615384615384
0 0.4423076923076923 0.9735576923076923 0.06490384615384616 0.046875
0 0.9555288461538461 0.5252403846153846 0.08653846153846154 0.1310096153846154
0 0.5925480769230769 0.11057692307692307 0.08533653846153846 0.08653846153846154