0 0.9879807692307693 0.5709134615384616 0.02283653846153846 0.11057692307692307
0 0.5 0.11057692307692307 0.12980769230769232 0.0625
0 0.9146634615384616 0.21153846153846154 0.07451923076923077 0.0673076923076923
0 0.7367788461538461 0.3954326923076923 0.08653846153846154 0.04567307692307692
0 0.8677884615384616 0.9375 0.11177884615384616 0.12139423076923077
0 0.71875 0.484375 0.15625 0.10096153846153846
0 0.8485576923076923 0.5396634615384616 0.08173076923076923 0.078125
0 0.25240384615384615 0.7019230769230769 0.06009615384615385 0.08533653846153846
0 0.6947115384615384 0.3918269230769231 0.008413461538461538 0.021634615384615384
0 0.7163461538461539 0.0985576923076923 0.13221153846153846 0.17908653846153846
0 0.7463942307692307 0.31009615384615385 0.09615384615384616 0.15865384615384615
0 0.21153846153846154 0.7716346153846154 0.07451923076923077 0.18629807692307693
0 0.6358173076923077 0.7980769230769231 0.11057692307692307 0.11778846153846154
0 0.04807692307692308 0.8882211538461539 0.09615384615384616 0.06971153846153846
0 0.40625 0.8473557692307693 0.09134615384615384 0.14903846153846154
0 0.3545673076923077 0.2764423076923077 0.10096153846153846 0.07932692307692307
0 0.4735576923076923 0.16105769230769232 0.12980769230769232 0.0985576923076923
0 0.08173076923076923 0.6730769230769231 0.07451923076923077 0.07211538461538461
0 0.1201923076923077 0.09495192307692307 0.16105769230769232 0.18269230769230768
0 0.6634615384615384 0.6286057692307693 0.08533653846153846 0.06490384615384616
0 0.53125 0.8954326923076923 0.08052884615384616 0.10697115384615384
0 0.06971153846153846 0.9110576923076923 0.13822115384615385 0.13822115384615385
0 0.5252403846153846 0.5432692307692307 0.1045673076923077 0.12259615384615384
0 0.9350961538461539 0.5913461538461539 0.07211538461538461 0.11778846153846154