0 0.2980769230769231 0.2548076923076923 0.07572115384615384 0.06971153846153846
0 0.1310096153846154 0.7367788461538461 0.054086538461538464 0.07572115384615384
0 0.09975961538461539 0.640625 0.078125 0.07932692307692307
0 0.6322115384615384 0.7668269230769231 0.10096153846153846 0.12259615384615384
0 0.8425480769230769 0.8725961538461539 0.07692307692307693 0.06971153846153846
0 0.6213942307692307 0.9387019230769231 0.0625 0.06490384615384616
0 0.9663461538461539 0.3713942307692308 0.06610576923076923 0.15384615384615385
0 0.9519230769230769 0.16346153846153846 0.06009615384615385 0.055288461538461536
0 0.5817307692307693 0.1045673076923077 0.12259615384615384 0.0625
0 0.96875 0.09615384615384616 0.06129807692307692 0.06009615384615385
0 0.25600961538461536 0.18509615384615385 0.07572115384615384 0.08052884615384616
0 0.6887019230769231 0.04807692307692308 0.06490384615384616 0.09615384615384616
0 0.125 0.6947115384615384 0.04447115384615385 0.06971153846153846
0 0.8533653846153846 0.1622596153846154 0.09375 0.09254807692307693
0 0.8774038461538461 0.6995192307692307 0.056490384615384616 0.05889423076923077
0 0.49399038461538464 0.8954326923076923 0.15745192307692307 0.09134615384615384
0 0.7427884615384616 0.5853365384615384 0.13822115384615385 0.07572115384615384
0 0.030048076923076924 0.8329326923076923 0.06009615384615385 0.06009615384615385
0 0.6766826923076923 0.29086538461538464 0.06850961538461539 0.1466346153846154
0 0.6538461538461539 0.21153846153846154 0.06610576923076923 0.07091346153846154
0 0.47115384615384615 0.8233173076923077 0.08413461538461539 0.078125
0 0.7596153846153846 0.8269230769230769 0.06370192307692307 0.06971153846153846
0 0.43028846153846156 0.21634615384615385 0.07211538461538461 0.07932692307692307
0 0.019230769230769232 0.27163461538461536 0.038461538461538464 0.04807692307692308
0 0.8689903846153846 0.038461538461538464 0.08413461538461539 0.07572115384615384