0 0.5973557692307693 0.5444711538461539 0.08533653846153846 0.078125
0 0.9038461538461539 0.6394230769230769 0.0889423076923077 0.037259615384615384
0 0.5108173076923077 0.4266826923076923 0.12620192307692307 0.057692307692307696
0 0.38461538461538464 0.6838942307692307 0.06971153846153846 0.055288461538461536
0 0.4891826923076923 0.484375 0.08052884615384616 0.06009615384615385
0 0.4266826923076923 0.4387019230769231 0.04927884615384615 0.0625
0 0.44591346153846156 0.296875 0.06490384615384616 0.1201923076923077
0 0.47596153846153844 0.15384615384615385 0.04567307692307692 0.06850961538461539
0 0.45913461538461536 0.21514423076923078 0.18629807692307693 0.04927884615384615
0 0.5612980769230769 0.09495192307692307 0.057692307692307696 0.08173076923076923
0 0.3870192307692308 0.31490384615384615 0.07572115384615384 0.06610576923076923
0 0.3713942307692308 0.14182692307692307 0.0889423076923077 0.06850961538461539
0 0.24519230769230768 0.12740384615384615 0.04326923076923077 0.09375
0 0.078125 0.35216346153846156 0.13341346153846154 0.06009615384615385
0 0.10697115384615384 0.31490384615384615 0.12740384615384615 0.04326923076923077
0 0.2800480769230769 0.2920673076923077 0.07572115384615384 0.039663461538461536
0 0.055288461538461536 0.1971153846153846 0.0889423076923077 0.056490384615384616
0 0.11298076923076923 0.4050480769230769 0.08533653846153846 0.06971153846153846
0 0.078125 0.8461538461538461 0.042067307692307696 0.03365384615384615
0 0.125 0.7980769230769231 0.038461538461538464 0.027644230769230768
0 0.19471153846153846 0.8052884615384616 0.0829326923076923 0.04927884615384615
0 0.2800480769230769 0.6598557692307693 0.04927884615384615 0.0829326923076923
0 0.359375 0.6237980769230769 0.06490384615384616 0.038461538461538464
0 0.06850961538461539 0.7415865384615384 0.07451923076923077 0.039663461538461536
0 0.33533653846153844 0.0733173076923077 0.11658653846153846 0.038461538461538464
0 0.8701923076923077 0.5949519230769231 0.08052884615384616 0.03485576923076923
0 0.12379807692307693 0.7259615384615384 0.04447115384615385 0.028846153846153848
0 0.1201923076923077 0.78125 0.03365384615384615 0.03125
0 0.078125 0.9002403846153846 0.06129807692307692 0.040865384615384616
0 0.4326923076923077 0.15865384615384615 0.028846153846153848 0.06610576923076923
0 0.53125 0.2548076923076923 0.04927884615384615 0.04807692307692308
0 0.31009615384615385 0.8329326923076923 0.055288461538461536 0.051682692307692304
0 0.08052884615384616 0.671875 0.03485576923076923 0.03245192307692308
0 0.036057692307692304 0.2548076923076923 0.04326923076923077 0.03485576923076923
0 0.06370192307692307 0.12259615384615384 0.03485576923076923 0.055288461538461536
0 0.040865384615384616 0.6274038461538461 0.06009615384615385 0.03485576923076923
0 0.2860576923076923 0.5096153846153846 0.042067307692307696 0.056490384615384616