0 0.203125 0.5661057692307693 0.09134615384615384 0.11177884615384616
0 0.5456730769230769 0.07572115384615384 0.06009615384615385 0.06490384615384616
0 0.34134615384615385 0.42908653846153844 0.06490384615384616 0.06971153846153846
0 0.8365384615384616 0.6322115384615384 0.07572115384615384 0.07451923076923077
0 0.8401442307692307 0.22716346153846154 0.10096153846153846 0.06610576923076923
0 0.7283653846153846 0.078125 0.07572115384615384 0.06971153846153846
0 0.7860576923076923 0.8389423076923077 0.08653846153846154 0.07932692307692307
0 0.046875 0.019230769230769232 0.07932692307692307 0.038461538461538464
0 0.9735576923076923 0.5540865384615384 0.05048076923076923 0.09615384615384616
0 0.39783653846153844 0.8725961538461539 0.056490384615384616 0.04927884615384615
0 0.6346153846153846 0.8173076923076923 0.04807692307692308 0.026442307692307692
0 0.6730769230769231 0.35096153846153844 0.10697115384615384 0.08052884615384616
0 0.02403846153846154 0.9026442307692307 0.04807692307692308 0.08173076923076923
0 0.7872596153846154 0.7307692307692307 0.08173076923076923 0.05889423076923077
0 0.5384615384615384 0.8329326923076923 0.05048076923076923 0.054086538461538464
0 0.78125 0.6875 0.06490384615384616 0.04927884615384615
0 0.7836538461538461 0.9627403846153846 0.07451923076923077 0.06490384615384616
0 0.055288461538461536 0.5913461538461539 0.07451923076923077 0.10096153846153846
0 0.18509615384615385 0.12139423076923077 0.06009615384615385 0.06490384615384616
0 0.28365384615384615 0.6466346153846154 0.06490384615384616 0.0829326923076923
0 0.1935096153846154 0.06370192307692307 0.07451923076923077 0.0625
0 0.9783653846153846 0.10096153846153846 0.040865384615384616 0.07572115384615384
0 0.3293269230769231 0.8473557692307693 0.08052884615384616 0.10336538461538461
0 0.6153846153846154 0.8798076923076923 0.051682692307692304 0.04567307692307692
0 0.19471153846153846 0.8870192307692307 0.08653846153846154 0.09375
0 0.6213942307692307 0.22235576923076922 0.08533653846153846 0.07692307692307693
0 0.47716346153846156 0.6826923076923077 0.09134615384615384 0.06971153846153846
0 0.8521634615384616 0.19471153846153846 0.057692307692307696 0.037259615384615384
0 0.7463942307692307 0.6382211538461539 0.08413461538461539 0.0625
0 0.5180288461538461 0.375 0.11899038461538461 0.0829326923076923
0 0.6862980769230769 0.4230769230769231 0.07572115384615384 0.07572115384615384
0 0.7584134615384616 0.29447115384615385 0.09134615384615384 0.07932692307692307
0 0.1502403846153846 0.7427884615384616 0.06009615384615385 0.08052884615384616
0 0.6862980769230769 0.9242788461538461 0.06129807692307692 0.08774038461538461
0 0.9675480769230769 0.3557692307692308 0.0625 0.08653846153846154
0 0.21514423076923078 0.7295673076923077 0.078125 0.04807692307692308
0 0.3004807692307692 0.3389423076923077 0.08653846153846154 0.07451923076923077
0 0.21394230769230768 0.3389423076923077 0.08653846153846154 0.07091346153846154
0 0.4579326923076923 0.09134615384615384 0.056490384615384616 0.08774038461538461
0 0.49158653846153844 0.8365384615384616 0.07692307692307693 0.0889423076923077
0 0.5408653846153846 0.6694711538461539 0.057692307692307696 0.0673076923076923
0 0.5576923076923077 0.5396634615384616 0.0625 0.056490384615384616
0 0.21995192307692307 0.14182692307692307 0.06129807692307692 0.06129807692307692
0 0.9663461538461539 0.23918269230769232 0.06490384615384616 0.06971153846153846
0 0.6826923076923077 0.5492788461538461 0.0889423076923077 0.07451923076923077
0 0.4387019230769231 0.9675480769230769 0.08653846153846154 0.06370192307692307
0 0.5829326923076923 0.9146634615384616 0.0733173076923077 0.0985576923076923
0 0.20072115384615385 0.671875 0.0625 0.06009615384615385
0 0.3329326923076923 0.1141826923076923 0.038461538461538464 0.038461538461538464
0 0.21153846153846154 0.2692307692307692 0.06490384615384616 0.07692307692307693
0 0.2956730769230769 0.7355769230769231 0.06971153846153846 0.06009615384615385
0 0.056490384615384616 0.31009615384615385 0.07211538461538461 0.07091346153846154
0 0.41466346153846156 0.1502403846153846 0.07932692307692307 0.06370192307692307
0 0.8293269230769231 0.5528846153846154 0.08052884615384616 0.07091346153846154
0 0.9170673076923077 0.27524038461538464 0.07692307692307693 0.06850961538461539
0 0.18028846153846154 0.46153846153846156 0.06610576923076923 0.08052884615384616