0 0.4795673076923077 0.04326923076923077 0.21875 0.08653846153846154
0 0.29086538461538464 0.07091346153846154 0.09014423076923077 0.07692307692307693
0 0.890625 0.06850961538461539 0.039663461538461536 0.04326923076923077
0 0.6442307692307693 0.16346153846153846 0.028846153846153848 0.1141826923076923
0 0.5216346153846154 0.15745192307692307 0.055288461538461536 0.028846153846153848
0 0.7680288461538461 0.22355769230769232 0.07932692307692307 0.15865384615384615
0 0.10576923076923077 0.140625 0.030048076923076924 0.04567307692307692
0 0.45913461538461536 0.14543269230769232 0.02403846153846154 0.052884615384615384
0 0.4891826923076923 0.18990384615384615 0.06009615384615385 0.040865384615384616
0 0.5841346153846154 0.24759615384615385 0.030048076923076924 0.040865384615384616
0 0.3485576923076923 0.24879807692307693 0.04567307692307692 0.06610576923076923
0 0.3125 0.24158653846153846 0.04807692307692308 0.06971153846153846
0 0.22115384615384615 0.19591346153846154 0.04567307692307692 0.06971153846153846
0 0.16346153846153846 0.10336538461538461 0.06971153846153846 0.18269230769230768
0 0.015625 0.10096153846153846 0.030048076923076924 0.03365384615384615
0 0.052884615384615384 0.1971153846153846 0.04326923076923077 0.056490384615384616
0 0.02283653846153846 0.22355769230769232 0.02283653846153846 0.08413461538461539
0 0.19591346153846154 0.2824519230769231 0.03365384615384615 0.02283653846153846
0 0.13701923076923078 0.4182692307692308 0.03485576923076923 0.030048076923076924
0 0.09735576923076923 0.3545673076923077 0.055288461538461536 0.09495192307692307
0 0.2800480769230769 0.40625 0.030048076923076924 0.02283653846153846
0 0.47475961538461536 0.375 0.02283653846153846 0.025240384615384616
0 0.45552884615384615 0.3870192307692308 0.02283653846153846 0.038461538461538464
0 0.6141826923076923 0.3629807692307692 0.07692307692307693 0.09615384615384616
0 0.578125 0.4411057692307692 0.04447115384615385 0.06009615384615385
0 0.5709134615384616 0.5060096153846154 0.03365384615384615 0.06009615384615385
0 0.11298076923076923 0.5048076923076923 0.0625 0.06971153846153846
0 0.7223557692307693 0.4675480769230769 0.03485576923076923 0.15865384615384615
0 0.9014423076923077 0.3557692307692308 0.019230769230769232 0.020432692307692308
0 0.8858173076923077 0.2512019230769231 0.03365384615384615 0.09615384615384616
0 0.8629807692307693 0.21875 0.037259615384615384 0.04447115384615385
0 0.9831730769230769 0.17307692307692307 0.03125 0.028846153846153848
0 0.9278846153846154 0.15504807692307693 0.04927884615384615 0.0673076923076923
0 0.009615384615384616 0.1875 0.018028846153846152 0.04447115384615385
0 0.8221153846153846 0.5805288461538461 0.04927884615384615 0.07572115384615384
0 0.5865384615384616 0.7463942307692307 0.1346153846153846 0.15384615384615385
0 0.5877403846153846 0.7019230769230769 0.054086538461538464 0.125
0 0.27524038461538464 0.6430288461538461 0.027644230769230768 0.028846153846153848
0 0.25 0.7836538461538461 0.04326923076923077 0.018028846153846152
0 0.17307692307692307 0.8449519230769231 0.0673076923076923 0.0889423076923077
0 0.11177884615384616 0.7728365384615384 0.03485576923076923 0.055288461538461536
0 0.055288461538461536 0.7692307692307693 0.0625 0.06009615384615385
0 0.02403846153846154 0.71875 0.03365384615384615 0.036057692307692304
0 0.08413461538461539 0.8413461538461539 0.04807692307692308 0.04927884615384615
0 0.11899038461538461 0.8413461538461539 0.037259615384615384 0.030048076923076924
0 0.23798076923076922 0.9314903846153846 0.038461538461538464 0.02403846153846154
0 0.3389423076923077 0.8846153846153846 0.030048076923076924 0.027644230769230768
0 0.4254807692307692 0.8798076923076923 0.04927884615384615 0.04326923076923077
0 0.390625 0.8197115384615384 0.016826923076923076 0.021634615384615384
0 0.49759615384615385 0.9242788461538461 0.020432692307692308 0.037259615384615384
0 0.9903846153846154 0.9591346153846154 0.018028846153846152 0.038461538461538464
0 0.9783653846153846 0.9807692307692307 0.040865384615384616 0.030048076923076924
0 0.9723557692307693 0.9927884615384616 0.052884615384615384 0.013221153846153846
0 0.8810096153846154 0.7716346153846154 0.10576923076923077 0.078125
0 0.9855769230769231 0.5 0.019230769230769232 0.027644230769230768
0 0.4951923076923077 0.7403846153846154 0.08052884615384616 0.06971153846153846
0 0.02283653846153846 0.4074519230769231 0.04567307692307692 0.05048076923076923
0 0.006009615384615385 0.3762019230769231 0.01201923076923077 0.015625