0 0.4182692307692308 0.96875 0.07572115384615384 0.037259615384615384
0 0.796875 0.6526442307692307 0.09615384615384616 0.08052884615384616
0 0.6694711538461539 0.9735576923076923 0.109375 0.04927884615384615
0 0.8052884615384616 0.21875 0.09375 0.0733173076923077
0 0.34375 0.11778846153846154 0.12139423076923077 0.09975961538461539
0 0.8100961538461539 0.265625 0.07572115384615384 0.03485576923076923
0 0.4855769230769231 0.5168269230769231 0.08653846153846154 0.04927884615384615
0 0.14423076923076922 0.41466346153846156 0.0673076923076923 0.04447115384615385
0 0.96875 0.18269230769230768 0.06009615384615385 0.09975961538461539
0 0.6442307692307693 0.1346153846153846 0.08413461538461539 0.09134615384615384
0 0.7007211538461539 0.2764423076923077 0.051682692307692304 0.09615384615384616
0 0.43509615384615385 0.3641826923076923 0.13221153846153846 0.08653846153846154
0 0.21634615384615385 0.4891826923076923 0.11778846153846154 0.08052884615384616
0 0.40024038461538464 0.18509615384615385 0.11057692307692307 0.05889423076923077
0 0.328125 0.03245192307692308 0.09615384615384616 0.06490384615384616
0 0.7896634615384616 0.49038461538461536 0.09495192307692307 0.0733173076923077
0 0.5084134615384616 0.9110576923076923 0.07572115384615384 0.040865384615384616
0 0.2439903846153846 0.6574519230769231 0.09134615384615384 0.038461538461538464
0 0.8798076923076923 0.7019230769230769 0.12379807692307693 0.08653846153846154
0 0.7632211538461539 0.34134615384615385 0.09975961538461539 0.07692307692307693
0 0.8461538461538461 0.20192307692307693 0.0829326923076923 0.08653846153846154
0 0.8858173076923077 0.6322115384615384 0.11057692307692307 0.078125
0 0.21514423076923078 0.02403846153846154 0.06971153846153846 0.04326923076923077
0 0.8954326923076923 0.53125 0.0733173076923077 0.08052884615384616
0 0.36177884615384615 0.9230769230769231 0.06971153846153846 0.04927884615384615
0 0.5144230769230769 0.5961538461538461 0.06009615384615385 0.06971153846153846
0 0.6322115384615384 0.7223557692307693 0.12259615384615384 0.04447115384615385
0 0.14302884615384615 0.7199519230769231 0.11778846153846154 0.06490384615384616
0 0.9711538461538461 0.7079326923076923 0.055288461538461536 0.055288461538461536
0 0.7608173076923077 0.5 0.07692307692307693 0.07932692307692307
0 0.03485576923076923 0.6454326923076923 0.06971153846153846 0.078125
0 0.45913461538461536 0.9891826923076923 0.10096153846153846 0.018028846153846152
0 0.8233173076923077 0.32572115384615385 0.0673076923076923 0.09975961538461539
0 0.5733173076923077 0.016826923076923076 0.0673076923076923 0.03365384615384615
0 0.0673076923076923 0.4855769230769231 0.0733173076923077 0.07572115384615384
0 0.09495192307692307 0.2620192307692308 0.1346153846153846 0.06129807692307692
0 0.5072115384615384 0.8389423076923077 0.08653846153846154 0.03365384615384615
0 0.5036057692307693 0.9350961538461539 0.11298076923076923 0.07211538461538461
0 0.040865384615384616 0.7391826923076923 0.08173076923076923 0.057692307692307696
0 0.5372596153846154 0.12980769230769232 0.08653846153846154 0.06370192307692307
0 0.3870192307692308 0.2764423076923077 0.06370192307692307 0.04567307692307692
0 0.44711538461538464 0.23798076923076922 0.1346153846153846 0.10817307692307693
0 0.7728365384615384 0.9519230769230769 0.0673076923076923 0.04326923076923077
0 0.33533653846153844 0.33052884615384615 0.08774038461538461 0.06971153846153846
0 0.5865384615384616 0.5432692307692307 0.08774038461538461 0.07572115384615384
0 0.19471153846153846 0.5540865384615384 0.08413461538461539 0.038461538461538464
0 0.5721153846153846 0.18389423076923078 0.12740384615384615 0.05889423076923077
0 0.046875 0.7944711538461539 0.09254807692307693 0.06009615384615385
0 0.31850961538461536 0.6225961538461539 0.1141826923076923 0.09615384615384616
0 0.6802884615384616 0.02283653846153846 0.04326923076923077 0.04567307692307692
0 0.9266826923076923 0.5012019230769231 0.12980769230769232 0.08052884615384616
0 0.025240384615384616 0.40865384615384615 0.04927884615384615 0.06129807692307692
0 0.5444711538461539 0.36778846153846156 0.09615384615384616 0.06129807692307692
0 0.019230769230769232 0.051682692307692304 0.038461538461538464 0.051682692307692304
0 0.5096153846153846 0.6394230769230769 0.10336538461538461 0.08533653846153846
0 0.7572115384615384 0.2704326923076923 0.08173076923076923 0.08413461538461539
0 0.037259615384615384 0.36778846153846156 0.07451923076923077 0.07932692307692307
0 0.6081730769230769 0.051682692307692304 0.055288461538461536 0.055288461538461536
0 0.09254807692307693 0.953125 0.11177884615384616 0.04927884615384615
0 0.9795673076923077 0.35697115384615385 0.03485576923076923 0.052884615384615384
0 0.5456730769230769 0.21875 0.0889423076923077 0.0673076923076923
0 0.7019230769230769 0.3485576923076923 0.08173076923076923 0.06009615384615385
0 0.7956730769230769 0.5480769230769231 0.06971153846153846 0.0625
0 0.6045673076923077 0.5072115384615384 0.06610576923076923 0.06610576923076923