0 0.21754807692307693 0.4795673076923077 0.05889423076923077 0.06370192307692307
0 0.02403846153846154 0.8293269230769231 0.046875 0.06490384615384616
0 0.20793269230769232 0.8497596153846154 0.07091346153846154 0.06009615384615385
0 0.24759615384615385 0.8870192307692307 0.06610576923076923 0.055288461538461536
0 0.875 0.038461538461538464 0.12620192307692307 0.07451923076923077
0 0.02403846153846154 0.5300480769230769 0.04326923076923077 0.04326923076923077
0 0.3016826923076923 0.02283653846153846 0.06490384615384616 0.04567307692307692
0 0.4879807692307692 0.6478365384615384 0.03125 0.057692307692307696
0 0.9110576923076923 0.12379807692307693 0.06850961538461539 0.0625
0 0.5913461538461539 0.546875 0.0625 0.06971153846153846
0 0.09615384615384616 0.8125 0.06610576923076923 0.08533653846153846
0 0.38100961538461536 0.49278846153846156 0.051682692307692304 0.05048076923076923
0 0.5144230769230769 0.5276442307692307 0.09254807692307693 0.055288461538461536
0 0.6009615384615384 0.8966346153846154 0.07451923076923077 0.09134615384615384
0 0.5384615384615384 0.40024038461538464 0.0829326923076923 0.04927884615384615
0 0.9579326923076923 0.9747596153846154 0.06009615384615385 0.04807692307692308
0 0.4963942307692308 0.43149038461538464 0.0733173076923077 0.056490384615384616
0 0.49278846153846156 0.734375 0.0673076923076923 0.06971153846153846
0 0.2668269230769231 0.47836538461538464 0.0625 0.0673076923076923
0 0.6875 0.6358173076923077 0.07692307692307693 0.0625
0 0.33774038461538464 0.6430288461538461 0.1310096153846154 0.125
0 0.3473557692307692 0.9711538461538461 0.07451923076923077 0.055288461538461536
0 0.6105769230769231 0.5973557692307693 0.06129807692307692 0.08052884615384616
0 0.3737980769230769 0.12980769230769232 0.0733173076923077 0.056490384615384616
0 0.4050480769230769 0.8076923076923077 0.17067307692307693 0.13221153846153846
0 0.28725961538461536 0.4230769230769231 0.0673076923076923 0.056490384615384616
0 0.16346153846153846 0.5841346153846154 0.0829326923076923 0.04447115384615385
0 0.47716346153846156 0.9555288461538461 0.06610576923076923 0.05889423076923077
0 0.6213942307692307 0.47596153846153844 0.07692307692307693 0.08774038461538461
0 0.15745192307692307 0.5384615384615384 0.06971153846153846 0.078125
0 0.07932692307692307 0.9759615384615384 0.06009615384615385 0.04447115384615385
0 0.8389423076923077 0.8365384615384616 0.07572115384615384 0.0889423076923077
0 0.9026442307692307 0.6153846153846154 0.08052884615384616 0.08173076923076923
0 0.3629807692307692 0.8870192307692307 0.07572115384615384 0.07451923076923077
0 0.028846153846153848 0.4423076923076923 0.056490384615384616 0.06490384615384616
0 0.5 0.5685096153846154 0.06009615384615385 0.06971153846153846
0 0.37259615384615385 0.5721153846153846 0.07572115384615384 0.11778846153846154
0 0.19951923076923078 0.9771634615384616 0.0733173076923077 0.04326923076923077
0 0.9663461538461539 0.921875 0.06610576923076923 0.06009615384615385
0 0.5288461538461539 0.2848557692307692 0.055288461538461536 0.05048076923076923
0 0.29447115384615385 0.24759615384615385 0.09375 0.07451923076923077
0 0.8725961538461539 0.4074519230769231 0.07091346153846154 0.07211538461538461
0 0.06370192307692307 0.41346153846153844 0.06370192307692307 0.06610576923076923
0 0.4362980769230769 0.515625 0.07091346153846154 0.07091346153846154