0 0.051682692307692304 0.07572115384615384 0.057692307692307696 0.1346153846153846
0 0.8425480769230769 0.28125 0.08052884615384616 0.08533653846153846
0 0.7475961538461539 0.24278846153846154 0.05889423076923077 0.055288461538461536
0 0.2848557692307692 0.2536057692307692 0.06610576923076923 0.07572115384615384
0 0.8497596153846154 0.1814903846153846 0.07091346153846154 0.10096153846153846
0 0.7151442307692307 0.054086538461538464 0.04447115384615385 0.10817307692307693
0 0.8629807692307693 0.8076923076923077 0.05048076923076923 0.0673076923076923
0 0.27884615384615385 0.6286057692307693 0.06971153846153846 0.09134615384615384
0 0.07211538461538461 0.5576923076923077 0.07932692307692307 0.0733173076923077
0 0.030048076923076924 0.734375 0.06009615384615385 0.08413461538461539
0 0.15625 0.703125 0.051682692307692304 0.06610576923076923
0 0.6177884615384616 0.6646634615384616 0.06971153846153846 0.08052884615384616
0 0.7115384615384616 0.7079326923076923 0.08052884615384616 0.0985576923076923
0 0.5432692307692307 0.5733173076923077 0.10096153846153846 0.09975961538461539
0 0.24639423076923078 0.43509615384615385 0.056490384615384616 0.055288461538461536
0 0.6009615384615384 0.09014423076923077 0.052884615384615384 0.0733173076923077
0 0.71875 0.38100961538461536 0.06490384615384616 0.06370192307692307
0 0.21153846153846154 0.08653846153846154 0.0625 0.12379807692307693
0 0.5925480769230769 0.046875 0.04927884615384615 0.04447115384615385
0 0.5865384615384616 0.20673076923076922 0.06971153846153846 0.07451923076923077
0 0.14423076923076922 0.0829326923076923 0.07692307692307693 0.13822115384615385
0 0.8317307692307693 0.6165865384615384 0.05889423076923077 0.06129807692307692
0 0.40024038461538464 0.5685096153846154 0.054086538461538464 0.09134615384615384
0 0.3112980769230769 0.6935096153846154 0.055288461538461536 0.056490384615384616
0 0.8341346153846154 0.7163461538461539 0.04807692307692308 0.055288461538461536
0 0.23798076923076922 0.22355769230769232 0.052884615384615384 0.0733173076923077
0 0.7920673076923077 0.41586538461538464 0.0733173076923077 0.07932692307692307
0 0.26322115384615385 0.7007211538461539 0.0625 0.10216346153846154
0 0.07932692307692307 0.06490384615384616 0.09375 0.10697115384615384
0 0.5108173076923077 0.734375 0.09495192307692307 0.07451923076923077
0 0.8533653846153846 0.9627403846153846 0.08173076923076923 0.0733173076923077
0 0.4879807692307692 0.11778846153846154 0.06490384615384616 0.0985576923076923
0 0.6225961538461539 0.3317307692307692 0.055288461538461536 0.0733173076923077
0 0.47596153846153844 0.8834134615384616 0.0625 0.0625
0 0.5769230769230769 0.8545673076923077 0.06370192307692307 0.07451923076923077
0 0.7355769230769231 0.7403846153846154 0.057692307692307696 0.07211538461538461
0 0.65625 0.027644230769230768 0.08052884615384616 0.055288461538461536
0 0.8233173076923077 0.08052884615384616 0.08533653846153846 0.10336538461538461
0 0.7403846153846154 0.2704326923076923 0.06009615384615385 0.06009615384615385