0 0.1875 0.030048076923076924 0.08653846153846154 0.06009615384615385
0 0.84375 0.25961538461538464 0.028846153846153848 0.10336538461538461
0 0.7764423076923077 0.33413461538461536 0.04447115384615385 0.0733173076923077
0 0.18870192307692307 0.2403846153846154 0.07572115384615384 0.07572115384615384
0 0.2704326923076923 0.2247596153846154 0.06370192307692307 0.09014423076923077
0 0.42788461538461536 0.026442307692307692 0.08052884615384616 0.052884615384615384
0 0.9375 0.8894230769230769 0.06370192307692307 0.039663461538461536
0 0.09134615384615384 0.3942307692307692 0.08413461538461539 0.04927884615384615
0 0.8173076923076923 0.4987980769230769 0.05048076923076923 0.04447115384615385
0 0.5697115384615384 0.7920673076923077 0.054086538461538464 0.06129807692307692
0 0.359375 0.9459134615384616 0.10216346153846154 0.06610576923076923
0 0.13581730769230768 0.9771634615384616 0.06129807692307692 0.04326923076923077
0 0.9002403846153846 0.4338942307692308 0.06009615384615385 0.06490384615384616
0 0.8882211538461539 0.0673076923076923 0.055288461538461536 0.06370192307692307
0 0.9807692307692307 0.43028846153846156 0.037259615384615384 0.06610576923076923
0 0.10576923076923077 0.8509615384615384 0.054086538461538464 0.052884615384615384
0 0.6730769230769231 0.7644230769230769 0.10697115384615384 0.08653846153846154
0 0.8233173076923077 0.24519230769230768 0.04447115384615385 0.12860576923076922
0 0.27403846153846156 0.7848557692307693 0.13341346153846154 0.056490384615384616
0 0.4495192307692308 0.328125 0.03365384615384615 0.06490384615384616
0 0.5144230769230769 0.8641826923076923 0.0673076923076923 0.04927884615384615
0 0.19230769230769232 0.38221153846153844 0.10817307692307693 0.07451923076923077
0 0.35216346153846156 0.39903846153846156 0.07211538461538461 0.038461538461538464
0 0.055288461538461536 0.5336538461538461 0.055288461538461536 0.06850961538461539
0 0.28365384615384615 0.37259615384615385 0.04447115384615385 0.06610576923076923
0 0.5757211538461539 0.34375 0.05889423076923077 0.06610576923076923
0 0.8689903846153846 0.5120192307692307 0.052884615384615384 0.04567307692307692
0 0.7223557692307693 0.2548076923076923 0.07572115384615384 0.055288461538461536
0 0.6959134615384616 0.03125 0.09735576923076923 0.06129807692307692
0 0.3161057692307692 0.15625 0.09735576923076923 0.07692307692307693
0 0.18389423076923078 0.8449519230769231 0.06971153846153846 0.07451923076923077
0 0.7680288461538461 0.036057692307692304 0.04447115384615385 0.04447115384615385
0 0.1201923076923077 0.2548076923076923 0.19471153846153846 0.08653846153846154
0 0.1502403846153846 0.6610576923076923 0.06971153846153846 0.11658653846153846
0 0.15745192307692307 0.9435096153846154 0.10697115384615384 0.07091346153846154
0 0.36538461538461536 0.8088942307692307 0.12740384615384615 0.08774038461538461
0 0.5024038461538461 0.328125 0.038461538461538464 0.06850961538461539
0 0.5516826923076923 0.04927884615384615 0.052884615384615384 0.0985576923076923
0 0.23197115384615385 0.8497596153846154 0.06971153846153846 0.08533653846153846
0 0.6826923076923077 0.5240384615384616 0.08653846153846154 0.06490384615384616
0 0.8016826923076923 0.8088942307692307 0.06009615384615385 0.039663461538461536
0 0.22956730769230768 0.13341346153846154 0.04567307692307692 0.04927884615384615