0 0.7079326923076923 0.12620192307692307 0.10096153846153846 0.17427884615384615
0 0.7235576923076923 0.22596153846153846 0.20432692307692307 0.18028846153846154
0 0.7644230769230769 0.421875 0.10336538461538461 0.07451923076923077
0 0.18269230769230768 0.06370192307692307 0.07932692307692307 0.07932692307692307
0 0.06971153846153846 0.055288461538461536 0.13822115384615385 0.04326923076923077
0 0.17427884615384615 0.03365384615384615 0.14182692307692307 0.0673076923076923
0 0.5384615384615384 0.08413461538461539 0.12980769230769232 0.14182692307692307
0 0.5793269230769231 0.013221153846153846 0.028846153846153848 0.025240384615384616
0 0.9963942307692307 0.09975961538461539 0.004807692307692308 0.04326923076923077
0 0.875 0.15504807692307693 0.24759615384615385 0.09495192307692307
0 0.6526442307692307 0.2091346153846154 0.13701923076923078 0.13221153846153846
0 0.5805288461538461 0.16466346153846154 0.040865384615384616 0.13822115384615385
0 0.25600961538461536 0.19831730769230768 0.046875 0.10216346153846154
0 0.234375 0.1778846153846154 0.0829326923076923 0.12860576923076922
0 0.06610576923076923 0.20072115384615385 0.13221153846153846 0.09495192307692307
0 0.020432692307692308 0.2920673076923077 0.039663461538461536 0.12980769230769232
0 0.20192307692307693 0.2860576923076923 0.12980769230769232 0.0673076923076923
0 0.12980769230769232 0.35697115384615385 0.11057692307692307 0.055288461538461536
0 0.051682692307692304 0.3918269230769231 0.10336538461538461 0.08052884615384616
0 0.25 0.46634615384615385 0.14903846153846154 0.03365384615384615
0 0.6225961538461539 0.16466346153846154 0.03365384615384615 0.04447115384615385
0 0.6802884615384616 0.31971153846153844 0.06490384615384616 0.22235576923076922
0 0.7632211538461539 0.40384615384615385 0.20432692307692307 0.11778846153846154
0 0.6334134615384616 0.5180288461538461 0.30528846153846156 0.055288461538461536
0 0.43509615384615385 0.4014423076923077 0.07211538461538461 0.26322115384615385
0 0.3870192307692308 0.36778846153846156 0.051682692307692304 0.28725961538461536
0 0.4831730769230769 0.5865384615384616 0.18509615384615385 0.09014423076923077
0 0.010817307692307692 0.53125 0.020432692307692308 0.04447115384615385
0 0.057692307692307696 0.6790865384615384 0.09495192307692307 0.17427884615384615
0 0.8894230769230769 0.5865384615384616 0.12139423076923077 0.10697115384615384
0 0.9110576923076923 0.6334134615384616 0.17668269230769232 0.17668269230769232
0 0.7992788461538461 0.6850961538461539 0.09615384615384616 0.14903846153846154
0 0.6177884615384616 0.7463942307692307 0.10096153846153846 0.1141826923076923
0 0.35096153846153844 0.6766826923076923 0.140625 0.055288461538461536
0 0.3605769230769231 0.7319711538461539 0.1658653846153846 0.06490384615384616
0 0.14543269230769232 0.7199519230769231 0.109375 0.20432692307692307
0 0.02283653846153846 0.8040865384615384 0.04567307692307692 0.07451923076923077
0 0.14903846153846154 0.8269230769230769 0.078125 0.09615384615384616
0 0.9254807692307693 0.8052884615384616 0.125 0.2692307692307692
0 0.039663461538461536 0.9134615384615384 0.07932692307692307 0.16826923076923078
0 0.16466346153846154 0.9807692307692307 0.02403846153846154 0.036057692307692304
0 0.140625 0.9423076923076923 0.04927884615384615 0.11177884615384616
0 0.35096153846153844 0.9795673076923077 0.046875 0.039663461538461536
0 0.5048076923076923 0.9783653846153846 0.06370192307692307 0.042067307692307696
0 0.7007211538461539 0.9639423076923077 0.1201923076923077 0.06971153846153846
0 0.7860576923076923 0.9771634615384616 0.07091346153846154 0.04447115384615385
0 0.7644230769230769 0.8930288461538461 0.19591346153846154 0.10576923076923077
0 0.6213942307692307 0.8329326923076923 0.09495192307692307 0.04807692307692308
0 0.8737980769230769 0.9615384615384616 0.10216346153846154 0.056490384615384616
0 0.4483173076923077 0.051682692307692304 0.10697115384615384 0.040865384615384616
0 0.42427884615384615 0.018028846153846152 0.08653846153846154 0.03485576923076923
0 0.3389423076923077 0.1466346153846154 0.0673076923076923 0.07091346153846154
0 0.9855769230769231 0.6766826923076923 0.026442307692307692 0.051682692307692304