0 0.75 0.921875 0.06610576923076923 0.08653846153846154
0 0.5348557692307693 0.4206730769230769 0.07572115384615384 0.09615384615384616
0 0.6911057692307693 0.5865384615384616 0.07692307692307693 0.09975961538461539
0 0.7439903846153846 0.7403846153846154 0.08173076923076923 0.09254807692307693
0 0.22716346153846154 0.43509615384615385 0.12259615384615384 0.18629807692307693
0 0.09254807692307693 0.8882211538461539 0.09375 0.15264423076923078
0 0.40865384615384615 0.6983173076923077 0.07091346153846154 0.0889423076923077
0 0.31971153846153844 0.36177884615384615 0.046875 0.06370192307692307
0 0.33774038461538464 0.9579326923076923 0.08774038461538461 0.08173076923076923
0 0.2548076923076923 0.734375 0.06971153846153846 0.06370192307692307
0 0.7956730769230769 0.019230769230769232 0.06850961538461539 0.038461538461538464
0 0.7692307692307693 0.4639423076923077 0.06610576923076923 0.12740384615384615
0 0.19471153846153846 0.9483173076923077 0.04927884615384615 0.06009615384615385
0 0.9759615384615384 0.203125 0.04447115384615385 0.055288461538461536
0 0.21394230769230768 0.21634615384615385 0.07692307692307693 0.07091346153846154
0 0.6742788461538461 0.014423076923076924 0.08413461538461539 0.028846153846153848
0 0.2704326923076923 0.04567307692307692 0.13822115384615385 0.078125
0 0.11538461538461539 0.02283653846153846 0.10576923076923077 0.04567307692307692
0 0.6033653846153846 0.6274038461538461 0.057692307692307696 0.07692307692307693
0 0.7824519230769231 0.23197115384615385 0.04447115384615385 0.0625
0 0.6442307692307693 0.7920673076923077 0.06610576923076923 0.08533653846153846
0 0.5492788461538461 0.859375 0.08413461538461539 0.0829326923076923
0 0.7211538461538461 0.18509615384615385 0.08774038461538461 0.09014423076923077
0 0.3713942307692308 0.2764423076923077 0.0829326923076923 0.07572115384615384
0 0.05048076923076923 0.7055288461538461 0.06610576923076923 0.07692307692307693
0 0.9771634615384616 0.7524038461538461 0.04326923076923077 0.125
0 0.3701923076923077 0.13942307692307693 0.09134615384615384 0.13942307692307693
0 0.578125 0.5528846153846154 0.054086538461538464 0.06971153846153846
0 0.23197115384615385 0.6622596153846154 0.06610576923076923 0.08173076923076923
0 0.7536057692307693 0.07451923076923077 0.06850961538461539 0.08052884615384616
0 0.921875 0.016826923076923076 0.04927884615384615 0.03365384615384615
0 0.41225961538461536 0.37740384615384615 0.06850961538461539 0.06009615384615385
0 0.6454326923076923 0.9314903846153846 0.14182692307692307 0.08533653846153846
0 0.8197115384615384 0.59375 0.06850961538461539 0.09615384615384616
0 0.4723557692307692 0.5384615384615384 0.06490384615384616 0.08173076923076923