0 0.32211538461538464 0.36899038461538464 0.07091346153846154 0.055288461538461536
0 0.7451923076923077 0.4230769230769231 0.11057692307692307 0.1502403846153846
0 0.5336538461538461 0.2764423076923077 0.0985576923076923 0.07572115384615384
0 0.7451923076923077 0.21634615384615385 0.09495192307692307 0.028846153846153848
0 0.7115384615384616 0.14903846153846154 0.06850961538461539 0.028846153846153848
0 0.8545673076923077 0.07932692307692307 0.026442307692307692 0.03245192307692308
0 0.17427884615384615 0.078125 0.05048076923076923 0.057692307692307696
0 0.234375 0.24519230769230768 0.06370192307692307 0.0733173076923077
0 0.16706730769230768 0.24158653846153846 0.04447115384615385 0.055288461538461536
0 0.125 0.25841346153846156 0.036057692307692304 0.06129807692307692
0 0.03365384615384615 0.27403846153846156 0.037259615384615384 0.03125
0 0.039663461538461536 0.47115384615384615 0.038461538461538464 0.036057692307692304
0 0.13822115384615385 0.40024038461538464 0.08052884615384616 0.04447115384615385
0 0.12620192307692307 0.6574519230769231 0.046875 0.055288461538461536
0 0.23918269230769232 0.7163461538461539 0.057692307692307696 0.038461538461538464
0 0.1201923076923077 0.734375 0.039663461538461536 0.046875
0 0.6225961538461539 0.7139423076923077 0.06009615384615385 0.026442307692307692
0 0.6730769230769231 0.6754807692307693 0.028846153846153848 0.03485576923076923
0 0.8341346153846154 0.7932692307692307 0.05889423076923077 0.04927884615384615
0 0.12379807692307693 0.8701923076923077 0.04807692307692308 0.051682692307692304
0 0.12740384615384615 0.9627403846153846 0.052884615384615384 0.06850961538461539
0 0.057692307692307696 0.16346153846153846 0.03365384615384615 0.03125
0 0.078125 0.13701923076923078 0.042067307692307696 0.038461538461538464
0 0.04927884615384615 0.19591346153846154 0.06610576923076923 0.051682692307692304
0 0.59375 0.6502403846153846 0.06850961538461539 0.04807692307692308
0 0.36899038461538464 0.6670673076923077 0.04447115384615385 0.07692307692307693
0 0.41586538461538464 0.3329326923076923 0.040865384615384616 0.038461538461538464
0 0.6514423076923077 0.29086538461538464 0.04447115384615385 0.04447115384615385
0 0.7608173076923077 0.3076923076923077 0.030048076923076924 0.03245192307692308
0 0.3389423076923077 0.18389423076923078 0.020432692307692308 0.026442307692307692
0 0.17307692307692307 0.8545673076923077 0.04927884615384615 0.02283653846153846
0 0.18509615384615385 0.7463942307692307 0.026442307692307692 0.028846153846153848
0 0.18509615384615385 0.7584134615384616 0.03365384615384615 0.025240384615384616
0 0.18870192307692307 0.671875 0.018028846153846152 0.018028846153846152
0 0.1622596153846154 0.6598557692307693 0.020432692307692308 0.03365384615384615
0 0.13581730769230768 0.703125 0.04326923076923077 0.020432692307692308
0 0.3293269230769231 0.6598557692307693 0.039663461538461536 0.02403846153846154
0 0.515625 0.8233173076923077 0.12740384615384615 0.06129807692307692
0 0.5204326923076923 0.8209134615384616 0.057692307692307696 0.07572115384615384
0 0.6262019230769231 0.9014423076923077 0.057692307692307696 0.020432692307692308
0 0.45913461538461536 0.6237980769230769 0.040865384615384616 0.027644230769230768
0 0.38341346153846156 0.5877403846153846 0.09014423076923077 0.05889423076923077
0 0.28365384615384615 0.5817307692307693 0.06009615384615385 0.016826923076923076
0 0.40865384615384615 0.4230769230769231 0.04326923076923077 0.08774038461538461
0 0.3016826923076923 0.3786057692307692 0.06490384615384616 0.1346153846153846
0 0.18389423076923078 0.2920673076923077 0.02403846153846154 0.038461538461538464
0 0.10096153846153846 0.31971153846153844 0.025240384615384616 0.025240384615384616
0 0.046875 0.3088942307692308 0.06370192307692307 0.030048076923076924
0 0.1466346153846154 0.20072115384615385 0.05048076923076923 0.04927884615384615
0 0.25841346153846156 0.20552884615384615 0.020432692307692308 0.05889423076923077
0 0.46875 0.2536057692307692 0.07091346153846154 0.08052884615384616
0 0.7860576923076923 0.4362980769230769 0.025240384615384616 0.025240384615384616
0 0.7872596153846154 0.3701923076923077 0.025240384615384616 0.0733173076923077
0 0.8581730769230769 0.21995192307692307 0.038461538461538464 0.036057692307692304
0 0.671875 0.16826923076923078 0.030048076923076924 0.019230769230769232
0 0.10096153846153846 0.9807692307692307 0.025240384615384616 0.037259615384615384