0 0.9423076923076923 0.6790865384615384 0.1141826923076923 0.0673076923076923
0 0.08413461538461539 0.8064903846153846 0.0625 0.05048076923076923
0 0.9579326923076923 0.19230769230769232 0.08173076923076923 0.06490384615384616
0 0.8040865384615384 0.6694711538461539 0.09375 0.04447115384615385
0 0.7295673076923077 0.2800480769230769 0.06971153846153846 0.10336538461538461
0 0.7992788461538461 0.10336538461538461 0.10096153846153846 0.07451923076923077
0 0.9086538461538461 0.7367788461538461 0.09254807692307693 0.06610576923076923
0 0.9711538461538461 0.8713942307692307 0.056490384615384616 0.057692307692307696
0 0.8689903846153846 0.4026442307692308 0.0985576923076923 0.054086538461538464
0 0.8701923076923077 0.5336538461538461 0.11778846153846154 0.06971153846153846
0 0.9579326923076923 0.06971153846153846 0.078125 0.09014423076923077
0 0.6514423076923077 0.42908653846153844 0.07091346153846154 0.06370192307692307
0 0.9447115384615384 0.3629807692307692 0.0985576923076923 0.08653846153846154
0 0.7620192307692307 0.3245192307692308 0.0733173076923077 0.051682692307692304