0 0.5709134615384616 0.875 0.1045673076923077 0.07692307692307693
0 0.43028846153846156 0.1346153846153846 0.06971153846153846 0.04567307692307692
0 0.21033653846153846 0.7211538461538461 0.09615384615384616 0.055288461538461536
0 0.3137019230769231 0.7403846153846154 0.07572115384615384 0.040865384615384616
0 0.9026442307692307 0.8016826923076923 0.06971153846153846 0.04326923076923077
0 0.04447115384615385 0.9663461538461539 0.0889423076923077 0.04447115384615385
0 0.0673076923076923 0.7067307692307693 0.08052884615384616 0.04326923076923077
0 0.7824519230769231 0.055288461538461536 0.06490384615384616 0.037259615384615384
0 0.53125 0.4254807692307692 0.0829326923076923 0.04567307692307692
0 0.3954326923076923 0.11538461538461539 0.10096153846153846 0.04447115384615385
0 0.9711538461538461 0.41586538461538464 0.055288461538461536 0.038461538461538464
0 0.5 0.09134615384615384 0.15384615384615385 0.05048076923076923
0 0.34615384615384615 0.6923076923076923 0.11298076923076923 0.046875
0 0.10216346153846154 0.9639423076923077 0.12740384615384615 0.052884615384615384
0 0.1622596153846154 0.45913461538461536 0.1045673076923077 0.04447115384615385
0 0.7079326923076923 0.27524038461538464 0.051682692307692304 0.037259615384615384
0 0.296875 0.014423076923076924 0.07451923076923077 0.028846153846153848
0 0.7415865384615384 0.203125 0.08413461538461539 0.051682692307692304
0 0.12980769230769232 0.7163461538461539 0.08052884615384616 0.046875
0 0.9519230769230769 0.7596153846153846 0.06850961538461539 0.04326923076923077
0 0.8377403846153846 0.46153846153846156 0.08052884615384616 0.05048076923076923
0 0.12620192307692307 0.5961538461538461 0.09254807692307693 0.055288461538461536
0 0.6550480769230769 0.44350961538461536 0.07692307692307693 0.04326923076923077
0 0.1622596153846154 0.40625 0.11177884615384616 0.04447115384615385
0 0.7932692307692307 0.9555288461538461 0.11177884615384616 0.04447115384615385
0 0.8822115384615384 0.6586538461538461 0.11177884615384616 0.037259615384615384
0 0.038461538461538464 0.18028846153846154 0.07692307692307693 0.038461538461538464
0 0.4170673076923077 0.20673076923076922 0.06370192307692307 0.028846153846153848
0 0.0829326923076923 0.9086538461538461 0.04927884615384615 0.078125
0 0.3269230769230769 0.37740384615384615 0.07932692307692307 0.052884615384615384
0 0.25841346153846156 0.051682692307692304 0.09134615384615384 0.06129807692307692
0 0.49759615384615385 0.4411057692307692 0.06370192307692307 0.046875
0 0.41947115384615385 0.8365384615384616 0.10697115384615384 0.056490384615384616
0 0.40865384615384615 0.4795673076923077 0.09134615384615384 0.07091346153846154
0 0.20552884615384615 0.18269230769230768 0.09615384615384616 0.04326923076923077
0 0.7932692307692307 0.03125 0.037259615384615384 0.0625
0 0.6778846153846154 0.171875 0.07692307692307693 0.046875
0 0.11057692307692307 0.48677884615384615 0.09254807692307693 0.038461538461538464
0 0.2620192307692308 0.17668269230769232 0.11899038461538461 0.06490384615384616
0 0.4735576923076923 0.46875 0.11658653846153846 0.052884615384615384
0 0.07932692307692307 0.390625 0.11538461538461539 0.10817307692307693
0 0.33052884615384615 0.15745192307692307 0.10576923076923077 0.06971153846153846
0 0.16346153846153846 0.8052884615384616 0.12860576923076922 0.04567307692307692
0 0.36177884615384615 0.7644230769230769 0.12620192307692307 0.0733173076923077
0 0.42908653846153844 0.8822115384615384 0.09134615384615384 0.052884615384615384
0 0.25240384615384615 0.8629807692307693 0.11057692307692307 0.04447115384615385
0 0.7908653846153846 0.5625 0.11298076923076923 0.06370192307692307
0 0.8173076923076923 0.609375 0.0985576923076923 0.057692307692307696
0 0.027644230769230768 0.7800480769230769 0.055288461538461536 0.054086538461538464
0 0.21995192307692307 0.12259615384615384 0.1045673076923077 0.05889423076923077
0 0.6899038461538461 0.02403846153846154 0.04807692307692308 0.04447115384615385
0 0.15625 0.5192307692307693 0.10697115384615384 0.046875
0 0.3076923076923077 0.9038461538461539 0.08653846153846154 0.03485576923076923
0 0.7079326923076923 0.9350961538461539 0.06370192307692307 0.03485576923076923
0 0.0985576923076923 0.9879807692307693 0.10697115384615384 0.02283653846153846
0 0.7427884615384616 0.484375 0.10096153846153846 0.04927884615384615
0 0.4110576923076923 0.9447115384615384 0.08052884615384616 0.056490384615384616
0 0.08653846153846154 0.453125 0.15384615384615385 0.0625
0 0.6802884615384616 0.7007211538461539 0.05048076923076923 0.04567307692307692
0 0.5492788461538461 0.22596153846153846 0.06610576923076923 0.02403846153846154
0 0.6995192307692307 0.3894230769230769 0.11177884615384616 0.04567307692307692
0 0.5432692307692307 0.0673076923076923 0.056490384615384616 0.04567307692307692
0 0.2776442307692308 0.8401442307692307 0.08533653846153846 0.06009615384615385
0 0.10336538461538461 0.1346153846153846 0.14302884615384615 0.0889423076923077