0 0.7788461538461539 0.8257211538461539 0.06490384615384616 0.07572115384615384
0 0.84375 0.8389423076923077 0.0625 0.03485576923076923
0 0.5600961538461539 0.7367788461538461 0.046875 0.046875
0 0.5144230769230769 0.7692307692307693 0.046875 0.036057692307692304
0 0.6045673076923077 0.8365384615384616 0.04927884615384615 0.04326923076923077
0 0.5132211538461539 0.8413461538461539 0.04447115384615385 0.042067307692307696
0 0.43028846153846156 0.7788461538461539 0.040865384615384616 0.06370192307692307
0 0.45072115384615385 0.8064903846153846 0.03485576923076923 0.036057692307692304
0 0.3737980769230769 0.6754807692307693 0.054086538461538464 0.06009615384615385
0 0.3425480769230769 0.5721153846153846 0.08413461538461539 0.10216346153846154
0 0.23798076923076922 0.90625 0.03485576923076923 0.04567307692307692
0 0.24519230769230768 0.8317307692307693 0.038461538461538464 0.03485576923076923
0 0.2764423076923077 0.7944711538461539 0.055288461538461536 0.05889423076923077
0 0.17427884615384615 0.6766826923076923 0.09615384615384616 0.08052884615384616
0 0.1502403846153846 0.546875 0.04447115384615385 0.15985576923076922
0 0.09134615384615384 0.5024038461538461 0.08052884615384616 0.04326923076923077
0 0.21514423076923078 0.6298076923076923 0.04447115384615385 0.051682692307692304
0 0.078125 0.6694711538461539 0.04927884615384615 0.12259615384615384
0 0.042067307692307696 0.6490384615384616 0.042067307692307696 0.10576923076923077
0 0.26322115384615385 0.4338942307692308 0.04326923076923077 0.0673076923076923
0 0.5300480769230769 0.4170673076923077 0.07091346153846154 0.04927884615384615
0 0.46274038461538464 0.421875 0.04927884615384615 0.04807692307692308
0 0.3798076923076923 0.40024038461538464 0.054086538461538464 0.0673076923076923
0 0.3004807692307692 0.3581730769230769 0.04567307692307692 0.0829326923076923
0 0.4362980769230769 0.29086538461538464 0.11538461538461539 0.0889423076923077
0 0.18269230769230768 0.3557692307692308 0.06129807692307692 0.04807692307692308
0 0.12259615384615384 0.34975961538461536 0.057692307692307696 0.055288461538461536
0 0.08533653846153846 0.2932692307692308 0.06370192307692307 0.051682692307692304
0 0.6814903846153846 0.43990384615384615 0.04807692307692308 0.06850961538461539
0 0.7487980769230769 0.4026442307692308 0.04447115384615385 0.055288461538461536
0 0.8161057692307693 0.3161057692307692 0.06009615384615385 0.09134615384615384
0 0.7427884615384616 0.19230769230769232 0.06971153846153846 0.057692307692307696
0 0.8269230769230769 0.10817307692307693 0.04447115384615385 0.13341346153846154
0 0.6658653846153846 0.1346153846153846 0.054086538461538464 0.09014423076923077
0 0.5576923076923077 0.0733173076923077 0.039663461538461536 0.0733173076923077
0 0.36778846153846156 0.12980769230769232 0.046875 0.06129807692307692
0 0.28725961538461536 0.1141826923076923 0.04927884615384615 0.08774038461538461
0 0.07572115384615384 0.057692307692307696 0.10817307692307693 0.07572115384615384
0 0.09975961538461539 0.14423076923076922 0.15625 0.10697115384615384
0 0.057692307692307696 0.15745192307692307 0.056490384615384616 0.08774038461538461
0 0.7800480769230769 0.07451923076923077 0.04447115384615385 0.06009615384615385
0 0.6646634615384616 0.5697115384615384 0.038461538461538464 0.07572115384615384
0 0.8557692307692307 0.5432692307692307 0.038461538461538464 0.03485576923076923
0 0.09615384615384616 0.21634615384615385 0.046875 0.06610576923076923
0 0.38822115384615385 0.9134615384615384 0.036057692307692304 0.04326923076923077
0 0.08533653846153846 0.35096153846153844 0.036057692307692304 0.037259615384615384
0 0.39663461538461536 0.8497596153846154 0.037259615384615384 0.03485576923076923
0 0.4362980769230769 0.3161057692307692 0.06971153846153846 0.06009615384615385
0 0.6153846153846154 0.8221153846153846 0.08533653846153846 0.08052884615384616