0 0.8016826923076923 0.6971153846153846 0.0673076923076923 0.06971153846153846
0 0.6177884615384616 0.953125 0.07572115384615384 0.09134615384615384
0 0.44350961538461536 0.4675480769230769 0.125 0.06009615384615385
0 0.44591346153846156 0.5480769230769231 0.06490384615384616 0.0625
0 0.12139423076923077 0.5793269230769231 0.10096153846153846 0.06370192307692307
0 0.3016826923076923 0.29447115384615385 0.09615384615384616 0.1045673076923077
0 0.8185096153846154 0.40024038461538464 0.0673076923076923 0.09254807692307693
0 0.7391826923076923 0.15384615384615385 0.07451923076923077 0.07572115384615384
0 0.33653846153846156 0.9519230769230769 0.1971153846153846 0.06370192307692307
0 0.6802884615384616 0.9747596153846154 0.06129807692307692 0.04807692307692308
0 0.25721153846153844 0.8233173076923077 0.10096153846153846 0.0829326923076923
0 0.7980769230769231 0.19831730769230768 0.046875 0.0625
0 0.39302884615384615 0.04326923076923077 0.06850961538461539 0.08653846153846154
0 0.8185096153846154 0.9735576923076923 0.06129807692307692 0.051682692307692304
0 0.9423076923076923 0.2439903846153846 0.11057692307692307 0.10697115384615384
0 0.46875 0.056490384615384616 0.06009615384615385 0.05889423076923077
0 0.30649038461538464 0.20793269230769232 0.08413461538461539 0.07692307692307693
0 0.8629807692307693 0.3329326923076923 0.06850961538461539 0.0733173076923077
0 0.49278846153846156 0.3737980769230769 0.06971153846153846 0.09495192307692307
0 0.9459134615384616 0.6009615384615384 0.10576923076923077 0.08173076923076923
0 0.10697115384615384 0.7524038461538461 0.06971153846153846 0.08173076923076923
0 0.07692307692307693 0.5709134615384616 0.09975961538461539 0.0673076923076923
0 0.48197115384615385 0.6117788461538461 0.1310096153846154 0.06610576923076923
0 0.8990384615384616 0.9651442307692307 0.06370192307692307 0.0673076923076923
0 0.71875 0.8497596153846154 0.08052884615384616 0.09134615384615384
0 0.4483173076923077 0.33052884615384615 0.0985576923076923 0.10096153846153846
0 0.3329326923076923 0.6334134615384616 0.0985576923076923 0.07091346153846154
0 0.5612980769230769 0.9699519230769231 0.06971153846153846 0.057692307692307696
0 0.5048076923076923 0.7572115384615384 0.06009615384615385 0.0673076923076923
0 0.5661057692307693 0.1778846153846154 0.06490384615384616 0.06971153846153846
0 0.02403846153846154 0.9158653846153846 0.04807692307692308 0.09495192307692307
0 0.6057692307692307 0.75 0.056490384615384616 0.06971153846153846
0 0.14903846153846154 0.35697115384615385 0.06610576923076923 0.10336538461538461