0 0.11658653846153846 0.06129807692307692 0.23197115384615385 0.12259615384615384
0 0.22596153846153846 0.028846153846153848 0.08774038461538461 0.054086538461538464
0 0.051682692307692304 0.22716346153846154 0.06370192307692307 0.140625
0 0.0733173076923077 0.1310096153846154 0.04567307692307692 0.0985576923076923
0 0.04326923076923077 0.1201923076923077 0.03365384615384615 0.11538461538461539
0 0.01201923076923077 0.14543269230769232 0.02403846153846154 0.0673076923076923
0 0.234375 0.12980769230769232 0.06129807692307692 0.2127403846153846
0 0.18990384615384615 0.22596153846153846 0.10697115384615384 0.09254807692307693
0 0.3425480769230769 0.21754807692307693 0.08774038461538461 0.18028846153846154
0 0.27884615384615385 0.16706730769230768 0.04927884615384615 0.0673076923076923
0 0.18990384615384615 0.27884615384615385 0.1875 0.09014423076923077
0 0.2932692307692308 0.2776442307692308 0.08653846153846154 0.03245192307692308
0 0.3088942307692308 0.2920673076923077 0.06129807692307692 0.06490384615384616
0 0.1971153846153846 0.42427884615384615 0.08774038461538461 0.06009615384615385
0 0.18509615384615385 0.4411057692307692 0.04326923076923077 0.056490384615384616
0 0.015625 0.6033653846153846 0.030048076923076924 0.028846153846153848
0 0.008413461538461538 0.6237980769230769 0.016826923076923076 0.02403846153846154
0 0.0985576923076923 0.6490384615384616 0.06370192307692307 0.09735576923076923
0 0.2403846153846154 0.5925480769230769 0.07572115384615384 0.10817307692307693
0 0.20192307692307693 0.609375 0.046875 0.07451923076923077
0 0.2283653846153846 0.6682692307692307 0.057692307692307696 0.03485576923076923
0 0.3473557692307692 0.6478365384615384 0.06370192307692307 0.10096153846153846
0 0.40865384615384615 0.6538461538461539 0.09735576923076923 0.10096153846153846
0 0.38100961538461536 0.5817307692307693 0.03365384615384615 0.06490384615384616
0 0.5132211538461539 0.39783653846153844 0.04447115384615385 0.05048076923076923
0 0.5024038461538461 0.35336538461538464 0.03125 0.04927884615384615
0 0.7560096153846154 0.15745192307692307 0.06490384615384616 0.11899038461538461
0 0.921875 0.31490384615384615 0.05889423076923077 0.21634615384615385
0 0.703125 0.4110576923076923 0.04927884615384615 0.0673076923076923
0 0.7536057692307693 0.46274038461538464 0.051682692307692304 0.04447115384615385
0 0.8545673076923077 0.41346153846153844 0.056490384615384616 0.026442307692307692
0 0.8677884615384616 0.31971153846153844 0.04326923076923077 0.04927884615384615
0 0.2668269230769231 0.7283653846153846 0.04447115384615385 0.046875
0 0.3076923076923077 0.7884615384615384 0.06971153846153846 0.09735576923076923
0 0.33533653846153844 0.828125 0.06610576923076923 0.051682692307692304
0 0.18870192307692307 0.7764423076923077 0.042067307692307696 0.09975961538461539
0 0.3737980769230769 0.8293269230769231 0.04807692307692308 0.0625
0 0.3125 0.8990384615384616 0.06370192307692307 0.12259615384615384
0 0.3329326923076923 0.9038461538461539 0.04447115384615385 0.08533653846153846
0 0.10096153846153846 0.9555288461538461 0.06009615384615385 0.08774038461538461
0 0.06009615384615385 0.9711538461538461 0.038461538461538464 0.030048076923076924
0 0.234375 0.8954326923076923 0.08653846153846154 0.0889423076923077
0 0.015625 0.5805288461538461 0.02403846153846154 0.021634615384615384
0 0.06850961538461539 0.6490384615384616 0.09615384615384616 0.12620192307692307
0 0.8389423076923077 0.6274038461538461 0.06370192307692307 0.056490384615384616
0 0.6514423076923077 0.6586538461538461 0.06850961538461539 0.06370192307692307
0 0.6225961538461539 0.6370192307692307 0.12259615384615384 0.07572115384615384
0 0.6346153846153846 0.5540865384615384 0.0733173076923077 0.06971153846153846
0 0.65625 0.7560096153846154 0.06129807692307692 0.09014423076923077
0 0.703125 0.8305288461538461 0.12980769230769232 0.07572115384615384
0 0.8413461538461539 0.7572115384615384 0.052884615384615384 0.04927884615384615
0 0.17067307692307693 0.9855769230769231 0.028846153846153848 0.027644230769230768
0 0.1971153846153846 0.9158653846153846 0.13341346153846154 0.04927884615384615
0 0.375 0.9807692307692307 0.13942307692307693 0.036057692307692304
0 0.6310096153846154 0.9411057692307693 0.07451923076923077 0.1141826923076923
0 0.625 0.9771634615384616 0.05889423076923077 0.04326923076923077
0 0.5108173076923077 0.8701923076923077 0.09615384615384616 0.1201923076923077
0 0.43149038461538464 0.890625 0.042067307692307696 0.11298076923076923
0 0.8605769230769231 0.9278846153846154 0.07692307692307693 0.10216346153846154
0 0.8978365384615384 0.9795673076923077 0.10576923076923077 0.039663461538461536
0 0.9615384615384616 0.8954326923076923 0.07211538461538461 0.042067307692307696
0 0.9663461538461539 0.8509615384615384 0.06490384615384616 0.0673076923076923
0 0.8569711538461539 0.7860576923076923 0.04807692307692308 0.030048076923076924
0 0.8401442307692307 0.8353365384615384 0.028846153846153848 0.07091346153846154
0 0.8497596153846154 0.6923076923076923 0.036057692307692304 0.08533653846153846
0 0.9603365384615384 0.7271634615384616 0.07692307692307693 0.10697115384615384
0 0.9555288461538461 0.7451923076923077 0.037259615384615384 0.051682692307692304
0 0.7908653846153846 0.5096153846153846 0.04447115384615385 0.04326923076923077
0 0.8786057692307693 0.5456730769230769 0.09254807692307693 0.05048076923076923
0 0.23918269230769232 0.5240384615384616 0.08653846153846154 0.03485576923076923
0 0.18389423076923078 0.5540865384615384 0.037259615384615384 0.03365384615384615
0 0.3870192307692308 0.48677884615384615 0.02403846153846154 0.028846153846153848
0 0.016826923076923076 0.7019230769230769 0.03365384615384615 0.038461538461538464
0 0.030048076923076924 0.7319711538461539 0.05889423076923077 0.04326923076923077
0 0.65625 0.8028846153846154 0.0829326923076923 0.055288461538461536
0 0.0673076923076923 0.08052884615384616 0.051682692307692304 0.04326923076923077
0 0.7716346153846154 0.1971153846153846 0.03245192307692308 0.07451923076923077
0 0.10817307692307693 0.007211538461538462 0.055288461538461536 0.014423076923076924