0 0.41466346153846156 0.4182692307692308 0.028846153846153848 0.0889423076923077
0 0.025240384615384616 0.9807692307692307 0.05048076923076923 0.03365384615384615
0 0.9302884615384616 0.34615384615384615 0.04326923076923077 0.07572115384615384
0 0.546875 0.75 0.039663461538461536 0.09975961538461539
0 0.3894230769230769 0.12139423076923077 0.055288461538461536 0.07932692307692307
0 0.4338942307692308 0.3245192307692308 0.04567307692307692 0.09615384615384616
0 0.4735576923076923 0.5516826923076923 0.04807692307692308 0.030048076923076924
0 0.07572115384615384 0.04326923076923077 0.06009615384615385 0.08653846153846154
0 0.5204326923076923 0.22235576923076922 0.03365384615384615 0.078125
0 0.8605769230769231 0.042067307692307696 0.042067307692307696 0.08052884615384616
0 0.042067307692307696 0.04447115384615385 0.07692307692307693 0.0889423076923077
0 0.5745192307692307 0.7427884615384616 0.04927884615384615 0.10336538461538461
0 0.640625 0.5757211538461539 0.08533653846153846 0.04567307692307692
0 0.9891826923076923 0.9350961538461539 0.018028846153846152 0.03125
0 0.32572115384615385 0.11177884615384616 0.08052884615384616 0.08413461538461539
0 0.609375 0.5120192307692307 0.04567307692307692 0.037259615384615384
0 0.4579326923076923 0.71875 0.039663461538461536 0.025240384615384616
0 0.2800480769230769 0.5048076923076923 0.09375 0.039663461538461536
0 0.48677884615384615 0.13701923076923078 0.028846153846153848 0.12259615384615384
0 0.9639423076923077 0.5625 0.06610576923076923 0.04927884615384615
0 0.5036057692307693 0.054086538461538464 0.04567307692307692 0.10817307692307693
0 0.38822115384615385 0.09014423076923077 0.08052884615384616 0.12860576923076922
0 0.5673076923076923 0.6262019230769231 0.046875 0.09375
0 0.8305288461538461 0.1814903846153846 0.03365384615384615 0.06009615384615385
0 0.16826923076923078 0.6850961538461539 0.1346153846153846 0.07451923076923077
0 0.6165865384615384 0.08413461538461539 0.057692307692307696 0.12740384615384615
0 0.5829326923076923 0.4266826923076923 0.05048076923076923 0.06971153846153846
0 0.1310096153846154 0.7740384615384616 0.2620192307692308 0.0673076923076923
0 0.9338942307692307 0.039663461538461536 0.08413461538461539 0.07932692307692307
0 0.3016826923076923 0.8774038461538461 0.06370192307692307 0.06370192307692307
0 0.3233173076923077 0.8798076923076923 0.0889423076923077 0.042067307692307696
0 0.22355769230769232 0.9134615384615384 0.17908653846153846 0.055288461538461536
0 0.5180288461538461 0.35096153846153844 0.0625 0.08413461538461539
0 0.7632211538461539 0.4014423076923077 0.1502403846153846 0.06370192307692307
0 0.45072115384615385 0.8329326923076923 0.03485576923076923 0.036057692307692304
0 0.8762019230769231 0.8665865384615384 0.06971153846153846 0.04326923076923077
0 0.6189903846153846 0.6358173076923077 0.04567307692307692 0.039663461538461536
0 0.7860576923076923 0.7524038461538461 0.1201923076923077 0.04447115384615385
0 0.2512019230769231 0.47115384615384615 0.17908653846153846 0.06009615384615385
0 0.43990384615384615 0.06009615384615385 0.10336538461538461 0.11899038461538461
0 0.41947115384615385 0.7307692307692307 0.055288461538461536 0.03485576923076923
0 0.39663461538461536 0.16105769230769232 0.03365384615384615 0.055288461538461536
0 0.6706730769230769 0.12740384615384615 0.15384615384615385 0.12980769230769232
0 0.6009615384615384 0.9086538461538461 0.037259615384615384 0.055288461538461536
0 0.016826923076923076 0.0625 0.03365384615384615 0.04807692307692308
0 0.46875 0.2800480769230769 0.0733173076923077 0.030048076923076924
0 0.390625 0.04927884615384615 0.06129807692307692 0.09615384615384616
0 0.9675480769230769 0.33653846153846156 0.0625 0.04927884615384615
0 0.4254807692307692 0.6117788461538461 0.08774038461538461 0.10576923076923077
0 0.3076923076923077 0.171875 0.12740384615384615 0.08173076923076923
0 0.3798076923076923 0.6887019230769231 0.09615384615384616 0.04447115384615385
0 0.3449519230769231 0.7319711538461539 0.055288461538461536 0.046875
0 0.5829326923076923 0.48197115384615385 0.05048076923076923 0.05889423076923077