0 0.8028846153846154 0.3112980769230769 0.054086538461538464 0.07932692307692307
0 0.8882211538461539 0.38100961538461536 0.06009615384615385 0.0673076923076923
0 0.6165865384615384 0.03485576923076923 0.08653846153846154 0.06971153846153846
0 0.6670673076923077 0.6418269230769231 0.08173076923076923 0.0733173076923077
0 0.7620192307692307 0.9326923076923077 0.052884615384615384 0.0673076923076923
0 0.5096153846153846 0.4206730769230769 0.06370192307692307 0.06009615384615385
0 0.9447115384615384 0.6117788461538461 0.054086538461538464 0.11778846153846154
0 0.7704326923076923 0.3894230769230769 0.04447115384615385 0.07932692307692307
0 0.8064903846153846 0.5805288461538461 0.06490384615384616 0.11177884615384616
0 0.65625 0.7932692307692307 0.0673076923076923 0.07572115384615384
0 0.3293269230769231 0.8894230769230769 0.05889423076923077 0.06129807692307692
0 0.009615384615384616 0.9711538461538461 0.018028846153846152 0.04927884615384615
0 0.5697115384615384 0.5528846153846154 0.07211538461538461 0.08533653846153846
0 0.3401442307692308 0.5132211538461539 0.06610576923076923 0.09615384615384616
0 0.4098557692307692 0.9350961538461539 0.10216346153846154 0.08533653846153846
0 0.8521634615384616 0.4170673076923077 0.08653846153846154 0.08413461538461539
0 0.23197115384615385 0.5769230769230769 0.051682692307692304 0.09254807692307693
0 0.4423076923076923 0.203125 0.06971153846153846 0.08774038461538461
0 0.3269230769230769 0.39302884615384615 0.04447115384615385 0.055288461538461536
0 0.29927884615384615 0.6298076923076923 0.06370192307692307 0.10336538461538461
0 0.9735576923076923 0.9771634615384616 0.04447115384615385 0.04447115384615385
0 0.953125 0.875 0.08653846153846154 0.07692307692307693
0 0.4182692307692308 0.6274038461538461 0.056490384615384616 0.06850961538461539
0 0.59375 0.4483173076923077 0.0625 0.06490384615384616
0 0.7235576923076923 0.5048076923076923 0.09615384615384616 0.07091346153846154
0 0.8317307692307693 0.7728365384615384 0.06850961538461539 0.07932692307692307
0 0.9663461538461539 0.42788461538461536 0.06610576923076923 0.051682692307692304
0 0.01201923076923077 0.6069711538461539 0.02403846153846154 0.06009615384615385
0 0.43149038461538464 0.4855769230769231 0.10336538461538461 0.11538461538461539
0 0.0985576923076923 0.6538461538461539 0.09615384615384616 0.10096153846153846
0 0.09014423076923077 0.8485576923076923 0.11778846153846154 0.06129807692307692
0 0.6189903846153846 0.90625 0.078125 0.06129807692307692
0 0.8509615384615384 0.23197115384615385 0.06971153846153846 0.0673076923076923
0 0.984375 0.8173076923076923 0.030048076923076924 0.0733173076923077
0 0.25240384615384615 0.9483173076923077 0.06971153846153846 0.06370192307692307
0 0.03485576923076923 0.6045673076923077 0.06850961538461539 0.06490384615384616
0 0.18509615384615385 0.5120192307692307 0.0889423076923077 0.12980769230769232
0 0.06370192307692307 0.2704326923076923 0.11538461538461539 0.09495192307692307
0 0.020432692307692308 0.8870192307692307 0.040865384615384616 0.08052884615384616
0 0.6418269230769231 0.5036057692307693 0.07091346153846154 0.07572115384615384
0 0.6322115384615384 0.36538461538461536 0.07692307692307693 0.07091346153846154
0 0.8990384615384616 0.29086538461538464 0.06610576923076923 0.06009615384615385
0 0.84375 0.8461538461538461 0.0673076923076923 0.08413461538461539
0 0.39663461538461536 0.546875 0.05889423076923077 0.0985576923076923
0 0.3112980769230769 0.32572115384615385 0.0673076923076923 0.05889423076923077
0 0.8798076923076923 0.5492788461538461 0.06009615384615385 0.056490384615384616
0 0.5336538461538461 0.9411057692307693 0.10576923076923077 0.11538461538461539
0 0.7055288461538461 0.28365384615384615 0.08653846153846154 0.07091346153846154
0 0.39302884615384615 0.31971153846153844 0.06971153846153846 0.09134615384615384
0 0.8846153846153846 0.6442307692307693 0.08173076923076923 0.078125