0 0.8425480769230769 0.6286057692307693 0.11778846153846154 0.18990384615384615
0 0.5877403846153846 0.828125 0.15264423076923078 0.14783653846153846
0 0.8257211538461539 0.13581730769230768 0.20072115384615385 0.2704326923076923
0 0.11177884615384616 0.4266826923076923 0.06610576923076923 0.11658653846153846
0 0.18028846153846154 0.06971153846153846 0.11899038461538461 0.13822115384615385
0 0.65625 0.5264423076923077 0.18269230769230768 0.15504807692307693
0 0.5372596153846154 0.17307692307692307 0.15865384615384615 0.09975961538461539
0 0.390625 0.3016826923076923 0.2548076923076923 0.11177884615384616
0 0.7632211538461539 0.9735576923076923 0.1778846153846154 0.04807692307692308
0 0.04807692307692308 0.8689903846153846 0.07091346153846154 0.12980769230769232
0 0.03365384615384615 0.6862980769230769 0.0673076923076923 0.13822115384615385
0 0.6983173076923077 0.6766826923076923 0.19230769230769232 0.14903846153846154
0 0.15865384615384615 0.7524038461538461 0.1778846153846154 0.1971153846153846
0 0.2620192307692308 0.49158653846153844 0.15504807692307693 0.24519230769230768
0 0.6394230769230769 0.2704326923076923 0.1778846153846154 0.15504807692307693
0 0.027644230769230768 0.9098557692307693 0.055288461538461536 0.12740384615384615
0 0.8762019230769231 0.7944711538461539 0.13221153846153846 0.21033653846153846
0 0.05048076923076923 0.20552884615384615 0.10096153846153846 0.19230769230769232