0 0.5432692307692307 0.026442307692307692 0.09375 0.051682692307692304
0 0.9471153846153846 0.20072115384615385 0.1045673076923077 0.12259615384615384
0 0.9194711538461539 0.11778846153846154 0.15985576923076922 0.13822115384615385
0 0.4326923076923077 0.19831730769230768 0.1658653846153846 0.09615384615384616
0 0.49038461538461536 0.12259615384615384 0.18990384615384615 0.10096153846153846
0 0.9615384615384616 0.42788461538461536 0.07572115384615384 0.09975961538461539
0 0.10697115384615384 0.5769230769230769 0.2091346153846154 0.11538461538461539
0 0.47115384615384615 0.6322115384615384 0.09014423076923077 0.12980769230769232
0 0.3918269230769231 0.9459134615384616 0.08052884615384616 0.08653846153846154
0 0.4795673076923077 0.8617788461538461 0.07932692307692307 0.27403846153846156
0 0.2980769230769231 0.7824519230769231 0.11177884615384616 0.18990384615384615
0 0.9278846153846154 0.0733173076923077 0.140625 0.06370192307692307
0 0.5889423076923077 0.15264423076923078 0.20072115384615385 0.30528846153846156
0 0.9711538461538461 0.6177884615384616 0.055288461538461536 0.20552884615384615
0 0.5288461538461539 0.9483173076923077 0.0625 0.10216346153846154
0 0.3161057692307692 0.4735576923076923 0.17307692307692307 0.18269230769230768
0 0.41225961538461536 0.6730769230769231 0.10576923076923077 0.17307692307692307
0 0.38100961538461536 0.3425480769230769 0.09134615384615384 0.1201923076923077
0 0.6826923076923077 0.5108173076923077 0.057692307692307696 0.07692307692307693
0 0.9026442307692307 0.9495192307692307 0.09615384615384616 0.09975961538461539
0 0.7235576923076923 0.6201923076923077 0.16346153846153846 0.27283653846153844