0 0.49759615384615385 0.019230769230769232 0.13822115384615385 0.038461538461538464
0 0.47115384615384615 0.45072115384615385 0.03125 0.08413461538461539
0 0.5997596153846154 0.8569711538461539 0.06009615384615385 0.07572115384615384
0 0.9290865384615384 0.8930288461538461 0.037259615384615384 0.04927884615384615
0 0.057692307692307696 0.5721153846153846 0.06971153846153846 0.09014423076923077
0 0.8846153846153846 0.9170673076923077 0.09495192307692307 0.04927884615384615
0 0.9411057692307693 0.5576923076923077 0.040865384615384616 0.1045673076923077
0 0.25 0.6478365384615384 0.06490384615384616 0.046875
0 0.8846153846153846 0.8353365384615384 0.036057692307692304 0.09254807692307693
0 0.6382211538461539 0.6286057692307693 0.054086538461538464 0.03365384615384615
0 0.4050480769230769 0.3004807692307692 0.05889423076923077 0.03125
0 0.6802884615384616 0.36778846153846156 0.038461538461538464 0.15625
0 0.5480769230769231 0.42788461538461536 0.03245192307692308 0.125
0 0.3125 0.12740384615384615 0.04567307692307692 0.10096153846153846
0 0.453125 0.3701923076923077 0.09375 0.0673076923076923
0 0.20552884615384615 0.5625 0.09375 0.08533653846153846
0 0.08533653846153846 0.1971153846153846 0.14182692307692307 0.046875
0 0.40384615384615385 0.4110576923076923 0.055288461538461536 0.038461538461538464
0 0.9038461538461539 0.5180288461538461 0.054086538461538464 0.09975961538461539
0 0.15384615384615385 0.1502403846153846 0.07211538461538461 0.13221153846153846
0 0.4423076923076923 0.4423076923076923 0.03485576923076923 0.09254807692307693
0 0.29927884615384615 0.03245192307692308 0.09134615384615384 0.025240384615384616
0 0.75 0.9026442307692307 0.04447115384615385 0.042067307692307696
0 0.38341346153846156 0.5745192307692307 0.08533653846153846 0.038461538461538464
0 0.8028846153846154 0.8040865384615384 0.026442307692307692 0.11778846153846154
0 0.5264423076923077 0.5 0.04326923076923077 0.06129807692307692
0 0.26802884615384615 0.5396634615384616 0.07211538461538461 0.056490384615384616
0 0.1466346153846154 0.46875 0.05889423076923077 0.06490384615384616
0 0.234375 0.31490384615384615 0.04807692307692308 0.07211538461538461
0 0.21153846153846154 0.5216346153846154 0.06490384615384616 0.06129807692307692
0 0.7560096153846154 0.65625 0.051682692307692304 0.08173076923076923
0 0.9627403846153846 0.9735576923076923 0.06490384615384616 0.028846153846153848
0 0.6081730769230769 0.19471153846153846 0.028846153846153848 0.12620192307692307
0 0.3112980769230769 0.06490384615384616 0.02403846153846154 0.08052884615384616
0 0.6454326923076923 0.13581730769230768 0.06971153846153846 0.12259615384615384
0 0.171875 0.24759615384615385 0.054086538461538464 0.1045673076923077
0 0.9170673076923077 0.14783653846153846 0.04447115384615385 0.0889423076923077
0 0.14423076923076922 0.5108173076923077 0.06490384615384616 0.04326923076923077
0 0.7487980769230769 0.07692307692307693 0.05889423076923077 0.09615384615384616
0 0.02283653846153846 0.8245192307692307 0.04567307692307692 0.0625
0 0.020432692307692308 0.2956730769230769 0.040865384615384616 0.06370192307692307
0 0.23918269230769232 0.8329326923076923 0.06370192307692307 0.08052884615384616
0 0.6237980769230769 0.8100961538461539 0.0625 0.0673076923076923
0 0.84375 0.38221153846153844 0.04927884615384615 0.04567307692307692
0 0.5516826923076923 0.25721153846153844 0.057692307692307696 0.05889423076923077
0 0.06610576923076923 0.037259615384615384 0.12259615384615384 0.036057692307692304
0 0.7163461538461539 0.4963942307692308 0.04447115384615385 0.0625
0 0.2692307692307692 0.8233173076923077 0.06370192307692307 0.11298076923076923
0 0.18870192307692307 0.5877403846153846 0.055288461538461536 0.055288461538461536
0 0.65625 0.7115384615384616 0.06971153846153846 0.055288461538461536
0 0.27403846153846156 0.2512019230769231 0.0625 0.07572115384615384
0 0.5024038461538461 0.5829326923076923 0.052884615384615384 0.028846153846153848
0 0.27403846153846156 0.9134615384615384 0.05048076923076923 0.05048076923076923
0 0.7391826923076923 0.17548076923076922 0.039663461538461536 0.14182692307692307
0 0.18509615384615385 0.625 0.055288461538461536 0.06129807692307692
0 0.4723557692307692 0.5108173076923077 0.109375 0.055288461538461536
0 0.9302884615384616 0.8605769230769231 0.08413461538461539 0.028846153846153848
0 0.9002403846153846 0.6923076923076923 0.04927884615384615 0.06971153846153846
0 0.5 0.7079326923076923 0.054086538461538464 0.03245192307692308
0 0.484375 0.9807692307692307 0.036057692307692304 0.03485576923076923
0 0.05048076923076923 0.8413461538461539 0.03245192307692308 0.040865384615384616