0 0.7271634615384616 0.25961538461538464 0.1201923076923077 0.06009615384615385
0 0.40625 0.4831730769230769 0.09615384615384616 0.0673076923076923
0 0.5024038461538461 0.8677884615384616 0.125 0.12259615384615384
0 0.16105769230769232 0.5793269230769231 0.07692307692307693 0.06971153846153846
0 0.4375 0.6177884615384616 0.09254807692307693 0.11298076923076923
0 0.7512019230769231 0.48677884615384615 0.12259615384615384 0.11538461538461539
0 0.1622596153846154 0.18629807692307693 0.05889423076923077 0.06009615384615385
0 0.23076923076923078 0.020432692307692308 0.11538461538461539 0.038461538461538464
0 0.16466346153846154 0.4050480769230769 0.08533653846153846 0.1201923076923077
0 0.43509615384615385 0.7572115384615384 0.09615384615384616 0.09975961538461539
0 0.055288461538461536 0.8605769230769231 0.057692307692307696 0.06490384615384616
0 0.7536057692307693 0.4170673076923077 0.11778846153846154 0.05048076923076923
0 0.7836538461538461 0.6322115384615384 0.08774038461538461 0.0625
0 0.5324519230769231 0.3269230769230769 0.03365384615384615 0.04447115384615385
0 0.9074519230769231 0.46153846153846156 0.1201923076923077 0.06009615384615385
0 0.875 0.6586538461538461 0.14783653846153846 0.078125
0 0.036057692307692304 0.44350961538461536 0.06971153846153846 0.12259615384615384
0 0.14182692307692307 0.11177884615384616 0.07572115384615384 0.1201923076923077
0 0.9675480769230769 0.2403846153846154 0.0625 0.06610576923076923
0 0.5048076923076923 0.3954326923076923 0.1045673076923077 0.0625
0 0.11298076923076923 0.30408653846153844 0.07211538461538461 0.08173076923076923
0 0.49278846153846156 0.15504807692307693 0.140625 0.05048076923076923
0 0.7944711538461539 0.9591346153846154 0.16826923076923078 0.07451923076923077
0 0.030048076923076924 0.20552884615384615 0.057692307692307696 0.16346153846153846
0 0.21153846153846154 0.7956730769230769 0.07211538461538461 0.052884615384615384
0 0.6213942307692307 0.6322115384615384 0.08533653846153846 0.06009615384615385
0 0.31009615384615385 0.9819711538461539 0.06971153846153846 0.03365384615384615
0 0.08774038461538461 0.8413461538461539 0.0889423076923077 0.07091346153846154
0 0.04447115384615385 0.6634615384615384 0.08173076923076923 0.09615384615384616
0 0.3389423076923077 0.421875 0.08533653846153846 0.08052884615384616
0 0.7872596153846154 0.06971153846153846 0.18990384615384615 0.09014423076923077
0 0.17067307692307693 0.7247596153846154 0.09735576923076923 0.07451923076923077
0 0.9579326923076923 0.019230769230769232 0.07932692307692307 0.038461538461538464
0 0.6658653846153846 0.703125 0.07692307692307693 0.07211538461538461
0 0.6298076923076923 0.8125 0.08052884615384616 0.08533653846153846
0 0.17548076923076922 0.9387019230769231 0.09735576923076923 0.08774038461538461
0 0.09375 0.9639423076923077 0.18509615384615385 0.06971153846153846
0 0.6021634615384616 0.0673076923076923 0.09134615384615384 0.12980769230769232
0 0.0733173076923077 0.4483173076923077 0.07211538461538461 0.08173076923076923
0 0.057692307692307696 0.5336538461538461 0.06971153846153846 0.09735576923076923
0 0.6466346153846154 0.4567307692307692 0.09495192307692307 0.07451923076923077
0 0.5817307692307693 0.8894230769230769 0.08653846153846154 0.09014423076923077
0 0.6526442307692307 0.15865384615384615 0.0889423076923077 0.06009615384615385
0 0.9519230769230769 0.8233173076923077 0.07091346153846154 0.0673076923076923
0 0.052884615384615384 0.2824519230769231 0.06490384615384616 0.07572115384615384
0 0.18629807692307693 0.8341346153846154 0.09254807692307693 0.06009615384615385
0 0.5985576923076923 0.4266826923076923 0.11177884615384616 0.08052884615384616
0 0.8942307692307693 0.23677884615384615 0.06490384615384616 0.125
0 0.7872596153846154 0.038461538461538464 0.18509615384615385 0.07211538461538461
0 0.5480769230769231 0.5 0.13822115384615385 0.14543269230769232
0 0.06129807692307692 0.0889423076923077 0.11177884615384616 0.17307692307692307
0 0.2512019230769231 0.49399038461538464 0.23197115384615385 0.09735576923076923
0 0.9399038461538461 0.06009615384615385 0.11899038461538461 0.06490384615384616