0 0.30408653846153844 0.6766826923076923 0.04927884615384615 0.06490384615384616
0 0.3918269230769231 0.15625 0.06490384615384616 0.039663461538461536
0 0.8004807692307693 0.5180288461538461 0.06490384615384616 0.046875
0 0.37259615384615385 0.6947115384615384 0.08774038461538461 0.055288461538461536
0 0.31850961538461536 0.43149038461538464 0.0829326923076923 0.04326923076923077
0 0.828125 0.8100961538461539 0.12259615384615384 0.05048076923076923
0 0.1310096153846154 0.9555288461538461 0.06971153846153846 0.03365384615384615
0 0.6394230769230769 0.9627403846153846 0.05889423076923077 0.0625
0 0.15144230769230768 0.40384615384615385 0.0733173076923077 0.08173076923076923
0 0.44591346153846156 0.042067307692307696 0.04447115384615385 0.0829326923076923
0 0.8545673076923077 0.40625 0.037259615384615384 0.08774038461538461
0 0.3245192307692308 0.06490384615384616 0.055288461538461536 0.08413461538461539
0 0.6141826923076923 0.43990384615384615 0.1201923076923077 0.08653846153846154
0 0.8088942307692307 0.3317307692307692 0.03365384615384615 0.09975961538461539
0 0.5444711538461539 0.6670673076923077 0.08413461538461539 0.06971153846153846
0 0.03125 0.6141826923076923 0.06129807692307692 0.10096153846153846
0 0.9206730769230769 0.054086538461538464 0.04927884615384615 0.10697115384615384
0 0.7211538461538461 0.41346153846153844 0.09134615384615384 0.08653846153846154
0 0.3641826923076923 0.8365384615384616 0.042067307692307696 0.03365384615384615
0 0.6923076923076923 0.6237980769230769 0.042067307692307696 0.0889423076923077
0 0.4795673076923077 0.8305288461538461 0.04927884615384615 0.039663461538461536
0 0.4579326923076923 0.6899038461538461 0.036057692307692304 0.0625
0 0.7427884615384616 0.7524038461538461 0.039663461538461536 0.08052884615384616
0 0.8004807692307693 0.5132211538461539 0.04447115384615385 0.11538461538461539
0 0.9855769230769231 0.43149038461538464 0.027644230769230768 0.06971153846153846
0 0.15985576923076922 0.036057692307692304 0.06971153846153846 0.06971153846153846
0 0.7560096153846154 0.35096153846153844 0.037259615384615384 0.04807692307692308
0 0.6021634615384616 0.04567307692307692 0.04567307692307692 0.09134615384615384
0 0.23918269230769232 0.20793269230769232 0.025240384615384616 0.07692307692307693
0 0.109375 0.7295673076923077 0.08533653846153846 0.06009615384615385
0 0.7620192307692307 0.109375 0.04447115384615385 0.0733173076923077
0 0.05048076923076923 0.9050480769230769 0.06850961538461539 0.1045673076923077
0 0.8810096153846154 0.703125 0.08653846153846154 0.11057692307692307
0 0.421875 0.09014423076923077 0.07932692307692307 0.07572115384615384
0 0.7415865384615384 0.6838942307692307 0.037259615384615384 0.08052884615384616
0 0.36177884615384615 0.8701923076923077 0.09735576923076923 0.0625
0 0.036057692307692304 0.9338942307692307 0.038461538461538464 0.07692307692307693
0 0.4098557692307692 0.6514423076923077 0.07091346153846154 0.06129807692307692
0 0.6694711538461539 0.07451923076923077 0.04326923076923077 0.0673076923076923
0 0.6322115384615384 0.4651442307692308 0.038461538461538464 0.09014423076923077
0 0.6322115384615384 0.7896634615384616 0.06009615384615385 0.06370192307692307
0 0.4411057692307692 0.5841346153846154 0.07692307692307693 0.06490384615384616
0 0.6742788461538461 0.671875 0.040865384615384616 0.11057692307692307
0 0.16706730769230768 0.9795673076923077 0.0829326923076923 0.039663461538461536
0 0.28725961538461536 0.8449519230769231 0.054086538461538464 0.04447115384615385
0 0.6310096153846154 0.578125 0.03245192307692308 0.0889423076923077
0 0.6382211538461539 0.04567307692307692 0.03245192307692308 0.09134615384615384
0 0.06490384615384616 0.6826923076923077 0.06971153846153846 0.055288461538461536
0 0.5637019230769231 0.7295673076923077 0.04927884615384615 0.06370192307692307
0 0.828125 0.75 0.055288461538461536 0.04447115384615385
0 0.9795673076923077 0.7271634615384616 0.03365384615384615 0.06850961538461539
0 0.5036057692307693 0.7704326923076923 0.06009615384615385 0.08052884615384616
0 0.90625 0.3918269230769231 0.042067307692307696 0.10096153846153846
0 0.23677884615384615 0.05048076923076923 0.06370192307692307 0.08653846153846154
0 0.5793269230769231 0.25961538461538464 0.03245192307692308 0.08653846153846154
0 0.31490384615384615 0.7211538461538461 0.052884615384615384 0.056490384615384616
0 0.3293269230769231 0.7800480769230769 0.07091346153846154 0.040865384615384616
0 0.9603365384615384 0.06850961538461539 0.04447115384615385 0.0889423076923077
0 0.6586538461538461 0.16466346153846154 0.06009615384615385 0.0829326923076923
0 0.3762019230769231 0.0829326923076923 0.06971153846153846 0.10216346153846154
0 0.875 0.22115384615384615 0.038461538461538464 0.052884615384615384