0 0.15264423076923078 0.04807692307692308 0.07211538461538461 0.09615384615384616
0 0.31009615384615385 0.042067307692307696 0.04807692307692308 0.04326923076923077
0 0.7391826923076923 0.07932692307692307 0.0673076923076923 0.07451923076923077
0 0.8990384615384616 0.025240384615384616 0.10336538461538461 0.05048076923076923
0 0.10697115384615384 0.7427884615384616 0.078125 0.08052884615384616
0 0.055288461538461536 0.8798076923076923 0.109375 0.08533653846153846
0 0.9591346153846154 0.21995192307692307 0.06009615384615385 0.0673076923076923
0 0.640625 0.05048076923076923 0.09495192307692307 0.08052884615384616
0 0.26322115384615385 0.5276442307692307 0.08173076923076923 0.078125
0 0.46875 0.43509615384615385 0.07572115384615384 0.078125
0 0.17307692307692307 0.7223557692307693 0.07211538461538461 0.0829326923076923
0 0.6730769230769231 0.8137019230769231 0.10216346153846154 0.06971153846153846
0 0.12620192307692307 0.9771634615384616 0.171875 0.04326923076923077
0 0.3918269230769231 0.8894230769230769 0.09735576923076923 0.08052884615384616
0 0.9230769230769231 0.24759615384615385 0.06490384615384616 0.08653846153846154
0 0.3581730769230769 0.7355769230769231 0.0625 0.06850961538461539
0 0.7475961538461539 0.5096153846153846 0.06490384615384616 0.08774038461538461
0 0.8858173076923077 0.14903846153846154 0.06009615384615385 0.06850961538461539
0 0.8473557692307693 0.7704326923076923 0.10096153846153846 0.08052884615384616
0 0.4699519230769231 0.3701923076923077 0.08052884615384616 0.0673076923076923
0 0.23798076923076922 0.953125 0.05889423076923077 0.07451923076923077
0 0.7007211538461539 0.8737980769230769 0.08653846153846154 0.08052884615384616
0 0.39302884615384615 0.25600961538461536 0.07572115384615384 0.09134615384615384
0 0.5324519230769231 0.31850961538461536 0.07692307692307693 0.11778846153846154
0 0.5985576923076923 0.9615384615384616 0.08533653846153846 0.07451923076923077
0 0.8377403846153846 0.9663461538461539 0.0625 0.04326923076923077
0 0.4411057692307692 0.7223557692307693 0.078125 0.09495192307692307
0 0.9326923076923077 0.9795673076923077 0.08653846153846154 0.038461538461538464
0 0.6790865384615384 0.5709134615384616 0.09014423076923077 0.14182692307692307
0 0.24879807692307693 0.7211538461538461 0.10216346153846154 0.10697115384615384
0 0.19471153846153846 0.9098557692307693 0.07211538461538461 0.08052884615384616
0 0.16346153846153846 0.4387019230769231 0.10336538461538461 0.14783653846153846
0 0.27283653846153844 0.8810096153846154 0.078125 0.07451923076923077
0 0.4326923076923077 0.8305288461538461 0.06850961538461539 0.07211538461538461
0 0.3125 0.8076923076923077 0.07451923076923077 0.06971153846153846
0 0.203125 0.8269230769230769 0.06971153846153846 0.07572115384615384
0 0.6850961538461539 0.9362980769230769 0.07211538461538461 0.07451923076923077
0 0.6322115384615384 0.8701923076923077 0.08052884615384616 0.0625
0 0.6911057692307693 0.7608173076923077 0.06850961538461539 0.07692307692307693
0 0.7956730769230769 0.8762019230769231 0.09134615384615384 0.09014423076923077
0 0.21033653846153846 0.7896634615384616 0.07211538461538461 0.06490384615384616
0 0.9735576923076923 0.4831730769230769 0.051682692307692304 0.06610576923076923
0 0.2860576923076923 0.3473557692307692 0.08052884615384616 0.06850961538461539
0 0.7331730769230769 0.953125 0.06490384615384616 0.07932692307692307
0 0.08653846153846154 0.04326923076923077 0.09615384615384616 0.08653846153846154
0 0.9699519230769231 0.8677884615384616 0.057692307692307696 0.08653846153846154
0 0.7524038461538461 0.018028846153846152 0.125 0.03485576923076923