0 0.7716346153846154 0.0625 0.06009615384615385 0.09254807692307693
0 0.7019230769230769 0.04567307692307692 0.055288461538461536 0.09134615384615384
0 0.9783653846153846 0.04567307692307692 0.038461538461538464 0.09134615384615384
0 0.9194711538461539 0.18990384615384615 0.04927884615384615 0.04567307692307692
0 0.9783653846153846 0.14783653846153846 0.042067307692307696 0.04447115384615385
0 0.24639423076923078 0.027644230769230768 0.03245192307692308 0.055288461538461536
0 0.018028846153846152 0.1201923076923077 0.036057692307692304 0.07091346153846154
0 0.109375 0.13701923076923078 0.0889423076923077 0.1778846153846154
0 0.16346153846153846 0.14543269230769232 0.07091346153846154 0.052884615384615384
0 0.22716346153846154 0.14182692307692307 0.06971153846153846 0.07572115384615384
0 0.47475961538461536 0.20793269230769232 0.06971153846153846 0.11057692307692307
0 0.36778846153846156 0.22956730769230768 0.028846153846153848 0.03125
0 0.4074519230769231 0.28365384615384615 0.026442307692307692 0.04326923076923077
0 0.5733173076923077 0.3125 0.036057692307692304 0.036057692307692304
0 0.6730769230769231 0.30408653846153844 0.042067307692307696 0.057692307692307696
0 0.8966346153846154 0.10576923076923077 0.09615384615384616 0.06370192307692307
0 0.8882211538461539 0.25721153846153844 0.04447115384615385 0.036057692307692304
0 0.8389423076923077 0.23798076923076922 0.052884615384615384 0.040865384615384616
0 0.8858173076923077 0.31009615384615385 0.07932692307692307 0.03485576923076923
0 0.016826923076923076 0.3233173076923077 0.03365384615384615 0.040865384615384616
0 0.2620192307692308 0.2824519230769231 0.078125 0.1310096153846154
0 0.22355769230769232 0.26802884615384615 0.05048076923076923 0.06370192307692307
0 0.16706730769230768 0.25240384615384615 0.0889423076923077 0.11658653846153846
0 0.4579326923076923 0.27403846153846156 0.038461538461538464 0.046875
0 0.7139423076923077 0.4651442307692308 0.030048076923076924 0.03125
0 0.15745192307692307 0.36538461538461536 0.046875 0.109375
0 0.20432692307692307 0.3762019230769231 0.07091346153846154 0.04447115384615385
0 0.19230769230769232 0.47475961538461536 0.04927884615384615 0.04927884615384615
0 0.34134615384615385 0.4423076923076923 0.0625 0.03125
0 0.5336538461538461 0.515625 0.052884615384615384 0.046875
0 0.5168269230769231 0.5949519230769231 0.026442307692307692 0.06610576923076923
0 0.3004807692307692 0.5649038461538461 0.13221153846153846 0.04447115384615385
0 0.22716346153846154 0.6310096153846154 0.038461538461538464 0.0733173076923077
0 0.4230769230769231 0.43509615384615385 0.125 0.08413461538461539
0 0.052884615384615384 0.5168269230769231 0.0625 0.03485576923076923
0 0.7331730769230769 0.6418269230769231 0.07932692307692307 0.040865384615384616
0 0.1141826923076923 0.5973557692307693 0.10817307692307693 0.0733173076923077
0 0.12740384615384615 0.6814903846153846 0.055288461538461536 0.23197115384615385
0 0.08052884615384616 0.7608173076923077 0.036057692307692304 0.09975961538461539
0 0.20793269230769232 0.7271634615384616 0.11177884615384616 0.07572115384615384
0 0.27163461538461536 0.7632211538461539 0.042067307692307696 0.04927884615384615
0 0.8365384615384616 0.5949519230769231 0.04447115384615385 0.125
0 0.609375 0.7055288461538461 0.052884615384615384 0.04447115384615385
0 0.7331730769230769 0.8365384615384616 0.052884615384615384 0.09375
0 0.65625 0.7439903846153846 0.057692307692307696 0.09134615384615384
0 0.26802884615384615 0.8497596153846154 0.12740384615384615 0.1466346153846154
0 0.36538461538461536 0.7764423076923077 0.1502403846153846 0.15144230769230768
0 0.3713942307692308 0.8257211538461539 0.13822115384615385 0.08533653846153846
0 0.5961538461538461 0.8173076923076923 0.07451923076923077 0.08413461538461539
0 0.2620192307692308 0.9134615384615384 0.08533653846153846 0.07091346153846154
0 0.78125 0.9423076923076923 0.09495192307692307 0.1141826923076923
0 0.6322115384615384 0.9591346153846154 0.0625 0.057692307692307696
0 0.6778846153846154 0.8942307692307693 0.04447115384615385 0.17548076923076922
0 0.29447115384615385 0.9927884615384616 0.04447115384615385 0.013221153846153846
0 0.40625 0.859375 0.018028846153846152 0.026442307692307692
0 0.8689903846153846 0.14783653846153846 0.05048076923076923 0.04447115384615385
0 0.7860576923076923 0.007211538461538462 0.039663461538461536 0.013221153846153846