0 0.7704326923076923 0.6310096153846154 0.11177884615384616 0.1141826923076923
0 0.5456730769230769 0.8329326923076923 0.13701923076923078 0.10096153846153846
0 0.1310096153846154 0.9411057692307693 0.10096153846153846 0.08533653846153846
0 0.8076923076923077 0.16346153846153846 0.05889423076923077 0.11778846153846154
0 0.9194711538461539 0.6334134615384616 0.14423076923076922 0.17548076923076922
0 0.07932692307692307 0.4050480769230769 0.06009615384615385 0.06490384615384616
0 0.5793269230769231 0.6646634615384616 0.05889423076923077 0.07932692307692307
0 0.6742788461538461 0.3173076923076923 0.14302884615384615 0.15144230769230768
0 0.4206730769230769 0.4495192307692308 0.15745192307692307 0.10697115384615384
0 0.609375 0.16346153846153846 0.13581730769230768 0.11177884615384616
0 0.4795673076923077 0.2848557692307692 0.07572115384615384 0.17307692307692307
0 0.5913461538461539 0.46634615384615385 0.08173076923076923 0.0829326923076923
0 0.12379807692307693 0.5721153846153846 0.11298076923076923 0.12980769230769232
0 0.9723557692307693 0.10216346153846154 0.05048076923076923 0.09134615384615384
0 0.2644230769230769 0.7740384615384616 0.09134615384615384 0.25841346153846156
0 0.30528846153846156 0.7139423076923077 0.11177884615384616 0.08653846153846154
0 0.25841346153846156 0.32211538461538464 0.18028846153846154 0.09975961538461539
0 0.6165865384615384 0.06850961538461539 0.10216346153846154 0.10576923076923077
0 0.1141826923076923 0.6478365384615384 0.18269230769230768 0.18990384615384615
0 0.12620192307692307 0.3173076923076923 0.2091346153846154 0.13942307692307693