0 0.1875 0.6670673076923077 0.10096153846153846 0.11538461538461539
0 0.9579326923076923 0.015625 0.0829326923076923 0.030048076923076924
0 0.1346153846153846 0.27163461538461536 0.11778846153846154 0.07091346153846154
0 0.9098557692307693 0.078125 0.15384615384615385 0.08653846153846154
0 0.22716346153846154 0.037259615384615384 0.06490384615384616 0.07451923076923077
0 0.08052884615384616 0.23677884615384615 0.11298076923076923 0.11538461538461539
0 0.22716346153846154 0.2536057692307692 0.09014423076923077 0.04807692307692308
0 0.25600961538461536 0.36177884615384615 0.09254807692307693 0.08653846153846154
0 0.04567307692307692 0.5108173076923077 0.09134615384615384 0.055288461538461536
0 0.9495192307692307 0.11057692307692307 0.06490384615384616 0.07211538461538461
0 0.027644230769230768 0.7247596153846154 0.055288461538461536 0.10096153846153846