0 0.7103365384615384 0.484375 0.0673076923076923 0.046875
0 0.6117788461538461 0.4014423076923077 0.06610576923076923 0.04447115384615385
0 0.040865384615384616 0.38221153846153844 0.08173076923076923 0.0625
0 0.8870192307692307 0.07572115384615384 0.11899038461538461 0.04447115384615385
0 0.021634615384615384 0.20793269230769232 0.04326923076923077 0.055288461538461536
0 0.6538461538461539 0.6177884615384616 0.09014423076923077 0.055288461538461536
0 0.9338942307692307 0.6274038461538461 0.12740384615384615 0.04927884615384615
0 0.8762019230769231 0.36899038461538464 0.1141826923076923 0.06971153846153846
0 0.6899038461538461 0.9266826923076923 0.11177884615384616 0.0829326923076923
0 0.09134615384615384 0.20072115384615385 0.0985576923076923 0.09975961538461539
0 0.90625 0.4651442307692308 0.11538461538461539 0.04447115384615385
0 0.921875 0.18028846153846154 0.10697115384615384 0.08052884615384616
0 0.16466346153846154 0.051682692307692304 0.14783653846153846 0.06370192307692307
0 0.7319711538461539 0.6358173076923077 0.0829326923076923 0.057692307692307696
0 0.028846153846153848 0.030048076923076924 0.057692307692307696 0.06009615384615385
0 0.6778846153846154 0.5480769230769231 0.12259615384615384 0.052884615384615384
0 0.9723557692307693 0.7572115384615384 0.054086538461538464 0.07091346153846154
0 0.8689903846153846 0.8173076923076923 0.09615384615384616 0.1045673076923077
0 0.8990384615384616 0.03485576923076923 0.1201923076923077 0.06971153846153846
0 0.9615384615384616 0.5264423076923077 0.07211538461538461 0.04927884615384615
0 0.7788461538461539 0.7548076923076923 0.10697115384615384 0.07211538461538461
0 0.8990384615384616 0.9615384615384616 0.1310096153846154 0.07572115384615384
0 0.9579326923076923 0.8088942307692307 0.08052884615384616 0.09014423076923077
0 0.6850961538461539 0.765625 0.09735576923076923 0.09615384615384616
0 0.9447115384615384 0.671875 0.109375 0.051682692307692304