0 0.3737980769230769 0.07211538461538461 0.06490384615384616 0.07091346153846154
0 0.45913461538461536 0.3137019230769231 0.07572115384615384 0.109375
0 0.7896634615384616 0.4951923076923077 0.08052884615384616 0.06370192307692307
0 0.12139423076923077 0.9206730769230769 0.06610576923076923 0.10817307692307693
0 0.8545673076923077 0.39302884615384615 0.11778846153846154 0.09375
0 0.8016826923076923 0.21754807692307693 0.11778846153846154 0.078125
0 0.609375 0.5276442307692307 0.07932692307692307 0.07572115384615384
0 0.32572115384615385 0.4423076923076923 0.06009615384615385 0.0829326923076923
0 0.8713942307692307 0.7620192307692307 0.07572115384615384 0.039663461538461536
0 0.8100961538461539 0.6610576923076923 0.11658653846153846 0.0733173076923077
0 0.9134615384615384 0.06009615384615385 0.08413461538461539 0.11899038461538461
0 0.5480769230769231 0.7331730769230769 0.08653846153846154 0.08653846153846154
0 0.9579326923076923 0.15264423076923078 0.08173076923076923 0.10216346153846154
0 0.1141826923076923 0.038461538461538464 0.09615384615384616 0.0733173076923077
0 0.45552884615384615 0.20432692307692307 0.08774038461538461 0.1310096153846154
0 0.07932692307692307 0.5805288461538461 0.06610576923076923 0.06971153846153846
0 0.7307692307692307 0.8545673076923077 0.18509615384615385 0.0673076923076923
0 0.8918269230769231 0.28365384615384615 0.10096153846153846 0.10096153846153846
0 0.8305288461538461 0.9711538461538461 0.07572115384615384 0.055288461538461536
0 0.6526442307692307 0.4074519230769231 0.10817307692307693 0.06370192307692307
0 0.4098557692307692 0.9855769230769231 0.07572115384615384 0.027644230769230768
0 0.44350961538461536 0.4206730769230769 0.09014423076923077 0.08533653846153846
0 0.5204326923076923 0.8605769230769231 0.07211538461538461 0.06490384615384616
0 0.31009615384615385 0.1045673076923077 0.11177884615384616 0.09975961538461539
0 0.028846153846153848 0.16466346153846154 0.056490384615384616 0.10096153846153846