0 0.5877403846153846 0.4891826923076923 0.06009615384615385 0.18269230769230768
0 0.6213942307692307 0.36899038461538464 0.055288461538461536 0.15144230769230768
0 0.7512019230769231 0.4891826923076923 0.054086538461538464 0.30288461538461536
0 0.8461538461538461 0.59375 0.03245192307692308 0.16947115384615385
0 0.3786057692307692 0.5805288461538461 0.052884615384615384 0.16346153846153846
0 0.42908653846153844 0.4483173076923077 0.0625 0.09254807692307693
0 0.42427884615384615 0.5576923076923077 0.04326923076923077 0.12860576923076922
0 0.36538461538461536 0.5492788461538461 0.06610576923076923 0.12740384615384615
0 0.25600961538461536 0.5853365384615384 0.14182692307692307 0.125
0 0.15865384615384615 0.6658653846153846 0.052884615384615384 0.14302884615384615
0 0.21875 0.4987980769230769 0.13581730769230768 0.17548076923076922
0 0.22115384615384615 0.5324519230769231 0.07451923076923077 0.10697115384615384
0 0.3425480769230769 0.42788461538461536 0.05889423076923077 0.0733173076923077
0 0.3425480769230769 0.28125 0.06009615384615385 0.11177884615384616
0 0.41466346153846156 0.27163461538461536 0.078125 0.1310096153846154
0 0.47596153846153844 0.19951923076923078 0.04927884615384615 0.08413461538461539
0 0.40625 0.21153846153846154 0.027644230769230768 0.06850961538461539
0 0.2091346153846154 0.2920673076923077 0.11057692307692307 0.07692307692307693
0 0.0673076923076923 0.5108173076923077 0.06971153846153846 0.15144230769230768
0 0.051682692307692304 0.6069711538461539 0.0733173076923077 0.0985576923076923
0 0.26802884615384615 0.140625 0.07451923076923077 0.10216346153846154
0 0.13701923076923078 0.2644230769230769 0.13822115384615385 0.1658653846153846
0 0.09134615384615384 0.20192307692307693 0.06850961538461539 0.06971153846153846
0 0.01201923076923077 0.21634615384615385 0.02403846153846154 0.09375
0 0.47115384615384615 0.03245192307692308 0.12379807692307693 0.06490384615384616
0 0.07932692307692307 0.06610576923076923 0.140625 0.13221153846153846
0 0.20552884615384615 0.03365384615384615 0.1045673076923077 0.0673076923076923
0 0.2668269230769231 0.0733173076923077 0.12379807692307693 0.14543269230769232
0 0.7139423076923077 0.028846153846153848 0.046875 0.056490384615384616
0 0.8161057692307693 0.028846153846153848 0.03365384615384615 0.056490384615384616
0 0.875 0.03365384615384615 0.040865384615384616 0.06610576923076923
0 0.7632211538461539 0.22355769230769232 0.03365384615384615 0.12379807692307693
0 0.8064903846153846 0.2668269230769231 0.054086538461538464 0.2403846153846154
0 0.9362980769230769 0.234375 0.037259615384615384 0.15745192307692307
0 0.9639423076923077 0.359375 0.04927884615384615 0.1502403846153846
0 0.8858173076923077 0.5024038461538461 0.042067307692307696 0.11778846153846154
0 0.59375 0.8173076923076923 0.03365384615384615 0.09615384615384616
0 0.4879807692307692 0.9254807692307693 0.06009615384615385 0.13822115384615385
0 0.40384615384615385 0.9206730769230769 0.06971153846153846 0.15625
0 0.3076923076923077 0.8942307692307693 0.04567307692307692 0.20793269230769232
0 0.21754807692307693 0.8377403846153846 0.057692307692307696 0.13942307692307693
0 0.19831730769230768 0.8197115384615384 0.09254807692307693 0.11778846153846154
0 0.8737980769230769 0.9266826923076923 0.046875 0.13942307692307693
0 0.6742788461538461 0.9663461538461539 0.07451923076923077 0.05889423076923077
0 0.040865384615384616 0.890625 0.08052884615384616 0.15865384615384615
0 0.056490384615384616 0.7295673076923077 0.06610576923076923 0.0733173076923077
0 0.6694711538461539 0.7295673076923077 0.03365384615384615 0.04927884615384615
0 0.24278846153846154 0.8894230769230769 0.055288461538461536 0.08052884615384616
0 0.25240384615384615 0.9639423076923077 0.0625 0.07091346153846154
0 0.5588942307692307 0.9819711538461539 0.036057692307692304 0.03365384615384615
0 0.9867788461538461 0.46153846153846156 0.02403846153846154 0.08533653846153846
0 0.8461538461538461 0.04326923076923077 0.03485576923076923 0.08653846153846154
0 0.04447115384615385 0.030048076923076924 0.0889423076923077 0.06009615384615385
0 0.08653846153846154 0.8557692307692307 0.04326923076923077 0.054086538461538464
0 0.35697115384615385 0.9723557692307693 0.046875 0.054086538461538464