0 0.9086538461538461 0.7608173076923077 0.055288461538461536 0.04927884615384615
0 0.057692307692307696 0.08653846153846154 0.08052884615384616 0.040865384615384616
0 0.8028846153846154 0.18990384615384615 0.04927884615384615 0.07692307692307693
0 0.8966346153846154 0.37740384615384615 0.039663461538461536 0.0733173076923077
0 0.3641826923076923 0.21875 0.04447115384615385 0.038461538461538464
0 0.8341346153846154 0.9891826923076923 0.04567307692307692 0.020432692307692308
0 0.7151442307692307 0.8629807692307693 0.06370192307692307 0.055288461538461536
0 0.5324519230769231 0.6033653846153846 0.11177884615384616 0.052884615384615384
0 0.546875 0.8365384615384616 0.054086538461538464 0.078125
0 0.37740384615384615 0.40625 0.0673076923076923 0.03485576923076923
0 0.47836538461538464 0.6322115384615384 0.06971153846153846 0.07211538461538461
0 0.5805288461538461 0.7944711538461539 0.06971153846153846 0.03245192307692308
0 0.6322115384615384 0.0733173076923077 0.04927884615384615 0.09254807692307693
0 0.5012019230769231 0.21634615384615385 0.07572115384615384 0.06129807692307692
0 0.28125 0.07211538461538461 0.07692307692307693 0.040865384615384616
0 0.1045673076923077 0.6382211538461539 0.06370192307692307 0.055288461538461536
0 0.8978365384615384 0.8641826923076923 0.040865384615384616 0.07572115384615384
0 0.8617788461538461 0.5649038461538461 0.06971153846153846 0.07091346153846154
0 0.984375 0.027644230769230768 0.026442307692307692 0.055288461538461536
0 0.8088942307692307 0.9230769230769231 0.06610576923076923 0.03245192307692308
0 0.6838942307692307 0.20793269230769232 0.07932692307692307 0.055288461538461536
0 0.6490384615384616 0.21995192307692307 0.055288461538461536 0.08413461538461539
0 0.22355769230769232 0.8665865384615384 0.06971153846153846 0.05048076923076923
0 0.6790865384615384 0.03485576923076923 0.06490384615384616 0.06971153846153846
0 0.17427884615384615 0.6514423076923077 0.09134615384615384 0.057692307692307696
0 0.890625 0.6706730769230769 0.08533653846153846 0.0625
0 0.09134615384615384 0.05048076923076923 0.05889423076923077 0.054086538461538464
0 0.9170673076923077 0.5216346153846154 0.028846153846153848 0.08653846153846154
0 0.22956730769230768 0.9555288461538461 0.046875 0.038461538461538464
0 0.11778846153846154 0.1310096153846154 0.04927884615384615 0.11899038461538461
0 0.6237980769230769 0.8305288461538461 0.055288461538461536 0.03485576923076923
0 0.24879807692307693 0.5829326923076923 0.11658653846153846 0.04567307692307692
0 0.10336538461538461 0.03125 0.0733173076923077 0.06009615384615385
0 0.7415865384615384 0.7175480769230769 0.05889423076923077 0.03365384615384615
0 0.5637019230769231 0.984375 0.052884615384615384 0.020432692307692308
0 0.375 0.27403846153846156 0.06009615384615385 0.056490384615384616
0 0.03245192307692308 0.5288461538461539 0.06490384615384616 0.07572115384615384
0 0.8233173076923077 0.5060096153846154 0.055288461538461536 0.054086538461538464
0 0.15865384615384615 0.21514423076923078 0.14783653846153846 0.04447115384615385
0 0.6947115384615384 0.7860576923076923 0.07211538461538461 0.08052884615384616
0 0.028846153846153848 0.7475961538461539 0.057692307692307696 0.04447115384615385
0 0.05048076923076923 0.3449519230769231 0.06009615384615385 0.057692307692307696
0 0.056490384615384616 0.8509615384615384 0.08774038461538461 0.06490384615384616
0 0.296875 0.6298076923076923 0.06490384615384616 0.046875
0 0.7091346153846154 0.6129807692307693 0.07692307692307693 0.03485576923076923
0 0.9555288461538461 0.6826923076923077 0.037259615384615384 0.055288461538461536
0 0.7608173076923077 0.037259615384615384 0.052884615384615384 0.07091346153846154
0 0.390625 0.9567307692307693 0.057692307692307696 0.04807692307692308
0 0.9350961538461539 0.028846153846153848 0.08052884615384616 0.055288461538461536
0 0.3293269230769231 0.19831730769230768 0.025240384615384616 0.10096153846153846
0 0.984375 0.23317307692307693 0.030048076923076924 0.08533653846153846
0 0.390625 0.18389423076923078 0.08653846153846154 0.09014423076923077
0 0.9747596153846154 0.9507211538461539 0.04927884615384615 0.04447115384615385
0 0.171875 0.026442307692307692 0.06490384615384616 0.04447115384615385
0 0.03365384615384615 0.6694711538461539 0.06610576923076923 0.04447115384615385
0 0.49158653846153844 0.18629807692307693 0.054086538461538464 0.06850961538461539
0 0.5637019230769231 0.9122596153846154 0.04927884615384615 0.0733173076923077
0 0.14903846153846154 0.9543269230769231 0.06850961538461539 0.039663461538461536
0 0.46153846153846156 0.3701923076923077 0.05048076923076923 0.04927884615384615
0 0.33052884615384615 0.7716346153846154 0.0625 0.05048076923076923
0 0.6814903846153846 0.37740384615384615 0.046875 0.055288461538461536
0 0.7115384615384616 0.671875 0.04807692307692308 0.06009615384615385
0 0.5024038461538461 0.5528846153846154 0.06610576923076923 0.07692307692307693
0 0.49158653846153844 0.984375 0.07572115384615384 0.028846153846153848
0 0.8365384615384616 0.1201923076923077 0.11298076923076923 0.06971153846153846
0 0.08774038461538461 0.5036057692307693 0.0829326923076923 0.0625
0 0.7247596153846154 0.15144230769230768 0.06610576923076923 0.09615384615384616
0 0.5913461538461539 0.9567307692307693 0.06971153846153846 0.04326923076923077
0 0.1814903846153846 0.28966346153846156 0.06971153846153846 0.05889423076923077
0 0.8064903846153846 0.28846153846153844 0.06129807692307692 0.06610576923076923
0 0.4879807692307692 0.24759615384615385 0.06490384615384616 0.0625
0 0.8233173076923077 0.24158653846153846 0.06610576923076923 0.06850961538461539
0 0.9122596153846154 0.9639423076923077 0.08533653846153846 0.03365384615384615
0 0.22235576923076922 0.4879807692307692 0.08413461538461539 0.06971153846153846
0 0.46875 0.8942307692307693 0.06490384615384616 0.08413461538461539