0 0.051682692307692304 0.038461538461538464 0.055288461538461536 0.06129807692307692
0 0.010817307692307692 0.03245192307692308 0.020432692307692308 0.057692307692307696
0 0.21875 0.109375 0.042067307692307696 0.026442307692307692
0 0.53125 0.018028846153846152 0.04927884615384615 0.03485576923076923
0 0.6286057692307693 0.03125 0.04807692307692308 0.055288461538461536
0 0.6850961538461539 0.013221153846153846 0.08413461538461539 0.025240384615384616
0 0.8197115384615384 0.13341346153846154 0.1310096153846154 0.1045673076923077
0 0.8509615384615384 0.16346153846153846 0.056490384615384616 0.19230769230769232
0 0.7764423076923077 0.17908653846153846 0.05048076923076923 0.04927884615384615
0 0.8016826923076923 0.25 0.06610576923076923 0.055288461538461536
0 0.4387019230769231 0.11298076923076923 0.030048076923076924 0.04326923076923077
0 0.4795673076923077 0.1814903846153846 0.05048076923076923 0.056490384615384616
0 0.5336538461538461 0.2956730769230769 0.09375 0.0829326923076923
0 0.6430288461538461 0.4098557692307692 0.0625 0.05048076923076923
0 0.7379807692307693 0.39783653846153844 0.0673076923076923 0.10697115384615384
0 0.8245192307692307 0.35096153846153844 0.046875 0.038461538461538464
0 0.953125 0.3713942307692308 0.08774038461538461 0.0673076923076923
0 0.9350961538461539 0.052884615384615384 0.12860576923076922 0.06850961538461539
0 0.8197115384615384 0.04447115384615385 0.05889423076923077 0.07451923076923077
0 0.21754807692307693 0.31971153846153844 0.06009615384615385 0.06009615384615385
0 0.2956730769230769 0.4326923076923077 0.05048076923076923 0.06610576923076923
0 0.1201923076923077 0.4951923076923077 0.078125 0.057692307692307696
0 0.16947115384615385 0.6069711538461539 0.040865384615384616 0.06490384615384616
0 0.28365384615384615 0.609375 0.037259615384615384 0.04447115384615385
0 0.31490384615384615 0.6442307692307693 0.0673076923076923 0.04567307692307692
0 0.3641826923076923 0.5625 0.04927884615384615 0.06009615384615385
0 0.078125 0.8449519230769231 0.055288461538461536 0.07692307692307693
0 0.020432692307692308 0.84375 0.040865384615384616 0.052884615384615384
0 0.03125 0.7007211538461539 0.06129807692307692 0.109375
0 0.8052884615384616 0.8040865384615384 0.052884615384615384 0.04447115384615385
0 0.8581730769230769 0.8064903846153846 0.0673076923076923 0.04567307692307692
0 0.7079326923076923 0.8016826923076923 0.07572115384615384 0.038461538461538464
0 0.7884615384615384 0.8882211538461539 0.07211538461538461 0.06490384615384616
0 0.5348557692307693 0.8954326923076923 0.0625 0.08052884615384616
0 0.5048076923076923 0.6838942307692307 0.07932692307692307 0.09735576923076923
0 0.6899038461538461 0.6670673076923077 0.055288461538461536 0.07572115384615384
0 0.7331730769230769 0.6923076923076923 0.051682692307692304 0.06971153846153846
0 0.7451923076923077 0.5240384615384616 0.07692307692307693 0.06009615384615385
0 0.8509615384615384 0.5132211538461539 0.040865384615384616 0.04927884615384615
0 0.9086538461538461 0.47115384615384615 0.08533653846153846 0.046875
0 0.7319711538461539 0.2704326923076923 0.04326923076923077 0.06129807692307692
0 0.328125 0.9471153846153846 0.06370192307692307 0.08052884615384616
0 0.24519230769230768 0.8641826923076923 0.03365384615384615 0.03245192307692308
0 0.9399038461538461 0.7884615384615384 0.11778846153846154 0.08052884615384616
0 0.8701923076923077 0.6790865384615384 0.0829326923076923 0.07692307692307693
0 0.8076923076923077 0.6213942307692307 0.037259615384615384 0.038461538461538464
0 0.43028846153846156 0.8978365384615384 0.04807692307692308 0.06971153846153846
0 0.36538461538461536 0.7824519230769231 0.03365384615384615 0.03365384615384615
0 0.40384615384615385 0.21875 0.028846153846153848 0.03245192307692308
0 0.984375 0.9579326923076923 0.02283653846153846 0.06490384615384616
0 0.0625 0.9555288461538461 0.04927884615384615 0.08653846153846154
0 0.2920673076923077 0.2860576923076923 0.037259615384615384 0.02283653846153846