0 0.43509615384615385 0.47596153846153844 0.09615384615384616 0.08653846153846154
0 0.12740384615384615 0.2704326923076923 0.1658653846153846 0.09254807692307693
0 0.46875 0.7980769230769231 0.10697115384615384 0.11298076923076923
0 0.19230769230769232 0.8341346153846154 0.3389423076923077 0.11177884615384616
0 0.4326923076923077 0.06971153846153846 0.0889423076923077 0.07451923076923077
0 0.0673076923076923 0.9206730769230769 0.08653846153846154 0.08413461538461539
0 0.5264423076923077 0.12980769230769232 0.09134615384615384 0.07572115384615384
0 0.5913461538461539 0.625 0.10336538461538461 0.08533653846153846
0 0.6875 0.5420673076923077 0.0829326923076923 0.12740384615384615
0 0.12259615384615384 0.6586538461538461 0.16947115384615385 0.11298076923076923
0 0.8930288461538461 0.5649038461538461 0.09375 0.09975961538461539
0 0.6430288461538461 0.7716346153846154 0.10336538461538461 0.13701923076923078
0 0.5661057692307693 0.078125 0.11057692307692307 0.07211538461538461
0 0.9050480769230769 0.04927884615384615 0.10336538461538461 0.0985576923076923
0 0.03485576923076923 0.3125 0.06971153846153846 0.12259615384615384
0 0.7151442307692307 0.9675480769230769 0.12259615384615384 0.06009615384615385
0 0.5 0.28125 0.07932692307692307 0.14182692307692307
0 0.4338942307692308 0.32091346153846156 0.09134615384615384 0.09975961538461539
0 0.43509615384615385 0.3858173076923077 0.14302884615384615 0.09495192307692307
0 0.96875 0.39302884615384615 0.042067307692307696 0.15985576923076922
0 0.04567307692307692 0.5552884615384616 0.09134615384615384 0.12139423076923077
0 0.7043269230769231 0.13221153846153846 0.14182692307692307 0.09134615384615384
0 0.7055288461538461 0.390625 0.06009615384615385 0.07572115384615384
0 0.44471153846153844 0.5456730769230769 0.17668269230769232 0.07572115384615384