0 0.53125 0.5396634615384616 0.02403846153846154 0.055288461538461536
0 0.6754807692307693 0.7788461538461539 0.07932692307692307 0.04927884615384615
0 0.49399038461538464 0.7367788461538461 0.06009615384615385 0.030048076923076924
0 0.4579326923076923 0.7692307692307693 0.04927884615384615 0.03125
0 0.38221153846153844 0.9074519230769231 0.06971153846153846 0.0829326923076923
0 0.33413461538461536 0.6971153846153846 0.09615384615384616 0.038461538461538464
0 0.296875 0.6706730769230769 0.021634615384615384 0.02283653846153846
0 0.16947115384615385 0.5492788461538461 0.109375 0.11177884615384616
0 0.47836538461538464 0.36778846153846156 0.05048076923076923 0.0625
0 0.6105769230769231 0.4483173076923077 0.020432692307692308 0.036057692307692304
0 0.6201923076923077 0.4855769230769231 0.03365384615384615 0.08173076923076923
0 0.5805288461538461 0.7367788461538461 0.04447115384615385 0.036057692307692304
0 0.18870192307692307 0.625 0.051682692307692304 0.028846153846153848
0 0.4026442307692308 0.5372596153846154 0.042067307692307696 0.051682692307692304
0 0.3629807692307692 0.47716346153846156 0.03365384615384615 0.04807692307692308
0 0.38221153846153844 0.5192307692307693 0.028846153846153848 0.028846153846153848
0 0.41947115384615385 0.4675480769230769 0.03365384615384615 0.04326923076923077