0 0.9807692307692307 0.10336538461538461 0.036057692307692304 0.055288461538461536
0 0.9819711538461539 0.18028846153846154 0.03125 0.04326923076923077
0 0.875 0.21634615384615385 0.03365384615384615 0.04447115384615385
0 0.7295673076923077 0.21875 0.038461538461538464 0.036057692307692304
0 0.4891826923076923 0.2127403846153846 0.028846153846153848 0.03365384615384615
0 0.5012019230769231 0.1814903846153846 0.03365384615384615 0.036057692307692304
0 0.5084134615384616 0.27884615384615385 0.04447115384615385 0.03245192307692308
0 0.8149038461538461 0.2704326923076923 0.039663461538461536 0.03365384615384615
0 0.7704326923076923 0.2776442307692308 0.03485576923076923 0.040865384615384616
0 0.640625 0.203125 0.02283653846153846 0.03365384615384615
0 0.6213942307692307 0.19110576923076922 0.03365384615384615 0.06490384615384616
0 0.7295673076923077 0.28725961538461536 0.04447115384615385 0.038461538461538464
0 0.6754807692307693 0.30649038461538464 0.042067307692307696 0.04326923076923077
0 0.6478365384615384 0.27884615384615385 0.038461538461538464 0.037259615384615384
0 0.6177884615384616 0.3125 0.026442307692307692 0.03245192307692308
0 0.7788461538461539 0.4050480769230769 0.03365384615384615 0.03365384615384615
0 0.6334134615384616 0.43990384615384615 0.03365384615384615 0.03365384615384615
0 0.9579326923076923 0.3329326923076923 0.028846153846153848 0.026442307692307692
0 0.8786057692307693 0.5132211538461539 0.039663461538461536 0.046875
0 0.7487980769230769 0.8581730769230769 0.03485576923076923 0.037259615384615384
0 0.9254807692307693 0.8822115384615384 0.027644230769230768 0.025240384615384616
0 0.8870192307692307 0.9795673076923077 0.040865384615384616 0.030048076923076924
0 0.8233173076923077 0.9747596153846154 0.02403846153846154 0.038461538461538464
0 0.7524038461538461 0.96875 0.03365384615384615 0.042067307692307696
0 0.6646634615384616 0.9663461538461539 0.037259615384615384 0.03485576923076923
0 0.3557692307692308 0.20793269230769232 0.028846153846153848 0.038461538461538464
0 0.31490384615384615 0.20673076923076922 0.05889423076923077 0.03365384615384615
0 0.28125 0.2692307692307692 0.03365384615384615 0.03485576923076923
0 0.21514423076923078 0.17427884615384615 0.036057692307692304 0.037259615384615384
0 0.0985576923076923 0.22716346153846154 0.040865384615384616 0.028846153846153848
0 0.06009615384615385 0.06009615384615385 0.06610576923076923 0.04807692307692308
0 0.13701923076923078 0.3389423076923077 0.038461538461538464 0.028846153846153848
0 0.15865384615384615 0.39663461538461536 0.039663461538461536 0.03245192307692308
0 0.17908653846153846 0.4387019230769231 0.03485576923076923 0.030048076923076924
0 0.2920673076923077 0.3545673076923077 0.04807692307692308 0.039663461538461536
0 0.2956730769230769 0.38822115384615385 0.042067307692307696 0.02403846153846154
0 0.38461538461538464 0.34375 0.04447115384615385 0.018028846153846152
0 0.4098557692307692 0.3737980769230769 0.03125 0.018028846153846152
0 0.3786057692307692 0.35697115384615385 0.04807692307692308 0.018028846153846152
0 0.20552884615384615 0.7223557692307693 0.040865384615384616 0.03245192307692308
0 0.14543269230769232 0.796875 0.028846153846153848 0.028846153846153848
0 0.49759615384615385 0.8052884615384616 0.039663461538461536 0.03485576923076923
0 0.5576923076923077 0.9891826923076923 0.03245192307692308 0.018028846153846152
0 0.5336538461538461 0.9278846153846154 0.028846153846153848 0.027644230769230768
0 0.5420673076923077 0.8725961538461539 0.026442307692307692 0.028846153846153848
0 0.35336538461538464 0.8641826923076923 0.03125 0.03125
0 0.38341346153846156 0.8689903846153846 0.030048076923076924 0.042067307692307696
0 0.2800480769230769 0.9158653846153846 0.038461538461538464 0.036057692307692304
0 0.22235576923076922 0.9146634615384616 0.037259615384615384 0.03245192307692308
0 0.16947115384615385 0.9615384615384616 0.03125 0.027644230769230768
0 0.21995192307692307 0.9459134615384616 0.04927884615384615 0.038461538461538464
0 0.030048076923076924 0.9639423076923077 0.02403846153846154 0.028846153846153848
0 0.7560096153846154 0.007211538461538462 0.027644230769230768 0.014423076923076924
0 0.4098557692307692 0.3737980769230769 0.026442307692307692 0.020432692307692308