0 0.9170673076923077 0.13221153846153846 0.06490384615384616 0.05889423076923077
0 0.8004807692307693 0.020432692307692308 0.08653846153846154 0.039663461538461536
0 0.25 0.2644230769230769 0.0985576923076923 0.09615384615384616
0 0.3088942307692308 0.8725961538461539 0.07692307692307693 0.07211538461538461
0 0.05048076923076923 0.41225961538461536 0.08653846153846154 0.08533653846153846
0 0.9723557692307693 0.13581730769230768 0.054086538461538464 0.07091346153846154
0 0.5649038461538461 0.1141826923076923 0.0889423076923077 0.07572115384615384
0 0.8401442307692307 0.3942307692307692 0.052884615384615384 0.11057692307692307
0 0.6310096153846154 0.7055288461538461 0.0829326923076923 0.06490384615384616
0 0.44591346153846156 0.8173076923076923 0.06850961538461539 0.0673076923076923
0 0.21394230769230768 0.59375 0.109375 0.11778846153846154
0 0.5324519230769231 0.734375 0.056490384615384616 0.06009615384615385
0 0.7019230769230769 0.8293269230769231 0.0673076923076923 0.15745192307692307
0 0.9447115384615384 0.2920673076923077 0.109375 0.17307692307692307
0 0.052884615384615384 0.9074519230769231 0.1045673076923077 0.08173076923076923
0 0.6899038461538461 0.10216346153846154 0.12740384615384615 0.13822115384615385
0 0.9194711538461539 0.8882211538461539 0.0673076923076923 0.06490384615384616
0 0.4831730769230769 0.8774038461538461 0.07692307692307693 0.12139423076923077
0 0.47115384615384615 0.359375 0.08173076923076923 0.17307692307692307
0 0.46274038461538464 0.6045673076923077 0.06009615384615385 0.08173076923076923
0 0.15384615384615385 0.953125 0.08653846153846154 0.09134615384615384
0 0.3161057692307692 0.23076923076923078 0.08533653846153846 0.09375
0 0.7764423076923077 0.36778846153846156 0.06971153846153846 0.1466346153846154
0 0.7463942307692307 0.5336538461538461 0.055288461538461536 0.10697115384615384
0 0.30408653846153844 0.13341346153846154 0.09375 0.06850961538461539
0 0.027644230769230768 0.4807692307692308 0.055288461538461536 0.04807692307692308
0 0.15504807692307693 0.125 0.06971153846153846 0.055288461538461536
0 0.10096153846153846 0.7512019230769231 0.07572115384615384 0.11899038461538461
0 0.3942307692307692 0.421875 0.03245192307692308 0.04447115384615385
0 0.890625 0.9855769230769231 0.06129807692307692 0.026442307692307692
0 0.8930288461538461 0.07932692307692307 0.056490384615384616 0.054086538461538464
0 0.828125 0.2644230769230769 0.055288461538461536 0.078125
0 0.8846153846153846 0.7572115384615384 0.07692307692307693 0.11177884615384616
0 0.5649038461538461 0.4026442307692308 0.09134615384615384 0.125
0 0.03365384615384615 0.27283653846153844 0.06610576923076923 0.04807692307692308
0 0.9675480769230769 0.43509615384615385 0.06370192307692307 0.06850961538461539
0 0.4014423076923077 0.11538461538461539 0.06370192307692307 0.06009615384615385
0 0.5096153846153846 0.15865384615384615 0.04927884615384615 0.04927884615384615
0 0.7163461538461539 0.9627403846153846 0.08413461538461539 0.0625
0 0.45913461538461536 0.052884615384615384 0.08173076923076923 0.0673076923076923
0 0.24158653846153846 0.7728365384615384 0.07932692307692307 0.09014423076923077
0 0.7716346153846154 0.5949519230769231 0.08173076923076923 0.09134615384615384
0 0.6598557692307693 0.23918269230769232 0.16466346153846154 0.0673076923076923