0 0.3894230769230769 0.3112980769230769 0.08413461538461539 0.13221153846153846
0 0.3545673076923077 0.9471153846153846 0.0673076923076923 0.1045673076923077
0 0.20432692307692307 0.49158653846153844 0.05889423076923077 0.10576923076923077
0 0.9110576923076923 0.65625 0.06129807692307692 0.06971153846153846
0 0.8701923076923077 0.0985576923076923 0.21033653846153846 0.1201923076923077
0 0.2776442307692308 0.9771634615384616 0.07932692307692307 0.04447115384615385
0 0.0673076923076923 0.10216346153846154 0.1141826923076923 0.15504807692307693
0 0.5192307692307693 0.0673076923076923 0.06370192307692307 0.07692307692307693
0 0.4170673076923077 0.025240384615384616 0.054086538461538464 0.04927884615384615
0 0.054086538461538464 0.3858173076923077 0.10817307692307693 0.0985576923076923
0 0.3798076923076923 0.640625 0.05889423076923077 0.06971153846153846
0 0.6875 0.18269230769230768 0.1045673076923077 0.08653846153846154
0 0.14423076923076922 0.07091346153846154 0.21153846153846154 0.07091346153846154
0 0.1201923076923077 0.34134615384615385 0.10817307692307693 0.07692307692307693
0 0.34615384615384615 0.16346153846153846 0.04447115384615385 0.04927884615384615
0 0.49399038461538464 0.7920673076923077 0.07572115384615384 0.16466346153846154
0 0.5805288461538461 0.7103365384615384 0.08173076923076923 0.09014423076923077
0 0.7415865384615384 0.7668269230769231 0.11778846153846154 0.09134615384615384
0 0.8870192307692307 0.8725961538461539 0.04567307692307692 0.05048076923076923
0 0.8473557692307693 0.8353365384615384 0.054086538461538464 0.051682692307692304
0 0.7800480769230769 0.9807692307692307 0.13221153846153846 0.036057692307692304
0 0.23197115384615385 0.8365384615384616 0.0673076923076923 0.09014423076923077
0 0.03485576923076923 0.15985576923076922 0.06971153846153846 0.05889423076923077
0 0.20552884615384615 0.03245192307692308 0.051682692307692304 0.042067307692307696
0 0.8016826923076923 0.9074519230769231 0.14783653846153846 0.09134615384615384
0 0.3112980769230769 0.47596153846153844 0.07572115384615384 0.11658653846153846
0 0.6322115384615384 0.6201923076923077 0.08653846153846154 0.07091346153846154
0 0.3798076923076923 0.43149038461538464 0.07932692307692307 0.13341346153846154
0 0.06129807692307692 0.5060096153846154 0.12259615384615384 0.10697115384615384
0 0.6550480769230769 0.12379807692307693 0.1658653846153846 0.09134615384615384
0 0.5084134615384616 0.14302884615384615 0.04447115384615385 0.046875
0 0.5805288461538461 0.4519230769230769 0.078125 0.1045673076923077
0 0.21875 0.9615384615384616 0.05889423076923077 0.07451923076923077
0 0.8425480769230769 0.3076923076923077 0.18509615384615385 0.16346153846153846
0 0.4230769230769231 0.546875 0.11177884615384616 0.13942307692307693
0 0.5793269230769231 0.8293269230769231 0.0733173076923077 0.06610576923076923
0 0.13581730769230768 0.7692307692307693 0.08533653846153846 0.04326923076923077
0 0.05048076923076923 0.296875 0.10096153846153846 0.055288461538461536
0 0.31850961538461536 0.24158653846153846 0.042067307692307696 0.07932692307692307