0 0.9146634615384616 0.6274038461538461 0.08653846153846154 0.14182692307692307
0 0.6670673076923077 0.47115384615384615 0.08533653846153846 0.078125
0 0.17307692307692307 0.31490384615384615 0.11177884615384616 0.0889423076923077
0 0.5276442307692307 0.025240384615384616 0.07451923076923077 0.05048076923076923
0 0.32211538461538464 0.8293269230769231 0.08533653846153846 0.07572115384615384
0 0.03245192307692308 0.8004807692307693 0.06490384615384616 0.07572115384615384
0 0.22235576923076922 0.11057692307692307 0.08653846153846154 0.15504807692307693
0 0.3641826923076923 0.5709134615384616 0.08533653846153846 0.07932692307692307
0 0.34134615384615385 0.4831730769230769 0.10096153846153846 0.11538461538461539
0 0.5072115384615384 0.5252403846153846 0.078125 0.07451923076923077
0 0.30649038461538464 0.6742788461538461 0.08173076923076923 0.07692307692307693
0 0.09495192307692307 0.6057692307692307 0.06009615384615385 0.10096153846153846
0 0.21033653846153846 0.47115384615384615 0.08052884615384616 0.09134615384615384
0 0.14302884615384615 0.1875 0.10096153846153846 0.09735576923076923
0 0.11658653846153846 0.515625 0.0673076923076923 0.07211538461538461
0 0.14302884615384615 0.09375 0.10697115384615384 0.0625
0 0.8185096153846154 0.3112980769230769 0.08533653846153846 0.08052884615384616
0 0.7992788461538461 0.9290865384615384 0.11177884615384616 0.13822115384615385
0 0.9350961538461539 0.9459134615384616 0.12740384615384615 0.07932692307692307
0 0.4411057692307692 0.6045673076923077 0.07451923076923077 0.08052884615384616
0 0.4879807692307692 0.7127403846153846 0.109375 0.0625
0 0.8197115384615384 0.20432692307692307 0.11298076923076923 0.11177884615384616
0 0.6646634615384616 0.056490384615384616 0.1466346153846154 0.11298076923076923
0 0.7752403846153846 0.7836538461538461 0.08052884615384616 0.11778846153846154
0 0.4375 0.019230769230769232 0.09134615384615384 0.038461538461538464
0 0.8557692307692307 0.11177884615384616 0.171875 0.08774038461538461
0 0.8353365384615384 0.7548076923076923 0.12620192307692307 0.10697115384615384
0 0.027644230769230768 0.5396634615384616 0.055288461538461536 0.07572115384615384
0 0.40024038461538464 0.0985576923076923 0.06370192307692307 0.11658653846153846