0 0.5973557692307693 0.7764423076923077 0.19951923076923078 0.1622596153846154
0 0.31009615384615385 0.5060096153846154 0.13942307692307693 0.06490384615384616
0 0.7475961538461539 0.5769230769230769 0.06490384615384616 0.0889423076923077
0 0.02403846153846154 0.39903846153846156 0.04447115384615385 0.05889423076923077
0 0.6610576923076923 0.7319711538461539 0.06370192307692307 0.07451923076923077
0 0.3954326923076923 0.6514423076923077 0.07211538461538461 0.08653846153846154
0 0.9639423076923077 0.2512019230769231 0.06490384615384616 0.12139423076923077
0 0.10697115384615384 0.12379807692307693 0.08413461538461539 0.0625
0 0.7319711538461539 0.44591346153846156 0.14423076923076922 0.06971153846153846
0 0.421875 0.9146634615384616 0.07692307692307693 0.08774038461538461
0 0.5396634615384616 0.14423076923076922 0.06610576923076923 0.06610576923076923
0 0.03245192307692308 0.6370192307692307 0.06129807692307692 0.07932692307692307
0 0.2824519230769231 0.5552884615384616 0.12740384615384615 0.05048076923076923
0 0.6298076923076923 0.021634615384615384 0.051682692307692304 0.04326923076923077
0 0.27884615384615385 0.9723557692307693 0.10697115384615384 0.052884615384615384
0 0.06009615384615385 0.28125 0.06370192307692307 0.11057692307692307
0 0.5913461538461539 0.5252403846153846 0.09134615384615384 0.08052884615384616
0 0.8737980769230769 0.6610576923076923 0.08653846153846154 0.09735576923076923
0 0.5673076923076923 0.08653846153846154 0.0889423076923077 0.09254807692307693
0 0.7019230769230769 0.16947115384615385 0.11778846153846154 0.10697115384615384
0 0.8389423076923077 0.5132211538461539 0.078125 0.0625
0 0.3016826923076923 0.9074519230769231 0.07091346153846154 0.07451923076923077
0 0.2956730769230769 0.8509615384615384 0.09134615384615384 0.06610576923076923
0 0.7127403846153846 0.34375 0.08413461538461539 0.0889423076923077
0 0.7608173076923077 0.12740384615384615 0.08052884615384616 0.06370192307692307
0 0.9435096153846154 0.03125 0.11177884615384616 0.0625
0 0.21995192307692307 0.026442307692307692 0.07692307692307693 0.052884615384615384
0 0.20192307692307693 0.7800480769230769 0.07211538461538461 0.06610576923076923
0 0.9819711538461539 0.8725961538461539 0.03365384615384615 0.07572115384615384
0 0.4014423076923077 0.22596153846153846 0.08173076923076923 0.14543269230769232
0 0.06009615384615385 0.7367788461538461 0.09975961538461539 0.057692307692307696
0 0.05048076923076923 0.12620192307692307 0.04567307692307692 0.09375
0 0.9747596153846154 0.5108173076923077 0.04927884615384615 0.07932692307692307
0 0.9759615384615384 0.6490384615384616 0.04447115384615385 0.13221153846153846
0 0.06490384615384616 0.038461538461538464 0.06610576923076923 0.07572115384615384
0 0.45552884615384615 0.7956730769230769 0.09254807692307693 0.13221153846153846
0 0.8689903846153846 0.7644230769230769 0.0829326923076923 0.11057692307692307
0 0.1875 0.47596153846153844 0.06490384615384616 0.06129807692307692
0 0.6033653846153846 0.9170673076923077 0.06971153846153846 0.078125
0 0.515625 0.9507211538461539 0.09254807692307693 0.08052884615384616
0 0.8870192307692307 0.9615384615384616 0.08052884615384616 0.07572115384615384
0 0.7572115384615384 0.9302884615384616 0.11778846153846154 0.10817307692307693
0 0.6670673076923077 0.9254807692307693 0.07091346153846154 0.06129807692307692
0 0.3798076923076923 0.8509615384615384 0.06971153846153846 0.06490384615384616
0 0.10817307692307693 0.23076923076923078 0.0673076923076923 0.15745192307692307
0 0.1141826923076923 0.8052884615384616 0.06971153846153846 0.07572115384615384