0 0.038461538461538464 0.6971153846153846 0.0673076923076923 0.09975961538461539
0 0.23677884615384615 0.3713942307692308 0.07692307692307693 0.06610576923076923
0 0.38341346153846156 0.9447115384615384 0.09615384615384616 0.10697115384615384
0 0.026442307692307692 0.8100961538461539 0.04927884615384615 0.08774038461538461
0 0.0985576923076923 0.8209134615384616 0.10697115384615384 0.1778846153846154
0 0.037259615384615384 0.07572115384615384 0.06971153846153846 0.14783653846153846
0 0.24879807692307693 0.6033653846153846 0.11298076923076923 0.12259615384615384
0 0.7043269230769231 0.5540865384615384 0.10697115384615384 0.11057692307692307
0 0.125 0.9627403846153846 0.11538461538461539 0.07211538461538461
0 0.09495192307692307 0.28125 0.09975961538461539 0.13822115384615385
0 0.15745192307692307 0.07572115384615384 0.1141826923076923 0.1466346153846154
0 0.055288461538461536 0.46274038461538464 0.10697115384615384 0.14302884615384615
0 0.6262019230769231 0.20793269230769232 0.0733173076923077 0.0829326923076923
0 0.1935096153846154 0.2800480769230769 0.0889423076923077 0.109375
0 0.25721153846153844 0.9807692307692307 0.10216346153846154 0.036057692307692304
0 0.12980769230769232 0.12740384615384615 0.04447115384615385 0.04567307692307692
0 0.21875 0.5 0.078125 0.07211538461538461
0 0.08653846153846154 0.6322115384615384 0.1045673076923077 0.12860576923076922
0 0.9074519230769231 0.53125 0.11538461538461539 0.12139423076923077