0 0.4026442307692308 0.3641826923076923 0.07451923076923077 0.0889423076923077
0 0.8341346153846154 0.22115384615384615 0.06490384615384616 0.0625
0 0.9278846153846154 0.24278846153846154 0.06490384615384616 0.06009615384615385
0 0.9663461538461539 0.13581730769230768 0.06129807692307692 0.04927884615384615
0 0.43028846153846156 0.015625 0.055288461538461536 0.03125
0 0.29927884615384615 0.027644230769230768 0.10096153846153846 0.055288461538461536
0 0.37259615384615385 0.171875 0.078125 0.11658653846153846
0 0.2956730769230769 0.14783653846153846 0.037259615384615384 0.038461538461538464
0 0.15625 0.07451923076923077 0.0733173076923077 0.06370192307692307
0 0.02283653846153846 0.020432692307692308 0.04567307692307692 0.040865384615384616
0 0.20552884615384615 0.2980769230769231 0.08653846153846154 0.0673076923076923
0 0.11298076923076923 0.4543269230769231 0.09495192307692307 0.14903846153846154
0 0.03125 0.5721153846153846 0.06009615384615385 0.051682692307692304
0 0.1201923076923077 0.6081730769230769 0.109375 0.08052884615384616
0 0.4483173076923077 0.5853365384615384 0.06971153846153846 0.055288461538461536
0 0.4050480769230769 0.734375 0.11298076923076923 0.09134615384615384
0 0.26802884615384615 0.6370192307692307 0.06971153846153846 0.10096153846153846
0 0.2860576923076923 0.7055288461538461 0.06009615384615385 0.04807692307692308
0 0.07211538461538461 0.7632211538461539 0.052884615384615384 0.038461538461538464
0 0.11778846153846154 0.9603365384615384 0.1045673076923077 0.0673076923076923
0 0.2764423076923077 0.9447115384615384 0.07211538461538461 0.056490384615384616
0 0.41947115384615385 0.9483173076923077 0.06490384615384616 0.0985576923076923
0 0.4963942307692308 0.9783653846153846 0.07572115384615384 0.042067307692307696
0 0.6538461538461539 0.9110576923076923 0.06971153846153846 0.07572115384615384
0 0.7487980769230769 0.9735576923076923 0.09134615384615384 0.04927884615384615
0 0.8233173076923077 0.9134615384615384 0.08052884615384616 0.07211538461538461
0 0.7560096153846154 0.8954326923076923 0.04927884615384615 0.05048076923076923
0 0.7367788461538461 0.8413461538461539 0.078125 0.0625
0 0.8930288461538461 0.8112980769230769 0.09975961538461539 0.05889423076923077
0 0.8894230769230769 0.7331730769230769 0.06490384615384616 0.0985576923076923
0 0.8870192307692307 0.6634615384615384 0.078125 0.06610576923076923
0 0.8629807692307693 0.6141826923076923 0.06129807692307692 0.05048076923076923
0 0.7019230769230769 0.5564903846153846 0.038461538461538464 0.055288461538461536
0 0.8052884615384616 0.453125 0.052884615384615384 0.04807692307692308
0 0.7367788461538461 0.49278846153846156 0.056490384615384616 0.06490384615384616
0 0.9507211538461539 0.5072115384615384 0.09735576923076923 0.05889423076923077
0 0.8954326923076923 0.39903846153846156 0.054086538461538464 0.042067307692307696
0 0.9615384615384616 0.36778846153846156 0.0733173076923077 0.04447115384615385
0 0.9050480769230769 0.46634615384615385 0.07451923076923077 0.05048076923076923
0 0.3641826923076923 0.3269230769230769 0.052884615384615384 0.06610576923076923
0 0.7079326923076923 0.7524038461538461 0.05889423076923077 0.06009615384615385
0 0.7367788461538461 0.6983173076923077 0.07692307692307693 0.06009615384615385
0 0.7620192307692307 0.7451923076923077 0.04807692307692308 0.038461538461538464
0 0.7800480769230769 0.5396634615384616 0.0733173076923077 0.057692307692307696
0 0.7596153846153846 0.6370192307692307 0.07932692307692307 0.06971153846153846
0 0.7764423076923077 0.5889423076923077 0.07572115384615384 0.042067307692307696
0 0.32211538461538464 0.9483173076923077 0.028846153846153848 0.03485576923076923
0 0.9074519230769231 0.5072115384615384 0.052884615384615384 0.040865384615384616
0 0.5288461538461539 0.9639423076923077 0.08052884615384616 0.07091346153846154
0 0.2704326923076923 0.9927884615384616 0.03365384615384615 0.013221153846153846
0 0.14302884615384615 0.9555288461538461 0.08774038461538461 0.038461538461538464
0 0.45072115384615385 0.7800480769230769 0.039663461538461536 0.027644230769230768
0 0.8509615384615384 0.09254807692307693 0.056490384615384616 0.07572115384615384
0 0.875 0.1045673076923077 0.04447115384615385 0.05889423076923077
0 0.6382211538461539 0.859375 0.04326923076923077 0.03125