0 0.171875 0.16947115384615385 0.09735576923076923 0.11538461538461539
0 0.7644230769230769 0.03485576923076923 0.09615384615384616 0.06971153846153846
0 0.7055288461538461 0.21754807692307693 0.09134615384615384 0.0673076923076923
0 0.140625 0.4338942307692308 0.11538461538461539 0.06370192307692307
0 0.9819711538461539 0.9435096153846154 0.03365384615384615 0.11057692307692307
0 0.3245192307692308 0.41586538461538464 0.06971153846153846 0.1141826923076923
0 0.8149038461538461 0.453125 0.10096153846153846 0.09615384615384616
0 0.12259615384615384 0.7115384615384616 0.08533653846153846 0.06009615384615385
0 0.8100961538461539 0.3401442307692308 0.1045673076923077 0.09134615384615384
0 0.014423076923076924 0.39783653846153844 0.028846153846153848 0.06129807692307692
0 0.9194711538461539 0.45913461538461536 0.08413461538461539 0.08774038461538461
0 0.9735576923076923 0.09495192307692307 0.04927884615384615 0.07572115384615384
0 0.7872596153846154 0.8137019230769231 0.10697115384615384 0.1502403846153846
0 0.038461538461538464 0.6790865384615384 0.06971153846153846 0.09134615384615384
0 0.9795673076923077 0.7367788461538461 0.038461538461538464 0.18629807692307693
0 0.3317307692307692 0.030048076923076924 0.11057692307692307 0.06009615384615385
0 0.9254807692307693 0.8605769230769231 0.07932692307692307 0.22956730769230768
0 0.6887019230769231 0.34134615384615385 0.13822115384615385 0.09615384615384616
0 0.8810096153846154 0.2692307692307692 0.10697115384615384 0.13221153846153846
0 0.15264423076923078 0.796875 0.06610576923076923 0.078125
0 0.609375 0.7608173076923077 0.07091346153846154 0.09495192307692307
0 0.0625 0.5060096153846154 0.055288461538461536 0.03485576923076923
0 0.042067307692307696 0.28365384615384615 0.08413461538461539 0.057692307692307696
0 0.5985576923076923 0.5012019230769231 0.2668269230769231 0.0889423076923077
0 0.6754807692307693 0.59375 0.06009615384615385 0.09375
0 0.9699519230769231 0.32091346153846156 0.057692307692307696 0.08052884615384616
0 0.2512019230769231 0.3317307692307692 0.07211538461538461 0.12259615384615384
0 0.7668269230769231 0.5865384615384616 0.08774038461538461 0.15865384615384615
0 0.5024038461538461 0.9711538461538461 0.04927884615384615 0.055288461538461536
0 0.25841346153846156 0.01201923076923077 0.06971153846153846 0.02283653846153846
0 0.6526442307692307 0.8497596153846154 0.08653846153846154 0.07211538461538461
0 0.6129807692307693 0.08052884615384616 0.07932692307692307 0.14302884615384615
0 0.019230769230769232 0.484375 0.038461538461538464 0.07451923076923077
0 0.7163461538461539 0.7920673076923077 0.08173076923076923 0.06129807692307692
0 0.7896634615384616 0.12259615384615384 0.0985576923076923 0.11177884615384616
0 0.7680288461538461 0.9747596153846154 0.06490384615384616 0.04807692307692308
0 0.17668269230769232 0.31850961538461536 0.07572115384615384 0.04927884615384615
0 0.1658653846153846 0.9639423076923077 0.1045673076923077 0.06971153846153846
0 0.3016826923076923 0.6177884615384616 0.11298076923076923 0.1935096153846154
0 0.4543269230769231 0.171875 0.18389423076923078 0.16466346153846154
0 0.375 0.9723557692307693 0.12980769230769232 0.054086538461538464
0 0.49038461538461536 0.7584134615384616 0.0889423076923077 0.0889423076923077
0 0.7391826923076923 0.6899038461538461 0.10336538461538461 0.08173076923076923
0 0.2668269230769231 0.7716346153846154 0.13221153846153846 0.09134615384615384
0 0.15264423076923078 0.5697115384615384 0.08533653846153846 0.06490384615384616
0 0.8954326923076923 0.04326923076923077 0.07091346153846154 0.08653846153846154
0 0.21394230769230768 0.09735576923076923 0.07572115384615384 0.0625
0 0.5588942307692307 0.5865384615384616 0.14903846153846154 0.07211538461538461