0 0.2439903846153846 0.4375 0.11538461538461539 0.10216346153846154
0 0.1201923076923077 0.7692307692307693 0.08774038461538461 0.08653846153846154
0 0.12379807692307693 0.6550480769230769 0.09134615384615384 0.12860576923076922
0 0.038461538461538464 0.8028846153846154 0.07692307692307693 0.09014423076923077
0 0.34134615384615385 0.8725961538461539 0.11658653846153846 0.0829326923076923
0 0.5901442307692307 0.22115384615384615 0.09615384615384616 0.11658653846153846
0 0.5360576923076923 0.4254807692307692 0.13221153846153846 0.08653846153846154
0 0.11177884615384616 0.038461538461538464 0.1346153846153846 0.07692307692307693
0 0.609375 0.8545673076923077 0.06129807692307692 0.09014423076923077
0 0.7908653846153846 0.09134615384615384 0.09615384615384616 0.08413461538461539
0 0.8954326923076923 0.7956730769230769 0.07692307692307693 0.07451923076923077
0 0.6923076923076923 0.8786057692307693 0.08653846153846154 0.09134615384615384
0 0.04447115384615385 0.08413461538461539 0.0889423076923077 0.16706730769230768
0 0.4639423076923077 0.7331730769230769 0.0829326923076923 0.06850961538461539
0 0.7211538461538461 0.22355769230769232 0.09254807692307693 0.10096153846153846
0 0.3076923076923077 0.8100961538461539 0.09014423076923077 0.06610576923076923
0 0.41586538461538464 0.9711538461538461 0.09254807692307693 0.056490384615384616
0 0.6766826923076923 0.4074519230769231 0.09014423076923077 0.06009615384615385
0 0.042067307692307696 0.19110576923076922 0.08413461538461539 0.08653846153846154
0 0.9399038461538461 0.078125 0.07451923076923077 0.10576923076923077
0 0.16706730769230768 0.11658653846153846 0.0673076923076923 0.12620192307692307
0 0.7079326923076923 0.4699519230769231 0.06971153846153846 0.1045673076923077
0 0.07451923076923077 0.9459134615384616 0.0985576923076923 0.09975961538461539
0 0.5649038461538461 0.6117788461538461 0.06971153846153846 0.0733173076923077
0 0.8665865384615384 0.025240384615384616 0.10336538461538461 0.05048076923076923
0 0.16706730769230768 0.31009615384615385 0.10096153846153846 0.11899038461538461
0 0.23197115384615385 0.11538461538461539 0.08173076923076923 0.1141826923076923
0 0.5216346153846154 0.036057692307692304 0.078125 0.06971153846153846
0 0.9735576923076923 0.8461538461538461 0.046875 0.06610576923076923
0 0.3449519230769231 0.4170673076923077 0.10576923076923077 0.11177884615384616