0 0.7704326923076923 0.31009615384615385 0.056490384615384616 0.055288461538461536
0 0.8822115384615384 0.3762019230769231 0.027644230769230768 0.03485576923076923
0 0.9387019230769231 0.28365384615384615 0.03365384615384615 0.05048076923076923
0 0.9735576923076923 0.375 0.04447115384615385 0.018028846153846152
0 0.6983173076923077 0.5673076923076923 0.06129807692307692 0.04447115384615385
0 0.5168269230769231 0.5697115384615384 0.0889423076923077 0.05048076923076923
0 0.4795673076923077 0.5805288461538461 0.036057692307692304 0.057692307692307696
0 0.7572115384615384 0.6117788461538461 0.04807692307692308 0.052884615384615384
0 0.8449519230769231 0.06850961538461539 0.03245192307692308 0.09375
0 0.5661057692307693 0.19110576923076922 0.04326923076923077 0.06971153846153846
0 0.24278846153846154 0.4266826923076923 0.14423076923076922 0.051682692307692304
0 0.3557692307692308 0.40384615384615385 0.03485576923076923 0.028846153846153848
0 0.9242788461538461 0.8052884615384616 0.025240384615384616 0.027644230769230768
0 0.6382211538461539 0.9146634615384616 0.04447115384615385 0.03365384615384615
0 0.6766826923076923 0.8497596153846154 0.04807692307692308 0.039663461538461536
0 0.5769230769230769 0.7451923076923077 0.04927884615384615 0.05048076923076923
0 0.6033653846153846 0.7103365384615384 0.027644230769230768 0.028846153846153848
0 0.7271634615384616 0.4387019230769231 0.06490384615384616 0.04807692307692308
0 0.6081730769230769 0.4362980769230769 0.04447115384615385 0.038461538461538464
0 0.34615384615384615 0.09375 0.046875 0.08533653846153846
0 0.4026442307692308 0.030048076923076924 0.046875 0.06009615384615385
0 0.040865384615384616 0.038461538461538464 0.028846153846153848 0.04927884615384615
0 0.1658653846153846 0.014423076923076924 0.030048076923076924 0.028846153846153848
0 0.5997596153846154 0.021634615384615384 0.040865384615384616 0.04326923076923077
0 0.6610576923076923 0.0985576923076923 0.03365384615384615 0.08653846153846154
0 0.38822115384615385 0.6189903846153846 0.052884615384615384 0.07091346153846154
0 0.45072115384615385 0.6538461538461539 0.0625 0.030048076923076924
0 0.23557692307692307 0.7776442307692307 0.09014423076923077 0.042067307692307696
0 0.22355769230769232 0.5877403846153846 0.08653846153846154 0.052884615384615384
0 0.4579326923076923 0.3894230769230769 0.04807692307692308 0.05889423076923077
0 0.2860576923076923 0.7259615384615384 0.04447115384615385 0.06370192307692307
0 0.7163461538461539 0.04447115384615385 0.028846153846153848 0.027644230769230768
0 0.7403846153846154 0.06490384615384616 0.038461538461538464 0.028846153846153848
0 0.9050480769230769 0.09014423076923077 0.03125 0.054086538461538464
0 0.27163461538461536 0.04326923076923077 0.04447115384615385 0.055288461538461536
0 0.45072115384615385 0.15985576923076922 0.03365384615384615 0.02403846153846154
0 0.23798076923076922 0.23798076923076922 0.025240384615384616 0.04447115384615385
0 0.34375 0.7848557692307693 0.06490384615384616 0.04447115384615385
0 0.9495192307692307 0.41947115384615385 0.027644230769230768 0.04326923076923077
0 0.38341346153846156 0.9903846153846154 0.03245192307692308 0.016826923076923076
0 0.31009615384615385 0.078125 0.03485576923076923 0.03365384615384615
0 0.2704326923076923 0.06610576923076923 0.016826923076923076 0.014423076923076924
0 0.8076923076923077 0.010817307692307692 0.04927884615384615 0.020432692307692308
0 0.8990384615384616 0.36538461538461536 0.027644230769230768 0.020432692307692308
0 0.9927884615384616 0.3737980769230769 0.013221153846153846 0.055288461538461536
0 0.9483173076923077 0.9879807692307693 0.04807692307692308 0.020432692307692308