0 0.39302884615384615 0.390625 0.07211538461538461 0.0673076923076923
0 0.8449519230769231 0.9266826923076923 0.08052884615384616 0.07572115384615384
0 0.4579326923076923 0.8161057692307693 0.057692307692307696 0.11177884615384616
0 0.7367788461538461 0.0889423076923077 0.08533653846153846 0.12259615384615384
0 0.6021634615384616 0.8725961538461539 0.16466346153846154 0.1310096153846154
0 0.2920673076923077 0.7139423076923077 0.05048076923076923 0.05889423076923077
0 0.8930288461538461 0.5973557692307693 0.07692307692307693 0.09495192307692307
0 0.3942307692307692 0.15384615384615385 0.05048076923076923 0.046875
0 0.3942307692307692 0.8533653846153846 0.04807692307692308 0.0829326923076923
0 0.515625 0.5204326923076923 0.13221153846153846 0.07211538461538461
0 0.03365384615384615 0.9122596153846154 0.0625 0.1502403846153846
0 0.1466346153846154 0.9735576923076923 0.05889423076923077 0.05048076923076923
0 0.13221153846153846 0.7271634615384616 0.08052884615384616 0.07932692307692307
0 0.5552884615384616 0.20552884615384615 0.1346153846153846 0.14783653846153846
0 0.703125 0.5600961538461539 0.09735576923076923 0.06009615384615385
0 0.7704326923076923 0.6129807692307693 0.06490384615384616 0.07091346153846154
0 0.19471153846153846 0.2764423076923077 0.1201923076923077 0.11177884615384616
0 0.34375 0.375 0.09615384615384616 0.1045673076923077
0 0.5384615384615384 0.7980769230769231 0.13221153846153846 0.0829326923076923
0 0.16105769230769232 0.39302884615384615 0.07692307692307693 0.11177884615384616
0 0.6790865384615384 0.3233173076923077 0.0985576923076923 0.05048076923076923
0 0.5240384615384616 0.25 0.109375 0.1045673076923077
0 0.9086538461538461 0.8221153846153846 0.078125 0.07572115384615384
0 0.5973557692307693 0.15985576923076922 0.06971153846153846 0.04927884615384615
0 0.40865384615384615 0.6995192307692307 0.171875 0.16466346153846154
0 0.6045673076923077 0.7560096153846154 0.04927884615384615 0.07091346153846154
0 0.20432692307692307 0.7512019230769231 0.06971153846153846 0.12740384615384615
0 0.9651442307692307 0.8725961538461539 0.0673076923076923 0.040865384615384616
0 0.02283653846153846 0.7980769230769231 0.04326923076923077 0.07211538461538461
0 0.1310096153846154 0.2860576923076923 0.08173076923076923 0.057692307692307696
0 0.796875 0.5360576923076923 0.12980769230769232 0.10216346153846154
0 0.04927884615384615 0.1971153846153846 0.09495192307692307 0.06490384615384616
0 0.15144230769230768 0.07692307692307693 0.09254807692307693 0.10096153846153846
0 0.8449519230769231 0.4230769230769231 0.06971153846153846 0.09615384615384616
0 0.296875 0.9747596153846154 0.18509615384615385 0.04447115384615385
0 0.3581730769230769 0.25600961538461536 0.1971153846153846 0.1622596153846154
0 0.5985576923076923 0.5961538461538461 0.10216346153846154 0.09014423076923077
0 0.6826923076923077 0.7235576923076923 0.057692307692307696 0.0829326923076923
0 0.9375 0.7115384615384616 0.12259615384615384 0.15865384615384615
0 0.7355769230769231 0.5072115384615384 0.057692307692307696 0.07572115384615384
0 0.7680288461538461 0.8353365384615384 0.057692307692307696 0.14783653846153846
0 0.578125 0.078125 0.08774038461538461 0.057692307692307696
0 0.3557692307692308 0.17668269230769232 0.0829326923076923 0.06971153846153846
0 0.9555288461538461 0.578125 0.08653846153846154 0.0733173076923077
0 0.23557692307692307 0.6610576923076923 0.0733173076923077 0.057692307692307696
0 0.6790865384615384 0.6141826923076923 0.0733173076923077 0.05048076923076923
0 0.8329326923076923 0.14543269230769232 0.08413461538461539 0.06490384615384616
0 0.5168269230769231 0.9567307692307693 0.08533653846153846 0.08413461538461539
0 0.3629807692307692 0.2127403846153846 0.15865384615384615 0.1201923076923077
0 0.7944711538461539 0.7908653846153846 0.04927884615384615 0.11778846153846154
0 0.22716346153846154 0.4987980769230769 0.06971153846153846 0.07692307692307693
0 0.13701923076923078 0.040865384615384616 0.08052884615384616 0.07932692307692307
0 0.28966346153846156 0.2956730769230769 0.06009615384615385 0.0625
0 0.9771634615384616 0.65625 0.04326923076923077 0.12860576923076922
0 0.5697115384615384 0.9783653846153846 0.11658653846153846 0.042067307692307696
0 0.051682692307692304 0.40865384615384615 0.09975961538461539 0.10697115384615384
0 0.1141826923076923 0.9182692307692307 0.1201923076923077 0.0625
0 0.15384615384615385 0.5372596153846154 0.13822115384615385 0.06490384615384616
0 0.4230769230769231 0.65625 0.13221153846153846 0.0673076923076923