0 0.15504807692307693 0.8786057692307693 0.10336538461538461 0.07211538461538461
0 0.07451923076923077 0.6538461538461539 0.1141826923076923 0.06009615384615385
0 0.20072115384615385 0.6899038461538461 0.03125 0.06850961538461539
0 0.31490384615384615 0.7620192307692307 0.04927884615384615 0.052884615384615384
0 0.3798076923076923 0.7403846153846154 0.08052884615384616 0.04927884615384615
0 0.4266826923076923 0.8485576923076923 0.054086538461538464 0.04326923076923077
0 0.4735576923076923 0.78125 0.0625 0.08653846153846154
0 0.6947115384615384 0.9375 0.057692307692307696 0.06129807692307692
0 0.8052884615384616 0.9831730769230769 0.12740384615384615 0.03245192307692308
0 0.9134615384615384 0.8737980769230769 0.09615384615384616 0.08653846153846154
0 0.6009615384615384 0.6394230769230769 0.07572115384615384 0.06850961538461539
0 0.5144230769230769 0.5853365384615384 0.046875 0.04326923076923077
0 0.5889423076923077 0.5661057692307693 0.07932692307692307 0.07091346153846154
0 0.7007211538461539 0.5901442307692307 0.052884615384615384 0.055288461538461536
0 0.7139423076923077 0.5108173076923077 0.06009615384615385 0.1045673076923077
0 0.734375 0.5084134615384616 0.042067307692307696 0.07211538461538461
0 0.5637019230769231 0.4795673076923077 0.06610576923076923 0.0673076923076923
0 0.3449519230769231 0.6045673076923077 0.056490384615384616 0.042067307692307696
0 0.34975961538461536 0.5384615384615384 0.051682692307692304 0.04927884615384615
0 0.40384615384615385 0.5697115384615384 0.03485576923076923 0.04567307692307692
0 0.43990384615384615 0.38221153846153844 0.09735576923076923 0.11538461538461539
0 0.5 0.4266826923076923 0.09615384615384616 0.171875
0 0.6670673076923077 0.44471153846153844 0.06370192307692307 0.06009615384615385
0 0.6069711538461539 0.33653846153846156 0.07692307692307693 0.09134615384615384
0 0.7007211538461539 0.296875 0.06971153846153846 0.09254807692307693
0 0.7211538461538461 0.19110576923076922 0.08653846153846154 0.08173076923076923
0 0.7992788461538461 0.1658653846153846 0.08052884615384616 0.06370192307692307
0 0.7668269230769231 0.3942307692307692 0.03365384615384615 0.07572115384615384
0 0.8677884615384616 0.35697115384615385 0.038461538461538464 0.040865384615384616
0 0.3701923076923077 0.3173076923076923 0.055288461538461536 0.04927884615384615
0 0.40384615384615385 0.31850961538461536 0.03125 0.057692307692307696
0 0.25 0.2403846153846154 0.028846153846153848 0.057692307692307696
0 0.15264423076923078 0.35336538461538464 0.038461538461538464 0.04927884615384615
0 0.2620192307692308 0.11298076923076923 0.056490384615384616 0.051682692307692304
0 0.18990384615384615 0.0985576923076923 0.07451923076923077 0.08533653846153846
0 0.06490384615384616 0.01201923076923077 0.10096153846153846 0.02403846153846154
0 0.42427884615384615 0.015625 0.04567307692307692 0.030048076923076924
0 0.6370192307692307 0.10096153846153846 0.09375 0.078125
0 0.703125 0.025240384615384616 0.05048076923076923 0.05048076923076923
0 0.7475961538461539 0.05889423076923077 0.06370192307692307 0.057692307692307696
0 0.8064903846153846 0.04326923076923077 0.056490384615384616 0.04927884615384615
0 0.8737980769230769 0.019230769230769232 0.07932692307692307 0.038461538461538464
0 0.9795673076923077 0.051682692307692304 0.038461538461538464 0.06850961538461539
0 0.49278846153846156 0.04927884615384615 0.06009615384615385 0.057692307692307696
0 0.4855769230769231 0.12259615384615384 0.06009615384615385 0.038461538461538464
0 0.9807692307692307 0.6021634615384616 0.037259615384615384 0.042067307692307696
0 0.9747596153846154 0.7043269230769231 0.04807692307692308 0.051682692307692304
0 0.016826923076923076 0.5168269230769231 0.03365384615384615 0.030048076923076924
0 0.4519230769230769 0.04326923076923077 0.03245192307692308 0.04567307692307692
0 0.5324519230769231 0.10096153846153846 0.06009615384615385 0.030048076923076924
0 0.12379807692307693 0.37740384615384615 0.03365384615384615 0.04447115384615385