0 0.4182692307692308 0.7127403846153846 0.07572115384615384 0.056490384615384616
0 0.8617788461538461 0.8040865384615384 0.10216346153846154 0.07091346153846154
0 0.39783653846153844 0.7920673076923077 0.08052884615384616 0.11658653846153846
0 0.1658653846153846 0.3173076923076923 0.06009615384615385 0.07932692307692307
0 0.027644230769230768 0.4831730769230769 0.055288461538461536 0.06370192307692307
0 0.4110576923076923 0.26322115384615385 0.08052884615384616 0.08533653846153846
0 0.5973557692307693 0.21754807692307693 0.09615384615384616 0.078125
0 0.5600961538461539 0.7824519230769231 0.13822115384615385 0.1346153846153846
0 0.44591346153846156 0.36658653846153844 0.057692307692307696 0.06490384615384616
0 0.9711538461538461 0.2956730769230769 0.055288461538461536 0.11177884615384616
0 0.6334134615384616 0.11899038461538461 0.07572115384615384 0.10096153846153846
0 0.21754807692307693 0.8822115384615384 0.06490384615384616 0.10336538461538461
0 0.33653846153846156 0.7512019230769231 0.07211538461538461 0.06490384615384616
0 0.9759615384615384 0.23677884615384615 0.046875 0.10576923076923077
0 0.010817307692307692 0.7091346153846154 0.020432692307692308 0.056490384615384616
0 0.1346153846153846 0.2692307692307692 0.057692307692307696 0.04447115384615385
0 0.09375 0.8569711538461539 0.06129807692307692 0.06490384615384616
0 0.9266826923076923 0.23197115384615385 0.14423076923076922 0.140625
0 0.0673076923076923 0.140625 0.057692307692307696 0.1045673076923077
0 0.7764423076923077 0.7055288461538461 0.0733173076923077 0.052884615384615384
0 0.9675480769230769 0.13701923076923078 0.06370192307692307 0.078125
0 0.9399038461538461 0.6875 0.11778846153846154 0.08052884615384616
0 0.40865384615384615 0.328125 0.054086538461538464 0.06370192307692307
0 0.23317307692307693 0.7019230769230769 0.08653846153846154 0.08653846153846154
0 0.5444711538461539 0.05889423076923077 0.0829326923076923 0.11778846153846154
0 0.7415865384615384 0.6550480769230769 0.054086538461538464 0.08413461538461539
0 0.546875 0.7151442307692307 0.06370192307692307 0.06129807692307692
0 0.9050480769230769 0.8461538461538461 0.1875 0.07932692307692307
0 0.25 0.78125 0.11057692307692307 0.09014423076923077
0 0.5396634615384616 0.4387019230769231 0.09975961538461539 0.0673076923076923
0 0.3389423076923077 0.8966346153846154 0.056490384615384616 0.0673076923076923
0 0.08173076923076923 0.28846153846153844 0.0673076923076923 0.06370192307692307
0 0.4951923076923077 0.328125 0.0985576923076923 0.09495192307692307
0 0.2247596153846154 0.3473557692307692 0.0829326923076923 0.14302884615384615
0 0.15144230769230768 0.07451923076923077 0.11057692307692307 0.14903846153846154
0 0.8798076923076923 0.7644230769230769 0.10576923076923077 0.06129807692307692
0 0.8064903846153846 0.6286057692307693 0.07572115384615384 0.10576923076923077
0 0.5300480769230769 0.17668269230769232 0.052884615384615384 0.054086538461538464
0 0.40865384615384615 0.16346153846153846 0.19591346153846154 0.15264423076923078
0 0.016826923076923076 0.8209134615384616 0.03125 0.06129807692307692
0 0.1310096153846154 0.9026442307692307 0.0673076923076923 0.09375
0 0.29447115384615385 0.09134615384615384 0.0985576923076923 0.16947115384615385
0 0.13942307692307693 0.7692307692307693 0.07572115384615384 0.0733173076923077
0 0.8810096153846154 0.18870192307692307 0.07091346153846154 0.0673076923076923
0 0.31850961538461536 0.27163461538461536 0.06971153846153846 0.10096153846153846
0 0.6466346153846154 0.8004807692307693 0.09375 0.11538461538461539
0 0.8473557692307693 0.15985576923076922 0.05889423076923077 0.1141826923076923
0 0.7572115384615384 0.203125 0.1658653846153846 0.12259615384615384
0 0.6694711538461539 0.5276442307692307 0.17427884615384615 0.07572115384615384
0 0.5384615384615384 0.7752403846153846 0.15144230769230768 0.06370192307692307
0 0.01201923076923077 0.3389423076923077 0.02403846153846154 0.07692307692307693