0 0.9759615384615384 0.39783653846153844 0.04567307692307692 0.0673076923076923
0 0.6730769230769231 0.31490384615384615 0.09134615384615384 0.09975961538461539
0 0.8533653846153846 0.2403846153846154 0.13822115384615385 0.06009615384615385
0 0.8149038461538461 0.2776442307692308 0.11778846153846154 0.06129807692307692
0 0.9230769230769231 0.8389423076923077 0.06971153846153846 0.0829326923076923
0 0.052884615384615384 0.19110576923076922 0.08173076923076923 0.12740384615384615
0 0.2776442307692308 0.33533653846153844 0.07932692307692307 0.0829326923076923
0 0.10336538461538461 0.23076923076923078 0.10336538461538461 0.1201923076923077
0 0.5685096153846154 0.7836538461538461 0.07932692307692307 0.07692307692307693
0 0.7956730769230769 0.3233173076923077 0.04567307692307692 0.06009615384615385
0 0.7788461538461539 0.7295673076923077 0.08774038461538461 0.0985576923076923
0 0.9423076923076923 0.9519230769230769 0.1141826923076923 0.09375
0 0.8822115384615384 0.7596153846153846 0.10697115384615384 0.09495192307692307
0 0.265625 0.19110576923076922 0.07211538461538461 0.13701923076923078
0 0.025240384615384616 0.3329326923076923 0.05048076923076923 0.0673076923076923
0 0.6850961538461539 0.7067307692307693 0.06490384615384616 0.08052884615384616
0 0.5661057692307693 0.8858173076923077 0.0733173076923077 0.06971153846153846
0 0.20793269230769232 0.47475961538461536 0.18990384615384615 0.057692307692307696
0 0.5480769230769231 0.2439903846153846 0.08052884615384616 0.10576923076923077
0 0.5973557692307693 0.5072115384615384 0.09615384615384616 0.0985576923076923
0 0.5360576923076923 0.6129807692307693 0.07211538461538461 0.06850961538461539
0 0.3894230769230769 0.7415865384615384 0.08653846153846154 0.17427884615384615
0 0.19471153846153846 0.21634615384615385 0.09134615384615384 0.13341346153846154
0 0.5817307692307693 0.09254807692307693 0.0829326923076923 0.18269230769230768
0 0.7007211538461539 0.9675480769230769 0.10576923076923077 0.057692307692307696
0 0.36899038461538464 0.5901442307692307 0.09735576923076923 0.07091346153846154