0 0.35336538461538464 0.46153846153846156 0.055288461538461536 0.06009615384615385
0 0.02403846153846154 0.7620192307692307 0.046875 0.07572115384615384
0 0.3329326923076923 0.8413461538461539 0.051682692307692304 0.07451923076923077
0 0.30408653846153844 0.44591346153846156 0.06370192307692307 0.03245192307692308
0 0.9266826923076923 0.3605769230769231 0.078125 0.06009615384615385
0 0.203125 0.5637019230769231 0.06610576923076923 0.06490384615384616
0 0.027644230769230768 0.9555288461538461 0.04447115384615385 0.06490384615384616
0 0.36899038461538464 0.6225961538461539 0.09975961538461539 0.08653846153846154
0 0.051682692307692304 0.3858173076923077 0.08052884615384616 0.06850961538461539
0 0.16826923076923078 0.8834134615384616 0.0673076923076923 0.09254807692307693
0 0.06490384615384616 0.7920673076923077 0.06009615384615385 0.055288461538461536
0 0.09375 0.6430288461538461 0.04447115384615385 0.037259615384615384
0 0.3076923076923077 0.7896634615384616 0.057692307692307696 0.08653846153846154
0 0.02283653846153846 0.3088942307692308 0.04447115384615385 0.055288461538461536
0 0.43509615384615385 0.9447115384615384 0.11177884615384616 0.09735576923076923
0 0.13221153846153846 0.14543269230769232 0.07211538461538461 0.06129807692307692
0 0.03245192307692308 0.46634615384615385 0.06490384615384616 0.06490384615384616
0 0.18028846153846154 0.17908653846153846 0.08052884615384616 0.04927884615384615
0 0.15144230769230768 0.5120192307692307 0.057692307692307696 0.06490384615384616
0 0.014423076923076924 0.6237980769230769 0.028846153846153848 0.07451923076923077
0 0.9759615384615384 0.12980769230769232 0.046875 0.06490384615384616
0 0.12259615384615384 0.5685096153846154 0.0733173076923077 0.08533653846153846
0 0.26802884615384615 0.9411057692307693 0.046875 0.06971153846153846
0 0.3798076923076923 0.5540865384615384 0.06129807692307692 0.038461538461538464
0 0.05048076923076923 0.27884615384615385 0.07091346153846154 0.06850961538461539
0 0.2692307692307692 0.4639423076923077 0.03125 0.05048076923076923
0 0.22956730769230768 0.3389423076923077 0.08653846153846154 0.06971153846153846
0 0.3137019230769231 0.40865384615384615 0.09735576923076923 0.04326923076923077