0 0.7824519230769231 0.9639423076923077 0.0673076923076923 0.06971153846153846
0 0.05048076923076923 0.5300480769230769 0.10096153846153846 0.10336538461538461
0 0.06610576923076923 0.8846153846153846 0.12740384615384615 0.0889423076923077
0 0.15745192307692307 0.7860576923076923 0.1466346153846154 0.10697115384615384
0 0.9338942307692307 0.7560096153846154 0.1310096153846154 0.14543269230769232
0 0.43509615384615385 0.22115384615384615 0.0829326923076923 0.11538461538461539
0 0.48197115384615385 0.09254807692307693 0.11298076923076923 0.07572115384615384
0 0.9338942307692307 0.8173076923076923 0.052884615384615384 0.06971153846153846
0 0.5588942307692307 0.3894230769230769 0.15745192307692307 0.0829326923076923
0 0.5600961538461539 0.1466346153846154 0.09495192307692307 0.09134615384615384
0 0.2932692307692308 0.39302884615384615 0.08653846153846154 0.12740384615384615
0 0.6502403846153846 0.4254807692307692 0.15625 0.13942307692307693
0 0.578125 0.6045673076923077 0.06971153846153846 0.1346153846153846
0 0.8954326923076923 0.16105769230769232 0.06850961538461539 0.0733173076923077
0 0.29086538461538464 0.2956730769230769 0.056490384615384616 0.0625
0 0.8221153846153846 0.3545673076923077 0.09615384615384616 0.11658653846153846
0 0.18269230769230768 0.28966346153846156 0.0625 0.057692307692307696
0 0.05048076923076923 0.09615384615384616 0.10096153846153846 0.11177884615384616
0 0.953125 0.25240384615384615 0.06129807692307692 0.13701923076923078
0 0.6670673076923077 0.5420673076923077 0.06370192307692307 0.09615384615384616
0 0.013221153846153846 0.8713942307692307 0.026442307692307692 0.13221153846153846
0 0.9254807692307693 0.5913461538461539 0.14302884615384615 0.11538461538461539
0 0.8064903846153846 0.609375 0.12740384615384615 0.0985576923076923
0 0.8605769230769231 0.6346153846153846 0.08173076923076923 0.0733173076923077
0 0.59375 0.026442307692307692 0.12740384615384615 0.051682692307692304
0 0.515625 0.7884615384615384 0.15144230769230768 0.1141826923076923
0 0.234375 0.8509615384615384 0.1346153846153846 0.09495192307692307
0 0.027644230769230768 0.7115384615384616 0.055288461538461536 0.1346153846153846
0 0.234375 0.6670673076923077 0.13581730769230768 0.0985576923076923
0 0.1310096153846154 0.19110576923076922 0.06971153846153846 0.06971153846153846
0 0.96875 0.021634615384615384 0.06129807692307692 0.040865384615384616