0 0.671875 0.15625 0.1045673076923077 0.3125
0 0.9567307692307693 0.4987980769230769 0.08533653846153846 0.11778846153846154
0 0.9495192307692307 0.11658653846153846 0.09615384615384616 0.23317307692307693
0 0.7884615384615384 0.9399038461538461 0.13221153846153846 0.11778846153846154
0 0.04447115384615385 0.3112980769230769 0.0889423076923077 0.11658653846153846
0 0.6021634615384616 0.06610576923076923 0.0889423076923077 0.13221153846153846
0 0.453125 0.8040865384615384 0.10817307692307693 0.0985576923076923
0 0.34134615384615385 0.22956730769230768 0.1346153846153846 0.17307692307692307
0 0.040865384615384616 0.17427884615384615 0.08052884615384616 0.17548076923076922
0 0.02283653846153846 0.026442307692307692 0.04447115384615385 0.05048076923076923
0 0.1201923076923077 0.3137019230769231 0.13341346153846154 0.16947115384615385
0 0.8016826923076923 0.8245192307692307 0.11658653846153846 0.09615384615384616
0 0.8173076923076923 0.17067307692307693 0.1466346153846154 0.23197115384615385
0 0.265625 0.9146634615384616 0.16346153846153846 0.11177884615384616
0 0.5492788461538461 0.8713942307692307 0.1502403846153846 0.13822115384615385
0 0.5745192307692307 0.40865384615384615 0.11778846153846154 0.1935096153846154
0 0.09134615384615384 0.9783653846153846 0.12620192307692307 0.040865384615384616
0 0.5564903846153846 0.6634615384615384 0.17668269230769232 0.11899038461538461
0 0.33533653846153844 0.8100961538461539 0.20072115384615385 0.11177884615384616
0 0.19831730769230768 0.9759615384615384 0.09375 0.04447115384615385
0 0.3798076923076923 0.6274038461538461 0.17067307692307693 0.0985576923076923
0 0.6610576923076923 0.4951923076923077 0.11177884615384616 0.19831730769230768
0 0.41586538461538464 0.08653846153846154 0.171875 0.15865384615384615
0 0.7584134615384616 0.039663461538461536 0.08052884615384616 0.07932692307692307