0 0.5865384615384616 0.34615384615384615 0.08413461538461539 0.05889423076923077
0 0.6826923076923077 0.6177884615384616 0.05889423076923077 0.05048076923076923
0 0.13701923076923078 0.8004807692307693 0.078125 0.052884615384615384
0 0.7752403846153846 0.9038461538461539 0.04807692307692308 0.055288461538461536
0 0.21514423076923078 0.43028846153846156 0.08173076923076923 0.06490384615384616
0 0.7896634615384616 0.5889423076923077 0.07091346153846154 0.057692307692307696
0 0.28846153846153844 0.20552884615384615 0.06009615384615385 0.078125
0 0.36658653846153844 0.6189903846153846 0.07451923076923077 0.05048076923076923
0 0.29447115384615385 0.9747596153846154 0.078125 0.04807692307692308
0 0.8629807692307693 0.5985576923076923 0.056490384615384616 0.042067307692307696
0 0.9423076923076923 0.7872596153846154 0.08173076923076923 0.07932692307692307
0 0.29927884615384615 0.35336538461538464 0.0733173076923077 0.042067307692307696
0 0.5 0.16947115384615385 0.03365384615384615 0.040865384615384616
0 0.04807692307692308 0.7944711538461539 0.07572115384615384 0.0889423076923077
0 0.6935096153846154 0.8377403846153846 0.06370192307692307 0.04447115384615385
0 0.44471153846153844 0.7668269230769231 0.09495192307692307 0.08413461538461539
0 0.9146634615384616 0.9675480769230769 0.08533653846153846 0.0625
0 0.6322115384615384 0.6550480769230769 0.04326923076923077 0.04567307692307692
0 0.8161057692307693 0.6454326923076923 0.056490384615384616 0.038461538461538464
0 0.3088942307692308 0.7211538461538461 0.04447115384615385 0.0625
0 0.5588942307692307 0.2848557692307692 0.056490384615384616 0.057692307692307696
0 0.22355769230769232 0.5300480769230769 0.046875 0.04326923076923077
0 0.5288461538461539 0.14903846153846154 0.055288461538461536 0.04927884615384615
0 0.8990384615384616 0.7007211538461539 0.0625 0.056490384615384616
0 0.7860576923076923 0.4735576923076923 0.0829326923076923 0.07572115384615384
0 0.6706730769230769 0.2403846153846154 0.10096153846153846 0.05889423076923077
0 0.014423076923076924 0.5372596153846154 0.028846153846153848 0.07091346153846154
0 0.4074519230769231 0.8149038461538461 0.07091346153846154 0.09134615384615384
0 0.9266826923076923 0.28365384615384615 0.054086538461538464 0.03365384615384615
0 0.35096153846153844 0.42427884615384615 0.055288461538461536 0.07211538461538461
0 0.8209134615384616 0.5576923076923077 0.09375 0.05048076923076923
0 0.8774038461538461 0.20793269230769232 0.06490384615384616 0.078125
0 0.06610576923076923 0.41225961538461536 0.08052884615384616 0.06009615384615385
0 0.8942307692307693 0.052884615384615384 0.06009615384615385 0.04927884615384615
0 0.7391826923076923 0.016826923076923076 0.11298076923076923 0.03365384615384615
0 0.9519230769230769 0.625 0.09495192307692307 0.0673076923076923
0 0.24519230769230768 0.2668269230769231 0.06009615384615385 0.040865384615384616
0 0.6706730769230769 0.03245192307692308 0.04326923076923077 0.028846153846153848
0 0.41947115384615385 0.5612980769230769 0.07572115384615384 0.054086538461538464
0 0.8473557692307693 0.48197115384615385 0.04447115384615385 0.05889423076923077
0 0.4519230769230769 0.8966346153846154 0.08173076923076923 0.10096153846153846
0 0.028846153846153848 0.078125 0.056490384615384616 0.04567307692307692
0 0.4266826923076923 0.34615384615384615 0.055288461538461536 0.08653846153846154
0 0.7067307692307693 0.9627403846153846 0.07932692307692307 0.0733173076923077
0 0.25600961538461536 0.6706730769230769 0.07692307692307693 0.06490384615384616
0 0.6382211538461539 0.7391826923076923 0.07932692307692307 0.08052884615384616
0 0.15384615384615385 0.36658653846153844 0.11658653846153846 0.07572115384615384
0 0.29927884615384615 0.8004807692307693 0.055288461538461536 0.04927884615384615
0 0.02283653846153846 0.8834134615384616 0.04567307692307692 0.0625
0 0.5889423076923077 0.4483173076923077 0.09254807692307693 0.12259615384615384
0 0.109375 0.6334134615384616 0.09254807692307693 0.06129807692307692