0 0.2932692307692308 0.40865384615384615 0.06490384615384616 0.056490384615384616
0 0.7055288461538461 0.014423076923076924 0.078125 0.028846153846153848
0 0.21995192307692307 0.7235576923076923 0.06009615384615385 0.07091346153846154
0 0.6826923076923077 0.6322115384615384 0.055288461538461536 0.046875
0 0.14783653846153846 0.44350961538461536 0.0985576923076923 0.06370192307692307
0 0.6334134615384616 0.4987980769230769 0.0985576923076923 0.0625
0 0.25721153846153844 0.05048076923076923 0.1045673076923077 0.06370192307692307
0 0.03485576923076923 0.8257211538461539 0.04447115384615385 0.052884615384615384
0 0.15865384615384615 0.9747596153846154 0.054086538461538464 0.04807692307692308
0 0.8954326923076923 0.5228365384615384 0.09495192307692307 0.07451923076923077
0 0.4266826923076923 0.21394230769230768 0.057692307692307696 0.09735576923076923
0 0.6117788461538461 0.4483173076923077 0.056490384615384616 0.040865384615384616
0 0.1778846153846154 0.3605769230769231 0.06009615384615385 0.0673076923076923
0 0.8509615384615384 0.42908653846153844 0.10576923076923077 0.07211538461538461
0 0.2620192307692308 0.7271634615384616 0.055288461538461536 0.09134615384615384
0 0.4170673076923077 0.6045673076923077 0.04927884615384615 0.06370192307692307
0 0.9615384615384616 0.40865384615384615 0.07451923076923077 0.07692307692307693
0 0.1045673076923077 0.6237980769230769 0.057692307692307696 0.09134615384615384
0 0.2091346153846154 0.8076923076923077 0.09014423076923077 0.09014423076923077
0 0.21634615384615385 0.2512019230769231 0.06610576923076923 0.11538461538461539
0 0.9158653846153846 0.14783653846153846 0.10336538461538461 0.14182692307692307
0 0.7319711538461539 0.7704326923076923 0.07211538461538461 0.06490384615384616
0 0.5324519230769231 0.5480769230769231 0.054086538461538464 0.054086538461538464
0 0.4423076923076923 0.0625 0.04447115384615385 0.039663461538461536
0 0.43509615384615385 0.030048076923076924 0.04447115384615385 0.038461538461538464
0 0.0733173076923077 0.7644230769230769 0.07451923076923077 0.08774038461538461
0 0.5 0.27884615384615385 0.0625 0.12980769230769232
0 0.46153846153846156 0.7427884615384616 0.09495192307692307 0.0733173076923077
0 0.13942307692307693 0.11658653846153846 0.08052884615384616 0.09615384615384616
0 0.5036057692307693 0.5144230769230769 0.0733173076923077 0.05889423076923077
0 0.41466346153846156 0.109375 0.06850961538461539 0.05889423076923077
0 0.5444711538461539 0.8930288461538461 0.07692307692307693 0.06610576923076923
0 0.765625 0.96875 0.07211538461538461 0.06129807692307692
0 0.3786057692307692 0.8269230769230769 0.06129807692307692 0.08413461538461539
0 0.5072115384615384 0.1201923076923077 0.10697115384615384 0.06490384615384616
0 0.2848557692307692 0.5540865384615384 0.07932692307692307 0.0625
0 0.22956730769230768 0.8894230769230769 0.06490384615384616 0.08052884615384616
0 0.3449519230769231 0.5516826923076923 0.10697115384615384 0.08533653846153846
0 0.47716346153846156 0.8305288461538461 0.07572115384615384 0.08052884615384616
0 0.8858173076923077 0.9639423076923077 0.09254807692307693 0.06971153846153846
0 0.018028846153846152 0.8990384615384616 0.036057692307692304 0.07451923076923077
0 0.40625 0.5132211538461539 0.08173076923076923 0.05889423076923077
0 0.8233173076923077 0.014423076923076924 0.0889423076923077 0.028846153846153848
0 0.7391826923076923 0.5649038461538461 0.0985576923076923 0.07451923076923077
0 0.021634615384615384 0.3713942307692308 0.04326923076923077 0.08653846153846154
0 0.6766826923076923 0.39903846153846156 0.06490384615384616 0.05048076923076923
0 0.6442307692307693 0.3557692307692308 0.039663461538461536 0.0829326923076923
0 0.6899038461538461 0.9891826923076923 0.051682692307692304 0.020432692307692308
0 0.5396634615384616 0.23197115384615385 0.052884615384615384 0.08173076923076923
0 0.055288461538461536 0.6802884615384616 0.052884615384615384 0.06129807692307692
0 0.6334134615384616 0.6622596153846154 0.056490384615384616 0.08052884615384616
0 0.9098557692307693 0.6069711538461539 0.0733173076923077 0.06490384615384616
0 0.8497596153846154 0.30288461538461536 0.13581730769230768 0.10096153846153846
0 0.09014423076923077 0.2247596153846154 0.06971153846153846 0.11538461538461539
0 0.17668269230769232 0.8413461538461539 0.06009615384615385 0.06610576923076923
0 0.8918269230769231 0.8377403846153846 0.09375 0.06971153846153846
0 0.5961538461538461 0.7475961538461539 0.12740384615384615 0.09134615384615384
0 0.2439903846153846 0.015625 0.055288461538461536 0.030048076923076924
0 0.8100961538461539 0.19591346153846154 0.07572115384615384 0.11057692307692307
0 0.6189903846153846 0.11899038461538461 0.055288461538461536 0.04326923076923077
0 0.1875 0.6706730769230769 0.0673076923076923 0.08052884615384616
0 0.9795673076923077 0.8990384615384616 0.038461538461538464 0.06610576923076923
0 0.7391826923076923 0.020432692307692308 0.09134615384615384 0.036057692307692304