0 0.8401442307692307 0.5817307692307693 0.06850961538461539 0.06009615384615385
0 0.7475961538461539 0.7692307692307693 0.07692307692307693 0.10697115384615384
0 0.6670673076923077 0.44350961538461536 0.06971153846153846 0.06850961538461539
0 0.2824519230769231 0.46153846153846156 0.12860576923076922 0.09134615384615384
0 0.09375 0.8112980769230769 0.12379807692307693 0.12379807692307693
0 0.13221153846153846 0.34975961538461536 0.171875 0.10697115384615384
0 0.8365384615384616 0.19831730769230768 0.08533653846153846 0.17067307692307693
0 0.4423076923076923 0.8461538461538461 0.10096153846153846 0.109375
0 0.7211538461538461 0.9759615384615384 0.10096153846153846 0.04567307692307692
0 0.8149038461538461 0.4387019230769231 0.13822115384615385 0.0985576923076923
0 0.8834134615384616 0.9110576923076923 0.09134615384615384 0.12860576923076922
0 0.22235576923076922 0.5612980769230769 0.0889423076923077 0.20432692307692307
0 0.051682692307692304 0.49278846153846156 0.10216346153846154 0.10336538461538461
0 0.3161057692307692 0.21394230769230768 0.1346153846153846 0.12740384615384615
0 0.8798076923076923 0.026442307692307692 0.08052884615384616 0.05048076923076923
0 0.7103365384615384 0.2439903846153846 0.07932692307692307 0.07692307692307693
0 0.9699519230769231 0.06009615384615385 0.05889423076923077 0.11899038461538461
0 0.21394230769230768 0.9266826923076923 0.08173076923076923 0.14302884615384615
0 0.140625 0.4807692307692308 0.0625 0.055288461538461536
0 0.7391826923076923 0.5384615384615384 0.1201923076923077 0.09615384615384616
0 0.14302884615384615 0.9278846153846154 0.0889423076923077 0.10096153846153846
0 0.17307692307692307 0.7211538461538461 0.09134615384615384 0.0733173076923077
0 0.7235576923076923 0.6117788461538461 0.08653846153846154 0.07211538461538461
0 0.53125 0.8365384615384616 0.12259615384615384 0.08653846153846154
0 0.08052884615384616 0.05889423076923077 0.09375 0.11298076923076923