0 0.3942307692307692 0.6490384615384616 0.09615384615384616 0.06129807692307692
0 0.5600961538461539 0.4831730769230769 0.056490384615384616 0.06009615384615385
0 0.45552884615384615 0.9314903846153846 0.0733173076923077 0.1201923076923077
0 0.6310096153846154 0.65625 0.16466346153846154 0.10096153846153846
0 0.26322115384615385 0.4362980769230769 0.140625 0.06610576923076923
0 0.028846153846153848 0.8413461538461539 0.056490384615384616 0.06971153846153846
0 0.6514423076923077 0.0889423076923077 0.0985576923076923 0.06009615384615385
0 0.859375 0.5072115384615384 0.09134615384615384 0.06971153846153846
0 0.052884615384615384 0.02403846153846154 0.10576923076923077 0.04567307692307692
0 0.49278846153846156 0.4014423076923077 0.12139423076923077 0.06610576923076923
0 0.21153846153846154 0.35697115384615385 0.08653846153846154 0.109375
0 0.6706730769230769 0.8557692307692307 0.08653846153846154 0.06850961538461539
0 0.1778846153846154 0.2800480769230769 0.09254807692307693 0.06971153846153846
0 0.25 0.8305288461538461 0.07572115384615384 0.1045673076923077
0 0.765625 0.5492788461538461 0.0985576923076923 0.09615384615384616
0 0.6887019230769231 0.3954326923076923 0.09495192307692307 0.0889423076923077
0 0.2091346153846154 0.703125 0.12139423076923077 0.12259615384615384
0 0.7824519230769231 0.9411057692307693 0.078125 0.11177884615384616
0 0.6009615384615384 0.051682692307692304 0.10576923076923077 0.07572115384615384
0 0.8209134615384616 0.13221153846153846 0.07211538461538461 0.06129807692307692
0 0.0985576923076923 0.7235576923076923 0.1045673076923077 0.09975961538461539
0 0.12259615384615384 0.84375 0.1201923076923077 0.10096153846153846
0 0.1502403846153846 0.4699519230769231 0.1658653846153846 0.08052884615384616
0 0.22355769230769232 0.5228365384615384 0.0673076923076923 0.04447115384615385
0 0.5745192307692307 0.9483173076923077 0.04447115384615385 0.06850961538461539
0 0.109375 0.9411057692307693 0.078125 0.06129807692307692
0 0.9170673076923077 0.07932692307692307 0.11177884615384616 0.07451923076923077
0 0.46875 0.578125 0.11538461538461539 0.1045673076923077
0 0.08413461538461539 0.6310096153846154 0.06610576923076923 0.06129807692307692
0 0.027644230769230768 0.5985576923076923 0.055288461538461536 0.1466346153846154
0 0.26802884615384615 0.07211538461538461 0.10096153846153846 0.14302884615384615
0 0.8653846153846154 0.9411057692307693 0.07692307692307693 0.0829326923076923
0 0.3545673076923077 0.12740384615384615 0.09134615384615384 0.11658653846153846
0 0.9411057692307693 0.6754807692307693 0.07932692307692307 0.07572115384615384
0 0.06009615384615385 0.15865384615384615 0.11778846153846154 0.08173076923076923