0 0.025240384615384616 0.7836538461538461 0.05048076923076923 0.09134615384615384
0 0.5408653846153846 0.5240384615384616 0.06971153846153846 0.07451923076923077
0 0.23076923076923078 0.18028846153846154 0.21514423076923078 0.13701923076923078
0 0.7860576923076923 0.5649038461538461 0.0733173076923077 0.12259615384615384
0 0.6610576923076923 0.16466346153846154 0.054086538461538464 0.04927884615384615
0 0.8701923076923077 0.671875 0.0985576923076923 0.08052884615384616
0 0.5925480769230769 0.6009615384615384 0.0829326923076923 0.06971153846153846
0 0.11177884615384616 0.3161057692307692 0.22355769230769232 0.10697115384615384
0 0.7536057692307693 0.6694711538461539 0.1935096153846154 0.08653846153846154
0 0.5132211538461539 0.9723557692307693 0.16706730769230768 0.052884615384615384
0 0.9831730769230769 0.4170673076923077 0.03125 0.06129807692307692
0 0.0733173076923077 0.7391826923076923 0.06129807692307692 0.19110576923076922
0 0.18509615384615385 0.36538461538461536 0.09014423076923077 0.1622596153846154
0 0.13822115384615385 0.7463942307692307 0.04927884615384615 0.030048076923076924
0 0.2800480769230769 0.9110576923076923 0.06971153846153846 0.09495192307692307
0 0.038461538461538464 0.8185096153846154 0.03485576923076923 0.06009615384615385
0 0.8713942307692307 0.0889423076923077 0.06850961538461539 0.06009615384615385
0 0.8774038461538461 0.5228365384615384 0.06971153846153846 0.07451923076923077
0 0.04326923076923077 0.5456730769230769 0.06850961538461539 0.15865384615384615
0 0.40865384615384615 0.7584134615384616 0.12740384615384615 0.16105769230769232
0 0.2800480769230769 0.32572115384615385 0.109375 0.06490384615384616
0 0.04927884615384615 0.1141826923076923 0.09615384615384616 0.14182692307692307
0 0.3485576923076923 0.46274038461538464 0.054086538461538464 0.08774038461538461
0 0.15264423076923078 0.25600961538461536 0.13581730769230768 0.09735576923076923
0 0.8617788461538461 0.22115384615384615 0.08413461538461539 0.10576923076923077
0 0.6899038461538461 0.9711538461538461 0.040865384615384616 0.056490384615384616
0 0.8954326923076923 0.9759615384615384 0.09495192307692307 0.04567307692307692
0 0.5661057692307693 0.8257211538461539 0.12139423076923077 0.051682692307692304
0 0.4579326923076923 0.5240384615384616 0.08052884615384616 0.08052884615384616
0 0.04807692307692308 0.359375 0.09615384615384616 0.11298076923076923
0 0.9423076923076923 0.21754807692307693 0.1141826923076923 0.09014423076923077
0 0.06610576923076923 0.65625 0.125 0.10817307692307693
0 0.7536057692307693 0.14423076923076922 0.09134615384615384 0.08173076923076923
0 0.5036057692307693 0.7548076923076923 0.12139423076923077 0.0733173076923077
0 0.53125 0.6358173076923077 0.06850961538461539 0.05048076923076923
0 0.7836538461538461 0.9819711538461539 0.1141826923076923 0.03365384615384615
0 0.19591346153846154 0.6610576923076923 0.19471153846153846 0.08774038461538461
0 0.20673076923076922 0.2536057692307692 0.10817307692307693 0.07932692307692307
0 0.3389423076923077 0.7524038461538461 0.06370192307692307 0.11538461538461539
0 0.39302884615384615 0.4266826923076923 0.04927884615384615 0.054086538461538464
0 0.96875 0.3401442307692308 0.06009615384615385 0.07692307692307693
0 0.8990384615384616 0.6141826923076923 0.046875 0.04807692307692308
0 0.25240384615384615 0.5132211538461539 0.07211538461538461 0.2980769230769231
0 0.6358173076923077 0.9759615384615384 0.07932692307692307 0.04447115384615385
0 0.6286057692307693 0.9074519230769231 0.11899038461538461 0.09134615384615384
0 0.6514423076923077 0.24158653846153846 0.0733173076923077 0.09134615384615384
0 0.9615384615384616 0.5600961538461539 0.07451923076923077 0.07692307692307693
0 0.1141826923076923 0.7992788461538461 0.07572115384615384 0.06971153846153846