0 0.8449519230769231 0.4110576923076923 0.06971153846153846 0.08653846153846154
0 0.3329326923076923 0.027644230769230768 0.08052884615384616 0.051682692307692304
0 0.31009615384615385 0.8846153846153846 0.06850961538461539 0.040865384615384616
0 0.12139423076923077 0.5625 0.07451923076923077 0.036057692307692304
0 0.484375 0.6875 0.08774038461538461 0.04807692307692308
0 0.4098557692307692 0.515625 0.09134615384615384 0.03485576923076923
0 0.17908653846153846 0.38221153846153844 0.09134615384615384 0.03365384615384615
0 0.38822115384615385 0.4483173076923077 0.06971153846153846 0.04807692307692308
0 0.09014423076923077 0.9579326923076923 0.08052884615384616 0.04807692307692308
0 0.03125 0.75 0.0625 0.03245192307692308
0 0.14182692307692307 0.5576923076923077 0.08052884615384616 0.028846153846153848
0 0.44711538461538464 0.03125 0.09495192307692307 0.0625
0 0.6538461538461539 0.5709134615384616 0.09495192307692307 0.03245192307692308
0 0.45552884615384615 0.16105769230769232 0.09014423076923077 0.04927884615384615
0 0.7475961538461539 0.6610576923076923 0.08173076923076923 0.054086538461538464
0 0.31009615384615385 0.48677884615384615 0.06129807692307692 0.06490384615384616
0 0.9110576923076923 0.16346153846153846 0.042067307692307696 0.12620192307692307
0 0.5444711538461539 0.6153846153846154 0.08533653846153846 0.03365384615384615
0 0.10817307692307693 0.6766826923076923 0.13701923076923078 0.08533653846153846
0 0.09014423076923077 0.23076923076923078 0.09735576923076923 0.06009615384615385
0 0.5973557692307693 0.6141826923076923 0.056490384615384616 0.08173076923076923
0 0.5540865384615384 0.26322115384615385 0.039663461538461536 0.09014423076923077
0 0.1814903846153846 0.6742788461538461 0.16947115384615385 0.05889423076923077
0 0.9699519230769231 0.12379807692307693 0.05889423076923077 0.03125
0 0.08653846153846154 0.05889423076923077 0.09375 0.0733173076923077
0 0.8521634615384616 0.9567307692307693 0.13942307692307693 0.0673076923076923
0 0.2800480769230769 0.9158653846153846 0.11177884615384616 0.04927884615384615
0 0.7824519230769231 0.6286057692307693 0.06009615384615385 0.03125
0 0.19831730769230768 0.27524038461538464 0.09254807692307693 0.09615384615384616
0 0.6971153846153846 0.484375 0.07211538461538461 0.051682692307692304
0 0.296875 0.5396634615384616 0.13221153846153846 0.08653846153846154
0 0.7403846153846154 0.8461538461538461 0.0829326923076923 0.04447115384615385
0 0.6105769230769231 0.8713942307692307 0.09615384615384616 0.03125
0 0.5252403846153846 0.09735576923076923 0.09254807692307693 0.08413461538461539
0 0.9783653846153846 0.5600961538461539 0.040865384615384616 0.06009615384615385
0 0.6298076923076923 0.8365384615384616 0.06850961538461539 0.027644230769230768
0 0.025240384615384616 0.14783653846153846 0.05048076923076923 0.036057692307692304
0 0.23317307692307693 0.0829326923076923 0.08173076923076923 0.03125
0 0.20552884615384615 0.4987980769230769 0.06490384615384616 0.055288461538461536
0 0.9555288461538461 0.057692307692307696 0.07572115384615384 0.06971153846153846
0 0.7632211538461539 0.515625 0.09254807692307693 0.055288461538461536
0 0.3485576923076923 0.6105769230769231 0.1045673076923077 0.04927884615384615
0 0.9699519230769231 0.5997596153846154 0.04927884615384615 0.06971153846153846
0 0.03365384615384615 0.9483173076923077 0.06610576923076923 0.046875
0 0.04567307692307692 0.3557692307692308 0.09134615384615384 0.039663461538461536
0 0.13701923076923078 0.9675480769230769 0.06971153846153846 0.028846153846153848
0 0.35096153846153844 0.24278846153846154 0.11778846153846154 0.052884615384615384
0 0.18509615384615385 0.2127403846153846 0.06009615384615385 0.054086538461538464
0 0.7704326923076923 0.5625 0.09254807692307693 0.040865384615384616
0 0.43028846153846156 0.6947115384615384 0.07572115384615384 0.046875
0 0.5132211538461539 0.7283653846153846 0.10216346153846154 0.038461538461538464
0 0.37259615384615385 0.42427884615384615 0.06610576923076923 0.037259615384615384
0 0.6862980769230769 0.28846153846153844 0.12740384615384615 0.10576923076923077
0 0.7836538461538461 0.49759615384615385 0.04927884615384615 0.052884615384615384
0 0.43990384615384615 0.7920673076923077 0.07572115384615384 0.030048076923076924
0 0.6610576923076923 0.8978365384615384 0.08533653846153846 0.025240384615384616
0 0.9230769230769231 0.8930288461538461 0.07211538461538461 0.030048076923076924
0 0.8317307692307693 0.8497596153846154 0.042067307692307696 0.03365384615384615
0 0.4735576923076923 0.36778846153846156 0.0889423076923077 0.057692307692307696
0 0.6454326923076923 0.18389423076923078 0.10336538461538461 0.06610576923076923
0 0.39903846153846156 0.7211538461538461 0.09975961538461539 0.030048076923076924
0 0.6394230769230769 0.33774038461538464 0.051682692307692304 0.025240384615384616
0 0.8930288461538461 0.27403846153846156 0.056490384615384616 0.07692307692307693
0 0.4411057692307692 0.5829326923076923 0.09615384615384616 0.052884615384615384
0 0.9783653846153846 0.359375 0.042067307692307696 0.04807692307692308
0 0.08653846153846154 0.5865384615384616 0.1346153846153846 0.08653846153846154
0 0.171875 0.8461538461538461 0.08533653846153846 0.038461538461538464
0 0.027644230769230768 0.39663461538461536 0.055288461538461536 0.03365384615384615
0 0.9615384615384616 0.8725961538461539 0.06850961538461539 0.040865384615384616
0 0.11658653846153846 0.8581730769230769 0.16706730769230768 0.039663461538461536
0 0.5384615384615384 0.5324519230769231 0.08774038461538461 0.0673076923076923
0 0.028846153846153848 0.27524038461538464 0.056490384615384616 0.03365384615384615
0 0.421875 0.9591346153846154 0.09495192307692307 0.056490384615384616
0 0.6610576923076923 0.734375 0.09615384615384616 0.038461538461538464
0 0.4699519230769231 0.5552884615384616 0.13221153846153846 0.06009615384615385