0 0.9519230769230769 0.9795673076923077 0.09375 0.039663461538461536
0 0.04326923076923077 0.8870192307692307 0.08653846153846154 0.06971153846153846
0 0.9639423076923077 0.171875 0.06971153846153846 0.04927884615384615
0 0.9711538461538461 0.22115384615384615 0.055288461538461536 0.05048076923076923
0 0.5540865384615384 0.17908653846153846 0.09375 0.055288461538461536
0 0.31971153846153844 0.29927884615384615 0.09975961538461539 0.07572115384615384
0 0.7067307692307693 0.8990384615384616 0.140625 0.09735576923076923
0 0.9314903846153846 0.4170673076923077 0.10216346153846154 0.055288461538461536
0 0.19591346153846154 0.36538461538461536 0.09254807692307693 0.07692307692307693
0 0.7944711538461539 0.703125 0.12980769230769232 0.078125
0 0.6995192307692307 0.4170673076923077 0.125 0.06971153846153846
0 0.8149038461538461 0.953125 0.1778846153846154 0.09134615384615384
0 0.3701923076923077 0.6730769230769231 0.09254807692307693 0.0829326923076923
0 0.46875 0.3870192307692308 0.0733173076923077 0.06971153846153846
0 0.8617788461538461 0.8629807692307693 0.16466346153846154 0.14903846153846154
0 0.36538461538461536 0.25721153846153844 0.09134615384615384 0.07932692307692307
0 0.953125 0.11899038461538461 0.08653846153846154 0.04326923076923077
0 0.9543269230769231 0.6923076923076923 0.09014423076923077 0.07572115384615384
0 0.2608173076923077 0.09375 0.10216346153846154 0.09495192307692307
0 0.765625 0.17427884615384615 0.09254807692307693 0.06490384615384616
0 0.9459134615384616 0.6069711538461539 0.10576923076923077 0.078125
0 0.8617788461538461 0.32211538461538464 0.15985576923076922 0.08533653846153846
0 0.5925480769230769 0.8629807692307693 0.0829326923076923 0.09014423076923077
0 0.6574519230769231 0.1466346153846154 0.10576923076923077 0.07572115384615384
0 0.6237980769230769 0.7271634615384616 0.12740384615384615 0.07572115384615384
0 0.5396634615384616 0.23557692307692307 0.1201923076923077 0.0733173076923077
0 0.8725961538461539 0.5444711538461539 0.11899038461538461 0.09495192307692307
0 0.32091346153846156 0.8545673076923077 0.11177884615384616 0.14182692307692307
0 0.6802884615384616 0.25721153846153844 0.203125 0.08533653846153846
0 0.4362980769230769 0.1658653846153846 0.07692307692307693 0.08173076923076923
0 0.32091346153846156 0.3713942307692308 0.09254807692307693 0.07211538461538461
0 0.5048076923076923 0.8918269230769231 0.09495192307692307 0.07572115384615384
0 0.7331730769230769 0.6201923076923077 0.14302884615384615 0.06971153846153846
0 0.4807692307692308 0.7680288461538461 0.08774038461538461 0.07572115384615384
0 0.42427884615384615 0.8485576923076923 0.08533653846153846 0.0625
0 0.36658653846153844 0.5420673076923077 0.07572115384615384 0.07451923076923077
0 0.7716346153846154 0.06971153846153846 0.11057692307692307 0.06490384615384616
0 0.030048076923076924 0.6177884615384616 0.06009615384615385 0.08173076923076923
0 0.8557692307692307 0.08413461538461539 0.11177884615384616 0.07572115384615384
0 0.7139423076923077 0.36538461538461536 0.12740384615384615 0.0733173076923077
0 0.04807692307692308 0.18870192307692307 0.08653846153846154 0.10697115384615384
0 0.39302884615384615 0.7644230769230769 0.08774038461538461 0.08052884615384616
0 0.5865384615384616 0.016826923076923076 0.12259615384615384 0.03365384615384615
0 0.5072115384615384 0.8413461538461539 0.0733173076923077 0.055288461538461536
0 0.6826923076923077 0.5528846153846154 0.14543269230769232 0.06490384615384616