0 0.3762019230769231 0.030048076923076924 0.09615384615384616 0.05889423076923077
0 0.37259615384615385 0.9326923076923077 0.0625 0.042067307692307696
0 0.6189903846153846 0.9338942307692307 0.09975961538461539 0.125
0 0.12620192307692307 0.8978365384615384 0.056490384615384616 0.10697115384615384
0 0.45552884615384615 0.96875 0.07572115384615384 0.04927884615384615
0 0.9387019230769231 0.3233173076923077 0.04326923076923077 0.06129807692307692
0 0.9615384615384616 0.17427884615384615 0.06971153846153846 0.046875
0 0.6742788461538461 0.7127403846153846 0.04807692307692308 0.06490384615384616
0 0.7884615384615384 0.19951923076923078 0.09615384615384616 0.06610576923076923
0 0.23557692307692307 0.8834134615384616 0.06370192307692307 0.1814903846153846
0 0.5132211538461539 0.3088942307692308 0.15264423076923078 0.07091346153846154
0 0.25841346153846156 0.22956730769230768 0.06009615384615385 0.04807692307692308
0 0.5625 0.21394230769230768 0.11778846153846154 0.06009615384615385
0 0.08653846153846154 0.8605769230769231 0.0673076923076923 0.11778846153846154
0 0.1875 0.4170673076923077 0.0673076923076923 0.11177884615384616
0 0.8882211538461539 0.36177884615384615 0.04927884615384615 0.03365384615384615
0 0.5240384615384616 0.9579326923076923 0.0985576923076923 0.08173076923076923
0 0.7331730769230769 0.5733173076923077 0.06009615384615385 0.06009615384615385
0 0.7716346153846154 0.390625 0.08533653846153846 0.11778846153846154
0 0.9747596153846154 0.6009615384615384 0.04927884615384615 0.06850961538461539
0 0.9795673076923077 0.02403846153846154 0.039663461538461536 0.046875
0 0.6141826923076923 0.7668269230769231 0.13581730769230768 0.08173076923076923
0 0.59375 0.055288461538461536 0.17067307692307693 0.09134615384615384
0 0.3016826923076923 0.7367788461538461 0.07932692307692307 0.11899038461538461
0 0.03125 0.38100961538461536 0.051682692307692304 0.11538461538461539
0 0.49158653846153844 0.16706730769230768 0.0985576923076923 0.055288461538461536
0 0.9194711538461539 0.25 0.03365384615384615 0.04447115384615385
0 0.6430288461538461 0.16826923076923078 0.12139423076923077 0.055288461538461536
0 0.11778846153846154 0.3485576923076923 0.07211538461538461 0.055288461538461536
0 0.8497596153846154 0.3798076923076923 0.055288461538461536 0.030048076923076924
0 0.018028846153846152 0.21514423076923078 0.036057692307692304 0.03125
0 0.5192307692307693 0.4519230769230769 0.08052884615384616 0.08052884615384616
0 0.17668269230769232 0.9447115384615384 0.06610576923076923 0.109375
0 0.8317307692307693 0.08413461538461539 0.10216346153846154 0.13822115384615385
0 0.055288461538461536 0.07091346153846154 0.06009615384615385 0.13822115384615385
0 0.24278846153846154 0.3641826923076923 0.056490384615384616 0.057692307692307696
0 0.32572115384615385 0.5817307692307693 0.10697115384615384 0.16346153846153846
0 0.4050480769230769 0.8016826923076923 0.11177884615384616 0.08413461538461539
0 0.026442307692307692 0.8173076923076923 0.04927884615384615 0.08173076923076923
0 0.3858173076923077 0.9867788461538461 0.04807692307692308 0.025240384615384616
0 0.20552884615384615 0.07091346153846154 0.12740384615384615 0.09615384615384616
0 0.78125 0.7908653846153846 0.17307692307692307 0.06009615384615385
0 0.9435096153846154 0.9627403846153846 0.10216346153846154 0.06370192307692307