0 0.07572115384615384 0.35697115384615385 0.07932692307692307 0.06129807692307692
0 0.78125 0.8377403846153846 0.06009615384615385 0.06370192307692307
0 0.2283653846153846 0.47596153846153844 0.06971153846153846 0.06610576923076923
0 0.09615384615384616 0.5516826923076923 0.10576923076923077 0.14783653846153846
0 0.3798076923076923 0.9483173076923077 0.0733173076923077 0.06370192307692307
0 0.12139423076923077 0.9639423076923077 0.17067307692307693 0.07091346153846154
0 0.41225961538461536 0.37259615384615385 0.06610576923076923 0.07692307692307693
0 0.39903846153846156 0.27403846153846156 0.08774038461538461 0.07211538461538461
0 0.9639423076923077 0.47115384615384615 0.06971153846153846 0.08533653846153846
0 0.2860576923076923 0.6911057692307693 0.08052884615384616 0.07932692307692307
0 0.9278846153846154 0.6454326923076923 0.06129807692307692 0.06490384615384616
0 0.7211538461538461 0.8401442307692307 0.05889423076923077 0.07451923076923077
0 0.04326923076923077 0.17427884615384615 0.08052884615384616 0.05889423076923077
0 0.17668269230769232 0.39663461538461536 0.09615384615384616 0.06971153846153846
0 0.6514423076923077 0.31490384615384615 0.07692307692307693 0.06971153846153846
0 0.7199519230769231 0.9747596153846154 0.06490384615384616 0.04807692307692308
0 0.6081730769230769 0.22115384615384615 0.057692307692307696 0.055288461538461536
0 0.6682692307692307 0.1875 0.07932692307692307 0.0733173076923077
0 0.6514423076923077 0.43990384615384615 0.1201923076923077 0.09134615384615384
0 0.9447115384615384 0.25841346153846156 0.0985576923076923 0.06009615384615385
0 0.20072115384615385 0.8701923076923077 0.07451923076923077 0.057692307692307696
0 0.6466346153846154 0.04447115384615385 0.07932692307692307 0.06370192307692307
0 0.3605769230769231 0.06850961538461539 0.10697115384615384 0.09134615384615384
0 0.3317307692307692 0.19110576923076922 0.06490384615384616 0.05889423076923077
0 0.3245192307692308 0.421875 0.057692307692307696 0.07692307692307693
0 0.8737980769230769 0.5504807692307693 0.09495192307692307 0.09014423076923077
0 0.9110576923076923 0.10697115384615384 0.07932692307692307 0.11177884615384616
0 0.4495192307692308 0.7512019230769231 0.07572115384615384 0.06971153846153846
0 0.12980769230769232 0.25 0.06490384615384616 0.04927884615384615
0 0.78125 0.0733173076923077 0.05048076923076923 0.07932692307692307
0 0.026442307692307692 0.7752403846153846 0.051682692307692304 0.10096153846153846
0 0.8221153846153846 0.9819711538461539 0.07692307692307693 0.03365384615384615
0 0.7055288461538461 0.7355769230769231 0.07091346153846154 0.06971153846153846
0 0.2439903846153846 0.9711538461538461 0.057692307692307696 0.055288461538461536
0 0.6478365384615384 0.8521634615384616 0.06971153846153846 0.07572115384615384
0 0.14543269230769232 0.625 0.08653846153846154 0.06971153846153846
0 0.8365384615384616 0.27403846153846156 0.06971153846153846 0.08653846153846154
0 0.4951923076923077 0.08533653846153846 0.11057692307692307 0.09975961538461539
0 0.15144230769230768 0.8173076923076923 0.07572115384615384 0.051682692307692304
0 0.42908653846153844 0.5492788461538461 0.055288461538461536 0.05048076923076923
0 0.7475961538461539 0.6370192307692307 0.0625 0.06370192307692307
0 0.7055288461538461 0.13221153846153846 0.0733173076923077 0.06370192307692307
0 0.9110576923076923 0.359375 0.10817307692307693 0.07572115384615384
0 0.5865384615384616 0.7512019230769231 0.09134615384615384 0.08653846153846154
0 0.8701923076923077 0.7451923076923077 0.09014423076923077 0.09375
0 0.6334134615384616 0.5264423076923077 0.07932692307692307 0.06971153846153846
0 0.43028846153846156 0.6766826923076923 0.08653846153846154 0.06370192307692307
0 0.12139423076923077 0.7536057692307693 0.078125 0.06009615384615385
0 0.5480769230769231 0.3329326923076923 0.0889423076923077 0.06009615384615385
0 0.5805288461538461 0.48677884615384615 0.06490384615384616 0.052884615384615384
0 0.9495192307692307 0.8233173076923077 0.0985576923076923 0.0829326923076923
0 0.7668269230769231 0.5492788461538461 0.0733173076923077 0.08533653846153846
0 0.052884615384615384 0.10096153846153846 0.0985576923076923 0.07572115384615384