0 0.32211538461538464 0.2980769230769231 0.12740384615384615 0.22596153846153846
0 0.09134615384615384 0.5757211538461539 0.15985576923076922 0.1935096153846154
0 0.9026442307692307 0.5661057692307693 0.19230769230769232 0.10096153846153846
0 0.875 0.03125 0.0625 0.0625
0 0.9362980769230769 0.2247596153846154 0.07572115384615384 0.14903846153846154
0 0.2800480769230769 0.6274038461538461 0.11778846153846154 0.06850961538461539
0 0.09134615384615384 0.2764423076923077 0.06129807692307692 0.11899038461538461
0 0.1875 0.09735576923076923 0.19831730769230768 0.19471153846153846
0 0.05048076923076923 0.9783653846153846 0.10096153846153846 0.040865384615384616
0 0.02283653846153846 0.41346153846153844 0.04447115384615385 0.06610576923076923
0 0.9170673076923077 0.4362980769230769 0.16346153846153846 0.09014423076923077
0 0.7620192307692307 0.6923076923076923 0.08052884615384616 0.11538461538461539
0 0.5853365384615384 0.6947115384615384 0.11778846153846154 0.13221153846153846
0 0.8088942307692307 0.1045673076923077 0.19471153846153846 0.17668269230769232
0 0.3137019230769231 0.703125 0.14302884615384615 0.10576923076923077
0 0.7091346153846154 0.4411057692307692 0.06009615384615385 0.19591346153846154
0 0.15384615384615385 0.6454326923076923 0.12259615384615384 0.19471153846153846
0 0.2764423076923077 0.8329326923076923 0.12379807692307693 0.07572115384615384
0 0.6706730769230769 0.08413461538461539 0.18269230769230768 0.13701923076923078
0 0.265625 0.48197115384615385 0.16706730769230768 0.10697115384615384
0 0.05889423076923077 0.24759615384615385 0.11778846153846154 0.07692307692307693
0 0.5360576923076923 0.8100961538461539 0.14903846153846154 0.14903846153846154
0 0.171875 0.1346153846153846 0.08173076923076923 0.2644230769230769
0 0.7091346153846154 0.028846153846153848 0.08173076923076923 0.054086538461538464
0 0.7307692307692307 0.7848557692307693 0.15865384615384615 0.13822115384615385
0 0.48677884615384615 0.27163461538461536 0.10697115384615384 0.09134615384615384
0 0.5817307692307693 0.4423076923076923 0.06850961538461539 0.09134615384615384
0 0.08413461538461539 0.11177884615384616 0.13942307692307693 0.22115384615384615
0 0.5264423076923077 0.3245192307692308 0.16466346153846154 0.0829326923076923
0 0.9194711538461539 0.27884615384615385 0.15985576923076922 0.11177884615384616
0 0.10216346153846154 0.8040865384615384 0.12740384615384615 0.0889423076923077
0 0.9350961538461539 0.6550480769230769 0.09014423076923077 0.1201923076923077
0 0.24278846153846154 0.9783653846153846 0.11177884615384616 0.037259615384615384