0 0.32572115384615385 0.016826923076923076 0.055288461538461536 0.03365384615384615
0 0.27163461538461536 0.09975961538461539 0.0673076923076923 0.09134615384615384
0 0.5516826923076923 0.2512019230769231 0.14903846153846154 0.10096153846153846
0 0.7848557692307693 0.6141826923076923 0.09134615384615384 0.13341346153846154
0 0.7475961538461539 0.15504807692307693 0.11658653846153846 0.09375
0 0.13581730769230768 0.6045673076923077 0.06009615384615385 0.055288461538461536
0 0.13701923076923078 0.3858173076923077 0.0829326923076923 0.17548076923076922
0 0.4891826923076923 0.17908653846153846 0.09495192307692307 0.10096153846153846
0 0.9735576923076923 0.6298076923076923 0.04927884615384615 0.057692307692307696
0 0.9122596153846154 0.8810096153846154 0.08533653846153846 0.06850961538461539
0 0.8365384615384616 0.9471153846153846 0.08653846153846154 0.08653846153846154
0 0.6598557692307693 0.5564903846153846 0.0985576923076923 0.07692307692307693
0 0.7139423076923077 0.8533653846153846 0.06129807692307692 0.06490384615384616
0 0.6442307692307693 0.7980769230769231 0.08653846153846154 0.09735576923076923
0 0.4182692307692308 0.5805288461538461 0.07572115384615384 0.09134615384615384
0 0.1658653846153846 0.9050480769230769 0.07091346153846154 0.15865384615384615
0 0.11298076923076923 0.7439903846153846 0.05889423076923077 0.055288461538461536
0 0.3557692307692308 0.14543269230769232 0.10096153846153846 0.0889423076923077
0 0.6466346153846154 0.4651442307692308 0.11778846153846154 0.16346153846153846
0 0.037259615384615384 0.5108173076923077 0.06610576923076923 0.14423076923076922
0 0.046875 0.3004807692307692 0.078125 0.08052884615384616
0 0.9507211538461539 0.17427884615384615 0.09735576923076923 0.09014423076923077
0 0.20072115384615385 0.057692307692307696 0.06490384615384616 0.11177884615384616
0 0.06009615384615385 0.09134615384615384 0.057692307692307696 0.06490384615384616
0 0.10817307692307693 0.671875 0.06971153846153846 0.06009615384615385
0 0.025240384615384616 0.17067307692307693 0.04927884615384615 0.11658653846153846
0 0.6538461538461539 0.9170673076923077 0.0889423076923077 0.09254807692307693
0 0.46875 0.28125 0.09975961538461539 0.1502403846153846
0 0.9615384615384616 0.057692307692307696 0.07572115384615384 0.06850961538461539
0 0.4014423076923077 0.4879807692307692 0.07692307692307693 0.08533653846153846
0 0.8233173076923077 0.49399038461538464 0.1971153846153846 0.14783653846153846
0 0.2668269230769231 0.6514423076923077 0.15384615384615385 0.08533653846153846
0 0.10697115384615384 0.21514423076923078 0.06009615384615385 0.07932692307692307
0 0.7884615384615384 0.019230769230769232 0.07572115384615384 0.038461538461538464
0 0.31971153846153844 0.484375 0.06009615384615385 0.1045673076923077
0 0.5805288461538461 0.7788461538461539 0.0673076923076923 0.07451923076923077
0 0.3076923076923077 0.7920673076923077 0.07932692307692307 0.054086538461538464