0 0.04447115384615385 0.5192307692307693 0.08653846153846154 0.02403846153846154
0 0.03245192307692308 0.8317307692307693 0.06490384615384616 0.038461538461538464
0 0.054086538461538464 0.6201923076923077 0.10817307692307693 0.04807692307692308
0 0.4074519230769231 0.5432692307692307 0.09615384615384616 0.03365384615384615
0 0.21394230769230768 0.6911057692307693 0.16706730769230768 0.06129807692307692
0 0.5480769230769231 0.6862980769230769 0.10697115384615384 0.07091346153846154
0 0.23557692307692307 0.019230769230769232 0.06370192307692307 0.038461538461538464
0 0.5709134615384616 0.49158653846153844 0.06610576923076923 0.02403846153846154
0 0.9399038461538461 0.5612980769230769 0.10336538461538461 0.051682692307692304
0 0.5685096153846154 0.4483173076923077 0.06971153846153846 0.04807692307692308
0 0.25721153846153844 0.5456730769230769 0.125 0.06610576923076923
0 0.265625 0.1622596153846154 0.14903846153846154 0.042067307692307696
0 0.35336538461538464 0.22115384615384615 0.08052884615384616 0.057692307692307696
0 0.14302884615384615 0.5432692307692307 0.10096153846153846 0.03245192307692308
0 0.4411057692307692 0.9122596153846154 0.13221153846153846 0.039663461538461536
0 0.0673076923076923 0.9783653846153846 0.0673076923076923 0.042067307692307696
0 0.8930288461538461 0.5072115384615384 0.06490384615384616 0.04807692307692308
0 0.20673076923076922 0.671875 0.12139423076923077 0.12259615384615384
0 0.5745192307692307 0.5264423076923077 0.10697115384615384 0.04447115384615385
0 0.9651442307692307 0.43149038461538464 0.0673076923076923 0.11177884615384616
0 0.203125 0.984375 0.13942307692307693 0.028846153846153848
0 0.7463942307692307 0.40625 0.10096153846153846 0.04927884615384615
0 0.8581730769230769 0.44711538461538464 0.1346153846153846 0.038461538461538464
0 0.890625 0.7764423076923077 0.11899038461538461 0.037259615384615384
0 0.7572115384615384 0.7560096153846154 0.13221153846153846 0.0733173076923077
0 0.35336538461538464 0.7860576923076923 0.1141826923076923 0.09495192307692307
0 0.7235576923076923 0.34375 0.08653846153846154 0.08413461538461539
0 0.8846153846153846 0.4651442307692308 0.036057692307692304 0.03365384615384615
0 0.796875 0.4735576923076923 0.12379807692307693 0.09134615384615384
0 0.45552884615384615 0.4266826923076923 0.09975961538461539 0.06490384615384616
0 0.8834134615384616 0.8293269230769231 0.07932692307692307 0.054086538461538464
0 0.04567307692307692 0.05889423076923077 0.0889423076923077 0.06971153846153846
0 0.5685096153846154 0.3629807692307692 0.13581730769230768 0.056490384615384616
0 0.6466346153846154 0.9495192307692307 0.16947115384615385 0.039663461538461536
0 0.24158653846153846 0.7584134615384616 0.11658653846153846 0.055288461538461536
0 0.8100961538461539 0.5612980769230769 0.07572115384615384 0.06490384615384616
0 0.6959134615384616 0.2764423076923077 0.12740384615384615 0.09014423076923077
0 0.6274038461538461 0.4795673076923077 0.06370192307692307 0.0889423076923077
0 0.6322115384615384 0.7980769230769231 0.04927884615384615 0.04447115384615385
0 0.13701923076923078 0.04927884615384615 0.14302884615384615 0.09735576923076923
0 0.15985576923076922 0.5829326923076923 0.11177884615384616 0.04927884615384615
0 0.16346153846153846 0.4963942307692308 0.109375 0.051682692307692304
0 0.11778846153846154 0.39663461538461536 0.08052884615384616 0.06971153846153846
0 0.5276442307692307 0.7644230769230769 0.06490384615384616 0.057692307692307696
0 0.12259615384615384 0.08173076923076923 0.09134615384615384 0.07091346153846154
0 0.6646634615384616 0.7512019230769231 0.054086538461538464 0.056490384615384616
0 0.9399038461538461 0.018028846153846152 0.040865384615384616 0.03485576923076923
0 0.9543269230769231 0.7367788461538461 0.09014423076923077 0.09134615384615384
0 0.6694711538461539 0.9110576923076923 0.13581730769230768 0.06370192307692307
0 0.26322115384615385 0.31850961538461536 0.09375 0.07932692307692307
0 0.046875 0.49759615384615385 0.09254807692307693 0.04326923076923077
0 0.4699519230769231 0.31971153846153844 0.05889423076923077 0.11778846153846154