0 0.5877403846153846 0.0733173076923077 0.09375 0.14423076923076922
0 0.4795673076923077 0.1875 0.08653846153846154 0.042067307692307696
0 0.6418269230769231 0.6766826923076923 0.11538461538461539 0.11298076923076923
0 0.9014423076923077 0.5853365384615384 0.078125 0.08774038461538461
0 0.4014423076923077 0.7043269230769231 0.10336538461538461 0.12259615384615384
0 0.37740384615384615 0.3701923076923077 0.14302884615384615 0.08653846153846154
0 0.7512019230769231 0.6670673076923077 0.12620192307692307 0.16105769230769232
0 0.12259615384615384 0.1201923076923077 0.1502403846153846 0.18870192307692307
0 0.4254807692307692 0.17908653846153846 0.10697115384615384 0.1310096153846154
0 0.02283653846153846 0.5528846153846154 0.04567307692307692 0.14423076923076922
0 0.5336538461538461 0.5673076923076923 0.09014423076923077 0.09014423076923077
0 0.8305288461538461 0.22596153846153846 0.07932692307692307 0.10336538461538461
0 0.0673076923076923 0.3076923076923077 0.09134615384615384 0.19591346153846154
0 0.7043269230769231 0.20793269230769232 0.0829326923076923 0.10096153846153846
0 0.6947115384615384 0.42427884615384615 0.09975961538461539 0.12740384615384615
0 0.08653846153846154 0.5168269230769231 0.07692307692307693 0.09014423076923077
0 0.2980769230769231 0.07091346153846154 0.10697115384615384 0.14182692307692307
0 0.43509615384615385 0.27403846153846156 0.14543269230769232 0.09615384615384616
0 0.2512019230769231 0.6201923076923077 0.140625 0.10817307692307693
0 0.5360576923076923 0.8413461538461539 0.09254807692307693 0.09975961538461539
0 0.9579326923076923 0.7115384615384616 0.0829326923076923 0.15384615384615385
0 0.22115384615384615 0.2512019230769231 0.09134615384615384 0.16947115384615385
0 0.8725961538461539 0.8918269230769231 0.2536057692307692 0.09975961538461539
0 0.21634615384615385 0.41947115384615385 0.05889423076923077 0.07451923076923077
0 0.039663461538461536 0.11177884615384616 0.07932692307692307 0.17548076923076922
0 0.7463942307692307 0.8329326923076923 0.09254807692307693 0.10096153846153846
0 0.2283653846153846 0.47596153846153844 0.15504807692307693 0.15264423076923078
0 0.19471153846153846 0.8257211538461539 0.140625 0.12259615384615384
0 0.8617788461538461 0.37740384615384615 0.22235576923076922 0.1466346153846154
0 0.390625 0.4495192307692308 0.125 0.07572115384615384