0 0.9098557692307693 0.41586538461538464 0.08774038461538461 0.09134615384615384
0 0.7115384615384616 0.11177884615384616 0.07091346153846154 0.109375
0 0.53125 0.7283653846153846 0.0985576923076923 0.06971153846153846
0 0.796875 0.7223557692307693 0.039663461538461536 0.040865384615384616
0 0.33413461538461536 0.4483173076923077 0.07211538461538461 0.10096153846153846
0 0.9591346153846154 0.2548076923076923 0.08052884615384616 0.0673076923076923
0 0.5324519230769231 0.2704326923076923 0.06009615384615385 0.06490384615384616
0 0.23557692307692307 0.07692307692307693 0.09134615384615384 0.08052884615384616
0 0.6057692307692307 0.5444711538461539 0.08653846153846154 0.0673076923076923
0 0.8497596153846154 0.7355769230769231 0.0829326923076923 0.10096153846153846
0 0.34975961538461536 0.5288461538461539 0.056490384615384616 0.13341346153846154
0 0.13221153846153846 0.3557692307692308 0.08052884615384616 0.08052884615384616
0 0.2091346153846154 0.9194711538461539 0.07091346153846154 0.06850961538461539
0 0.9675480769230769 0.18509615384615385 0.05048076923076923 0.055288461538461536
0 0.7740384615384616 0.48677884615384615 0.0625 0.0625
0 0.25841346153846156 0.02283653846153846 0.06610576923076923 0.04447115384615385
0 0.5120192307692307 0.03245192307692308 0.0673076923076923 0.052884615384615384
0 0.06370192307692307 0.6045673076923077 0.0733173076923077 0.09014423076923077
0 0.43028846153846156 0.2536057692307692 0.05889423076923077 0.054086538461538464
0 0.9459134615384616 0.5829326923076923 0.08774038461538461 0.09615384615384616
0 0.22115384615384615 0.984375 0.09134615384615384 0.030048076923076924
0 0.375 0.13822115384615385 0.06850961538461539 0.12740384615384615
0 0.06610576923076923 0.7788461538461539 0.0625 0.08052884615384616
0 0.8762019230769231 0.08653846153846154 0.07692307692307693 0.10096153846153846
0 0.7163461538461539 0.8305288461538461 0.037259615384615384 0.055288461538461536
0 0.5216346153846154 0.9122596153846154 0.07451923076923077 0.10697115384615384
0 0.2860576923076923 0.9723557692307693 0.055288461538461536 0.054086538461538464
0 0.9819711538461539 0.14423076923076922 0.03365384615384615 0.06009615384615385
0 0.08533653846153846 0.2608173076923077 0.06009615384615385 0.06129807692307692
0 0.9134615384615384 0.78125 0.06610576923076923 0.10817307692307693
0 0.5 0.20793269230769232 0.042067307692307696 0.026442307692307692
0 0.65625 0.8605769230769231 0.09014423076923077 0.12860576923076922
0 0.7271634615384616 0.9675480769230769 0.04326923076923077 0.05048076923076923
0 0.6875 0.5420673076923077 0.11658653846153846 0.09615384615384616
0 0.2283653846153846 0.23798076923076922 0.07932692307692307 0.07091346153846154
0 0.7211538461538461 0.4411057692307692 0.056490384615384616 0.09134615384615384
0 0.06490384615384616 0.9663461538461539 0.06610576923076923 0.06490384615384616
0 0.32211538461538464 0.07451923076923077 0.05889423076923077 0.06129807692307692
0 0.5 0.5865384615384616 0.10096153846153846 0.06971153846153846
0 0.27403846153846156 0.43149038461538464 0.09254807692307693 0.09975961538461539
0 0.234375 0.14903846153846154 0.08653846153846154 0.06971153846153846
0 0.11538461538461539 0.6802884615384616 0.055288461538461536 0.04927884615384615
0 0.5889423076923077 0.8834134615384616 0.06009615384615385 0.10096153846153846
0 0.6682692307692307 0.027644230769230768 0.08653846153846154 0.055288461538461536
0 0.9783653846153846 0.390625 0.042067307692307696 0.1045673076923077
0 0.030048076923076924 0.5528846153846154 0.06009615384615385 0.0733173076923077
0 0.23076923076923078 0.7716346153846154 0.06009615384615385 0.051682692307692304
0 0.7560096153846154 0.40024038461538464 0.09254807692307693 0.054086538461538464