0 0.5913461538461539 0.9747596153846154 0.08774038461538461 0.04927884615384615
0 0.8858173076923077 0.96875 0.0625 0.05889423076923077
0 0.24759615384615385 0.24158653846153846 0.06009615384615385 0.07572115384615384
0 0.4723557692307692 0.8557692307692307 0.0889423076923077 0.12259615384615384
0 0.33774038461538464 0.9711538461538461 0.10817307692307693 0.052884615384615384
0 0.30528846153846156 0.4723557692307692 0.1045673076923077 0.14302884615384615
0 0.7764423076923077 0.48197115384615385 0.08653846153846154 0.0733173076923077
0 0.11658653846153846 0.15625 0.09615384615384616 0.07572115384615384
0 0.33052884615384615 0.3425480769230769 0.07451923076923077 0.07211538461538461
0 0.44591346153846156 0.3161057692307692 0.10096153846153846 0.09495192307692307
0 0.8846153846153846 0.6971153846153846 0.09615384615384616 0.13221153846153846
0 0.3870192307692308 0.20072115384615385 0.10576923076923077 0.13221153846153846
0 0.6141826923076923 0.6225961538461539 0.11177884615384616 0.09375
0 0.7223557692307693 0.9783653846153846 0.2247596153846154 0.042067307692307696
0 0.21394230769230768 0.6971153846153846 0.08052884615384616 0.11899038461538461
0 0.5012019230769231 0.08774038461538461 0.06971153846153846 0.12139423076923077
0 0.4170673076923077 0.0829326923076923 0.12259615384615384 0.14903846153846154
0 0.7007211538461539 0.4026442307692308 0.12740384615384615 0.078125
0 0.12620192307692307 0.038461538461538464 0.11057692307692307 0.07451923076923077
0 0.39903846153846156 0.5949519230769231 0.05889423076923077 0.08413461538461539
0 0.11177884615384616 0.7211538461538461 0.09254807692307693 0.11658653846153846
0 0.5096153846153846 0.43509615384615385 0.12379807692307693 0.08774038461538461
0 0.21634615384615385 0.9603365384615384 0.12139423076923077 0.0733173076923077
0 0.10697115384615384 0.9735576923076923 0.10216346153846154 0.05048076923076923
0 0.08774038461538461 0.8557692307692307 0.09615384615384616 0.11177884615384616
0 0.9098557692307693 0.39903846153846156 0.14302884615384615 0.09134615384615384
0 0.9543269230769231 0.7596153846153846 0.0889423076923077 0.06009615384615385
0 0.7391826923076923 0.9086538461538461 0.12139423076923077 0.08052884615384616
0 0.8004807692307693 0.40384615384615385 0.10697115384615384 0.10697115384615384