0 0.12980769230769232 0.03365384615384615 0.14543269230769232 0.06610576923076923
0 0.265625 0.16466346153846154 0.10697115384615384 0.0985576923076923
0 0.11899038461538461 0.20793269230769232 0.140625 0.14182692307692307
0 0.6646634615384616 0.028846153846153848 0.054086538461538464 0.057692307692307696
0 0.6742788461538461 0.0733173076923077 0.04447115384615385 0.07451923076923077
0 0.6141826923076923 0.0733173076923077 0.04927884615384615 0.07692307692307693
0 0.4951923076923077 0.11298076923076923 0.038461538461538464 0.18870192307692307
0 0.11778846153846154 0.2764423076923077 0.11538461538461539 0.08533653846153846
0 0.06490384615384616 0.38221153846153844 0.12860576923076922 0.1814903846153846
0 0.21995192307692307 0.3137019230769231 0.07692307692307693 0.042067307692307696
0 0.014423076923076924 0.20673076923076922 0.028846153846153848 0.028846153846153848
0 0.53125 0.2704326923076923 0.18509615384615385 0.1045673076923077
0 0.4723557692307692 0.3125 0.13822115384615385 0.09014423076923077
0 0.48677884615384615 0.42427884615384615 0.12620192307692307 0.04326923076923077
0 0.25721153846153844 0.43028846153846156 0.17548076923076922 0.17908653846153846
0 0.6105769230769231 0.15384615384615385 0.18870192307692307 0.09134615384615384
0 0.6490384615384616 0.2800480769230769 0.16826923076923078 0.18990384615384615
0 0.796875 0.41586538461538464 0.25841346153846156 0.23317307692307693
0 0.7692307692307693 0.5697115384615384 0.11778846153846154 0.125
0 0.6418269230769231 0.5180288461538461 0.109375 0.11177884615384616
0 0.4831730769230769 0.7151442307692307 0.06610576923076923 0.1201923076923077
0 0.328125 0.703125 0.31009615384615385 0.12740384615384615
0 0.21875 0.8173076923076923 0.028846153846153848 0.07692307692307693
0 0.1466346153846154 0.8509615384615384 0.07932692307692307 0.028846153846153848
0 0.2247596153846154 0.9302884615384616 0.0985576923076923 0.06971153846153846
0 0.08173076923076923 0.9483173076923077 0.04567307692307692 0.10096153846153846
0 0.46274038461538464 0.9170673076923077 0.2920673076923077 0.16466346153846154
0 0.7391826923076923 0.27403846153846156 0.030048076923076924 0.07572115384615384
0 0.9939903846153846 0.7752403846153846 0.010817307692307692 0.08533653846153846
0 0.7548076923076923 0.9795673076923077 0.06129807692307692 0.038461538461538464
0 0.7175480769230769 0.9387019230769231 0.03365384615384615 0.1201923076923077
0 0.7704326923076923 0.8762019230769231 0.14543269230769232 0.13221153846153846
0 0.6622596153846154 0.9350961538461539 0.054086538461538464 0.12860576923076922
0 0.15144230769230768 0.49278846153846156 0.10697115384615384 0.14302884615384615
0 0.42788461538461536 0.5120192307692307 0.08774038461538461 0.0673076923076923
0 0.7283653846153846 0.38822115384615385 0.08413461538461539 0.036057692307692304
0 0.046875 0.06490384615384616 0.09375 0.06009615384615385
0 0.65625 0.015625 0.039663461538461536 0.03125
0 0.009615384615384616 0.9783653846153846 0.019230769230769232 0.038461538461538464
0 0.01201923076923077 0.7067307692307693 0.02403846153846154 0.038461538461538464