0 0.23557692307692307 0.6586538461538461 0.10096153846153846 0.055288461538461536
0 0.5096153846153846 0.11778846153846154 0.0889423076923077 0.051682692307692304
0 0.6129807692307693 0.6670673076923077 0.0829326923076923 0.06971153846153846
0 0.22235576923076922 0.25600961538461536 0.140625 0.07091346153846154
0 0.4543269230769231 0.27163461538461536 0.10216346153846154 0.04447115384615385
0 0.23076923076923078 0.09254807692307693 0.12259615384615384 0.125
0 0.0985576923076923 0.06009615384615385 0.06370192307692307 0.046875
0 0.15504807692307693 0.2764423076923077 0.11538461538461539 0.06129807692307692
0 0.026442307692307692 0.6754807692307693 0.051682692307692304 0.03365384615384615
0 0.6081730769230769 0.19831730769230768 0.13221153846153846 0.039663461538461536
0 0.9110576923076923 0.6430288461538461 0.10817307692307693 0.109375
0 0.8305288461538461 0.13221153846153846 0.07692307692307693 0.04927884615384615
0 0.5516826923076923 0.6911057692307693 0.09615384615384616 0.037259615384615384
0 0.9723557692307693 0.10216346153846154 0.052884615384615384 0.039663461538461536
0 0.04927884615384615 0.484375 0.09134615384615384 0.04807692307692308
0 0.7235576923076923 0.0673076923076923 0.07451923076923077 0.08653846153846154
0 0.5048076923076923 0.5144230769230769 0.08173076923076923 0.042067307692307696
0 0.5300480769230769 0.7427884615384616 0.0985576923076923 0.05048076923076923
0 0.33774038461538464 0.8978365384615384 0.0889423076923077 0.027644230769230768
0 0.9735576923076923 0.7463942307692307 0.051682692307692304 0.036057692307692304
0 0.7776442307692307 0.16346153846153846 0.09134615384615384 0.054086538461538464
0 0.5228365384615384 0.10216346153846154 0.08653846153846154 0.07572115384615384
0 0.2439903846153846 0.734375 0.09134615384615384 0.030048076923076924
0 0.3293269230769231 0.23677884615384615 0.10216346153846154 0.03485576923076923
0 0.29447115384615385 0.9795673076923077 0.08173076923076923 0.027644230769230768
0 0.3088942307692308 0.0733173076923077 0.056490384615384616 0.039663461538461536
0 0.3112980769230769 0.8581730769230769 0.08653846153846154 0.05048076923076923
0 0.24759615384615385 0.23798076923076922 0.1201923076923077 0.055288461538461536
0 0.7776442307692307 0.11658653846153846 0.09134615384615384 0.04326923076923077
0 0.33533653846153844 0.9326923076923077 0.11177884615384616 0.04326923076923077
0 0.08173076923076923 0.8569711538461539 0.07451923076923077 0.03125
0 0.234375 0.5216346153846154 0.109375 0.04807692307692308
0 0.6045673076923077 0.75 0.07091346153846154 0.028846153846153848
0 0.12379807692307693 0.7800480769230769 0.09134615384615384 0.03365384615384615
0 0.7716346153846154 0.9158653846153846 0.125 0.04447115384615385
0 0.40865384615384615 0.8725961538461539 0.11298076923076923 0.040865384615384616
0 0.6322115384615384 0.22115384615384615 0.15384615384615385 0.07451923076923077
0 0.9663461538461539 0.7680288461538461 0.06490384615384616 0.040865384615384616
0 0.22716346153846154 0.7007211538461539 0.11778846153846154 0.06009615384615385
0 0.9735576923076923 0.014423076923076924 0.04807692307692308 0.028846153846153848
0 0.7680288461538461 0.22235576923076922 0.09014423076923077 0.054086538461538464
0 0.9423076923076923 0.22596153846153846 0.06490384615384616 0.042067307692307696
0 0.21875 0.037259615384615384 0.15144230769230768 0.07451923076923077
0 0.7644230769230769 0.6045673076923077 0.0733173076923077 0.12379807692307693
0 0.6778846153846154 0.8317307692307693 0.10096153846153846 0.04807692307692308
0 0.15384615384615385 0.8545673076923077 0.09615384615384616 0.042067307692307696
0 0.4254807692307692 0.8088942307692307 0.07091346153846154 0.026442307692307692
0 0.2247596153846154 0.2860576923076923 0.1622596153846154 0.06490384615384616
0 0.039663461538461536 0.10336538461538461 0.07932692307692307 0.057692307692307696
0 0.9182692307692307 0.16706730769230768 0.11298076923076923 0.046875
0 0.33653846153846156 0.7115384615384616 0.13942307692307693 0.04567307692307692
0 0.3713942307692308 0.484375 0.12139423076923077 0.054086538461538464
0 0.6586538461538461 0.38100961538461536 0.11298076923076923 0.07451923076923077
0 0.6899038461538461 0.16947115384615385 0.11298076923076923 0.03485576923076923
0 0.6262019230769231 0.8353365384615384 0.05048076923076923 0.027644230769230768
0 0.31971153846153844 0.13822115384615385 0.09134615384615384 0.052884615384615384
0 0.3629807692307692 0.8052884615384616 0.1045673076923077 0.028846153846153848
0 0.9170673076923077 0.23677884615384615 0.06370192307692307 0.055288461538461536
0 0.40024038461538464 0.8269230769230769 0.11177884615384616 0.03125
0 0.9387019230769231 0.036057692307692304 0.07572115384615384 0.056490384615384616
0 0.14543269230769232 0.35336538461538464 0.11177884615384616 0.04447115384615385
0 0.055288461538461536 0.5168269230769231 0.10216346153846154 0.03245192307692308
0 0.4266826923076923 0.016826923076923076 0.04807692307692308 0.03365384615384615
0 0.41225961538461536 0.14783653846153846 0.08173076923076923 0.06971153846153846
0 0.3894230769230769 0.31490384615384615 0.11658653846153846 0.030048076923076924
0 0.19951923076923078 0.7536057692307693 0.10697115384615384 0.08413461538461539
0 0.7560096153846154 0.6322115384615384 0.08774038461538461 0.14182692307692307
0 0.6670673076923077 0.9411057692307693 0.09134615384615384 0.11298076923076923
0 0.3245192307692308 0.109375 0.10336538461538461 0.07451923076923077
0 0.9603365384615384 0.6141826923076923 0.078125 0.054086538461538464
0 0.953125 0.9050480769230769 0.09134615384615384 0.040865384615384616
0 0.18509615384615385 0.9663461538461539 0.07451923076923077 0.03485576923076923
0 0.04326923076923077 0.3173076923076923 0.08533653846153846 0.056490384615384616
0 0.5516826923076923 0.3137019230769231 0.06009615384615385 0.04447115384615385
0 0.6274038461538461 0.984375 0.08413461538461539 0.028846153846153848
0 0.6045673076923077 0.3137019230769231 0.11057692307692307 0.09014423076923077
0 0.30649038461538464 0.36177884615384615 0.13822115384615385 0.08173076923076923
0 0.5516826923076923 0.23798076923076922 0.0733173076923077 0.056490384615384616
0 0.025240384615384616 0.23677884615384615 0.04927884615384615 0.06009615384615385
0 0.4411057692307692 0.9098557692307693 0.12259615384615384 0.038461538461538464
0 0.34975961538461536 0.5300480769230769 0.0673076923076923 0.036057692307692304
0 0.03485576923076923 0.8197115384615384 0.06971153846153846 0.046875
0 0.15504807692307693 0.890625 0.15384615384615385 0.04447115384615385