0 0.39903846153846156 0.921875 0.06850961538461539 0.0733173076923077
0 0.35697115384615385 0.2620192307692308 0.0829326923076923 0.07451923076923077
0 0.14903846153846154 0.7800480769230769 0.08653846153846154 0.0733173076923077
0 0.1141826923076923 0.1875 0.08052884615384616 0.11057692307692307
0 0.5733173076923077 0.47836538461538464 0.078125 0.078125
0 0.21394230769230768 0.37259615384615385 0.07211538461538461 0.07211538461538461
0 0.3317307692307692 0.46634615384615385 0.07091346153846154 0.08774038461538461
0 0.32211538461538464 0.028846153846153848 0.05889423076923077 0.056490384615384616
0 0.7283653846153846 0.7259615384615384 0.09014423076923077 0.06490384615384616
0 0.8028846153846154 0.030048076923076924 0.08653846153846154 0.06009615384615385
0 0.6322115384615384 0.5516826923076923 0.06490384615384616 0.07932692307692307
0 0.03245192307692308 0.2704326923076923 0.06490384615384616 0.06370192307692307
0 0.8004807692307693 0.609375 0.08653846153846154 0.08052884615384616
0 0.7067307692307693 0.29086538461538464 0.07572115384615384 0.06129807692307692
0 0.45913461538461536 0.2848557692307692 0.08653846153846154 0.1045673076923077
0 0.7764423076923077 0.3401442307692308 0.0829326923076923 0.0625
0 0.5360576923076923 0.5612980769230769 0.08052884615384616 0.07091346153846154
0 0.9350961538461539 0.9086538461538461 0.07211538461538461 0.06490384615384616
0 0.23197115384615385 0.22596153846153846 0.07451923076923077 0.06971153846153846
0 0.14182692307692307 0.39903846153846156 0.07211538461538461 0.0673076923076923
0 0.040865384615384616 0.5600961538461539 0.06009615384615385 0.06490384615384616
0 0.53125 0.4170673076923077 0.06490384615384616 0.07211538461538461
0 0.4495192307692308 0.7127403846153846 0.0733173076923077 0.06850961538461539
0 0.3581730769230769 0.7752403846153846 0.09615384615384616 0.08413461538461539
0 0.7584134615384616 0.9711538461538461 0.09735576923076923 0.056490384615384616
0 0.24639423076923078 0.47475961538461536 0.06490384615384616 0.07091346153846154
0 0.4182692307692308 0.028846153846153848 0.06610576923076923 0.056490384615384616
0 0.04326923076923077 0.13341346153846154 0.06971153846153846 0.0829326923076923
0 0.17908653846153846 0.453125 0.08653846153846154 0.07451923076923077
0 0.6346153846153846 0.7007211538461539 0.06370192307692307 0.05048076923076923
0 0.8966346153846154 0.22115384615384615 0.07572115384615384 0.07572115384615384
0 0.4855769230769231 0.05048076923076923 0.06490384615384616 0.06971153846153846
0 0.19831730769230768 0.6670673076923077 0.07692307692307693 0.08052884615384616
0 0.6442307692307693 0.9014423076923077 0.06971153846153846 0.0673076923076923
0 0.5276442307692307 0.6274038461538461 0.055288461538461536 0.06370192307692307
0 0.7115384615384616 0.5673076923076923 0.06610576923076923 0.10216346153846154
0 0.703125 0.9302884615384616 0.09134615384615384 0.06370192307692307
0 0.07572115384615384 0.7932692307692307 0.08774038461538461 0.0673076923076923
0 0.8569711538461539 0.18389423076923078 0.10336538461538461 0.11778846153846154
0 0.9579326923076923 0.3112980769230769 0.08173076923076923 0.10817307692307693
0 0.6610576923076923 0.8125 0.07692307692307693 0.0829326923076923
0 0.3786057692307692 0.6754807692307693 0.055288461538461536 0.051682692307692304
0 0.6033653846153846 0.6346153846153846 0.07692307692307693 0.07451923076923077
0 0.59375 0.7139423076923077 0.07091346153846154 0.0889423076923077
0 0.9411057692307693 0.15144230769230768 0.078125 0.09975961538461539
0 0.7872596153846154 0.8341346153846154 0.06370192307692307 0.08173076923076923
0 0.4362980769230769 0.4423076923076923 0.08653846153846154 0.06370192307692307
0 0.6875 0.7680288461538461 0.0889423076923077 0.06490384615384616
0 0.6574519230769231 0.9579326923076923 0.06850961538461539 0.039663461538461536
0 0.5673076923076923 0.328125 0.08653846153846154 0.07211538461538461
0 0.8798076923076923 0.765625 0.0889423076923077 0.07692307692307693
0 0.027644230769230768 0.21875 0.055288461538461536 0.06490384615384616
0 0.7139423076923077 0.8737980769230769 0.09254807692307693 0.06129807692307692
0 0.8377403846153846 0.71875 0.10096153846153846 0.08173076923076923
0 0.8762019230769231 0.9375 0.08052884615384616 0.0733173076923077
0 0.7295673076923077 0.22716346153846154 0.0673076923076923 0.06009615384615385
0 0.9723557692307693 0.37259615384615385 0.052884615384615384 0.06490384615384616
0 0.11057692307692307 0.3942307692307692 0.052884615384615384 0.06971153846153846
0 0.9711538461538461 0.7391826923076923 0.056490384615384616 0.07211538461538461
0 0.4543269230769231 0.21033653846153846 0.054086538461538464 0.040865384615384616
0 0.4891826923076923 0.7932692307692307 0.09495192307692307 0.06850961538461539
0 0.5108173076923077 0.46875 0.057692307692307696 0.04447115384615385
0 0.9555288461538461 0.27524038461538464 0.06971153846153846 0.07451923076923077
0 0.8822115384615384 0.8341346153846154 0.08653846153846154 0.06971153846153846