0 0.8473557692307693 0.25841346153846156 0.15745192307692307 0.056490384615384616
0 0.3786057692307692 0.7992788461538461 0.03485576923076923 0.055288461538461536
0 0.39302884615384615 0.5997596153846154 0.15264423076923078 0.08052884615384616
0 0.5985576923076923 0.53125 0.11778846153846154 0.12740384615384615
0 0.046875 0.1622596153846154 0.0829326923076923 0.09975961538461539
0 0.1778846153846154 0.9086538461538461 0.06009615384615385 0.036057692307692304
0 0.4579326923076923 0.48677884615384615 0.11177884615384616 0.09975961538461539
0 0.34615384615384615 0.8918269230769231 0.09735576923076923 0.08052884615384616
0 0.4098557692307692 0.9014423076923077 0.039663461538461536 0.025240384615384616
0 0.7788461538461539 0.140625 0.07211538461538461 0.04567307692307692
0 0.027644230769230768 0.703125 0.055288461538461536 0.08173076923076923
0 0.8653846153846154 0.8617788461538461 0.05048076923076923 0.055288461538461536
0 0.2980769230769231 0.015625 0.07692307692307693 0.030048076923076924
0 0.578125 0.35216346153846156 0.1201923076923077 0.06009615384615385
0 0.6418269230769231 0.6358173076923077 0.052884615384615384 0.04927884615384615
0 0.21754807692307693 0.44591346153846156 0.08052884615384616 0.036057692307692304
0 0.3713942307692308 0.9711538461538461 0.042067307692307696 0.04807692307692308
0 0.7608173076923077 0.6189903846153846 0.04447115384615385 0.038461538461538464
0 0.07692307692307693 0.8365384615384616 0.08533653846153846 0.056490384615384616
0 0.5360576923076923 0.7127403846153846 0.0889423076923077 0.0673076923076923