0 0.6875 0.84375 0.028846153846153848 0.019230769230769232
0 0.5252403846153846 0.9555288461538461 0.06009615384615385 0.030048076923076924
0 0.5 0.6177884615384616 0.039663461538461536 0.026442307692307692
0 0.6995192307692307 0.5709134615384616 0.02403846153846154 0.028846153846153848
0 0.6875 0.6526442307692307 0.027644230769230768 0.038461538461538464
0 0.9278846153846154 0.7367788461538461 0.028846153846153848 0.038461538461538464
0 0.9170673076923077 0.7920673076923077 0.018028846153846152 0.026442307692307692
0 0.9122596153846154 0.546875 0.026442307692307692 0.018028846153846152
0 0.875 0.41947115384615385 0.021634615384615384 0.06490384615384616
0 0.9711538461538461 0.3605769230769231 0.038461538461538464 0.06610576923076923
0 0.8545673076923077 0.13701923076923078 0.039663461538461536 0.04927884615384615
0 0.7079326923076923 0.27524038461538464 0.06971153846153846 0.1141826923076923
0 0.5745192307692307 0.20552884615384615 0.027644230769230768 0.016826923076923076
0 0.5697115384615384 0.4230769230769231 0.03365384615384615 0.025240384615384616
0 0.4807692307692308 0.6911057692307693 0.03245192307692308 0.039663461538461536