0 0.8954326923076923 0.042067307692307696 0.05889423076923077 0.036057692307692304
0 0.7043269230769231 0.421875 0.040865384615384616 0.09495192307692307
0 0.7764423076923077 0.17548076923076922 0.06009615384615385 0.07572115384615384
0 0.9831730769230769 0.5757211538461539 0.030048076923076924 0.04447115384615385
0 0.9747596153846154 0.8521634615384616 0.039663461538461536 0.09615384615384616
0 0.9819711538461539 0.5 0.03125 0.0733173076923077
0 0.4963942307692308 0.01201923076923077 0.046875 0.02403846153846154
0 0.014423076923076924 0.12620192307692307 0.028846153846153848 0.06490384615384616
0 0.06129807692307692 0.02403846153846154 0.06850961538461539 0.04447115384615385
0 0.9002403846153846 0.671875 0.057692307692307696 0.055288461538461536
0 0.2536057692307692 0.40384615384615385 0.15264423076923078 0.11057692307692307
0 0.45072115384615385 0.65625 0.10336538461538461 0.06490384615384616
0 0.25961538461538464 0.10817307692307693 0.05889423076923077 0.051682692307692304
0 0.2764423076923077 0.6153846153846154 0.06850961538461539 0.04447115384615385
0 0.20552884615384615 0.11538461538461539 0.028846153846153848 0.09134615384615384
0 0.2668269230769231 0.47475961538461536 0.06971153846153846 0.14903846153846154
0 0.30408653846153844 0.5504807692307693 0.06009615384615385 0.051682692307692304
0 0.13221153846153846 0.019230769230769232 0.057692307692307696 0.038461538461538464
0 0.140625 0.4519230769230769 0.05889423076923077 0.06490384615384616
0 0.4951923076923077 0.20673076923076922 0.08413461538461539 0.078125
0 0.2920673076923077 0.04326923076923077 0.06009615384615385 0.054086538461538464
0 0.140625 0.5889423076923077 0.06009615384615385 0.0673076923076923
0 0.5637019230769231 0.2860576923076923 0.03245192307692308 0.03485576923076923
0 0.32091346153846156 0.1778846153846154 0.07572115384615384 0.06971153846153846
0 0.9314903846153846 0.42788461538461536 0.05048076923076923 0.09495192307692307
0 0.6586538461538461 0.8305288461538461 0.038461538461538464 0.08173076923076923
0 0.20432692307692307 0.6165865384615384 0.046875 0.040865384615384616
0 0.6213942307692307 0.6310096153846154 0.028846153846153848 0.09134615384615384
0 0.6983173076923077 0.6574519230769231 0.0673076923076923 0.0733173076923077
0 0.7367788461538461 0.30528846153846156 0.06971153846153846 0.046875
0 0.65625 0.11899038461538461 0.04567307692307692 0.06610576923076923
0 0.5420673076923077 0.5492788461538461 0.16706730769230768 0.08413461538461539
0 0.3942307692307692 0.7980769230769231 0.12740384615384615 0.052884615384615384
0 0.3076923076923077 0.12860576923076922 0.05048076923076923 0.07211538461538461
0 0.6899038461538461 0.3016826923076923 0.06009615384615385 0.07572115384615384
0 0.3858173076923077 0.28365384615384615 0.028846153846153848 0.0625
0 0.42908653846153844 0.06009615384615385 0.06490384615384616 0.05048076923076923
0 0.546875 0.4375 0.03245192307692308 0.07572115384615384
0 0.49158653846153844 0.15384615384615385 0.055288461538461536 0.05889423076923077
0 0.47716346153846156 0.10576923076923077 0.04927884615384615 0.027644230769230768
0 0.5877403846153846 0.7439903846153846 0.06971153846153846 0.042067307692307696
0 0.8485576923076923 0.9711538461538461 0.028846153846153848 0.052884615384615384
0 0.2764423076923077 0.6141826923076923 0.06850961538461539 0.04447115384615385
0 0.09134615384615384 0.6730769230769231 0.056490384615384616 0.04927884615384615
0 0.5997596153846154 0.45072115384615385 0.04927884615384615 0.09134615384615384
0 0.02283653846153846 0.5228365384615384 0.04567307692307692 0.042067307692307696
0 0.6887019230769231 0.0889423076923077 0.06971153846153846 0.06610576923076923
0 0.24519230769230768 0.8701923076923077 0.06370192307692307 0.05048076923076923
0 0.7139423076923077 0.5204326923076923 0.06971153846153846 0.06009615384615385
0 0.5949519230769231 0.055288461538461536 0.052884615384615384 0.057692307692307696
0 0.7644230769230769 0.45913461538461536 0.02403846153846154 0.08173076923076923
0 0.8930288461538461 0.26802884615384615 0.028846153846153848 0.08413461538461539