0 0.037259615384615384 0.3076923076923077 0.07451923076923077 0.13341346153846154
0 0.5733173076923077 0.18269230769230768 0.0985576923076923 0.17427884615384615
0 0.765625 0.5661057692307693 0.06490384615384616 0.08052884615384616
0 0.9242788461538461 0.6322115384615384 0.12259615384615384 0.08173076923076923
0 0.47596153846153844 0.48677884615384615 0.11778846153846154 0.09615384615384616
0 0.7704326923076923 0.9639423076923077 0.12740384615384615 0.06971153846153846
0 0.8076923076923077 0.8713942307692307 0.09134615384615384 0.14903846153846154
0 0.9399038461538461 0.046875 0.11899038461538461 0.09254807692307693
0 0.20673076923076922 0.6382211538461539 0.14903846153846154 0.17548076923076922
0 0.6538461538461539 0.8004807692307693 0.125 0.07572115384615384
0 0.9495192307692307 0.9206730769230769 0.09615384615384616 0.0829326923076923
0 0.16346153846153846 0.2920673076923077 0.11177884615384616 0.0733173076923077
0 0.7475961538461539 0.09014423076923077 0.07211538461538461 0.18028846153846154
0 0.6490384615384616 0.8858173076923077 0.18990384615384615 0.1502403846153846
0 0.18990384615384615 0.203125 0.09014423076923077 0.1346153846153846
0 0.4254807692307692 0.0985576923076923 0.0985576923076923 0.12620192307692307
0 0.0985576923076923 0.8798076923076923 0.1201923076923077 0.055288461538461536
0 0.6322115384615384 0.6490384615384616 0.14302884615384615 0.09615384615384616
0 0.11778846153846154 0.5805288461538461 0.055288461538461536 0.06490384615384616
0 0.1201923076923077 0.042067307692307696 0.17668269230769232 0.08413461538461539
0 0.6262019230769231 0.3629807692307692 0.11177884615384616 0.16466346153846154
0 0.0829326923076923 0.1778846153846154 0.1658653846153846 0.07451923076923077
0 0.078125 0.5504807692307693 0.15625 0.14543269230769232
0 0.9326923076923077 0.4951923076923077 0.13341346153846154 0.13701923076923078
0 0.18028846153846154 0.9435096153846154 0.1778846153846154 0.11057692307692307
0 0.6237980769230769 0.4675480769230769 0.11538461538461539 0.0733173076923077
0 0.9723557692307693 0.37740384615384615 0.04567307692307692 0.08653846153846154
0 0.7692307692307693 0.3269230769230769 0.20072115384615385 0.1141826923076923
0 0.6057692307692307 0.16706730769230768 0.09254807692307693 0.08413461538461539
0 0.037259615384615384 0.7608173076923077 0.07451923076923077 0.06490384615384616
0 0.32572115384615385 0.039663461538461536 0.07932692307692307 0.07932692307692307