0 0.6117788461538461 0.7908653846153846 0.051682692307692304 0.06490384615384616
0 0.6418269230769231 0.3317307692307692 0.039663461538461536 0.038461538461538464
0 0.21153846153846154 0.9074519230769231 0.054086538461538464 0.03245192307692308
0 0.8858173076923077 0.3737980769230769 0.05889423076923077 0.09495192307692307
0 0.5012019230769231 0.7163461538461539 0.10096153846153846 0.09615384615384616
0 0.5012019230769231 0.8305288461538461 0.06490384615384616 0.06850961538461539
0 0.5997596153846154 0.18269230769230768 0.05048076923076923 0.14302884615384615
0 0.7956730769230769 0.46875 0.055288461538461536 0.09254807692307693
0 0.38100961538461536 0.7427884615384616 0.051682692307692304 0.07572115384615384
0 0.4579326923076923 0.6358173076923077 0.04567307692307692 0.042067307692307696
0 0.054086538461538464 0.5913461538461539 0.06009615384615385 0.04326923076923077
0 0.7836538461538461 0.2644230769230769 0.07572115384615384 0.09615384615384616
0 0.65625 0.43028846153846156 0.055288461538461536 0.11298076923076923
0 0.41225961538461536 0.8449519230769231 0.08533653846153846 0.08052884615384616
0 0.13942307692307693 0.6983173076923077 0.08052884615384616 0.06490384615384616
0 0.45072115384615385 0.8149038461538461 0.057692307692307696 0.09375
0 0.02283653846153846 0.25721153846153844 0.04447115384615385 0.06610576923076923
0 0.7223557692307693 0.5625 0.055288461538461536 0.06129807692307692
0 0.42788461538461536 0.08413461538461539 0.07932692307692307 0.13221153846153846
0 0.10336538461538461 0.7644230769230769 0.056490384615384616 0.02403846153846154
0 0.109375 0.29447115384615385 0.07572115384615384 0.05889423076923077
0 0.4723557692307692 0.5649038461538461 0.03485576923076923 0.06850961538461539
0 0.25240384615384615 0.15504807692307693 0.05889423076923077 0.08052884615384616
0 0.9555288461538461 0.5552884615384616 0.08533653846153846 0.06490384615384616
0 0.35697115384615385 0.40384615384615385 0.04927884615384615 0.08413461538461539
0 0.8701923076923077 0.6129807692307693 0.028846153846153848 0.08533653846153846
0 0.06009615384615385 0.2764423076923077 0.052884615384615384 0.08653846153846154
0 0.04326923076923077 0.15384615384615385 0.0829326923076923 0.0985576923076923
0 0.7620192307692307 0.29927884615384615 0.039663461538461536 0.06370192307692307
0 0.06610576923076923 0.7836538461538461 0.06610576923076923 0.055288461538461536
0 0.7788461538461539 0.6129807692307693 0.037259615384615384 0.08052884615384616
0 0.6610576923076923 0.6766826923076923 0.06490384615384616 0.04807692307692308
0 0.9735576923076923 0.9038461538461539 0.04807692307692308 0.06009615384615385
0 0.36538461538461536 0.5288461538461539 0.0733173076923077 0.06971153846153846
0 0.21394230769230768 0.19471153846153846 0.054086538461538464 0.08052884615384616
0 0.06971153846153846 0.4206730769230769 0.06971153846153846 0.10216346153846154
0 0.8137019230769231 0.15384615384615385 0.07572115384615384 0.08052884615384616
0 0.53125 0.4855769230769231 0.07091346153846154 0.04927884615384615
0 0.671875 0.5745192307692307 0.054086538461538464 0.051682692307692304
0 0.7199519230769231 0.17908653846153846 0.04567307692307692 0.11177884615384616
0 0.8329326923076923 0.27403846153846156 0.06490384615384616 0.06971153846153846
0 0.4807692307692308 0.038461538461538464 0.07572115384615384 0.07572115384615384
0 0.12740384615384615 0.19230769230769232 0.055288461538461536 0.078125
0 0.7560096153846154 0.10697115384615384 0.0625 0.08173076923076923
0 0.5889423076923077 0.43990384615384615 0.09975961538461539 0.06490384615384616
0 0.49278846153846156 0.1141826923076923 0.037259615384615384 0.10096153846153846
0 0.8810096153846154 0.5528846153846154 0.04447115384615385 0.057692307692307696
0 0.4951923076923077 0.6694711538461539 0.038461538461538464 0.08052884615384616
0 0.038461538461538464 0.45552884615384615 0.07692307692307693 0.06971153846153846
0 0.078125 0.13581730769230768 0.06009615384615385 0.1310096153846154
0 0.9375 0.16706730769230768 0.04567307692307692 0.0985576923076923
0 0.45072115384615385 0.6947115384615384 0.06610576923076923 0.08774038461538461
0 0.5264423076923077 0.4495192307692308 0.057692307692307696 0.07932692307692307
0 0.5985576923076923 0.8557692307692307 0.06129807692307692 0.09615384615384616
0 0.040865384615384616 0.8725961538461539 0.07451923076923077 0.04807692307692308
0 0.5336538461538461 0.5192307692307693 0.052884615384615384 0.07211538461538461
0 0.1875 0.484375 0.0673076923076923 0.0829326923076923
0 0.9326923076923077 0.7944711538461539 0.038461538461538464 0.0625
0 0.14302884615384615 0.13581730769230768 0.055288461538461536 0.10216346153846154
0 0.8293269230769231 0.03365384615384615 0.028846153846153848 0.06490384615384616
0 0.43028846153846156 0.23677884615384615 0.08413461538461539 0.09014423076923077
0 0.3786057692307692 0.036057692307692304 0.054086538461538464 0.06850961538461539
0 0.5432692307692307 0.9350961538461539 0.06370192307692307 0.09495192307692307
0 0.15985576923076922 0.5637019230769231 0.09735576923076923 0.051682692307692304
0 0.6778846153846154 0.20432692307692307 0.06971153846153846 0.08413461538461539
0 0.0733173076923077 0.5540865384615384 0.04567307692307692 0.09615384615384616
0 0.29927884615384615 0.9663461538461539 0.06850961538461539 0.055288461538461536