0 0.21995192307692307 0.20793269230769232 0.07572115384615384 0.08052884615384616
0 0.12259615384615384 0.3329326923076923 0.08413461538461539 0.09134615384615384
0 0.18509615384615385 0.27403846153846156 0.05889423076923077 0.06490384615384616
0 0.21875 0.35697115384615385 0.09735576923076923 0.08413461538461539
0 0.6430288461538461 0.9927884615384616 0.055288461538461536 0.013221153846153846
0 0.8461538461538461 0.8774038461538461 0.1502403846153846 0.1622596153846154
0 0.3485576923076923 0.9639423076923077 0.10817307692307693 0.06971153846153846
0 0.31490384615384615 0.7115384615384616 0.07211538461538461 0.13701923076923078
0 0.28125 0.8485576923076923 0.140625 0.09615384615384616
0 0.12379807692307693 0.8521634615384616 0.08413461538461539 0.06850961538461539
0 0.09375 0.9699519230769231 0.07091346153846154 0.057692307692307696
0 0.046875 0.9831730769230769 0.07572115384615384 0.03245192307692308
0 0.15865384615384615 0.9447115384615384 0.0829326923076923 0.10817307692307693
0 0.765625 0.7139423076923077 0.234375 0.09975961538461539
0 0.6802884615384616 0.6009615384615384 0.125 0.10336538461538461
0 0.5216346153846154 0.4675480769230769 0.14903846153846154 0.09975961538461539
0 0.6658653846153846 0.38221153846153844 0.09014423076923077 0.13221153846153846
0 0.6262019230769231 0.47836538461538464 0.13822115384615385 0.18389423076923078
0 0.040865384615384616 0.5504807692307693 0.08173076923076923 0.08173076923076923
0 0.984375 0.43149038461538464 0.030048076923076924 0.0733173076923077
0 0.9507211538461539 0.5168269230769231 0.09615384615384616 0.0733173076923077
0 0.3605769230769231 0.02283653846153846 0.07211538461538461 0.04447115384615385
0 0.41346153846153844 0.24639423076923078 0.07572115384615384 0.078125
0 0.44591346153846156 0.11778846153846154 0.1346153846153846 0.1935096153846154
0 0.6694711538461539 0.15144230769230768 0.08052884615384616 0.10697115384615384
0 0.6141826923076923 0.21033653846153846 0.11538461538461539 0.11177884615384616
0 0.5985576923076923 0.2848557692307692 0.11177884615384616 0.06971153846153846
0 0.9050480769230769 0.04447115384615385 0.11538461538461539 0.08653846153846154
0 0.7872596153846154 0.2127403846153846 0.06971153846153846 0.08653846153846154
0 0.9146634615384616 0.265625 0.16947115384615385 0.09134615384615384
0 0.7944711538461539 0.06370192307692307 0.11177884615384616 0.08052884615384616
0 0.014423076923076924 0.18629807692307693 0.028846153846153848 0.07451923076923077
0 0.06490384615384616 0.06971153846153846 0.12259615384615384 0.10576923076923077
0 0.054086538461538464 0.020432692307692308 0.08413461538461539 0.040865384615384616
0 0.8786057692307693 0.20793269230769232 0.19951923076923078 0.24759615384615385