0 0.9411057692307693 0.33533653846153844 0.055288461538461536 0.06971153846153846
0 0.2980769230769231 0.8954326923076923 0.0985576923076923 0.0889423076923077
0 0.9591346153846154 0.2548076923076923 0.042067307692307696 0.046875
0 0.5420673076923077 0.8100961538461539 0.08533653846153846 0.109375
0 0.04326923076923077 0.2668269230769231 0.08653846153846154 0.07211538461538461
0 0.890625 0.6706730769230769 0.15504807692307693 0.1045673076923077
0 0.40024038461538464 0.06971153846153846 0.0889423076923077 0.13701923076923078
0 0.27163461538461536 0.53125 0.09134615384615384 0.07572115384615384
0 0.27524038461538464 0.33774038461538464 0.09134615384615384 0.109375
0 0.7560096153846154 0.051682692307692304 0.09134615384615384 0.10216346153846154
0 0.4206730769230769 0.9651442307692307 0.07692307692307693 0.06370192307692307
0 0.9543269230769231 0.9759615384615384 0.08653846153846154 0.04326923076923077
0 0.71875 0.9170673076923077 0.11057692307692307 0.1045673076923077
0 0.29447115384615385 0.03365384615384615 0.08774038461538461 0.0673076923076923
0 0.1971153846153846 0.7728365384615384 0.07692307692307693 0.07211538461538461
0 0.6742788461538461 0.6490384615384616 0.12740384615384615 0.06850961538461539
0 0.18870192307692307 0.6670673076923077 0.06490384615384616 0.09254807692307693
0 0.25600961538461536 0.12980769230769232 0.07091346153846154 0.07572115384615384
0 0.7259615384615384 0.671875 0.109375 0.07451923076923077
0 0.08533653846153846 0.96875 0.11298076923076923 0.06009615384615385
0 0.8930288461538461 0.9014423076923077 0.078125 0.0889423076923077
0 0.09735576923076923 0.6947115384615384 0.09975961538461539 0.06850961538461539
0 0.9399038461538461 0.5108173076923077 0.11778846153846154 0.06490384615384616
0 0.1201923076923077 0.16346153846153846 0.09375 0.0673076923076923
0 0.9026442307692307 0.21514423076923078 0.09615384615384616 0.13341346153846154
0 0.6021634615384616 0.5600961538461539 0.11177884615384616 0.09014423076923077