0 0.006009615384615385 0.03365384615384615 0.01201923076923077 0.038461538461538464
0 0.01201923076923077 0.0733173076923077 0.02403846153846154 0.040865384615384616
0 0.013221153846153846 0.15144230769230768 0.025240384615384616 0.04927884615384615
0 0.12379807692307693 0.3449519230769231 0.0673076923076923 0.046875
0 0.019230769230769232 0.515625 0.038461538461538464 0.038461538461538464
0 0.027644230769230768 0.59375 0.055288461538461536 0.038461538461538464
0 0.13341346153846154 0.49759615384615385 0.051682692307692304 0.037259615384615384
0 0.25600961538461536 0.47716346153846156 0.038461538461538464 0.03365384615384615
0 0.16947115384615385 0.4735576923076923 0.07451923076923077 0.038461538461538464
0 0.140625 0.2860576923076923 0.056490384615384616 0.08653846153846154
0 0.1778846153846154 0.3858173076923077 0.038461538461538464 0.09134615384615384
0 0.13341346153846154 0.125 0.03485576923076923 0.0673076923076923
0 0.14423076923076922 0.20072115384615385 0.078125 0.10096153846153846
0 0.22115384615384615 0.3245192307692308 0.054086538461538464 0.13701923076923078
0 0.3473557692307692 0.3557692307692308 0.042067307692307696 0.09615384615384616
0 0.5504807692307693 0.3389423076923077 0.038461538461538464 0.03245192307692308
0 0.46033653846153844 0.37259615384615385 0.10096153846153846 0.06971153846153846
0 0.5096153846153846 0.3245192307692308 0.04326923076923077 0.10096153846153846
0 0.040865384615384616 0.671875 0.08173076923076923 0.06129807692307692
0 0.027644230769230768 0.7836538461538461 0.055288461538461536 0.06490384615384616
0 0.04447115384615385 0.8677884615384616 0.07451923076923077 0.038461538461538464
0 0.15144230769230768 0.8882211538461539 0.08774038461538461 0.09134615384615384
0 0.5985576923076923 0.48677884615384615 0.04807692307692308 0.025240384615384616
0 0.5637019230769231 0.4338942307692308 0.03245192307692308 0.057692307692307696
0 0.6574519230769231 0.47716346153846156 0.07211538461538461 0.07451923076923077
0 0.6850961538461539 0.5396634615384616 0.09134615384615384 0.051682692307692304
0 0.75 0.5384615384615384 0.014423076923076924 0.03245192307692308
0 0.7151442307692307 0.6045673076923077 0.03365384615384615 0.10817307692307693
0 0.7704326923076923 0.5817307692307693 0.03365384615384615 0.039663461538461536
0 0.7980769230769231 0.6153846153846154 0.028846153846153848 0.05048076923076923
0 0.7956730769230769 0.7043269230769231 0.04927884615384615 0.05889423076923077
0 0.5108173076923077 0.6586538461538461 0.04927884615384615 0.06490384615384616
0 0.44350961538461536 0.7115384615384616 0.025240384615384616 0.09375
0 0.5649038461538461 0.9326923076923077 0.08413461538461539 0.03125
0 0.5528846153846154 0.9807692307692307 0.08653846153846154 0.037259615384615384
0 0.6911057692307693 0.9098557692307693 0.037259615384615384 0.03365384615384615
0 0.7367788461538461 0.9723557692307693 0.04326923076923077 0.052884615384615384
0 0.6911057692307693 0.8485576923076923 0.03245192307692308 0.06490384615384616
0 0.7079326923076923 0.7752403846153846 0.036057692307692304 0.03365384615384615
0 0.8930288461538461 0.8004807692307693 0.04447115384615385 0.06610576923076923
0 0.9098557692307693 0.8990384615384616 0.04927884615384615 0.05889423076923077
0 0.9435096153846154 0.8786057692307693 0.030048076923076924 0.030048076923076924
0 0.9879807692307693 0.765625 0.02283653846153846 0.07572115384615384
0 0.8076923076923077 0.4807692307692308 0.028846153846153848 0.030048076923076924
0 0.8774038461538461 0.4891826923076923 0.038461538461538464 0.05048076923076923
0 0.9507211538461539 0.4411057692307692 0.052884615384615384 0.06971153846153846
0 0.7548076923076923 0.35697115384615385 0.06009615384615385 0.06850961538461539
0 0.7475961538461539 0.3112980769230769 0.036057692307692304 0.025240384615384616
0 0.7055288461538461 0.24639423076923078 0.051682692307692304 0.08173076923076923
0 0.9026442307692307 0.2824519230769231 0.038461538461538464 0.028846153846153848
0 0.8605769230769231 0.20673076923076922 0.056490384615384616 0.10817307692307693
0 0.9747596153846154 0.29927884615384615 0.04807692307692308 0.055288461538461536
0 0.8521634615384616 0.25841346153846156 0.02403846153846154 0.018028846153846152
0 0.9158653846153846 0.19230769230769232 0.026442307692307692 0.027644230769230768
0 0.96875 0.17908653846153846 0.06009615384615385 0.04447115384615385
0 0.9038461538461539 0.125 0.1466346153846154 0.06490384615384616
0 0.9302884615384616 0.046875 0.0625 0.08052884615384616
0 0.8185096153846154 0.03365384615384615 0.06370192307692307 0.06610576923076923
0 0.7139423076923077 0.018028846153846152 0.05048076923076923 0.03485576923076923
0 0.7548076923076923 0.06610576923076923 0.040865384615384616 0.0733173076923077
0 0.48197115384615385 0.9891826923076923 0.057692307692307696 0.020432692307692308
0 0.71875 0.44471153846153844 0.07451923076923077 0.04807692307692308
0 0.8509615384615384 0.3401442307692308 0.03365384615384615 0.09014423076923077
0 0.8954326923076923 0.3088942307692308 0.021634615384615384 0.026442307692307692
0 0.6995192307692307 0.11778846153846154 0.036057692307692304 0.038461538461538464
0 0.04326923076923077 0.43990384615384615 0.08653846153846154 0.06009615384615385
0 0.20793269230769232 0.41586538461538464 0.0673076923076923 0.11778846153846154
0 0.03485576923076923 0.3317307692307692 0.06971153846153846 0.09615384615384616
0 0.03485576923076923 0.31971153846153844 0.055288461538461536 0.04927884615384615