0 0.019230769230769232 0.040865384615384616 0.038461538461538464 0.038461538461538464
0 0.08413461538461539 0.12980769230769232 0.02403846153846154 0.028846153846153848
0 0.06009615384615385 0.359375 0.11298076923076923 0.06850961538461539
0 0.15625 0.4963942307692308 0.14903846153846154 0.09495192307692307
0 0.020432692307692308 0.5108173076923077 0.040865384615384616 0.12379807692307693
0 0.09735576923076923 0.6887019230769231 0.19471153846153846 0.2091346153846154
0 0.16466346153846154 0.6598557692307693 0.10576923076923077 0.1045673076923077
0 0.4579326923076923 0.5600961538461539 0.042067307692307696 0.039663461538461536
0 0.4423076923076923 0.7524038461538461 0.265625 0.052884615384615384
0 0.2824519230769231 0.875 0.0625 0.08052884615384616
0 0.38100961538461536 0.030048076923076924 0.2620192307692308 0.06009615384615385
0 0.49278846153846156 0.08533653846153846 0.12620192307692307 0.04567307692307692
0 0.5480769230769231 0.15144230769230768 0.040865384615384616 0.028846153846153848
0 0.5132211538461539 0.20072115384615385 0.04927884615384615 0.055288461538461536
0 0.9675480769230769 0.01201923076923077 0.020432692307692308 0.02403846153846154
0 0.8125 0.17427884615384615 0.038461538461538464 0.109375
0 0.7103365384615384 0.3629807692307692 0.06971153846153846 0.22596153846153846
0 0.734375 0.28125 0.09375 0.09134615384615384
0 0.7463942307692307 0.5132211538461539 0.07932692307692307 0.27403846153846156
0 0.8401442307692307 0.6298076923076923 0.13341346153846154 0.057692307692307696
0 0.9026442307692307 0.6610576923076923 0.057692307692307696 0.03365384615384615
0 0.9747596153846154 0.7067307692307693 0.04807692307692308 0.125
0 0.7788461538461539 0.6646634615384616 0.02403846153846154 0.025240384615384616
0 0.65625 0.8725961538461539 0.09134615384615384 0.1971153846153846
0 0.9675480769230769 0.8689903846153846 0.06129807692307692 0.05048076923076923
0 0.4639423076923077 0.9266826923076923 0.055288461538461536 0.025240384615384616
0 0.13701923076923078 0.8353365384615384 0.14302884615384615 0.06490384615384616
0 0.15985576923076922 0.8774038461538461 0.12740384615384615 0.07451923076923077
0 0.09735576923076923 0.8942307692307693 0.15985576923076922 0.11899038461538461
0 0.08052884615384616 0.9038461538461539 0.16105769230769232 0.125
0 0.09134615384615384 0.9038461538461539 0.07572115384615384 0.18990384615384615
0 0.5300480769230769 0.34615384615384615 0.1141826923076923 0.1814903846153846
0 0.6117788461538461 0.36658653846153844 0.0625 0.28725961538461536
0 0.9807692307692307 0.31850961538461536 0.036057692307692304 0.10216346153846154
0 0.35216346153846156 0.6658653846153846 0.10576923076923077 0.06971153846153846
0 0.765625 0.23918269230769232 0.028846153846153848 0.036057692307692304
0 0.328125 0.015625 0.040865384615384616 0.030048076923076924
0 0.16466346153846154 0.9819711538461539 0.07451923076923077 0.03485576923076923