0 0.7848557692307693 0.7632211538461539 0.08533653846153846 0.07692307692307693
0 0.953125 0.47475961538461536 0.057692307692307696 0.055288461538461536
0 0.9314903846153846 0.38221153846153844 0.08052884615384616 0.06971153846153846
0 0.25240384615384615 0.18028846153846154 0.06490384615384616 0.08173076923076923
0 0.5600961538461539 0.9266826923076923 0.11538461538461539 0.09975961538461539
0 0.18269230769230768 0.25600961538461536 0.06971153846153846 0.052884615384615384
0 0.13341346153846154 0.8882211538461539 0.09254807692307693 0.10216346153846154
0 0.5661057692307693 0.22716346153846154 0.057692307692307696 0.09375
0 0.9579326923076923 0.28125 0.08173076923076923 0.07451923076923077
0 0.41225961538461536 0.49038461538461536 0.040865384615384616 0.042067307692307696
0 0.3786057692307692 0.8317307692307693 0.07451923076923077 0.09975961538461539
0 0.23317307692307693 0.026442307692307692 0.08173076923076923 0.04927884615384615
0 0.9302884615384616 0.8689903846153846 0.07692307692307693 0.08173076923076923
0 0.12259615384615384 0.8137019230769231 0.08052884615384616 0.08774038461538461
0 0.4074519230769231 0.41466346153846156 0.09014423076923077 0.039663461538461536
0 0.9699519230769231 0.5865384615384616 0.05889423076923077 0.07572115384615384
0 0.1622596153846154 0.5408653846153846 0.08052884615384616 0.14302884615384615
0 0.28125 0.29927884615384615 0.09615384615384616 0.09975961538461539
0 0.3125 0.6189903846153846 0.057692307692307696 0.0673076923076923
0 0.8701923076923077 0.057692307692307696 0.0829326923076923 0.11177884615384616
0 0.10096153846153846 0.09495192307692307 0.07692307692307693 0.11538461538461539
0 0.8341346153846154 0.6778846153846154 0.06971153846153846 0.09254807692307693
0 0.7632211538461539 0.9543269230769231 0.0733173076923077 0.06490384615384616
0 0.9447115384615384 0.055288461538461536 0.06490384615384616 0.10697115384615384
0 0.026442307692307692 0.5552884615384616 0.04927884615384615 0.1346153846153846
0 0.7872596153846154 0.43028846153846156 0.09615384615384616 0.08774038461538461
0 0.15384615384615385 0.6610576923076923 0.10576923076923077 0.0625
0 0.296875 0.5336538461538461 0.06009615384615385 0.078125
0 0.41466346153846156 0.27884615384615385 0.057692307692307696 0.06971153846153846
0 0.78125 0.04567307692307692 0.0829326923076923 0.08774038461538461
0 0.16947115384615385 0.19951923076923078 0.06971153846153846 0.04447115384615385
0 0.021634615384615384 0.9471153846153846 0.039663461538461536 0.09014423076923077
0 0.8365384615384616 0.2860576923076923 0.08774038461538461 0.10216346153846154
0 0.7115384615384616 0.5456730769230769 0.08052884615384616 0.078125
0 0.5060096153846154 0.5685096153846154 0.09134615384615384 0.07211538461538461
0 0.45552884615384615 0.47596153846153844 0.04807692307692308 0.055288461538461536
0 0.703125 0.8822115384615384 0.08173076923076923 0.06971153846153846
0 0.23197115384615385 0.7524038461538461 0.09495192307692307 0.109375
0 0.6574519230769231 0.6790865384615384 0.06971153846153846 0.08533653846153846