0 0.9567307692307693 0.25240384615384615 0.08413461538461539 0.10336538461538461
0 0.8257211538461539 0.7211538461538461 0.09975961538461539 0.12740384615384615
0 0.2403846153846154 0.6286057692307693 0.09615384615384616 0.11057692307692307
0 0.4326923076923077 0.1971153846153846 0.0829326923076923 0.18509615384615385
0 0.28365384615384615 0.5396634615384616 0.08052884615384616 0.0673076923076923
0 0.5697115384615384 0.9675480769230769 0.09975961538461539 0.0625
0 0.8629807692307693 0.2980769230769231 0.13221153846153846 0.07932692307692307
0 0.10336538461538461 0.9435096153846154 0.20552884615384615 0.11177884615384616
0 0.7367788461538461 0.0829326923076923 0.11177884615384616 0.15144230769230768
0 0.24519230769230768 0.09975961538461539 0.07572115384615384 0.12740384615384615
0 0.6298076923076923 0.2548076923076923 0.13822115384615385 0.16706730769230768
0 0.8389423076923077 0.11298076923076923 0.16466346153846154 0.08774038461538461
0 0.265625 0.8966346153846154 0.17307692307692307 0.14423076923076922
0 0.44711538461538464 0.4963942307692308 0.08173076923076923 0.08533653846153846
0 0.26802884615384615 0.15504807692307693 0.140625 0.1622596153846154
0 0.9783653846153846 0.5889423076923077 0.038461538461538464 0.10096153846153846
0 0.3004807692307692 0.7487980769230769 0.13701923076923078 0.10336538461538461
0 0.7019230769230769 0.8569711538461539 0.0829326923076923 0.11298076923076923
0 0.5733173076923077 0.08774038461538461 0.15144230769230768 0.16947115384615385
0 0.8701923076923077 0.41586538461538464 0.12259615384615384 0.10216346153846154
0 0.019230769230769232 0.6646634615384616 0.038461538461538464 0.06971153846153846
0 0.12740384615384615 0.5396634615384616 0.11298076923076923 0.08653846153846154