0 0.057692307692307696 0.25600961538461536 0.11538461538461539 0.13581730769230768
0 0.9459134615384616 0.7091346153846154 0.10576923076923077 0.12259615384615384
0 0.31009615384615385 0.21033653846153846 0.10817307692307693 0.0829326923076923
0 0.9519230769230769 0.2800480769230769 0.09134615384615384 0.09615384615384616
0 0.14783653846153846 0.6778846153846154 0.10697115384615384 0.10096153846153846
0 0.24278846153846154 0.5757211538461539 0.12379807692307693 0.08173076923076923
0 0.3858173076923077 0.18269230769230768 0.07572115384615384 0.07091346153846154
0 0.8641826923076923 0.7259615384615384 0.13581730769230768 0.11658653846153846
0 0.15865384615384615 0.09254807692307693 0.09134615384615384 0.08653846153846154
0 0.8269230769230769 0.030048076923076924 0.11899038461538461 0.057692307692307696
0 0.7692307692307693 0.8052884615384616 0.09134615384615384 0.10697115384615384
0 0.8822115384615384 0.9170673076923077 0.13221153846153846 0.0985576923076923
0 0.054086538461538464 0.8245192307692307 0.10817307692307693 0.14423076923076922
0 0.703125 0.12620192307692307 0.17427884615384615 0.09975961538461539
0 0.25240384615384615 0.41346153846153844 0.07211538461538461 0.07692307692307693
0 0.8521634615384616 0.7980769230769231 0.09615384615384616 0.09254807692307693
0 0.8461538461538461 0.24158653846153846 0.09375 0.08653846153846154
0 0.171875 0.9699519230769231 0.10096153846153846 0.057692307692307696
0 0.11778846153846154 0.22235576923076922 0.15625 0.12620192307692307
0 0.7788461538461539 0.546875 0.09134615384615384 0.12620192307692307
0 0.8040865384615384 0.6850961538461539 0.09134615384615384 0.10697115384615384
0 0.1658653846153846 0.6262019230769231 0.07572115384615384 0.04927884615384615
0 0.3894230769230769 0.7800480769230769 0.12980769230769232 0.08413461538461539
0 0.22596153846153846 0.8882211538461539 0.1141826923076923 0.1045673076923077
0 0.9435096153846154 0.6225961538461539 0.11177884615384616 0.08173076923076923
0 0.16947115384615385 0.5540865384615384 0.13701923076923078 0.109375
0 0.4110576923076923 0.8653846153846154 0.10817307692307693 0.06971153846153846
0 0.7524038461538461 0.03125 0.07932692307692307 0.06009615384615385
0 0.5997596153846154 0.7560096153846154 0.10216346153846154 0.1310096153846154
0 0.20793269230769232 0.18028846153846154 0.09495192307692307 0.09735576923076923
0 0.41346153846153844 0.014423076923076924 0.078125 0.028846153846153848