0 0.8377403846153846 0.28846153846153844 0.11538461538461539 0.07451923076923077
0 0.18629807692307693 0.19591346153846154 0.12259615384615384 0.1502403846153846
0 0.19230769230769232 0.703125 0.057692307692307696 0.06490384615384616
0 0.5829326923076923 0.15504807692307693 0.054086538461538464 0.140625
0 0.47115384615384615 0.7391826923076923 0.04927884615384615 0.0625
0 0.6081730769230769 0.9447115384615384 0.07091346153846154 0.109375
0 0.7548076923076923 0.875 0.12379807692307693 0.11177884615384616
0 0.6153846153846154 0.6875 0.04567307692307692 0.04567307692307692
0 0.4483173076923077 0.8942307692307693 0.0889423076923077 0.17427884615384615
0 0.08653846153846154 0.71875 0.09014423076923077 0.054086538461538464
0 0.5889423076923077 0.28966346153846156 0.06490384615384616 0.05889423076923077
0 0.4795673076923077 0.6911057692307693 0.04447115384615385 0.04447115384615385
0 0.43990384615384615 0.5901442307692307 0.057692307692307696 0.06370192307692307
0 0.07932692307692307 0.8617788461538461 0.11538461538461539 0.0889423076923077
0 0.39302884615384615 0.46153846153846156 0.11778846153846154 0.11057692307692307
0 0.8233173076923077 0.0733173076923077 0.09615384615384616 0.10817307692307693
0 0.9543269230769231 0.13822115384615385 0.0673076923076923 0.12139423076923077
0 0.7608173076923077 0.6045673076923077 0.06971153846153846 0.0985576923076923
0 0.33052884615384615 0.3485576923076923 0.07211538461538461 0.07211538461538461
0 0.6670673076923077 0.06610576923076923 0.16947115384615385 0.13221153846153846
0 0.9182692307692307 0.33533653846153844 0.07091346153846154 0.11899038461538461
0 0.9314903846153846 0.27403846153846156 0.10336538461538461 0.07211538461538461
0 0.6610576923076923 0.9266826923076923 0.052884615384615384 0.07451923076923077
0 0.7824519230769231 0.02283653846153846 0.039663461538461536 0.04447115384615385
0 0.4951923076923077 0.3641826923076923 0.07451923076923077 0.04447115384615385
0 0.9242788461538461 0.039663461538461536 0.1310096153846154 0.07932692307692307
0 0.22235576923076922 0.2608173076923077 0.11057692307692307 0.06490384615384616
0 0.9230769230769231 0.8329326923076923 0.078125 0.036057692307692304
0 0.3581730769230769 0.06370192307692307 0.042067307692307696 0.12740384615384615
0 0.5492788461538461 0.4375 0.09254807692307693 0.07932692307692307
0 0.6225961538461539 0.5420673076923077 0.12259615384615384 0.06971153846153846
0 0.7007211538461539 0.828125 0.1310096153846154 0.09735576923076923
0 0.11899038461538461 0.12740384615384615 0.09615384615384616 0.07451923076923077
0 0.4795673076923077 0.8353365384615384 0.08533653846153846 0.046875
0 0.4014423076923077 0.8533653846153846 0.14423076923076922 0.18028846153846154
0 0.8173076923076923 0.49158653846153844 0.07692307692307693 0.07211538461538461
0 0.609375 0.18028846153846154 0.11177884615384616 0.1201923076923077
0 0.9182692307692307 0.5600961538461539 0.12620192307692307 0.06971153846153846
0 0.9471153846153846 0.4699519230769231 0.08173076923076923 0.07572115384615384
0 0.08173076923076923 0.9074519230769231 0.12740384615384615 0.06370192307692307
0 0.18870192307692307 0.8762019230769231 0.06850961538461539 0.1141826923076923
0 0.9230769230769231 0.06971153846153846 0.052884615384615384 0.10096153846153846
0 0.75 0.1814903846153846 0.0985576923076923 0.11298076923076923
0 0.28365384615384615 0.22956730769230768 0.13341346153846154 0.18028846153846154
0 0.4338942307692308 0.15865384615384615 0.078125 0.2692307692307692