0 0.3557692307692308 0.5408653846153846 0.10697115384615384 0.10697115384615384
0 0.5997596153846154 0.0829326923076923 0.10697115384615384 0.12139423076923077
0 0.3245192307692308 0.8966346153846154 0.11298076923076923 0.20432692307692307
0 0.31490384615384615 0.6586538461538461 0.17548076923076922 0.10216346153846154
0 0.125 0.6526442307692307 0.17908653846153846 0.20192307692307693
0 0.35697115384615385 0.11778846153846154 0.09735576923076923 0.0829326923076923
0 0.23197115384615385 0.9086538461538461 0.09975961538461539 0.1778846153846154
0 0.6586538461538461 0.4483173076923077 0.25721153846153844 0.16706730769230768
0 0.3137019230769231 0.4026442307692308 0.12740384615384615 0.11538461538461539
0 0.8822115384615384 0.5612980769230769 0.23317307692307693 0.22355769230769232
0 0.4639423076923077 0.9723557692307693 0.11298076923076923 0.054086538461538464
0 0.1971153846153846 0.09735576923076923 0.11298076923076923 0.17427884615384615
0 0.2644230769230769 0.17307692307692307 0.09975961538461539 0.07692307692307693
0 0.5432692307692307 0.46153846153846156 0.37740384615384615 0.36538461538461536
0 0.6430288461538461 0.35697115384615385 0.12740384615384615 0.09495192307692307
0 0.2860576923076923 0.2692307692307692 0.12980769230769232 0.10336538461538461