0 0.24759615384615385 0.12259615384615384 0.09134615384615384 0.07211538461538461
0 0.765625 0.7764423076923077 0.04326923076923077 0.039663461538461536
0 0.734375 0.33533653846153844 0.06009615384615385 0.051682692307692304
0 0.7199519230769231 0.6394230769230769 0.0625 0.07932692307692307
0 0.9242788461538461 0.06850961538461539 0.05889423076923077 0.08653846153846154
0 0.8569711538461539 0.9014423076923077 0.042067307692307696 0.04567307692307692
0 0.6069711538461539 0.9795673076923077 0.078125 0.038461538461538464
0 0.039663461538461536 0.25600961538461536 0.07932692307692307 0.055288461538461536
0 0.9663461538461539 0.09495192307692307 0.04927884615384615 0.10096153846153846
0 0.15865384615384615 0.1201923076923077 0.09014423076923077 0.08653846153846154
0 0.18990384615384615 0.6778846153846154 0.12740384615384615 0.054086538461538464
0 0.5961538461538461 0.9302884615384616 0.057692307692307696 0.04447115384615385
0 0.8112980769230769 0.2824519230769231 0.055288461538461536 0.04567307692307692