0 0.19951923076923078 0.04927884615384615 0.03485576923076923 0.025240384615384616
0 0.20192307692307693 0.12860576923076922 0.03125 0.027644230769230768
0 0.010817307692307692 0.21033653846153846 0.020432692307692308 0.025240384615384616
0 0.1814903846153846 0.3088942307692308 0.027644230769230768 0.02403846153846154
0 0.2091346153846154 0.4206730769230769 0.036057692307692304 0.04567307692307692
0 0.21875 0.4387019230769231 0.016826923076923076 0.03125
0 0.2548076923076923 0.5120192307692307 0.04567307692307692 0.038461538461538464
0 0.05048076923076923 0.5576923076923077 0.026442307692307692 0.030048076923076924
0 0.12139423076923077 0.5685096153846154 0.026442307692307692 0.02403846153846154
0 0.43990384615384615 0.5528846153846154 0.027644230769230768 0.026442307692307692
0 0.3858173076923077 0.9591346153846154 0.04807692307692308 0.021634615384615384
0 0.2548076923076923 0.7992788461538461 0.02283653846153846 0.027644230769230768
0 0.28125 0.7319711538461539 0.028846153846153848 0.04326923076923077
0 0.03125 0.6574519230769231 0.038461538461538464 0.036057692307692304
0 0.0625 0.6766826923076923 0.02283653846153846 0.028846153846153848
0 0.4170673076923077 0.7764423076923077 0.038461538461538464 0.02403846153846154
0 0.4423076923076923 0.01201923076923077 0.036057692307692304 0.02403846153846154
0 0.19471153846153846 0.7043269230769231 0.02403846153846154 0.026442307692307692
0 0.02403846153846154 0.24759615384615385 0.04326923076923077 0.025240384615384616
0 0.051682692307692304 0.9927884615384616 0.026442307692307692 0.013221153846153846