0 0.7151442307692307 0.9134615384615384 0.07932692307692307 0.09134615384615384
0 0.5697115384615384 0.5793269230769231 0.037259615384615384 0.07932692307692307
0 0.6670673076923077 0.22235576923076922 0.07572115384615384 0.09615384615384616
0 0.5625 0.13581730769230768 0.07091346153846154 0.07091346153846154
0 0.8137019230769231 0.2127403846153846 0.08653846153846154 0.09495192307692307
0 0.21153846153846154 0.8810096153846154 0.07211538461538461 0.06490384615384616
0 0.15144230769230768 0.11298076923076923 0.06971153846153846 0.0733173076923077
0 0.4254807692307692 0.14543269230769232 0.06610576923076923 0.11057692307692307
0 0.0673076923076923 0.11177884615384616 0.06971153846153846 0.10096153846153846
0 0.4423076923076923 0.2776442307692308 0.0673076923076923 0.05889423076923077
0 0.042067307692307696 0.31490384615384615 0.07091346153846154 0.06009615384615385
0 0.8125 0.7536057692307693 0.07572115384615384 0.08052884615384616
0 0.11298076923076923 0.9375 0.09134615384615384 0.0673076923076923
0 0.6346153846153846 0.703125 0.04326923076923077 0.04447115384615385
0 0.0673076923076923 0.7163461538461539 0.0733173076923077 0.078125
0 0.7944711538461539 0.6850961538461539 0.08774038461538461 0.06971153846153846
0 0.23557692307692307 0.11658653846153846 0.09495192307692307 0.07572115384615384
0 0.22596153846153846 0.4026442307692308 0.056490384615384616 0.06610576923076923
0 0.984375 0.03485576923076923 0.030048076923076924 0.0625
0 0.4326923076923077 0.7379807692307693 0.11177884615384616 0.08173076923076923
0 0.25600961538461536 0.7860576923076923 0.07692307692307693 0.08653846153846154
0 0.9038461538461539 0.03365384615384615 0.08653846153846154 0.06610576923076923
0 0.9615384615384616 0.9435096153846154 0.07572115384615384 0.09375
0 0.5612980769230769 0.45913461538461536 0.056490384615384616 0.051682692307692304
0 0.054086538461538464 0.9435096153846154 0.0673076923076923 0.09735576923076923
0 0.21995192307692307 0.3425480769230769 0.06850961538461539 0.052884615384615384
0 0.9447115384615384 0.15384615384615385 0.10817307692307693 0.07572115384615384
0 0.5540865384615384 0.29086538461538464 0.07932692307692307 0.0985576923076923
0 0.8125 0.8305288461538461 0.10697115384615384 0.0733173076923077
0 0.14543269230769232 0.265625 0.11778846153846154 0.051682692307692304
0 0.6622596153846154 0.6899038461538461 0.054086538461538464 0.05889423076923077
0 0.8774038461538461 0.9411057692307693 0.07572115384615384 0.09615384615384616
0 0.6009615384615384 0.609375 0.08653846153846154 0.15504807692307693
0 0.21033653846153846 0.9326923076923077 0.06490384615384616 0.04927884615384615