0 0.265625 0.9194711538461539 0.06610576923076923 0.04447115384615385
0 0.5528846153846154 0.7319711538461539 0.056490384615384616 0.11298076923076923
0 0.7007211538461539 0.6622596153846154 0.078125 0.054086538461538464
0 0.5324519230769231 0.171875 0.08774038461538461 0.06370192307692307
0 0.6778846153846154 0.1045673076923077 0.07451923076923077 0.07211538461538461
0 0.27163461538461536 0.9591346153846154 0.07451923076923077 0.052884615384615384
0 0.7548076923076923 0.8389423076923077 0.10697115384615384 0.09615384615384616
0 0.25721153846153844 0.5420673076923077 0.09134615384615384 0.08533653846153846
0 0.9338942307692307 0.03245192307692308 0.078125 0.06490384615384616
0 0.6213942307692307 0.4579326923076923 0.06971153846153846 0.09615384615384616
0 0.08653846153846154 0.6466346153846154 0.08413461538461539 0.055288461538461536
0 0.7860576923076923 0.6538461538461539 0.09254807692307693 0.08052884615384616
0 0.35096153846153844 0.23197115384615385 0.11177884615384616 0.078125
0 0.4483173076923077 0.8401442307692307 0.10216346153846154 0.06129807692307692
0 0.6574519230769231 0.019230769230769232 0.10576923076923077 0.038461538461538464
0 0.14903846153846154 0.703125 0.09254807692307693 0.06490384615384616
0 0.06610576923076923 0.7079326923076923 0.07572115384615384 0.0673076923076923
0 0.7596153846153846 0.7259615384615384 0.11778846153846154 0.0625
0 0.8894230769230769 0.08774038461538461 0.11177884615384616 0.07091346153846154
0 0.6117788461538461 0.25841346153846156 0.10697115384615384 0.08052884615384616
0 0.3233173076923077 0.453125 0.08413461538461539 0.09495192307692307
0 0.03365384615384615 0.026442307692307692 0.06610576923076923 0.04927884615384615
0 0.0829326923076923 0.8413461538461539 0.08653846153846154 0.06971153846153846
0 0.13221153846153846 0.5961538461538461 0.07572115384615384 0.08533653846153846
0 0.1971153846153846 0.9050480769230769 0.08052884615384616 0.07211538461538461
0 0.046875 0.33653846153846156 0.09375 0.11177884615384616
0 0.028846153846153848 0.18028846153846154 0.057692307692307696 0.06850961538461539
0 0.8918269230769231 0.5564903846153846 0.11298076923076923 0.06850961538461539
0 0.8918269230769231 0.2644230769230769 0.07692307692307693 0.14182692307692307
0 0.39903846153846156 0.7608173076923077 0.11298076923076923 0.07692307692307693
0 0.38221153846153844 0.3798076923076923 0.078125 0.06490384615384616
0 0.2127403846153846 0.09134615384615384 0.11177884615384616 0.078125
0 0.5721153846153846 0.8990384615384616 0.09134615384615384 0.09735576923076923
0 0.4699519230769231 0.4987980769230769 0.10216346153846154 0.12740384615384615
0 0.65625 0.7223557692307693 0.07451923076923077 0.055288461538461536
0 0.3293269230769231 0.0733173076923077 0.07692307692307693 0.09134615384615384
0 0.6430288461538461 0.8016826923076923 0.0829326923076923 0.09134615384615384
0 0.8509615384615384 0.4254807692307692 0.06490384615384616 0.13341346153846154
0 0.06490384615384616 0.09975961538461539 0.0625 0.10697115384615384
0 0.4362980769230769 0.24278846153846154 0.06370192307692307 0.08052884615384616
0 0.8858173076923077 0.13341346153846154 0.08413461538461539 0.04447115384615385
0 0.09975961538461539 0.40384615384615385 0.0625 0.07211538461538461
0 0.37259615384615385 0.5444711538461539 0.056490384615384616 0.09615384615384616
0 0.18629807692307693 0.6045673076923077 0.06490384615384616 0.08052884615384616
0 0.17067307692307693 0.30528846153846156 0.08173076923076923 0.06490384615384616
0 0.6742788461538461 0.056490384615384616 0.10096153846153846 0.06129807692307692
0 0.9699519230769231 0.08413461538461539 0.05889423076923077 0.06610576923076923
0 0.20793269230769232 0.8076923076923077 0.06610576923076923 0.06971153846153846
0 0.9290865384615384 0.44471153846153844 0.07692307692307693 0.08052884615384616
0 0.9615384615384616 0.18269230769230768 0.07572115384615384 0.09495192307692307
0 0.6009615384615384 0.5853365384615384 0.13942307692307693 0.06971153846153846
0 0.39903846153846156 0.6586538461538461 0.06370192307692307 0.06129807692307692
0 0.27403846153846156 0.18028846153846154 0.09134615384615384 0.08533653846153846
0 0.16105769230769232 0.8173076923076923 0.06971153846153846 0.06129807692307692
0 0.4795673076923077 0.6213942307692307 0.055288461538461536 0.055288461538461536
0 0.25240384615384615 0.5889423076923077 0.07692307692307693 0.06490384615384616
0 0.5673076923076923 0.34975961538461536 0.06490384615384616 0.10216346153846154
0 0.7403846153846154 0.16105769230769232 0.10216346153846154 0.06971153846153846
0 0.8365384615384616 0.2692307692307692 0.09134615384615384 0.06009615384615385
0 0.6117788461538461 0.7427884615384616 0.04447115384615385 0.05889423076923077