0 0.019230769230769232 0.5949519230769231 0.038461538461538464 0.07692307692307693
0 0.640625 0.4375 0.08653846153846154 0.08533653846153846
0 0.9735576923076923 0.8016826923076923 0.04927884615384615 0.10096153846153846
0 0.33052884615384615 0.9555288461538461 0.06850961538461539 0.08653846153846154
0 0.24639423076923078 0.8209134615384616 0.11177884615384616 0.08533653846153846
0 0.421875 0.2548076923076923 0.09014423076923077 0.11658653846153846
0 0.8233173076923077 0.7391826923076923 0.07692307692307693 0.054086538461538464
0 0.2860576923076923 0.5168269230769231 0.09615384615384616 0.07692307692307693
0 0.5817307692307693 0.8786057692307693 0.13221153846153846 0.07692307692307693
0 0.625 0.3076923076923077 0.04927884615384615 0.06370192307692307
0 0.25721153846153844 0.05048076923076923 0.08173076923076923 0.10096153846153846
0 0.3173076923076923 0.3293269230769231 0.054086538461538464 0.0673076923076923
0 0.25721153846153844 0.6105769230769231 0.09254807692307693 0.07692307692307693
0 0.019230769230769232 0.33533653846153844 0.038461538461538464 0.07451923076923077
0 0.8617788461538461 0.4110576923076923 0.08653846153846154 0.11538461538461539
0 0.453125 0.5360576923076923 0.09134615384615384 0.07451923076923077
0 0.9314903846153846 0.23918269230769232 0.09014423076923077 0.08653846153846154
0 0.03365384615384615 0.9194711538461539 0.0673076923076923 0.11778846153846154
0 0.5252403846153846 0.7487980769230769 0.078125 0.07451923076923077
0 0.10576923076923077 0.43028846153846156 0.16706730769230768 0.09134615384615384
0 0.1971153846153846 0.6153846153846154 0.07932692307692307 0.07932692307692307
0 0.41346153846153844 0.671875 0.11538461538461539 0.0889423076923077
0 0.039663461538461536 0.16346153846153846 0.07932692307692307 0.10096153846153846
0 0.6466346153846154 0.046875 0.09495192307692307 0.08052884615384616
0 0.4326923076923077 0.41346153846153844 0.07692307692307693 0.09375
0 0.4411057692307692 0.18509615384615385 0.06009615384615385 0.06370192307692307
0 0.6490384615384616 0.3701923076923077 0.06850961538461539 0.07091346153846154
0 0.3401442307692308 0.04447115384615385 0.10336538461538461 0.08774038461538461
0 0.75 0.6009615384615384 0.10697115384615384 0.0889423076923077