0 0.25841346153846156 0.0625 0.04927884615384615 0.09134615384615384
0 0.38822115384615385 0.078125 0.07692307692307693 0.10576923076923077
0 0.8521634615384616 0.8786057692307693 0.09254807692307693 0.08533653846153846
0 0.9411057692307693 0.6826923076923077 0.054086538461538464 0.0733173076923077
0 0.7247596153846154 0.6201923076923077 0.09495192307692307 0.0829326923076923
0 0.5204326923076923 0.921875 0.10817307692307693 0.109375
0 0.47596153846153844 0.11538461538461539 0.14182692307692307 0.09134615384615384
0 0.15865384615384615 0.6237980769230769 0.1045673076923077 0.14543269230769232
0 0.4795673076923077 0.9579326923076923 0.109375 0.0829326923076923
0 0.9759615384615384 0.8485576923076923 0.046875 0.06370192307692307
0 0.25 0.42427884615384615 0.10697115384615384 0.078125
0 0.8677884615384616 0.6141826923076923 0.13822115384615385 0.1310096153846154
0 0.7896634615384616 0.052884615384615384 0.078125 0.1045673076923077
0 0.9771634615384616 0.33052884615384615 0.04326923076923077 0.0985576923076923
0 0.7331730769230769 0.1141826923076923 0.052884615384615384 0.04567307692307692
0 0.12620192307692307 0.8149038461538461 0.1141826923076923 0.1346153846153846
0 0.4110576923076923 0.7427884615384616 0.13221153846153846 0.14903846153846154
0 0.9387019230769231 0.9098557692307693 0.12139423076923077 0.11658653846153846
0 0.03485576923076923 0.7524038461538461 0.06971153846153846 0.14903846153846154
0 0.9086538461538461 0.33653846153846156 0.05048076923076923 0.05889423076923077
0 0.8353365384615384 0.4375 0.09375 0.07692307692307693
0 0.5060096153846154 0.6730769230769231 0.07572115384615384 0.078125
0 0.3173076923076923 0.6610576923076923 0.09134615384615384 0.078125
0 0.6334134615384616 0.2920673076923077 0.09014423076923077 0.06850961538461539
0 0.9627403846153846 0.17668269230769232 0.07211538461538461 0.0889423076923077
0 0.9759615384615384 0.625 0.04447115384615385 0.12259615384615384
0 0.8209134615384616 0.9411057692307693 0.09014423076923077 0.11298076923076923
0 0.5216346153846154 0.48677884615384615 0.09615384615384616 0.09375
0 0.5697115384615384 0.19471153846153846 0.09134615384615384 0.11658653846153846
0 0.6875 0.9242788461538461 0.08653846153846154 0.078125
0 0.8088942307692307 0.13341346153846154 0.05889423076923077 0.04807692307692308
0 0.5829326923076923 0.6430288461538461 0.09134615384615384 0.09735576923076923
0 0.5276442307692307 0.020432692307692308 0.09134615384615384 0.039663461538461536
0 0.171875 0.1778846153846154 0.13221153846153846 0.10096153846153846
0 0.8497596153846154 0.04326923076923077 0.06370192307692307 0.06971153846153846
0 0.25240384615384615 0.9759615384615384 0.08173076923076923 0.04447115384615385
0 0.359375 0.18629807692307693 0.08533653846153846 0.09134615384615384