0 0.38221153846153844 0.546875 0.13341346153846154 0.07211538461538461
0 0.5637019230769231 0.14903846153846154 0.09495192307692307 0.08413461538461539
0 0.36778846153846156 0.6670673076923077 0.056490384615384616 0.04927884615384615
0 0.3449519230769231 0.9807692307692307 0.04927884615384615 0.027644230769230768
0 0.09254807692307693 0.16346153846153846 0.08653846153846154 0.11899038461538461
0 0.16105769230769232 0.6274038461538461 0.10096153846153846 0.06490384615384616
0 0.6694711538461539 0.46153846153846156 0.07932692307692307 0.11538461538461539
0 0.5564903846153846 0.25721153846153844 0.04927884615384615 0.04927884615384615
0 0.4387019230769231 0.5961538461538461 0.13822115384615385 0.06009615384615385
0 0.9519230769230769 0.5348557692307693 0.06850961538461539 0.054086538461538464
0 0.7776442307692307 0.5372596153846154 0.051682692307692304 0.07211538461538461
0 0.18269230769230768 0.20673076923076922 0.04927884615384615 0.04326923076923077
0 0.9639423076923077 0.5072115384615384 0.07091346153846154 0.06971153846153846
0 0.8557692307692307 0.7055288461538461 0.10697115384615384 0.04927884615384615
0 0.18028846153846154 0.96875 0.06009615384615385 0.06009615384615385
0 0.054086538461538464 0.734375 0.10697115384615384 0.0829326923076923
0 0.04807692307692308 0.8966346153846154 0.09615384615384616 0.057692307692307696
0 0.4699519230769231 0.4423076923076923 0.10216346153846154 0.09495192307692307
0 0.5793269230769231 0.5865384615384616 0.11177884615384616 0.12740384615384615
0 0.84375 0.5709134615384616 0.055288461538461536 0.07091346153846154
0 0.36778846153846156 0.7151442307692307 0.08774038461538461 0.08173076923076923
0 0.8052884615384616 0.5865384615384616 0.12259615384615384 0.05048076923076923
0 0.4326923076923077 0.625 0.109375 0.05889423076923077
0 0.140625 0.5829326923076923 0.11298076923076923 0.055288461538461536
0 0.7632211538461539 0.8173076923076923 0.04807692307692308 0.07572115384615384
0 0.796875 0.8665865384615384 0.13221153846153846 0.06490384615384616
0 0.09735576923076923 0.6923076923076923 0.09735576923076923 0.054086538461538464
0 0.35697115384615385 0.4375 0.12980769230769232 0.06971153846153846
0 0.6466346153846154 0.140625 0.0733173076923077 0.09134615384615384
0 0.35216346153846156 0.46634615384615385 0.10096153846153846 0.08173076923076923
0 0.07091346153846154 0.8858173076923077 0.0625 0.038461538461538464
0 0.9591346153846154 0.3473557692307692 0.07932692307692307 0.08774038461538461
0 0.9831730769230769 0.8918269230769231 0.03125 0.06129807692307692
0 0.027644230769230768 0.6742788461538461 0.055288461538461536 0.05048076923076923
0 0.33774038461538464 0.7199519230769231 0.08173076923076923 0.109375
0 0.8389423076923077 0.17668269230769232 0.055288461538461536 0.1310096153846154
0 0.6286057692307693 0.9591346153846154 0.07211538461538461 0.037259615384615384
0 0.390625 0.06850961538461539 0.0733173076923077 0.11298076923076923
0 0.15625 0.12740384615384615 0.09014423076923077 0.1045673076923077
0 0.2776442307692308 0.056490384615384616 0.06971153846153846 0.0733173076923077
0 0.6526442307692307 0.18870192307692307 0.0625 0.10576923076923077
0 0.23197115384615385 0.1658653846153846 0.078125 0.06610576923076923
0 0.8737980769230769 0.96875 0.08052884615384616 0.04326923076923077
0 0.65625 0.04326923076923077 0.056490384615384616 0.08653846153846154
0 0.10697115384615384 0.21875 0.078125 0.055288461538461536
0 0.6274038461538461 0.9387019230769231 0.08413461538461539 0.046875
0 0.59375 0.4951923076923077 0.10096153846153846 0.04927884615384615
0 0.3858173076923077 0.9447115384615384 0.0889423076923077 0.055288461538461536
0 0.46033653846153844 0.41225961538461536 0.12139423076923077 0.08533653846153846
0 0.8737980769230769 0.0829326923076923 0.08052884615384616 0.1346153846153846
0 0.07692307692307693 0.5961538461538461 0.08533653846153846 0.09375
0 0.32091346153846156 0.8521634615384616 0.09975961538461539 0.07572115384615384
0 0.15144230769230768 0.16826923076923078 0.10216346153846154 0.07091346153846154
0 0.42427884615384615 0.44350961538461536 0.08173076923076923 0.07692307692307693
0 0.9615384615384616 0.9134615384615384 0.07451923076923077 0.037259615384615384
0 0.5552884615384616 0.953125 0.04927884615384615 0.030048076923076924