0 0.016826923076923076 0.036057692307692304 0.03365384615384615 0.06971153846153846
0 0.14423076923076922 0.05889423076923077 0.039663461538461536 0.08533653846153846
0 0.18990384615384615 0.078125 0.039663461538461536 0.03365384615384615
0 0.04326923076923077 0.1814903846153846 0.08653846153846154 0.06610576923076923
0 0.019230769230769232 0.35216346153846156 0.038461538461538464 0.04567307692307692
0 0.038461538461538464 0.26802884615384615 0.07692307692307693 0.06009615384615385
0 0.10336538461538461 0.29927884615384615 0.052884615384615384 0.12379807692307693
0 0.054086538461538464 0.4639423076923077 0.026442307692307692 0.04447115384615385
0 0.2668269230769231 0.453125 0.038461538461538464 0.054086538461538464
0 0.22596153846153846 0.4495192307692308 0.052884615384615384 0.11538461538461539
0 0.051682692307692304 0.9615384615384616 0.052884615384615384 0.07451923076923077
0 0.25841346153846156 0.9927884615384616 0.021634615384615384 0.013221153846153846
0 0.28125 0.9795673076923077 0.030048076923076924 0.038461538461538464
0 0.30408653846153844 0.8509615384615384 0.037259615384615384 0.11899038461538461
0 0.3581730769230769 0.7980769230769231 0.13701923076923078 0.12740384615384615
0 0.3485576923076923 0.6574519230769231 0.03365384615384615 0.078125
0 0.40625 0.4567307692307692 0.04567307692307692 0.07572115384615384
0 0.2548076923076923 0.3329326923076923 0.026442307692307692 0.026442307692307692
0 0.36177884615384615 0.18990384615384615 0.1346153846153846 0.0625
0 0.5216346153846154 0.25 0.04326923076923077 0.039663461538461536
0 0.49399038461538464 0.35697115384615385 0.021634615384615384 0.06129807692307692
0 0.25841346153846156 0.009615384615384616 0.05889423076923077 0.018028846153846152
0 0.20432692307692307 0.02283653846153846 0.04567307692307692 0.04447115384615385
0 0.3737980769230769 0.006009615384615385 0.036057692307692304 0.01201923076923077
0 0.6177884615384616 0.027644230769230768 0.06490384615384616 0.055288461538461536
0 0.6670673076923077 0.23677884615384615 0.09014423076923077 0.078125
0 0.6875 0.1814903846153846 0.05048076923076923 0.09014423076923077
0 0.7680288461538461 0.1201923076923077 0.15264423076923078 0.1310096153846154
0 0.9495192307692307 0.08533653846153846 0.0985576923076923 0.046875
0 0.9338942307692307 0.12740384615384615 0.06610576923076923 0.056490384615384616
0 0.7560096153846154 0.2956730769230769 0.04447115384615385 0.06490384615384616
0 0.9819711538461539 0.21875 0.03365384615384615 0.06370192307692307
0 0.734375 0.421875 0.051682692307692304 0.054086538461538464
0 0.6754807692307693 0.38221153846153844 0.06009615384615385 0.06850961538461539
0 0.8641826923076923 0.3870192307692308 0.09254807692307693 0.038461538461538464
0 0.84375 0.4891826923076923 0.06610576923076923 0.04807692307692308
0 0.6418269230769231 0.4326923076923077 0.04326923076923077 0.04927884615384615
0 0.9759615384615384 0.5072115384615384 0.04567307692307692 0.12980769230769232
0 0.9675480769230769 0.6358173076923077 0.06370192307692307 0.054086538461538464
0 0.9759615384615384 0.6995192307692307 0.04447115384615385 0.12980769230769232
0 0.9158653846153846 0.7259615384615384 0.054086538461538464 0.0625
0 0.9242788461538461 0.7920673076923077 0.07091346153846154 0.08774038461538461
0 0.8617788461538461 0.8052884615384616 0.11057692307692307 0.09375
0 0.9735576923076923 0.9519230769230769 0.051682692307692304 0.0673076923076923
0 0.8485576923076923 0.9302884615384616 0.06490384615384616 0.06971153846153846
0 0.7764423076923077 0.7848557692307693 0.030048076923076924 0.027644230769230768
0 0.6850961538461539 0.8774038461538461 0.0673076923076923 0.06009615384615385
0 0.7463942307692307 0.9867788461538461 0.04326923076923077 0.025240384615384616
0 0.6875 0.9771634615384616 0.030048076923076924 0.04447115384615385
0 0.5336538461538461 0.8040865384615384 0.08653846153846154 0.07091346153846154
0 0.5480769230769231 0.71875 0.04927884615384615 0.055288461538461536
0 0.6274038461538461 0.7367788461538461 0.052884615384615384 0.03365384615384615
0 0.5841346153846154 0.6502403846153846 0.05048076923076923 0.09014423076923077
0 0.96875 0.4014423076923077 0.038461538461538464 0.03365384615384615
0 0.84375 0.010817307692307692 0.04807692307692308 0.020432692307692308
0 0.46634615384615385 0.19110576923076922 0.06850961538461539 0.06129807692307692
0 0.5108173076923077 0.15745192307692307 0.09134615384615384 0.12379807692307693
0 0.5372596153846154 0.09615384615384616 0.109375 0.14783653846153846