0 0.33413461538461536 0.4110576923076923 0.2247596153846154 0.17427884615384615
0 0.8497596153846154 0.9615384615384616 0.0733173076923077 0.07572115384615384
0 0.18028846153846154 0.4411057692307692 0.21033653846153846 0.09134615384615384
0 0.1622596153846154 0.6334134615384616 0.20793269230769232 0.09495192307692307
0 0.42427884615384615 0.9194711538461539 0.08774038461538461 0.13822115384615385
0 0.38100961538461536 0.35096153846153844 0.13581730769230768 0.10096153846153846
0 0.33052884615384615 0.8353365384615384 0.09495192307692307 0.17668269230769232
0 0.1971153846153846 0.5192307692307693 0.06490384615384616 0.06009615384615385
0 0.32572115384615385 0.9266826923076923 0.05048076923076923 0.09735576923076923
0 0.4639423076923077 0.7007211538461539 0.10216346153846154 0.12259615384615384
0 0.6586538461538461 0.40384615384615385 0.16346153846153846 0.09014423076923077
0 0.030048076923076924 0.1201923076923077 0.06009615384615385 0.11177884615384616
0 0.5240384615384616 0.9266826923076923 0.12379807692307693 0.08533653846153846