0 0.8016826923076923 0.07091346153846154 0.11658653846153846 0.0625
0 0.6754807692307693 0.0625 0.037259615384615384 0.038461538461538464
0 0.6514423076923077 0.1045673076923077 0.04807692307692308 0.02403846153846154
0 0.5625 0.12139423076923077 0.07692307692307693 0.030048076923076924
0 0.3629807692307692 0.0733173076923077 0.028846153846153848 0.05048076923076923
0 0.390625 0.16346153846153846 0.04927884615384615 0.030048076923076924
0 0.15865384615384615 0.1045673076923077 0.08052884615384616 0.04567307692307692
0 0.0829326923076923 0.052884615384615384 0.042067307692307696 0.026442307692307692
0 0.17427884615384615 0.16466346153846154 0.03365384615384615 0.07572115384615384
0 0.14783653846153846 0.1971153846153846 0.055288461538461536 0.04326923076923077
0 0.07932692307692307 0.21153846153846154 0.030048076923076924 0.052884615384615384
0 0.046875 0.23197115384615385 0.03245192307692308 0.030048076923076924
0 0.055288461538461536 0.23317307692307693 0.08653846153846154 0.06009615384615385
0 0.4639423076923077 0.23918269230769232 0.078125 0.0673076923076923
0 0.8810096153846154 0.19230769230769232 0.07211538461538461 0.038461538461538464
0 0.0985576923076923 0.29927884615384615 0.046875 0.0625
0 0.27283653846153844 0.29447115384615385 0.040865384615384616 0.03365384615384615
0 0.6658653846153846 0.22716346153846154 0.05048076923076923 0.036057692307692304
0 0.203125 0.3581730769230769 0.038461538461538464 0.051682692307692304
0 0.0673076923076923 0.43990384615384615 0.028846153846153848 0.052884615384615384
0 0.3137019230769231 0.3701923076923077 0.04447115384615385 0.040865384615384616
0 0.4206730769230769 0.3233173076923077 0.05048076923076923 0.07211538461538461
0 0.484375 0.3016826923076923 0.039663461538461536 0.04326923076923077
0 0.44711538461538464 0.4014423076923077 0.12860576923076922 0.05048076923076923
0 0.5697115384615384 0.33774038461538464 0.04326923076923077 0.046875
0 0.5444711538461539 0.3737980769230769 0.05889423076923077 0.04567307692307692
0 0.5829326923076923 0.4723557692307692 0.04567307692307692 0.16346153846153846
0 0.4699519230769231 0.4567307692307692 0.10336538461538461 0.05048076923076923
0 0.3317307692307692 0.4483173076923077 0.07692307692307693 0.04326923076923077
0 0.3269230769230769 0.4951923076923077 0.0625 0.038461538461538464
0 0.12139423076923077 0.5444711538461539 0.030048076923076924 0.040865384615384616
0 0.27163461538461536 0.5384615384615384 0.07211538461538461 0.03245192307692308
0 0.46153846153846156 0.5264423076923077 0.046875 0.0673076923076923
0 0.9543269230769231 0.2980769230769231 0.06009615384615385 0.040865384615384616
0 0.859375 0.31490384615384615 0.08052884615384616 0.03365384615384615
0 0.8233173076923077 0.3293269230769231 0.06129807692307692 0.037259615384615384
0 0.90625 0.3485576923076923 0.030048076923076924 0.038461538461538464
0 0.953125 0.3581730769230769 0.036057692307692304 0.036057692307692304
0 0.9170673076923077 0.4411057692307692 0.07692307692307693 0.057692307692307696
0 0.8112980769230769 0.4266826923076923 0.04447115384615385 0.051682692307692304
0 0.7091346153846154 0.48677884615384615 0.04927884615384615 0.13221153846153846
0 0.6201923076923077 0.5889423076923077 0.054086538461538464 0.02283653846153846
0 0.4098557692307692 0.5853365384615384 0.039663461538461536 0.02283653846153846
0 0.24278846153846154 0.5973557692307693 0.03485576923076923 0.06009615384615385
0 0.06370192307692307 0.6634615384615384 0.036057692307692304 0.03365384615384615
0 0.23197115384615385 0.7235576923076923 0.028846153846153848 0.07211538461538461
0 0.171875 0.7668269230769231 0.03245192307692308 0.040865384615384616
0 0.30528846153846156 0.7620192307692307 0.04326923076923077 0.06850961538461539
0 0.5336538461538461 0.6923076923076923 0.03125 0.06971153846153846
0 0.6983173076923077 0.6862980769230769 0.10096153846153846 0.03245192307692308
0 0.7644230769230769 0.6334134615384616 0.09495192307692307 0.025240384615384616
0 0.8365384615384616 0.6225961538461539 0.06610576923076923 0.052884615384615384
0 0.8245192307692307 0.8052884615384616 0.056490384615384616 0.09615384615384616
0 0.5048076923076923 0.8161057692307693 0.03365384615384615 0.056490384615384616
0 0.036057692307692304 0.7980769230769231 0.04807692307692308 0.057692307692307696
0 0.0733173076923077 0.8209134615384616 0.042067307692307696 0.10096153846153846
0 0.3581730769230769 0.8317307692307693 0.015625 0.10697115384615384
0 0.33052884615384615 0.8569711538461539 0.04447115384615385 0.0673076923076923
0 0.42908653846153844 0.8473557692307693 0.037259615384615384 0.07932692307692307
0 0.4723557692307692 0.8533653846153846 0.038461538461538464 0.10216346153846154
0 0.21153846153846154 0.9338942307692307 0.037259615384615384 0.10336538461538461
0 0.16947115384615385 0.9026442307692307 0.036057692307692304 0.055288461538461536
0 0.10216346153846154 0.9038461538461539 0.038461538461538464 0.056490384615384616
0 0.055288461538461536 0.9423076923076923 0.04927884615384615 0.09134615384615384
0 0.038461538461538464 0.9194711538461539 0.051682692307692304 0.03125
0 0.43149038461538464 0.9483173076923077 0.04567307692307692 0.026442307692307692
0 0.7536057692307693 0.9302884615384616 0.055288461538461536 0.07211538461538461
0 0.9050480769230769 0.9074519230769231 0.03485576923076923 0.08653846153846154
0 0.9507211538461539 0.8930288461538461 0.03485576923076923 0.03365384615384615
0 0.9483173076923077 0.9338942307692307 0.03365384615384615 0.04567307692307692
0 0.8533653846153846 0.9519230769230769 0.028846153846153848 0.02403846153846154
0 0.8028846153846154 0.9507211538461539 0.026442307692307692 0.03125
0 0.7764423076923077 0.8545673076923077 0.036057692307692304 0.021634615384615384
0 0.2956730769230769 0.953125 0.038461538461538464 0.036057692307692304
0 0.036057692307692304 0.5516826923076923 0.04807692307692308 0.038461538461538464
0 0.171875 0.06129807692307692 0.02283653846153846 0.03365384615384615
0 0.6634615384615384 0.16466346153846154 0.08653846153846154 0.030048076923076924
0 0.7211538461538461 0.13221153846153846 0.038461538461538464 0.037259615384615384
0 0.7415865384615384 0.10336538461538461 0.054086538461538464 0.02403846153846154
0 0.6466346153846154 0.30408653846153844 0.03485576923076923 0.03365384615384615
0 0.18389423076923078 0.34375 0.025240384615384616 0.026442307692307692
0 0.6418269230769231 0.7487980769230769 0.0673076923076923 0.038461538461538464
0 0.6382211538461539 0.7740384615384616 0.025240384615384616 0.019230769230769232
0 0.6081730769230769 0.7548076923076923 0.02283653846153846 0.038461538461538464
0 0.5072115384615384 0.7463942307692307 0.028846153846153848 0.013221153846153846
0 0.2668269230769231 0.7151442307692307 0.03485576923076923 0.018028846153846152
0 0.25 0.7367788461538461 0.018028846153846152 0.03365384615384615
0 0.9206730769230769 0.6129807692307693 0.03485576923076923 0.02283653846153846
0 0.8473557692307693 0.6502403846153846 0.03365384615384615 0.02403846153846154
0 0.8798076923076923 0.8882211538461539 0.028846153846153848 0.04447115384615385
0 0.4735576923076923 0.5360576923076923 0.026442307692307692 0.0673076923076923
0 0.4483173076923077 0.46153846153846156 0.0673076923076923 0.06009615384615385
0 0.4362980769230769 0.07692307692307693 0.03125 0.021634615384615384
0 0.09014423076923077 0.47596153846153844 0.03245192307692308 0.02403846153846154
0 0.13701923076923078 0.47115384615384615 0.014423076923076924 0.039663461538461536
0 0.16346153846153846 0.8173076923076923 0.027644230769230768 0.019230769230769232
0 0.9338942307692307 0.20552884615384615 0.03485576923076923 0.019230769230769232
0 0.9651442307692307 0.2536057692307692 0.014423076923076924 0.018028846153846152
0 0.17908653846153846 0.8581730769230769 0.042067307692307696 0.026442307692307692
0 0.22355769230769232 0.04927884615384615 0.037259615384615384 0.020432692307692308
0 0.6045673076923077 0.5372596153846154 0.03245192307692308 0.036057692307692304
0 0.29927884615384615 0.3112980769230769 0.028846153846153848 0.019230769230769232
0 0.23918269230769232 0.30288461538461536 0.021634615384615384 0.021634615384615384