0 0.9423076923076923 0.4807692307692308 0.11177884615384616 0.09134615384615384
0 0.5480769230769231 0.0733173076923077 0.08774038461538461 0.13341346153846154
0 0.3545673076923077 0.5228365384615384 0.09615384615384616 0.07572115384615384
0 0.15144230769230768 0.7800480769230769 0.0889423076923077 0.12740384615384615
0 0.38461538461538464 0.41225961538461536 0.0985576923076923 0.08052884615384616
0 0.19951923076923078 0.9723557692307693 0.06490384615384616 0.046875
0 0.7776442307692307 0.9350961538461539 0.08052884615384616 0.109375
0 0.7319711538461539 0.5528846153846154 0.07932692307692307 0.11778846153846154
0 0.7355769230769231 0.46153846153846156 0.09375 0.08774038461538461
0 0.02283653846153846 0.7163461538461539 0.04567307692307692 0.09014423076923077
0 0.8269230769230769 0.9230769230769231 0.07572115384615384 0.09615384615384616
0 0.6730769230769231 0.9194711538461539 0.19471153846153846 0.11538461538461539
0 0.21875 0.734375 0.09495192307692307 0.09254807692307693
0 0.9447115384615384 0.8774038461538461 0.09735576923076923 0.11177884615384616
0 0.8617788461538461 0.13701923076923078 0.07211538461538461 0.09254807692307693
0 0.9278846153846154 0.20192307692307693 0.08653846153846154 0.12259615384615384
0 0.9591346153846154 0.33533653846153844 0.05048076923076923 0.078125
0 0.05048076923076923 0.09375 0.10096153846153846 0.1201923076923077
0 0.9627403846153846 0.7295673076923077 0.07211538461538461 0.12259615384615384
0 0.234375 0.8677884615384616 0.09254807692307693 0.12740384615384615
0 0.8269230769230769 0.8461538461538461 0.11057692307692307 0.08052884615384616
0 0.9615384615384616 0.020432692307692308 0.07572115384615384 0.040865384615384616
0 0.36899038461538464 0.2668269230769231 0.09495192307692307 0.13822115384615385
0 0.14302884615384615 0.027644230769230768 0.05048076923076923 0.055288461538461536
0 0.1622596153846154 0.38341346153846156 0.11658653846153846 0.14182692307692307
0 0.14423076923076922 0.18509615384615385 0.11177884615384616 0.09014423076923077
0 0.03365384615384615 0.47596153846153844 0.0673076923076923 0.07572115384615384
0 0.2860576923076923 0.9735576923076923 0.0985576923076923 0.04807692307692308
0 0.40384615384615385 0.8004807692307693 0.11177884615384616 0.21153846153846154