0 0.07091346153846154 0.27524038461538464 0.06009615384615385 0.06370192307692307
0 0.07211538461538461 0.19591346153846154 0.02403846153846154 0.10817307692307693
0 0.1502403846153846 0.125 0.0733173076923077 0.07451923076923077
0 0.21875 0.31971153846153844 0.03245192307692308 0.028846153846153848
0 0.24759615384615385 0.36177884615384615 0.03125 0.037259615384615384
0 0.3076923076923077 0.3762019230769231 0.025240384615384616 0.038461538461538464
0 0.3701923076923077 0.4098557692307692 0.027644230769230768 0.030048076923076924
0 0.2824519230769231 0.20192307692307693 0.05048076923076923 0.1141826923076923
0 0.19831730769230768 0.03125 0.025240384615384616 0.030048076923076924
0 0.44471153846153844 0.03245192307692308 0.042067307692307696 0.02403846153846154
0 0.4735576923076923 0.14423076923076922 0.038461538461538464 0.06490384615384616
0 0.5420673076923077 0.2091346153846154 0.04807692307692308 0.039663461538461536
0 0.6875 0.17908653846153846 0.016826923076923076 0.042067307692307696
0 0.7271634615384616 0.24158653846153846 0.021634615384615384 0.03485576923076923
0 0.9266826923076923 0.056490384615384616 0.020432692307692308 0.027644230769230768
0 0.8737980769230769 0.14903846153846154 0.037259615384615384 0.11057692307692307
0 0.9326923076923077 0.16706730769230768 0.038461538461538464 0.09495192307692307
0 0.9134615384615384 0.24158653846153846 0.04927884615384615 0.02283653846153846
0 0.8701923076923077 0.27524038461538464 0.046875 0.027644230769230768
0 0.8305288461538461 0.28365384615384615 0.028846153846153848 0.07572115384615384
0 0.7007211538461539 0.29927884615384615 0.08052884615384616 0.05048076923076923
0 0.5865384615384616 0.3125 0.02403846153846154 0.02403846153846154
0 0.5516826923076923 0.359375 0.036057692307692304 0.02403846153846154
0 0.5913461538461539 0.35697115384615385 0.03365384615384615 0.040865384615384616
0 0.484375 0.3401442307692308 0.026442307692307692 0.04447115384615385
0 0.4387019230769231 0.33774038461538464 0.06490384615384616 0.07211538461538461
0 0.6875 0.3545673076923077 0.06971153846153846 0.03245192307692308
0 0.8305288461538461 0.3870192307692308 0.052884615384615384 0.026442307692307692
0 0.9050480769230769 0.33653846153846156 0.08173076923076923 0.051682692307692304
0 0.9110576923076923 0.46033653846153844 0.028846153846153848 0.1346153846153846
0 0.6887019230769231 0.5180288461538461 0.1141826923076923 0.051682692307692304
0 0.8088942307692307 0.5324519230769231 0.0625 0.08653846153846154
0 0.4963942307692308 0.5612980769230769 0.028846153846153848 0.057692307692307696
0 0.859375 0.5829326923076923 0.04447115384615385 0.04927884615384615
0 0.49759615384615385 0.46875 0.027644230769230768 0.08052884615384616
0 0.18990384615384615 0.4795673076923077 0.028846153846153848 0.0829326923076923
0 0.125 0.5384615384615384 0.05048076923076923 0.056490384615384616
0 0.09014423076923077 0.5552884615384616 0.018028846153846152 0.03365384615384615
0 0.055288461538461536 0.5600961538461539 0.039663461538461536 0.028846153846153848
0 0.10697115384615384 0.6899038461538461 0.17427884615384615 0.038461538461538464
0 0.12259615384615384 0.7115384615384616 0.030048076923076924 0.03365384615384615
0 0.09975961538461539 0.7524038461538461 0.0625 0.03485576923076923
0 0.17427884615384615 0.7151442307692307 0.04447115384615385 0.05889423076923077
0 0.35096153846153844 0.6382211538461539 0.06370192307692307 0.025240384615384616
0 0.34615384615384615 0.7247596153846154 0.025240384615384616 0.036057692307692304
0 0.36538461538461536 0.7151442307692307 0.030048076923076924 0.03365384615384615
0 0.44591346153846156 0.6430288461538461 0.026442307692307692 0.030048076923076924
0 0.4014423076923077 0.7247596153846154 0.04567307692307692 0.10576923076923077
0 0.5396634615384616 0.6622596153846154 0.036057692307692304 0.04447115384615385
0 0.5072115384615384 0.7127403846153846 0.030048076923076924 0.052884615384615384
0 0.4795673076923077 0.7692307692307693 0.04567307692307692 0.052884615384615384
0 0.5949519230769231 0.7487980769230769 0.057692307692307696 0.03125
0 0.6514423076923077 0.8990384615384616 0.02283653846153846 0.06009615384615385
0 0.6201923076923077 0.9002403846153846 0.055288461538461536 0.109375
0 0.4807692307692308 0.8137019230769231 0.051682692307692304 0.038461538461538464
0 0.3737980769230769 0.8774038461538461 0.025240384615384616 0.08052884615384616
0 0.3425480769230769 0.9194711538461539 0.039663461538461536 0.04927884615384615
0 0.056490384615384616 0.8425480769230769 0.07211538461538461 0.09735576923076923
0 0.7475961538461539 0.7103365384615384 0.042067307692307696 0.02403846153846154
0 0.6947115384615384 0.7319711538461539 0.056490384615384616 0.028846153846153848
0 0.7079326923076923 0.7163461538461539 0.039663461538461536 0.018028846153846152
0 0.9338942307692307 0.7055288461538461 0.04567307692307692 0.021634615384615384
0 0.9483173076923077 0.7331730769230769 0.038461538461538464 0.03245192307692308
0 0.9435096153846154 0.7704326923076923 0.04567307692307692 0.042067307692307696
0 0.8834134615384616 0.7920673076923077 0.04807692307692308 0.028846153846153848
0 0.8653846153846154 0.75 0.038461538461538464 0.028846153846153848
0 0.8677884615384616 0.7211538461538461 0.02403846153846154 0.025240384615384616
0 0.8617788461538461 0.6634615384615384 0.039663461538461536 0.02403846153846154
0 0.8665865384615384 0.7043269230769231 0.07451923076923077 0.055288461538461536
0 0.7331730769230769 0.7548076923076923 0.019230769230769232 0.02403846153846154
0 0.8052884615384616 0.7608173076923077 0.028846153846153848 0.028846153846153848
0 0.8233173076923077 0.25240384615384615 0.037259615384615384 0.015625
0 0.7115384615384616 0.5588942307692307 0.020432692307692308 0.026442307692307692
0 0.29927884615384615 0.22956730769230768 0.08413461538461539 0.028846153846153848