0 0.9507211538461539 0.8245192307692307 0.018028846153846152 0.013221153846153846
0 0.6286057692307693 0.6129807692307693 0.039663461538461536 0.030048076923076924
0 0.5180288461538461 0.7163461538461539 0.038461538461538464 0.06490384615384616
0 0.3605769230769231 0.7115384615384616 0.06490384615384616 0.03125
0 0.41586538461538464 0.7632211538461539 0.04447115384615385 0.037259615384615384
0 0.46274038461538464 0.609375 0.028846153846153848 0.05048076923076923
0 0.6262019230769231 0.6694711538461539 0.036057692307692304 0.02403846153846154
0 0.671875 0.6947115384615384 0.018028846153846152 0.014423076923076924
0 0.8197115384615384 0.6923076923076923 0.02283653846153846 0.018028846153846152
0 0.7920673076923077 0.7055288461538461 0.018028846153846152 0.015625
0 0.5949519230769231 0.7367788461538461 0.051682692307692304 0.025240384615384616
0 0.7211538461538461 0.6634615384615384 0.013221153846153846 0.007211538461538462
0 0.9639423076923077 0.6538461538461539 0.037259615384615384 0.04567307692307692
0 0.7980769230769231 0.6911057692307693 0.020432692307692308 0.018028846153846152
0 0.09134615384615384 0.7668269230769231 0.02403846153846154 0.04567307692307692
0 0.030048076923076924 0.7572115384615384 0.027644230769230768 0.04326923076923077
0 0.12740384615384615 0.7391826923076923 0.021634615384615384 0.02403846153846154
0 0.14543269230769232 0.8737980769230769 0.03245192307692308 0.028846153846153848
0 0.02403846153846154 0.8954326923076923 0.010817307692307692 0.019230769230769232
0 0.46033653846153844 0.7127403846153846 0.028846153846153848 0.028846153846153848
0 0.2860576923076923 0.7379807692307693 0.013221153846153846 0.020432692307692308
0 0.026442307692307692 0.7055288461538461 0.03125 0.040865384615384616
0 0.7307692307692307 0.06610576923076923 0.0673076923076923 0.04807692307692308
0 0.5024038461538461 0.22235576923076922 0.027644230769230768 0.057692307692307696
0 0.4170673076923077 0.2548076923076923 0.03365384615384615 0.04807692307692308
0 0.3245192307692308 0.31009615384615385 0.019230769230769232 0.02403846153846154
0 0.36177884615384615 0.3076923076923077 0.021634615384615384 0.04326923076923077
0 0.44350961538461536 0.2764423076923077 0.026442307692307692 0.03365384615384615
0 0.30408653846153844 0.38100961538461536 0.02403846153846154 0.025240384615384616
0 0.6298076923076923 0.7091346153846154 0.026442307692307692 0.027644230769230768
0 0.18990384615384615 0.28846153846153844 0.02403846153846154 0.06971153846153846
0 0.05889423076923077 0.31490384615384615 0.028846153846153848 0.03245192307692308
0 0.5336538461538461 0.43990384615384615 0.038461538461538464 0.02403846153846154
0 0.7704326923076923 0.421875 0.07091346153846154 0.04447115384615385
0 0.546875 0.09495192307692307 0.038461538461538464 0.06129807692307692
0 0.25961538461538464 0.04927884615384615 0.027644230769230768 0.027644230769230768
0 0.20552884615384615 0.7475961538461539 0.038461538461538464 0.021634615384615384
0 0.203125 0.8028846153846154 0.042067307692307696 0.07451923076923077
0 0.18629807692307693 0.9435096153846154 0.04326923076923077 0.055288461538461536