0 0.4675480769230769 0.36658653846153844 0.07692307692307693 0.07572115384615384
0 0.7271634615384616 0.4411057692307692 0.08653846153846154 0.055288461538461536
0 0.609375 0.3870192307692308 0.028846153846153848 0.054086538461538464
0 0.9747596153846154 0.38221153846153844 0.04927884615384615 0.04807692307692308
0 0.6923076923076923 0.08052884615384616 0.056490384615384616 0.055288461538461536
0 0.6778846153846154 0.09735576923076923 0.027644230769230768 0.030048076923076924
0 0.7692307692307693 0.5600961538461539 0.038461538461538464 0.036057692307692304
0 0.7692307692307693 0.6959134615384616 0.019230769230769232 0.052884615384615384
0 0.9326923076923077 0.06009615384615385 0.06490384615384616 0.0829326923076923
0 0.5408653846153846 0.010817307692307692 0.03365384615384615 0.020432692307692308
0 0.9074519230769231 0.4411057692307692 0.042067307692307696 0.036057692307692304
0 0.8689903846153846 0.43028846153846156 0.027644230769230768 0.037259615384615384
0 0.96875 0.7932692307692307 0.06009615384615385 0.09615384615384616
0 0.6418269230769231 0.6802884615384616 0.037259615384615384 0.0625
0 0.6165865384615384 0.6286057692307693 0.036057692307692304 0.038461538461538464
0 0.5721153846153846 0.8557692307692307 0.04326923076923077 0.06009615384615385
0 0.9411057692307693 0.8882211538461539 0.037259615384615384 0.07572115384615384
0 0.7079326923076923 0.9026442307692307 0.07091346153846154 0.08052884615384616
0 0.7764423076923077 0.7247596153846154 0.039663461538461536 0.015625
0 0.7103365384615384 0.5769230769230769 0.03365384615384615 0.030048076923076924