0 0.40625 0.14543269230769232 0.13581730769230768 0.20793269230769232
0 0.765625 0.46153846153846156 0.109375 0.09134615384615384
0 0.35336538461538464 0.9242788461538461 0.0829326923076923 0.14783653846153846
0 0.040865384615384616 0.19951923076923078 0.08052884615384616 0.22235576923076922
0 0.18028846153846154 0.05889423076923077 0.08052884615384616 0.08774038461538461
0 0.12740384615384615 0.6875 0.11778846153846154 0.10817307692307693
0 0.08052884615384616 0.22235576923076922 0.11778846153846154 0.27403846153846156
0 0.5048076923076923 0.4807692307692308 0.06610576923076923 0.19230769230769232
0 0.19230769230769232 0.8786057692307693 0.11177884615384616 0.078125
0 0.18990384615384615 0.7908653846153846 0.15144230769230768 0.09134615384615384
0 0.5192307692307693 0.375 0.11538461538461539 0.15745192307692307
0 0.7391826923076923 0.5504807692307693 0.13221153846153846 0.09134615384615384
0 0.6274038461538461 0.8858173076923077 0.07932692307692307 0.12860576923076922
0 0.7475961538461539 0.054086538461538464 0.11298076923076923 0.09134615384615384
0 0.49759615384615385 0.5793269230769231 0.10697115384615384 0.10096153846153846
0 0.6201923076923077 0.7524038461538461 0.13822115384615385 0.22235576923076922