0 0.8846153846153846 0.78125 0.08653846153846154 0.057692307692307696
0 0.02403846153846154 0.3173076923076923 0.042067307692307696 0.07692307692307693
0 0.640625 0.6346153846153846 0.06850961538461539 0.07572115384615384
0 0.8076923076923077 0.19110576923076922 0.11778846153846154 0.12259615384615384
0 0.8509615384615384 0.4387019230769231 0.0733173076923077 0.0673076923076923
0 0.4362980769230769 0.14182692307692307 0.06129807692307692 0.0733173076923077
0 0.18509615384615385 0.2512019230769231 0.10096153846153846 0.08533653846153846
0 0.17668269230769232 0.47596153846153844 0.07572115384615384 0.08413461538461539
0 0.055288461538461536 0.6814903846153846 0.07211538461538461 0.08052884615384616
0 0.22235576923076922 0.75 0.04447115384615385 0.04927884615384615
0 0.6430288461538461 0.08413461538461539 0.06971153846153846 0.09495192307692307
0 0.7247596153846154 0.7163461538461539 0.0829326923076923 0.10697115384615384
0 0.9134615384615384 0.8413461538461539 0.09495192307692307 0.05048076923076923
0 0.234375 0.23076923076923078 0.08052884615384616 0.08052884615384616
0 0.10697115384615384 0.8473557692307693 0.09014423076923077 0.07091346153846154
0 0.07692307692307693 0.7524038461538461 0.10817307692307693 0.06971153846153846
0 0.47596153846153844 0.09495192307692307 0.07572115384615384 0.1141826923076923
0 0.2608173076923077 0.7992788461538461 0.057692307692307696 0.06610576923076923
0 0.11899038461538461 0.9302884615384616 0.07091346153846154 0.07211538461538461
0 0.6237980769230769 0.3076923076923077 0.0889423076923077 0.06971153846153846
0 0.47716346153846156 0.7007211538461539 0.09615384615384616 0.06490384615384616
0 0.4375 0.42908653846153844 0.10096153846153846 0.055288461538461536
0 0.3173076923076923 0.4543269230769231 0.06490384615384616 0.07451923076923077
0 0.6887019230769231 0.6117788461538461 0.08533653846153846 0.055288461538461536
0 0.30649038461538464 0.8028846153846154 0.08173076923076923 0.10336538461538461
0 0.6923076923076923 0.7668269230769231 0.06971153846153846 0.0733173076923077
0 0.16706730769230768 0.18629807692307693 0.07692307692307693 0.07932692307692307
0 0.5817307692307693 0.6887019230769231 0.06971153846153846 0.06490384615384616
0 0.2644230769230769 0.7512019230769231 0.052884615384615384 0.06971153846153846
0 0.6274038461538461 0.8389423076923077 0.07451923076923077 0.07451923076923077
0 0.06370192307692307 0.24879807692307693 0.09615384615384616 0.09134615384615384
0 0.9579326923076923 0.4362980769230769 0.0829326923076923 0.07451923076923077
0 0.7524038461538461 0.4014423076923077 0.04807692307692308 0.04807692307692308
0 0.12860576923076922 0.5625 0.07572115384615384 0.1141826923076923
0 0.7764423076923077 0.1045673076923077 0.07091346153846154 0.06490384615384616
0 0.27524038461538464 0.9242788461538461 0.054086538461538464 0.046875
0 0.8762019230769231 0.9290865384615384 0.06850961538461539 0.06490384615384616
0 0.328125 0.19230769230769232 0.055288461538461536 0.04567307692307692
0 0.2920673076923077 0.40625 0.0889423076923077 0.06009615384615385
0 0.90625 0.8125 0.052884615384615384 0.04447115384615385
0 0.421875 0.8329326923076923 0.052884615384615384 0.057692307692307696
0 0.5552884615384616 0.9038461538461539 0.10576923076923077 0.06850961538461539
0 0.32211538461538464 0.9050480769230769 0.07932692307692307 0.06610576923076923
0 0.020432692307692308 0.6298076923076923 0.040865384615384616 0.11057692307692307
0 0.9014423076923077 0.2536057692307692 0.04447115384615385 0.052884615384615384
0 0.3233173076923077 0.7596153846153846 0.0733173076923077 0.08052884615384616
0 0.8762019230769231 0.17668269230769232 0.10336538461538461 0.057692307692307696
0 0.9266826923076923 0.6694711538461539 0.07091346153846154 0.06850961538461539
0 0.7019230769230769 0.15985576923076922 0.0889423076923077 0.078125
0 0.38100961538461536 0.109375 0.0625 0.08653846153846154
0 0.5108173076923077 0.7536057692307693 0.09375 0.06850961538461539
0 0.7463942307692307 0.640625 0.037259615384615384 0.04447115384615385
0 0.8449519230769231 0.8173076923076923 0.0673076923076923 0.06129807692307692
0 0.7548076923076923 0.8882211538461539 0.0829326923076923 0.07932692307692307
0 0.12740384615384615 0.39663461538461536 0.06009615384615385 0.06490384615384616
0 0.5913461538461539 0.7307692307692307 0.0673076923076923 0.07091346153846154
0 0.5384615384615384 0.8449519230769231 0.08052884615384616 0.06971153846153846
0 0.6838942307692307 0.23918269230769232 0.07692307692307693 0.09495192307692307
0 0.1971153846153846 0.7127403846153846 0.06009615384615385 0.051682692307692304
0 0.1502403846153846 0.34615384615384615 0.06009615384615385 0.056490384615384616
0 0.421875 0.27283653846153844 0.07091346153846154 0.06610576923076923