0 0.44591346153846156 0.14302884615384615 0.08052884615384616 0.06490384615384616
0 0.02283653846153846 0.8449519230769231 0.04567307692307692 0.05048076923076923
0 0.2764423076923077 0.1875 0.0889423076923077 0.056490384615384616
0 0.21033653846153846 0.9110576923076923 0.09014423076923077 0.040865384615384616
0 0.8737980769230769 0.796875 0.08173076923076923 0.09495192307692307
0 0.6274038461538461 0.20673076923076922 0.09735576923076923 0.09735576923076923
0 0.09134615384615384 0.7536057692307693 0.09254807692307693 0.046875
0 0.6550480769230769 0.9375 0.09495192307692307 0.038461538461538464
0 0.9735576923076923 0.6947115384615384 0.051682692307692304 0.03365384615384615
0 0.8341346153846154 0.28725961538461536 0.08173076923076923 0.06971153846153846
0 0.19591346153846154 0.18389423076923078 0.07572115384615384 0.05048076923076923
0 0.7295673076923077 0.14302884615384615 0.055288461538461536 0.07451923076923077
0 0.6682692307692307 0.8617788461538461 0.06850961538461539 0.08052884615384616
0 0.5408653846153846 0.2548076923076923 0.06610576923076923 0.07451923076923077
0 0.7295673076923077 0.3858173076923077 0.055288461538461536 0.040865384615384616
0 0.6490384615384616 0.28365384615384615 0.06490384615384616 0.06850961538461539
0 0.8858173076923077 0.16105769230769232 0.05889423076923077 0.08052884615384616
0 0.84375 0.171875 0.0829326923076923 0.06971153846153846
0 0.6478365384615384 0.48677884615384615 0.0889423076923077 0.08052884615384616
0 0.4362980769230769 0.6923076923076923 0.055288461538461536 0.0625
0 0.9735576923076923 0.5913461538461539 0.051682692307692304 0.09134615384615384
0 0.24278846153846154 0.3076923076923077 0.08774038461538461 0.08774038461538461
0 0.90625 0.9603365384615384 0.0889423076923077 0.06009615384615385
0 0.9807692307692307 0.7740384615384616 0.03125 0.042067307692307696
0 0.41947115384615385 0.49759615384615385 0.07692307692307693 0.055288461538461536
0 0.4423076923076923 0.23677884615384615 0.12379807692307693 0.11177884615384616
0 0.8016826923076923 0.9639423076923077 0.03365384615384615 0.06490384615384616
0 0.07572115384615384 0.53125 0.08653846153846154 0.07211538461538461
0 0.7848557692307693 0.12980769230769232 0.046875 0.06610576923076923
0 0.8425480769230769 0.49399038461538464 0.055288461538461536 0.06009615384615385
0 0.4831730769230769 0.8569711538461539 0.04927884615384615 0.055288461538461536
0 0.578125 0.6514423076923077 0.08052884615384616 0.042067307692307696
0 0.1658653846153846 0.6538461538461539 0.06850961538461539 0.10096153846153846
0 0.0829326923076923 0.6274038461538461 0.11538461538461539 0.039663461538461536
0 0.8389423076923077 0.9699519230769231 0.04807692307692308 0.028846153846153848
0 0.20793269230769232 0.703125 0.0673076923076923 0.06971153846153846
0 0.8497596153846154 0.6875 0.054086538461538464 0.04927884615384615
0 0.22235576923076922 0.24879807692307693 0.0673076923076923 0.04807692307692308
0 0.9555288461538461 0.8413461538461539 0.08653846153846154 0.09014423076923077
0 0.34615384615384615 0.7704326923076923 0.08533653846153846 0.06971153846153846
0 0.5060096153846154 0.109375 0.04447115384615385 0.039663461538461536
0 0.35096153846153844 0.3016826923076923 0.07572115384615384 0.09254807692307693
0 0.17427884615384615 0.13581730769230768 0.12740384615384615 0.1141826923076923
0 0.5516826923076923 0.16706730769230768 0.09615384615384616 0.0829326923076923
0 0.10817307692307693 0.2824519230769231 0.05889423076923077 0.04927884615384615
0 0.5180288461538461 0.9098557692307693 0.09375 0.056490384615384616
0 0.8858173076923077 0.39663461538461536 0.054086538461538464 0.09375
0 0.39903846153846156 0.45072115384615385 0.09615384615384616 0.07091346153846154
0 0.8954326923076923 0.04447115384615385 0.06490384615384616 0.0733173076923077
0 0.06971153846153846 0.140625 0.06971153846153846 0.051682692307692304
0 0.14903846153846154 0.35697115384615385 0.09735576923076923 0.06850961538461539
0 0.5216346153846154 0.625 0.06850961538461539 0.051682692307692304
0 0.7019230769230769 0.038461538461538464 0.0889423076923077 0.06971153846153846
0 0.2644230769230769 0.9350961538461539 0.04447115384615385 0.038461538461538464
0 0.5180288461538461 0.953125 0.055288461538461536 0.0829326923076923
0 0.4110576923076923 0.0733173076923077 0.08052884615384616 0.07692307692307693
0 0.030048076923076924 0.7415865384615384 0.06009615384615385 0.040865384615384616
0 0.17668269230769232 0.29927884615384615 0.09375 0.06850961538461539
0 0.9350961538461539 0.28365384615384615 0.09975961538461539 0.055288461538461536