0 0.5805288461538461 0.24158653846153846 0.08052884615384616 0.2439903846153846
0 0.9278846153846154 0.1875 0.13581730769230768 0.06490384615384616
0 0.9074519230769231 0.41466346153846156 0.08774038461538461 0.1502403846153846
0 0.3545673076923077 0.6778846153846154 0.06370192307692307 0.1622596153846154
0 0.4266826923076923 0.546875 0.05889423076923077 0.1141826923076923
0 0.5420673076923077 0.8677884615384616 0.07932692307692307 0.109375
0 0.20192307692307693 0.04447115384615385 0.1045673076923077 0.0889423076923077
0 0.38341346153846156 0.5649038461538461 0.052884615384615384 0.06490384615384616
0 0.9230769230769231 0.9098557692307693 0.11778846153846154 0.07932692307692307
0 0.9651442307692307 0.11538461538461539 0.05048076923076923 0.036057692307692304
0 0.8810096153846154 0.26322115384615385 0.08173076923076923 0.039663461538461536
0 0.9242788461538461 0.5612980769230769 0.08052884615384616 0.12379807692307693
0 0.9230769230769231 0.052884615384615384 0.08653846153846154 0.09615384615384616
0 0.8557692307692307 0.12139423076923077 0.1310096153846154 0.04447115384615385
0 0.7524038461538461 0.9579326923076923 0.08173076923076923 0.07932692307692307
0 0.2608173076923077 0.9170673076923077 0.055288461538461536 0.09134615384615384
0 0.33533653846153844 0.5552884615384616 0.06850961538461539 0.1502403846153846
0 0.6923076923076923 0.5384615384615384 0.12139423076923077 0.11298076923076923
0 0.036057692307692304 0.5829326923076923 0.07091346153846154 0.08533653846153846
0 0.7067307692307693 0.3786057692307692 0.13942307692307693 0.14302884615384615
0 0.1622596153846154 0.06490384615384616 0.1502403846153846 0.12860576923076922
0 0.3545673076923077 0.8245192307692307 0.057692307692307696 0.04807692307692308
0 0.421875 0.28725961538461536 0.09254807692307693 0.1502403846153846
0 0.6490384615384616 0.12980769230769232 0.08052884615384616 0.06009615384615385
0 0.7596153846153846 0.7608173076923077 0.1814903846153846 0.1310096153846154
0 0.2247596153846154 0.37259615384615385 0.1622596153846154 0.10697115384615384
0 0.18990384615384615 0.7067307692307693 0.08653846153846154 0.07572115384615384
0 0.06971153846153846 0.13701923076923078 0.040865384615384616 0.14302884615384615
0 0.3088942307692308 0.328125 0.078125 0.09134615384615384
0 0.5060096153846154 0.4951923076923077 0.12740384615384615 0.19591346153846154
0 0.9134615384615384 0.1658653846153846 0.04927884615384615 0.11057692307692307
0 0.07091346153846154 0.23076923076923078 0.07091346153846154 0.04447115384615385
0 0.5084134615384616 0.9855769230769231 0.07572115384615384 0.027644230769230768
0 0.2247596153846154 0.9711538461538461 0.057692307692307696 0.055288461538461536
0 0.7439903846153846 0.5180288461538461 0.18990384615384615 0.15384615384615385
0 0.13341346153846154 0.5168269230769231 0.20552884615384615 0.1310096153846154