0 0.7055288461538461 0.31490384615384615 0.051682692307692304 0.05889423076923077
0 0.19591346153846154 0.5913461538461539 0.06009615384615385 0.05889423076923077
0 0.7536057692307693 0.013221153846153846 0.05889423076923077 0.025240384615384616
0 0.390625 0.6394230769230769 0.06971153846153846 0.07572115384615384
0 0.8629807692307693 0.9122596153846154 0.08653846153846154 0.06971153846153846
0 0.15144230769230768 0.8774038461538461 0.09615384615384616 0.054086538461538464
0 0.9242788461538461 0.78125 0.06490384615384616 0.08173076923076923
0 0.2091346153846154 0.02283653846153846 0.06490384615384616 0.04447115384615385
0 0.9603365384615384 0.17427884615384615 0.078125 0.07932692307692307
0 0.6574519230769231 0.6634615384615384 0.06009615384615385 0.09014423076923077
0 0.35697115384615385 0.7788461538461539 0.07572115384615384 0.0829326923076923
0 0.6322115384615384 0.7680288461538461 0.06850961538461539 0.08413461538461539
0 0.6274038461538461 0.29927884615384615 0.078125 0.11899038461538461
0 0.28966346153846156 0.9495192307692307 0.07211538461538461 0.0625
0 0.6081730769230769 0.5913461538461539 0.08533653846153846 0.08533653846153846
0 0.5552884615384616 0.46153846153846156 0.055288461538461536 0.028846153846153848
0 0.6286057692307693 0.9723557692307693 0.046875 0.03485576923076923
0 0.7608173076923077 0.2800480769230769 0.07091346153846154 0.09375
0 0.5456730769230769 0.23197115384615385 0.08173076923076923 0.09014423076923077
0 0.02403846153846154 0.09975961538461539 0.04807692307692308 0.11177884615384616
0 0.04807692307692308 0.4963942307692308 0.05889423076923077 0.055288461538461536
0 0.7572115384615384 0.7079326923076923 0.06971153846153846 0.07211538461538461
0 0.1658653846153846 0.15264423076923078 0.06490384615384616 0.05048076923076923
0 0.40865384615384615 0.2704326923076923 0.06009615384615385 0.07572115384615384
0 0.8894230769230769 0.6358173076923077 0.06490384615384616 0.06129807692307692
0 0.5552884615384616 0.14423076923076922 0.07091346153846154 0.06370192307692307
0 0.8545673076923077 0.2668269230769231 0.05048076923076923 0.07211538461538461
0 0.10336538461538461 0.1875 0.07932692307692307 0.07091346153846154
0 0.09375 0.9663461538461539 0.08052884615384616 0.06610576923076923
0 0.25 0.171875 0.06009615384615385 0.07692307692307693
0 0.8617788461538461 0.7584134615384616 0.09495192307692307 0.07451923076923077
0 0.7584134615384616 0.04326923076923077 0.10216346153846154 0.06129807692307692
0 0.9519230769230769 0.6790865384615384 0.06370192307692307 0.078125
0 0.026442307692307692 0.19591346153846154 0.052884615384615384 0.09975961538461539
0 0.15384615384615385 0.2439903846153846 0.06370192307692307 0.08774038461538461
0 0.234375 0.234375 0.04927884615384615 0.07572115384615384
0 0.07572115384615384 0.06009615384615385 0.07572115384615384 0.07932692307692307
0 0.4735576923076923 0.028846153846153848 0.06370192307692307 0.057692307692307696
0 0.45913461538461536 0.1658653846153846 0.04927884615384615 0.11177884615384616
0 0.03245192307692308 0.7163461538461539 0.06129807692307692 0.0889423076923077
0 0.5132211538461539 0.9350961538461539 0.07091346153846154 0.078125
0 0.6334134615384616 0.02283653846153846 0.06490384615384616 0.04567307692307692
0 0.29086538461538464 0.02283653846153846 0.09014423076923077 0.04567307692307692
0 0.9699519230769231 0.47596153846153844 0.057692307692307696 0.0625
0 0.7439903846153846 0.44591346153846156 0.06370192307692307 0.09014423076923077
0 0.29447115384615385 0.5793269230769231 0.055288461538461536 0.05048076923076923
0 0.6730769230769231 0.5456730769230769 0.06370192307692307 0.0625
0 0.19951923076923078 0.3641826923076923 0.08052884615384616 0.06971153846153846
0 0.5685096153846154 0.34975961538461536 0.08173076923076923 0.07572115384615384
0 0.3425480769230769 0.27163461538461536 0.057692307692307696 0.07932692307692307
0 0.3269230769230769 0.8822115384615384 0.16346153846153846 0.0829326923076923
0 0.33413461538461536 0.6586538461538461 0.056490384615384616 0.06009615384615385
0 0.27283653846153844 0.26322115384615385 0.07692307692307693 0.057692307692307696
0 0.33533653846153844 0.49158653846153844 0.07572115384615384 0.12740384615384615
0 0.5552884615384616 0.8341346153846154 0.06850961538461539 0.07211538461538461
0 0.65625 0.42427884615384615 0.07692307692307693 0.06009615384615385
0 0.18389423076923078 0.41346153846153844 0.057692307692307696 0.04927884615384615