0 0.24879807692307693 0.3449519230769231 0.09735576923076923 0.06850961538461539
0 0.18269230769230768 0.2956730769230769 0.05889423076923077 0.08173076923076923
0 0.03485576923076923 0.8846153846153846 0.06971153846153846 0.07692307692307693
0 0.7884615384615384 0.8569711538461539 0.04447115384615385 0.046875
0 0.5480769230769231 0.41346153846153844 0.078125 0.06490384615384616
0 0.6286057692307693 0.9014423076923077 0.09014423076923077 0.06129807692307692
0 0.8329326923076923 0.3737980769230769 0.06610576923076923 0.06850961538461539
0 0.8882211538461539 0.7908653846153846 0.06490384615384616 0.09735576923076923
0 0.3293269230769231 0.3894230769230769 0.0985576923076923 0.06490384615384616
0 0.3161057692307692 0.6778846153846154 0.06490384615384616 0.06971153846153846
0 0.6370192307692307 0.23677884615384615 0.06971153846153846 0.07692307692307693
0 0.125 0.9627403846153846 0.06009615384615385 0.06129807692307692
0 0.31971153846153844 0.4795673076923077 0.1310096153846154 0.07572115384615384
0 0.2956730769230769 0.18028846153846154 0.06490384615384616 0.10096153846153846
0 0.7536057692307693 0.6177884615384616 0.08774038461538461 0.08173076923076923
0 0.890625 0.35216346153846156 0.06610576923076923 0.06971153846153846
0 0.6790865384615384 0.8052884615384616 0.10697115384615384 0.09735576923076923
0 0.30528846153846156 0.27524038461538464 0.0889423076923077 0.08173076923076923
0 0.04567307692307692 0.9411057692307693 0.09134615384615384 0.06009615384615385
0 0.6923076923076923 0.25961538461538464 0.07932692307692307 0.0733173076923077
0 0.10216346153846154 0.4675480769230769 0.07692307692307693 0.0625
0 0.23317307692307693 0.2620192307692308 0.057692307692307696 0.07572115384615384
0 0.7223557692307693 0.9411057692307693 0.06971153846153846 0.06610576923076923
0 0.7319711538461539 0.2283653846153846 0.06490384615384616 0.07451923076923077
0 0.06490384615384616 0.29086538461538464 0.10576923076923077 0.0985576923076923
0 0.5985576923076923 0.3737980769230769 0.06490384615384616 0.0985576923076923
0 0.15144230769230768 0.8798076923076923 0.07091346153846154 0.07091346153846154
0 0.39903846153846156 0.9050480769230769 0.09615384615384616 0.07692307692307693
0 0.4483173076923077 0.5180288461538461 0.04807692307692308 0.05048076923076923
0 0.296875 0.9086538461538461 0.06129807692307692 0.06850961538461539
0 0.028846153846153848 0.08533653846153846 0.056490384615384616 0.09735576923076923
0 0.171875 0.171875 0.051682692307692304 0.0985576923076923
0 0.9435096153846154 0.36177884615384615 0.07091346153846154 0.08774038461538461
0 0.38822115384615385 0.41346153846153844 0.06971153846153846 0.07091346153846154
0 0.5276442307692307 0.9759615384615384 0.06610576923076923 0.046875
0 0.7632211538461539 0.8990384615384616 0.07091346153846154 0.056490384615384616
0 0.47475961538461536 0.3713942307692308 0.0625 0.08413461538461539
0 0.9747596153846154 0.44711538461538464 0.04807692307692308 0.08173076923076923
0 0.8774038461538461 0.49278846153846156 0.11778846153846154 0.09615384615384616
0 0.49038461538461536 0.5444711538461539 0.06129807692307692 0.07091346153846154
0 0.53125 0.7704326923076923 0.0985576923076923 0.06490384615384616
0 0.4639423076923077 0.13341346153846154 0.06490384615384616 0.06971153846153846
0 0.6021634615384616 0.5925480769230769 0.1658653846153846 0.06009615384615385
0 0.028846153846153848 0.38341346153846156 0.057692307692307696 0.0733173076923077
0 0.5 0.44471153846153844 0.08413461538461539 0.0625
0 0.9771634615384616 0.5540865384615384 0.04326923076923077 0.06971153846153846
0 0.6189903846153846 0.31850961538461536 0.055288461538461536 0.06610576923076923
0 0.25 0.5685096153846154 0.12379807692307693 0.06009615384615385
0 0.9302884615384616 0.4675480769230769 0.0985576923076923 0.06490384615384616
0 0.34134615384615385 0.59375 0.109375 0.06971153846153846
0 0.10336538461538461 0.19230769230769232 0.07932692307692307 0.1045673076923077
0 0.7764423076923077 0.3870192307692308 0.07572115384615384 0.07091346153846154
0 0.671875 0.47716346153846156 0.07572115384615384 0.07451923076923077
0 0.2764423076923077 0.5216346153846154 0.055288461538461536 0.04927884615384615
0 0.9567307692307693 0.6490384615384616 0.08052884615384616 0.140625
0 0.42788461538461536 0.2704326923076923 0.09254807692307693 0.10697115384615384
0 0.8978365384615384 0.4074519230769231 0.08413461538461539 0.09254807692307693
0 0.028846153846153848 0.5108173076923077 0.057692307692307696 0.08052884615384616
0 0.19471153846153846 0.4807692307692308 0.10096153846153846 0.07572115384615384
0 0.9699519230769231 0.9711538461538461 0.055288461538461536 0.052884615384615384
0 0.6802884615384616 0.33533653846153844 0.07572115384615384 0.0985576923076923
0 0.9771634615384616 0.171875 0.04326923076923077 0.11778846153846154
0 0.30528846153846156 0.34134615384615385 0.055288461538461536 0.04927884615384615