0 0.2512019230769231 0.7007211538461539 0.11899038461538461 0.07211538461538461
0 0.7235576923076923 0.2692307692307692 0.042067307692307696 0.11538461538461539
0 0.36538461538461536 0.14783653846153846 0.08173076923076923 0.12259615384615384
0 0.028846153846153848 0.7860576923076923 0.056490384615384616 0.0985576923076923
0 0.5901442307692307 0.7319711538461539 0.06009615384615385 0.06490384615384616
0 0.7259615384615384 0.7235576923076923 0.1310096153846154 0.08052884615384616
0 0.1875 0.6262019230769231 0.12980769230769232 0.0733173076923077
0 0.9122596153846154 0.7716346153846154 0.07932692307692307 0.06971153846153846
0 0.07451923076923077 0.609375 0.11778846153846154 0.08774038461538461
0 0.3786057692307692 0.8629807692307693 0.078125 0.10096153846153846
0 0.6225961538461539 0.12860576923076922 0.14302884615384615 0.06610576923076923
0 0.4879807692307692 0.28846153846153844 0.051682692307692304 0.07572115384615384
0 0.5564903846153846 0.17548076923076922 0.07572115384615384 0.038461538461538464
0 0.3137019230769231 0.7632211538461539 0.09134615384615384 0.046875
0 0.875 0.2932692307692308 0.055288461538461536 0.055288461538461536
0 0.25841346153846156 0.05889423076923077 0.04927884615384615 0.09375
0 0.9711538461538461 0.7451923076923077 0.055288461538461536 0.078125
0 0.7548076923076923 0.28846153846153844 0.06009615384615385 0.06850961538461539
0 0.02283653846153846 0.24879807692307693 0.04567307692307692 0.13221153846153846
0 0.6490384615384616 0.20432692307692307 0.24278846153846154 0.05889423076923077
0 0.31490384615384615 0.8509615384615384 0.1201923076923077 0.15865384615384615
0 0.9663461538461539 0.18509615384615385 0.05048076923076923 0.09014423076923077
0 0.7199519230769231 0.6274038461538461 0.14182692307692307 0.1201923076923077
0 0.6538461538461539 0.6935096153846154 0.055288461538461536 0.04447115384615385
0 0.20552884615384615 0.18028846153846154 0.055288461538461536 0.08173076923076923
0 0.5072115384615384 0.5805288461538461 0.07932692307692307 0.20552884615384615
0 0.4579326923076923 0.42908653846153844 0.10096153846153846 0.07091346153846154
0 0.6875 0.34134615384615385 0.07932692307692307 0.10216346153846154
0 0.2932692307692308 0.18389423076923078 0.04927884615384615 0.06850961538461539
0 0.2764423076923077 0.6141826923076923 0.06971153846153846 0.04567307692307692
0 0.24519230769230768 0.5829326923076923 0.06129807692307692 0.06610576923076923
0 0.12860576923076922 0.71875 0.0889423076923077 0.06971153846153846
0 0.19230769230769232 0.12740384615384615 0.12379807692307693 0.0625
0 0.4182692307692308 0.0829326923076923 0.08052884615384616 0.057692307692307696
0 0.7956730769230769 0.14182692307692307 0.055288461538461536 0.07091346153846154
0 0.9711538461538461 0.5576923076923077 0.056490384615384616 0.11538461538461539
0 0.53125 0.6887019230769231 0.14302884615384615 0.06009615384615385
0 0.1875 0.42788461538461536 0.10096153846153846 0.1045673076923077
0 0.12860576923076922 0.29086538461538464 0.1658653846153846 0.10576923076923077
0 0.31009615384615385 0.10576923076923077 0.03365384615384615 0.0733173076923077
0 0.46875 0.06610576923076923 0.0625 0.12259615384615384
0 0.22596153846153846 0.27283653846153844 0.046875 0.054086538461538464
0 0.2860576923076923 0.2620192307692308 0.1141826923076923 0.0889423076923077
0 0.9326923076923077 0.12740384615384615 0.10096153846153846 0.17427884615384615
0 0.26802884615384615 0.3485576923076923 0.15865384615384615 0.07572115384615384
0 0.7608173076923077 0.08533653846153846 0.07091346153846154 0.14182692307692307
0 0.9266826923076923 0.7127403846153846 0.13581730769230768 0.057692307692307696