0 0.41466346153846156 0.026442307692307692 0.08173076923076923 0.052884615384615384
0 0.7548076923076923 0.7367788461538461 0.056490384615384616 0.06490384615384616
0 0.6418269230769231 0.5889423076923077 0.06129807692307692 0.07451923076923077
0 0.9170673076923077 0.6213942307692307 0.08173076923076923 0.06490384615384616
0 0.44591346153846156 0.19591346153846154 0.0985576923076923 0.11899038461538461
0 0.13822115384615385 0.21153846153846154 0.040865384615384616 0.038461538461538464
0 0.6959134615384616 0.19951923076923078 0.07211538461538461 0.0625
0 0.41466346153846156 0.4651442307692308 0.06490384615384616 0.07692307692307693
0 0.9098557692307693 0.75 0.0673076923076923 0.06971153846153846
0 0.28125 0.8088942307692307 0.046875 0.056490384615384616
0 0.9086538461538461 0.0829326923076923 0.06490384615384616 0.06490384615384616
0 0.7560096153846154 0.33413461538461536 0.09134615384615384 0.09975961538461539
0 0.3389423076923077 0.6514423076923077 0.0889423076923077 0.07572115384615384
0 0.8858173076923077 0.4362980769230769 0.07451923076923077 0.09014423076923077
0 0.3016826923076923 0.04927884615384615 0.0673076923076923 0.08413461538461539
0 0.040865384615384616 0.6129807692307693 0.08173076923076923 0.07451923076923077
0 0.265625 0.7451923076923077 0.08653846153846154 0.0829326923076923
0 0.4266826923076923 0.8786057692307693 0.03365384615384615 0.046875
0 0.4519230769230769 0.6009615384615384 0.0733173076923077 0.07451923076923077
0 0.9699519230769231 0.5228365384615384 0.057692307692307696 0.0829326923076923
0 0.42788461538461536 0.06610576923076923 0.06971153846153846 0.06009615384615385
0 0.8509615384615384 0.2704326923076923 0.06850961538461539 0.07091346153846154
0 0.7788461538461539 0.7944711538461539 0.06850961538461539 0.06009615384615385
0 0.19831730769230768 0.042067307692307696 0.06490384615384616 0.06490384615384616
0 0.3389423076923077 0.14182692307692307 0.06971153846153846 0.07692307692307693
0 0.5733173076923077 0.43990384615384615 0.042067307692307696 0.038461538461538464
0 0.375 0.2620192307692308 0.0733173076923077 0.06850961538461539
0 0.6959134615384616 0.7367788461538461 0.08052884615384616 0.056490384615384616
0 0.26802884615384615 0.53125 0.09134615384615384 0.07091346153846154
0 0.8990384615384616 0.5576923076923077 0.08653846153846154 0.07091346153846154
0 0.036057692307692304 0.9423076923076923 0.07091346153846154 0.11298076923076923
0 0.5264423076923077 0.36658653846153844 0.08052884615384616 0.07451923076923077
0 0.4579326923076923 0.796875 0.06009615384615385 0.056490384615384616
0 0.84375 0.20552884615384615 0.0673076923076923 0.09735576923076923
0 0.8413461538461539 0.37740384615384615 0.09134615384615384 0.09014423076923077
0 0.796875 0.46153846153846156 0.04447115384615385 0.04927884615384615
0 0.7427884615384616 0.5793269230769231 0.056490384615384616 0.07211538461538461
0 0.7151442307692307 0.7944711538461539 0.06971153846153846 0.08413461538461539
0 0.2536057692307692 0.16706730769230768 0.06971153846153846 0.08653846153846154
0 0.11177884615384616 0.056490384615384616 0.06971153846153846 0.11298076923076923
0 0.5600961538461539 0.4110576923076923 0.04447115384615385 0.038461538461538464
0 0.5576923076923077 0.039663461538461536 0.054086538461538464 0.07572115384615384
0 0.6658653846153846 0.796875 0.051682692307692304 0.09495192307692307
0 0.8341346153846154 0.7475961538461539 0.0829326923076923 0.07211538461538461
0 0.5600961538461539 0.203125 0.07932692307692307 0.07091346153846154
0 0.3125 0.3125 0.0889423076923077 0.06850961538461539
0 0.8064903846153846 0.07692307692307693 0.0625 0.06971153846153846
0 0.21754807692307693 0.9579326923076923 0.08052884615384616 0.08173076923076923
0 0.5444711538461539 0.4579326923076923 0.07451923076923077 0.07692307692307693
0 0.5360576923076923 0.9086538461538461 0.07211538461538461 0.09254807692307693