0 0.016826923076923076 0.021634615384615384 0.03365384615384615 0.04326923076923077
0 0.27403846153846156 0.021634615384615384 0.08052884615384616 0.04326923076923077
0 0.2956730769230769 0.0985576923076923 0.040865384615384616 0.03125
0 0.4639423076923077 0.07091346153846154 0.08774038461538461 0.06490384615384616
0 0.1971153846153846 0.054086538461538464 0.04567307692307692 0.04927884615384615
0 0.07572115384615384 0.21875 0.04927884615384615 0.078125
0 0.15144230769230768 0.28365384615384615 0.04927884615384615 0.0625
0 0.22596153846153846 0.375 0.038461538461538464 0.039663461538461536
0 0.25961538461538464 0.31009615384615385 0.06129807692307692 0.06971153846153846
0 0.07932692307692307 0.42908653846153844 0.054086538461538464 0.06490384615384616
0 0.018028846153846152 0.4855769230769231 0.03485576923076923 0.016826923076923076
0 0.1141826923076923 0.49038461538461536 0.08653846153846154 0.057692307692307696
0 0.16466346153846154 0.515625 0.055288461538461536 0.054086538461538464
0 0.22235576923076922 0.6141826923076923 0.06971153846153846 0.04927884615384615
0 0.042067307692307696 0.6213942307692307 0.06370192307692307 0.0625
0 0.16105769230769232 0.6634615384615384 0.06610576923076923 0.040865384615384616
0 0.31850961538461536 0.6454326923076923 0.051682692307692304 0.057692307692307696
0 0.390625 0.671875 0.04447115384615385 0.057692307692307696
0 0.45552884615384615 0.5889423076923077 0.056490384615384616 0.07091346153846154
0 0.12259615384615384 0.6045673076923077 0.05048076923076923 0.051682692307692304
0 0.12259615384615384 0.78125 0.03365384615384615 0.04567307692307692
0 0.16466346153846154 0.8653846153846154 0.03485576923076923 0.04807692307692308
0 0.16346153846153846 0.8137019230769231 0.051682692307692304 0.042067307692307696
0 0.10216346153846154 0.7836538461538461 0.008413461538461538 0.02403846153846154
0 0.01201923076923077 0.9723557692307693 0.02403846153846154 0.05048076923076923
0 0.32572115384615385 0.9326923076923077 0.052884615384615384 0.04567307692307692
0 0.44471153846153844 0.9002403846153846 0.04326923076923077 0.03485576923076923
0 0.47115384615384615 0.9639423076923077 0.052884615384615384 0.04326923076923077
0 0.8257211538461539 0.9819711538461539 0.07451923076923077 0.03365384615384615
0 0.71875 0.7992788461538461 0.06850961538461539 0.038461538461538464
0 0.9603365384615384 0.7271634615384616 0.042067307692307696 0.037259615384615384
0 0.9855769230769231 0.7487980769230769 0.026442307692307692 0.03485576923076923
0 0.6923076923076923 0.6947115384615384 0.03125 0.036057692307692304
0 0.84375 0.6887019230769231 0.04807692307692308 0.051682692307692304
0 0.5552884615384616 0.6550480769230769 0.057692307692307696 0.08173076923076923
0 0.6069711538461539 0.6033653846153846 0.046875 0.04927884615384615
0 0.9098557692307693 0.6141826923076923 0.057692307692307696 0.04807692307692308
0 0.7475961538461539 0.5096153846153846 0.04927884615384615 0.039663461538461536
0 0.6670673076923077 0.4483173076923077 0.051682692307692304 0.04447115384615385
0 0.6274038461538461 0.4254807692307692 0.040865384615384616 0.046875
0 0.640625 0.5144230769230769 0.03245192307692308 0.055288461538461536
0 0.5865384615384616 0.4963942307692308 0.04927884615384615 0.09615384615384616
0 0.40384615384615385 0.41947115384615385 0.055288461538461536 0.055288461538461536
0 0.8798076923076923 0.421875 0.06850961538461539 0.04567307692307692
0 0.9735576923076923 0.41346153846153844 0.040865384615384616 0.030048076923076924
0 0.9915865384615384 0.3016826923076923 0.014423076923076924 0.039663461538461536
0 0.7451923076923077 0.3329326923076923 0.06490384615384616 0.06850961538461539
0 0.7728365384615384 0.2980769230769231 0.056490384615384616 0.03245192307692308
0 0.5180288461538461 0.35336538461538464 0.037259615384615384 0.03485576923076923
0 0.7560096153846154 0.453125 0.04927884615384615 0.07091346153846154
0 0.703125 0.055288461538461536 0.014423076923076924 0.040865384615384616
0 0.6610576923076923 0.12259615384615384 0.04807692307692308 0.10697115384615384
0 0.7596153846153846 0.014423076923076924 0.042067307692307696 0.028846153846153848
0 0.8858173076923077 0.03125 0.038461538461538464 0.06129807692307692
0 0.8305288461538461 0.09735576923076923 0.06009615384615385 0.04927884615384615
0 0.4795673076923077 0.9903846153846154 0.04927884615384615 0.016826923076923076