0 0.4579326923076923 0.17908653846153846 0.10096153846153846 0.19230769230769232
0 0.6105769230769231 0.13341346153846154 0.08052884615384616 0.03365384615384615
0 0.6995192307692307 0.1346153846153846 0.042067307692307696 0.055288461538461536
0 0.20192307692307693 0.051682692307692304 0.04567307692307692 0.10096153846153846
0 0.20552884615384615 0.17548076923076922 0.05889423076923077 0.10096153846153846
0 0.3918269230769231 0.3389423076923077 0.09014423076923077 0.028846153846153848
0 0.1201923076923077 0.40384615384615385 0.08533653846153846 0.046875
0 0.27524038461538464 0.47836538461538464 0.028846153846153848 0.02283653846153846
0 0.3173076923076923 0.65625 0.09735576923076923 0.06490384615384616
0 0.9158653846153846 0.4951923076923077 0.06009615384615385 0.054086538461538464
0 0.9711538461538461 0.7451923076923077 0.055288461538461536 0.0985576923076923
0 0.03245192307692308 0.6382211538461539 0.06490384615384616 0.11177884615384616
0 0.03245192307692308 0.7632211538461539 0.0625 0.04927884615384615
0 0.1814903846153846 0.9507211538461539 0.055288461538461536 0.037259615384615384
0 0.30528846153846156 0.9194711538461539 0.03245192307692308 0.055288461538461536
0 0.28125 0.20432692307692307 0.02403846153846154 0.03365384615384615
0 0.26802884615384615 0.036057692307692304 0.039663461538461536 0.07091346153846154
0 0.9555288461538461 0.5216346153846154 0.03365384615384615 0.03245192307692308
0 0.9266826923076923 0.6189903846153846 0.042067307692307696 0.057692307692307696
0 0.8233173076923077 0.9146634615384616 0.042067307692307696 0.07211538461538461
0 0.8701923076923077 0.9026442307692307 0.03245192307692308 0.0889423076923077
0 0.4519230769230769 0.4338942307692308 0.026442307692307692 0.020432692307692308
0 0.3245192307692308 0.47475961538461536 0.028846153846153848 0.030048076923076924
0 0.40625 0.6670673076923077 0.06490384615384616 0.06370192307692307
0 0.3641826923076923 0.9555288461538461 0.03485576923076923 0.04447115384615385
0 0.9831730769230769 0.4723557692307692 0.03125 0.038461538461538464
0 0.9711538461538461 0.2644230769230769 0.052884615384615384 0.027644230769230768
0 0.96875 0.17668269230769232 0.02403846153846154 0.019230769230769232
0 0.9903846153846154 0.17548076923076922 0.016826923076923076 0.036057692307692304
0 0.6887019230769231 0.3401442307692308 0.046875 0.028846153846153848
0 0.7271634615384616 0.328125 0.020432692307692308 0.018028846153846152
0 0.9627403846153846 0.14302884615384615 0.03365384615384615 0.026442307692307692
0 0.5024038461538461 0.39783653846153844 0.02403846153846154 0.03485576923076923
0 0.4567307692307692 0.3016826923076923 0.028846153846153848 0.020432692307692308
0 0.19831730769230768 0.4014423076923077 0.05889423076923077 0.028846153846153848
0 0.13581730769230768 0.27884615384615385 0.026442307692307692 0.03365384615384615
0 0.09975961538461539 0.27884615384615385 0.036057692307692304 0.025240384615384616
0 0.47596153846153844 0.42427884615384615 0.028846153846153848 0.027644230769230768
0 0.9002403846153846 0.5649038461538461 0.026442307692307692 0.025240384615384616
0 0.9206730769230769 0.5600961538461539 0.015625 0.010817307692307692
0 0.5348557692307693 0.8389423076923077 0.04927884615384615 0.038461538461538464