0 0.9783653846153846 0.23197115384615385 0.03485576923076923 0.12379807692307693
0 0.71875 0.15745192307692307 0.0733173076923077 0.10576923076923077
0 0.8028846153846154 0.22115384615384615 0.08653846153846154 0.13701923076923078
0 0.9014423076923077 0.10576923076923077 0.07692307692307693 0.14302884615384615
0 0.8137019230769231 0.6177884615384616 0.08774038461538461 0.08052884615384616
0 0.8076923076923077 0.5 0.06610576923076923 0.04807692307692308
0 0.7944711538461539 0.0673076923076923 0.06971153846153846 0.0673076923076923
0 0.7451923076923077 0.5769230769230769 0.07091346153846154 0.06009615384615385
0 0.8233173076923077 0.7415865384615384 0.11057692307692307 0.1141826923076923
0 0.5336538461538461 0.7163461538461539 0.09735576923076923 0.06490384615384616
0 0.9302884615384616 0.9759615384615384 0.055288461538461536 0.04326923076923077
0 0.036057692307692304 0.9639423076923077 0.07211538461538461 0.038461538461538464
0 0.027644230769230768 0.12379807692307693 0.055288461538461536 0.18028846153846154
0 0.7427884615384616 0.49759615384615385 0.11538461538461539 0.140625
0 0.042067307692307696 0.9795673076923077 0.08413461538461539 0.039663461538461536
0 0.8798076923076923 0.984375 0.055288461538461536 0.030048076923076924
0 0.7007211538461539 0.4807692307692308 0.08653846153846154 0.12259615384615384
0 0.8954326923076923 0.5420673076923077 0.06490384615384616 0.057692307692307696