0 0.23197115384615385 0.2800480769230769 0.042067307692307696 0.07572115384615384
0 0.3485576923076923 0.28365384615384615 0.055288461538461536 0.06850961538461539
0 0.5384615384615384 0.3449519230769231 0.055288461538461536 0.038461538461538464
0 0.6466346153846154 0.37259615384615385 0.10697115384615384 0.04326923076923077
0 0.5372596153846154 0.4423076923076923 0.06971153846153846 0.037259615384615384
0 0.5012019230769231 0.49278846153846156 0.057692307692307696 0.055288461538461536
0 0.5552884615384616 0.5120192307692307 0.06009615384615385 0.039663461538461536
0 0.6394230769230769 0.4326923076923077 0.10576923076923077 0.04326923076923077
0 0.6117788461538461 0.46153846153846156 0.06971153846153846 0.027644230769230768
0 0.8473557692307693 0.013221153846153846 0.05048076923076923 0.025240384615384616
0 0.9483173076923077 0.04927884615384615 0.08653846153846154 0.04326923076923077
0 0.9471153846153846 0.09735576923076923 0.09975961538461539 0.051682692307692304
0 0.7956730769230769 0.09615384615384616 0.08052884615384616 0.05889423076923077
0 0.8076923076923077 0.04447115384615385 0.08052884615384616 0.040865384615384616
0 0.7211538461538461 0.17307692307692307 0.15384615384615385 0.06490384615384616
0 0.8004807692307693 0.38822115384615385 0.13822115384615385 0.08173076923076923
0 0.9326923076923077 0.4483173076923077 0.13221153846153846 0.06490384615384616
0 0.9663461538461539 0.28846153846153844 0.06490384615384616 0.06009615384615385
0 0.0889423076923077 0.48677884615384615 0.06009615384615385 0.10817307692307693
0 0.16466346153846154 0.5144230769230769 0.055288461538461536 0.09134615384615384
0 0.19471153846153846 0.6274038461538461 0.078125 0.109375
0 0.20432692307692307 0.5985576923076923 0.054086538461538464 0.0829326923076923
0 0.2764423076923077 0.6850961538461539 0.06971153846153846 0.11177884615384616
0 0.23317307692307693 0.7548076923076923 0.051682692307692304 0.10697115384615384
0 0.23197115384615385 0.8605769230769231 0.04326923076923077 0.08774038461538461
0 0.6310096153846154 0.7752403846153846 0.18389423076923078 0.12620192307692307
0 0.7007211538461539 0.8713942307692307 0.1658653846153846 0.15264423076923078
0 0.6947115384615384 0.9579326923076923 0.1201923076923077 0.06610576923076923
0 0.5552884615384616 0.7920673076923077 0.040865384615384616 0.20432692307692307
0 0.6634615384615384 0.6658653846153846 0.11177884615384616 0.0985576923076923
0 0.8004807692307693 0.7163461538461539 0.09134615384615384 0.21394230769230768
0 0.6586538461538461 0.33052884615384615 0.12980769230769232 0.04326923076923077
0 0.953125 0.640625 0.09254807692307693 0.04567307692307692
0 0.8161057692307693 0.6117788461538461 0.12860576923076922 0.037259615384615384
0 0.11899038461538461 0.7740384615384616 0.038461538461538464 0.07451923076923077
0 0.042067307692307696 0.8822115384615384 0.039663461538461536 0.1045673076923077
0 0.9182692307692307 0.7572115384615384 0.056490384615384616 0.038461538461538464
0 0.9471153846153846 0.875 0.0625 0.038461538461538464
0 0.9290865384615384 0.890625 0.04447115384615385 0.042067307692307696
0 0.9555288461538461 0.9266826923076923 0.055288461538461536 0.036057692307692304
0 0.9675480769230769 0.8485576923076923 0.06370192307692307 0.037259615384615384
0 0.3786057692307692 0.8341346153846154 0.13341346153846154 0.12259615384615384
0 0.39663461538461536 0.8990384615384616 0.08173076923076923 0.0829326923076923
0 0.3557692307692308 0.8990384615384616 0.0829326923076923 0.11057692307692307
0 0.018028846153846152 0.12980769230769232 0.036057692307692304 0.06009615384615385
0 0.03245192307692308 0.055288461538461536 0.04326923076923077 0.039663461538461536
0 0.8509615384615384 0.19110576923076922 0.11177884615384616 0.06610576923076923
0 0.6875 0.578125 0.046875 0.0829326923076923
0 0.8197115384615384 0.7439903846153846 0.15865384615384615 0.20793269230769232
0 0.828125 0.7776442307692307 0.16105769230769232 0.14783653846153846
0 0.5961538461538461 0.016826923076923076 0.052884615384615384 0.03365384615384615
0 0.6971153846153846 0.4375 0.04927884615384615 0.04807692307692308
0 0.5204326923076923 0.6237980769230769 0.038461538461538464 0.037259615384615384
0 0.2536057692307692 0.9759615384615384 0.040865384615384616 0.04326923076923077
0 0.19230769230769232 0.9591346153846154 0.04447115384615385 0.08052884615384616
0 0.09254807692307693 0.32211538461538464 0.056490384615384616 0.039663461538461536
0 0.16346153846153846 0.20072115384615385 0.05048076923076923 0.028846153846153848