0 0.0889423076923077 0.5913461538461539 0.09254807692307693 0.10697115384615384
0 0.7283653846153846 0.578125 0.19230769230769232 0.125
0 0.953125 0.4963942307692308 0.09134615384615384 0.09375
0 0.23076923076923078 0.3329326923076923 0.12740384615384615 0.11538461538461539
0 0.25240384615384615 0.6009615384615384 0.14302884615384615 0.11057692307692307
0 0.14783653846153846 0.7584134615384616 0.11177884615384616 0.10216346153846154
0 0.7367788461538461 0.8257211538461539 0.125 0.06971153846153846
0 0.9615384615384616 0.3894230769230769 0.07572115384615384 0.09375
0 0.453125 0.06009615384615385 0.15985576923076922 0.10096153846153846
0 0.8317307692307693 0.019230769230769232 0.12980769230769232 0.038461538461538464
0 0.5348557692307693 0.10817307692307693 0.1502403846153846 0.10096153846153846
0 0.9399038461538461 0.1502403846153846 0.11899038461538461 0.17548076923076922
0 0.04567307692307692 0.47596153846153844 0.09134615384615384 0.10096153846153846
0 0.953125 0.6766826923076923 0.09134615384615384 0.10817307692307693
0 0.9399038461538461 0.90625 0.11538461538461539 0.11778846153846154