0 0.03125 0.9266826923076923 0.06129807692307692 0.14302884615384615
0 0.19591346153846154 0.6129807692307693 0.06971153846153846 0.07211538461538461
0 0.5444711538461539 0.21634615384615385 0.13341346153846154 0.1310096153846154
0 0.9411057692307693 0.7307692307692307 0.11057692307692307 0.06850961538461539
0 0.3894230769230769 0.7427884615384616 0.07451923076923077 0.1045673076923077
0 0.19951923076923078 0.21514423076923078 0.14302884615384615 0.08413461538461539
0 0.8725961538461539 0.3269230769230769 0.24278846153846154 0.11538461538461539
0 0.4074519230769231 0.5204326923076923 0.08413461538461539 0.20552884615384615
0 0.03365384615384615 0.18389423076923078 0.0673076923076923 0.06129807692307692
0 0.025240384615384616 0.09014423076923077 0.05048076923076923 0.13822115384615385
0 0.31971153846153844 0.4891826923076923 0.09495192307692307 0.16466346153846154
0 0.4951923076923077 0.6634615384615384 0.12620192307692307 0.12379807692307693
0 0.984375 0.7752403846153846 0.028846153846153848 0.09495192307692307
0 0.9699519230769231 0.5 0.05889423076923077 0.0733173076923077
0 0.5901442307692307 0.6935096153846154 0.08173076923076923 0.08413461538461539
0 0.8774038461538461 0.44350961538461536 0.12139423076923077 0.10096153846153846
0 0.2764423076923077 0.09975961538461539 0.0829326923076923 0.16346153846153846
0 0.4230769230769231 0.3641826923076923 0.14302884615384615 0.1466346153846154
0 0.7704326923076923 0.6766826923076923 0.15144230769230768 0.08533653846153846
0 0.17427884615384615 0.7992788461538461 0.06850961538461539 0.07091346153846154
0 0.09134615384615384 0.7007211538461539 0.08653846153846154 0.07572115384615384
0 0.5132211538461539 0.8377403846153846 0.125 0.12259615384615384
0 0.7355769230769231 0.078125 0.13341346153846154 0.11057692307692307