0 0.9891826923076923 0.7644230769230769 0.010817307692307692 0.040865384615384616
0 0.9338942307692307 0.9639423076923077 0.036057692307692304 0.018028846153846152
0 0.7043269230769231 0.9014423076923077 0.08653846153846154 0.03485576923076923
0 0.7475961538461539 0.8725961538461539 0.04326923076923077 0.07451923076923077
0 0.5420673076923077 0.9375 0.030048076923076924 0.08533653846153846
0 0.4362980769230769 0.8269230769230769 0.04927884615384615 0.03365384615384615
0 0.6514423076923077 0.8329326923076923 0.02403846153846154 0.027644230769230768
0 0.6346153846153846 0.75 0.055288461538461536 0.04927884615384615
0 0.6526442307692307 0.6971153846153846 0.03245192307692308 0.04807692307692308
0 0.7632211538461539 0.6850961538461539 0.028846153846153848 0.019230769230769232
0 0.17427884615384615 0.8197115384615384 0.04447115384615385 0.10576923076923077
0 0.125 0.8473557692307693 0.04567307692307692 0.04447115384615385
0 0.14903846153846154 0.9254807692307693 0.07932692307692307 0.11057692307692307
0 0.9867788461538461 0.6682692307692307 0.014423076923076924 0.02283653846153846
0 0.921875 0.5673076923076923 0.028846153846153848 0.037259615384615384
0 0.8533653846153846 0.609375 0.026442307692307692 0.036057692307692304
0 0.8641826923076923 0.6586538461538461 0.02403846153846154 0.028846153846153848
0 0.7860576923076923 0.6177884615384616 0.07572115384615384 0.026442307692307692
0 0.7848557692307693 0.5853365384615384 0.06490384615384616 0.04567307692307692
0 0.46634615384615385 0.08173076923076923 0.03245192307692308 0.06971153846153846
0 0.4387019230769231 0.056490384615384616 0.02403846153846154 0.06009615384615385
0 0.2764423076923077 0.16466346153846154 0.07932692307692307 0.04567307692307692
0 0.07451923076923077 0.10216346153846154 0.051682692307692304 0.015625
0 0.06129807692307692 0.052884615384615384 0.04447115384615385 0.028846153846153848
0 0.13942307692307693 0.21394230769230768 0.03245192307692308 0.030048076923076924
0 0.22355769230769232 0.27524038461538464 0.028846153846153848 0.037259615384615384
0 0.26322115384615385 0.3112980769230769 0.06129807692307692 0.037259615384615384
0 0.39663461538461536 0.1935096153846154 0.028846153846153848 0.016826923076923076
0 0.84375 0.17067307692307693 0.03125 0.07091346153846154
0 0.8653846153846154 0.22956730769230768 0.04326923076923077 0.036057692307692304
0 0.7908653846153846 0.18028846153846154 0.028846153846153848 0.037259615384615384
0 0.7199519230769231 0.20793269230769232 0.02403846153846154 0.03365384615384615
0 0.6983173076923077 0.13341346153846154 0.015625 0.040865384615384616
0 0.6454326923076923 0.3088942307692308 0.039663461538461536 0.025240384615384616
0 0.6682692307692307 0.38341346153846156 0.04326923076923077 0.055288461538461536
0 0.8016826923076923 0.27403846153846156 0.030048076923076924 0.042067307692307696
0 0.8509615384615384 0.3173076923076923 0.02283653846153846 0.04326923076923077
0 0.9338942307692307 0.328125 0.06850961538461539 0.036057692307692304
0 0.35336538461538464 0.34615384615384615 0.03125 0.028846153846153848
0 0.8677884615384616 0.4098557692307692 0.027644230769230768 0.02403846153846154
0 0.10096153846153846 0.40384615384615385 0.03485576923076923 0.04927884615384615
0 0.0829326923076923 0.4699519230769231 0.04807692307692308 0.036057692307692304
0 0.06971153846153846 0.5144230769230769 0.030048076923076924 0.027644230769230768
0 0.359375 0.17067307692307693 0.027644230769230768 0.018028846153846152
0 0.9471153846153846 0.31850961538461536 0.04807692307692308 0.013221153846153846
0 0.9771634615384616 0.3701923076923077 0.028846153846153848 0.027644230769230768
0 0.37259615384615385 0.4567307692307692 0.021634615384615384 0.016826923076923076
0 0.5288461538461539 0.4891826923076923 0.02283653846153846 0.018028846153846152
0 0.5480769230769231 0.43028846153846156 0.01201923076923077 0.026442307692307692
0 0.8725961538461539 0.921875 0.02403846153846154 0.02403846153846154
0 0.5961538461538461 0.7920673076923077 0.028846153846153848 0.016826923076923076
0 0.21033653846153846 0.0985576923076923 0.019230769230769232 0.026442307692307692
0 0.7451923076923077 0.2860576923076923 0.028846153846153848 0.020432692307692308
0 0.6610576923076923 0.24879807692307693 0.013221153846153846 0.03125