0 0.6382211538461539 0.4807692307692308 0.11899038461538461 0.07572115384615384
0 0.31971153846153844 0.09975961538461539 0.06850961538461539 0.055288461538461536
0 0.9483173076923077 0.7403846153846154 0.07932692307692307 0.054086538461538464
0 0.44711538461538464 0.7980769230769231 0.12259615384615384 0.11177884615384616
0 0.07692307692307693 0.9399038461538461 0.09615384615384616 0.08653846153846154
0 0.15745192307692307 0.9399038461538461 0.08653846153846154 0.09375
0 0.06850961538461539 0.8846153846153846 0.05889423076923077 0.046875
0 0.9230769230769231 0.13701923076923078 0.125 0.10576923076923077
0 0.1875 0.14543269230769232 0.0829326923076923 0.13822115384615385
0 0.16346153846153846 0.6021634615384616 0.1935096153846154 0.14302884615384615
0 0.040865384615384616 0.515625 0.08173076923076923 0.11177884615384616
0 0.10697115384615384 0.28125 0.10096153846153846 0.1201923076923077
0 0.33653846153846156 0.31490384615384615 0.12259615384615384 0.12740384615384615
0 0.5625 0.6574519230769231 0.13701923076923078 0.056490384615384616
0 0.5288461538461539 0.5733173076923077 0.08173076923076923 0.14783653846153846
0 0.051682692307692304 0.21033653846153846 0.10216346153846154 0.09615384615384616
0 0.5144230769230769 0.04326923076923077 0.10697115384615384 0.08653846153846154
0 0.6358173076923077 0.5360576923076923 0.12379807692307693 0.07932692307692307
0 0.5649038461538461 0.8689903846153846 0.15625 0.11658653846153846
0 0.8100961538461539 0.9507211538461539 0.1875 0.08774038461538461
0 0.7271634615384616 0.6442307692307693 0.1201923076923077 0.0673076923076923
0 0.2956730769230769 0.8786057692307693 0.08052884615384616 0.12259615384615384
0 0.2980769230769231 0.7680288461538461 0.04807692307692308 0.07932692307692307
0 0.45913461538461536 0.9663461538461539 0.1310096153846154 0.06610576923076923
0 0.484375 0.36177884615384615 0.10576923076923077 0.17548076923076922
0 0.9735576923076923 0.4891826923076923 0.04927884615384615 0.057692307692307696