0 0.5036057692307693 0.6177884615384616 0.08533653846153846 0.171875
0 0.39302884615384615 0.6069711538461539 0.06009615384615385 0.15745192307692307
0 0.3329326923076923 0.43028846153846156 0.13822115384615385 0.1310096153846154
0 0.39903846153846156 0.33052884615384615 0.08173076923076923 0.08173076923076923
0 0.30528846153846156 0.3016826923076923 0.037259615384615384 0.06610576923076923
0 0.20192307692307693 0.03245192307692308 0.04927884615384615 0.06490384615384616
0 0.5444711538461539 0.15144230769230768 0.06370192307692307 0.10576923076923077
0 0.6454326923076923 0.19591346153846154 0.06009615384615385 0.08052884615384616
0 0.7175480769230769 0.12620192307692307 0.046875 0.06490384615384616
0 0.8100961538461539 0.31971153846153844 0.04326923076923077 0.057692307692307696
0 0.84375 0.6225961538461539 0.06009615384615385 0.08173076923076923
0 0.8978365384615384 0.6165865384615384 0.04447115384615385 0.10096153846153846
0 0.9254807692307693 0.6586538461538461 0.04807692307692308 0.09615384615384616
0 0.8425480769230769 0.5552884615384616 0.037259615384615384 0.04567307692307692
0 0.5949519230769231 0.8581730769230769 0.040865384615384616 0.09975961538461539
0 0.6394230769230769 0.8882211538461539 0.042067307692307696 0.0985576923076923
0 0.4050480769230769 0.890625 0.04326923076923077 0.11778846153846154
0 0.9483173076923077 0.8786057692307693 0.09134615384615384 0.0889423076923077
0 0.8125 0.9639423076923077 0.06610576923076923 0.06370192307692307
0 0.5913461538461539 0.9795673076923077 0.037259615384615384 0.028846153846153848
0 0.5048076923076923 0.9399038461538461 0.04567307692307692 0.03365384615384615
0 0.09735576923076923 0.8545673076923077 0.04447115384615385 0.1622596153846154
0 0.015625 0.7620192307692307 0.026442307692307692 0.12740384615384615
0 0.7584134615384616 0.9639423076923077 0.040865384615384616 0.0673076923076923
0 0.6923076923076923 0.4266826923076923 0.051682692307692304 0.0673076923076923
0 0.6069711538461539 0.04567307692307692 0.08413461538461539 0.09134615384615384
0 0.7560096153846154 0.03485576923076923 0.028846153846153848 0.052884615384615384
0 0.9555288461538461 0.4675480769230769 0.078125 0.10697115384615384
0 0.9519230769230769 0.39903846153846156 0.06009615384615385 0.08173076923076923
0 0.9855769230769231 0.37740384615384615 0.027644230769230768 0.09975961538461539
0 0.9867788461538461 0.1875 0.025240384615384616 0.06490384615384616
0 0.09014423076923077 0.5204326923076923 0.05048076923076923 0.026442307692307692
0 0.35697115384615385 0.1935096153846154 0.04326923076923077 0.030048076923076924
0 0.028846153846153848 0.9711538461538461 0.04927884615384615 0.052884615384615384
0 0.9579326923076923 0.2620192307692308 0.057692307692307696 0.030048076923076924
0 0.5973557692307693 0.5444711538461539 0.03245192307692308 0.037259615384615384
0 0.7235576923076923 0.07572115384615384 0.10817307692307693 0.03485576923076923
0 0.8233173076923077 0.019230769230769232 0.06490384615384616 0.038461538461538464
0 0.8689903846153846 0.016826923076923076 0.052884615384615384 0.03365384615384615
0 0.5228365384615384 0.014423076923076924 0.038461538461538464 0.028846153846153848
0 0.46274038461538464 0.013221153846153846 0.038461538461538464 0.026442307692307692
0 0.39302884615384615 0.02283653846153846 0.028846153846153848 0.04567307692307692
0 0.1814903846153846 0.9831730769230769 0.03365384615384615 0.03125
0 0.8197115384615384 0.9471153846153846 0.056490384615384616 0.051682692307692304
0 0.8173076923076923 0.6177884615384616 0.030048076923076924 0.06971153846153846
0 0.9579326923076923 0.17427884615384615 0.03245192307692308 0.052884615384615384
0 0.9098557692307693 0.7427884615384616 0.0673076923076923 0.08653846153846154