0 0.02283653846153846 0.14783653846153846 0.036057692307692304 0.03365384615384615
0 0.19471153846153846 0.26322115384615385 0.038461538461538464 0.05048076923076923
0 0.07451923076923077 0.43149038461538464 0.03365384615384615 0.036057692307692304
0 0.140625 0.4387019230769231 0.028846153846153848 0.028846153846153848
0 0.4338942307692308 0.2536057692307692 0.028846153846153848 0.040865384615384616
0 0.39783653846153844 0.28125 0.06370192307692307 0.06129807692307692
0 0.17427884615384615 0.3545673076923077 0.02403846153846154 0.036057692307692304
0 0.28725961538461536 0.5673076923076923 0.04807692307692308 0.09134615384615384
0 0.9242788461538461 0.28125 0.052884615384615384 0.05048076923076923
0 0.8161057692307693 0.2692307692307692 0.04807692307692308 0.05048076923076923
0 0.7704326923076923 0.29927884615384615 0.03365384615384615 0.03125
0 0.9447115384615384 0.41947115384615385 0.04807692307692308 0.10096153846153846
0 0.8461538461538461 0.49759615384615385 0.07451923076923077 0.039663461538461536
0 0.421875 0.06850961538461539 0.038461538461538464 0.03365384615384615
0 0.6586538461538461 0.31009615384615385 0.11899038461538461 0.06009615384615385
0 0.41225961538461536 0.6730769230769231 0.08653846153846154 0.20793269230769232
0 0.4579326923076923 0.5012019230769231 0.10096153846153846 0.15144230769230768
0 0.5576923076923077 0.4375 0.06490384615384616 0.13341346153846154
0 0.4807692307692308 0.6971153846153846 0.026442307692307692 0.04927884615384615
0 0.027644230769230768 0.9074519230769231 0.037259615384615384 0.055288461538461536
0 0.09735576923076923 0.9507211538461539 0.03365384615384615 0.08653846153846154
0 0.06490384615384616 0.9471153846153846 0.05889423076923077 0.1045673076923077
0 0.6790865384615384 0.9651442307692307 0.06009615384615385 0.06490384615384616
0 0.796875 0.9855769230769231 0.038461538461538464 0.027644230769230768
0 0.9122596153846154 0.75 0.07692307692307693 0.03365384615384615
0 0.5528846153846154 0.16947115384615385 0.039663461538461536 0.03485576923076923
0 0.9194711538461539 0.11778846153846154 0.03485576923076923 0.06370192307692307
0 0.9963942307692307 0.2247596153846154 0.004807692307692308 0.027644230769230768
0 0.1875 0.9867788461538461 0.036057692307692304 0.02403846153846154
0 0.6911057692307693 0.36658653846153844 0.040865384615384616 0.04927884615384615
0 0.7427884615384616 0.7884615384615384 0.046875 0.036057692307692304
0 0.5841346153846154 0.010817307692307692 0.04447115384615385 0.021634615384615384
0 0.5 0.5180288461538461 0.06370192307692307 0.11538461538461539
0 0.7007211538461539 0.9002403846153846 0.04927884615384615 0.05048076923076923
0 0.7536057692307693 0.125 0.038461538461538464 0.03365384615384615