0 0.4266826923076923 0.6322115384615384 0.0733173076923077 0.10096153846153846
0 0.7439903846153846 0.8641826923076923 0.10096153846153846 0.0733173076923077
0 0.3088942307692308 0.1814903846153846 0.11298076923076923 0.07091346153846154
0 0.5673076923076923 0.25841346153846156 0.18269230769230768 0.1141826923076923
0 0.6634615384615384 0.06610576923076923 0.11177884615384616 0.10336538461538461
0 0.140625 0.7055288461538461 0.07572115384615384 0.078125
0 0.5889423076923077 0.5264423076923077 0.10096153846153846 0.17067307692307693
0 0.5733173076923077 0.03485576923076923 0.16105769230769232 0.06971153846153846
0 0.3389423076923077 0.5336538461538461 0.07091346153846154 0.11538461538461539
0 0.25961538461538464 0.41947115384615385 0.11658653846153846 0.11298076923076923
0 0.7884615384615384 0.5913461538461539 0.078125 0.23798076923076922
0 0.9507211538461539 0.71875 0.09615384615384616 0.16105769230769232
0 0.12620192307692307 0.9567307692307693 0.10817307692307693 0.07572115384615384
0 0.025240384615384616 0.5901442307692307 0.04927884615384615 0.24278846153846154
0 0.3076923076923077 0.7980769230769231 0.09254807692307693 0.07932692307692307
0 0.9014423076923077 0.5108173076923077 0.09134615384615384 0.1141826923076923
0 0.04567307692307692 0.9627403846153846 0.09134615384615384 0.0673076923076923
0 0.4483173076923077 0.7427884615384616 0.04927884615384615 0.1141826923076923
0 0.203125 0.34615384615384615 0.19471153846153846 0.09615384615384616
0 0.390625 0.49158653846153844 0.12860576923076922 0.1201923076923077
0 0.06009615384615385 0.34134615384615385 0.10697115384615384 0.08173076923076923
0 0.7199519230769231 0.8137019230769231 0.0733173076923077 0.0673076923076923
0 0.5733173076923077 0.8245192307692307 0.12139423076923077 0.06971153846153846
0 0.042067307692307696 0.13701923076923078 0.08413461538461539 0.07091346153846154
0 0.7908653846153846 0.7824519230769231 0.078125 0.10697115384615384
0 0.23197115384615385 0.24759615384615385 0.13822115384615385 0.10096153846153846
0 0.5552884615384616 0.38221153846153844 0.09615384615384616 0.09735576923076923
0 0.09014423076923077 0.6322115384615384 0.0733173076923077 0.09735576923076923
0 0.9483173076923077 0.5576923076923077 0.10096153846153846 0.18509615384615385
0 0.2764423076923077 0.9555288461538461 0.0673076923076923 0.08653846153846154
0 0.9194711538461539 0.09014423076923077 0.11538461538461539 0.18028846153846154
0 0.8725961538461539 0.36538461538461536 0.1045673076923077 0.13581730769230768