0 0.21634615384615385 0.23317307692307693 0.05048076923076923 0.08413461538461539
0 0.9759615384615384 0.26802884615384615 0.04447115384615385 0.15625
0 0.6694711538461539 0.9170673076923077 0.10336538461538461 0.054086538461538464
0 0.25721153846153844 0.7716346153846154 0.09014423076923077 0.07451923076923077
0 0.7608173076923077 0.7379807692307693 0.09615384615384616 0.10096153846153846
0 0.2956730769230769 0.453125 0.052884615384615384 0.08052884615384616
0 0.9771634615384616 0.9002403846153846 0.04447115384615385 0.07572115384615384
0 0.31009615384615385 0.08653846153846154 0.05048076923076923 0.08774038461538461
0 0.37259615384615385 0.6394230769230769 0.06610576923076923 0.040865384615384616
0 0.328125 0.7740384615384616 0.04447115384615385 0.10096153846153846
0 0.24158653846153846 0.8774038461538461 0.08653846153846154 0.06129807692307692
0 0.5048076923076923 0.052884615384615384 0.078125 0.0625
0 0.7127403846153846 0.8798076923076923 0.07451923076923077 0.039663461538461536
0 0.16346153846153846 0.9867788461538461 0.054086538461538464 0.025240384615384616
0 0.09134615384615384 0.9567307692307693 0.09134615384615384 0.052884615384615384
0 0.23076923076923078 0.38221153846153844 0.07932692307692307 0.08774038461538461
0 0.8990384615384616 0.8882211538461539 0.06009615384615385 0.056490384615384616
0 0.04807692307692308 0.8040865384615384 0.08052884615384616 0.06971153846153846
0 0.057692307692307696 0.6947115384615384 0.08413461538461539 0.051682692307692304
0 0.7680288461538461 0.44350961538461536 0.037259615384615384 0.040865384615384616
0 0.25600961538461536 0.45552884615384615 0.051682692307692304 0.036057692307692304
0 0.38221153846153844 0.5372596153846154 0.11899038461538461 0.15264423076923078
0 0.796875 0.5240384615384616 0.07572115384615384 0.06129807692307692
0 0.3894230769230769 0.7103365384615384 0.1201923076923077 0.07211538461538461
0 0.9350961538461539 0.40024038461538464 0.09375 0.11778846153846154
0 0.5901442307692307 0.3269230769230769 0.07572115384615384 0.06971153846153846
0 0.35216346153846156 0.4567307692307692 0.0733173076923077 0.09254807692307693
0 0.9699519230769231 0.6538461538461539 0.057692307692307696 0.07572115384615384
0 0.6658653846153846 0.7259615384615384 0.10096153846153846 0.08774038461538461
0 0.5721153846153846 0.8088942307692307 0.10216346153846154 0.08413461538461539