0 0.8521634615384616 0.9423076923076923 0.036057692307692304 0.038461538461538464
0 0.9639423076923077 0.8257211538461539 0.06850961538461539 0.055288461538461536
0 0.796875 0.7824519230769231 0.03485576923076923 0.0625
0 0.9194711538461539 0.6790865384615384 0.04326923076923077 0.03365384615384615
0 0.8473557692307693 0.5985576923076923 0.042067307692307696 0.042067307692307696
0 0.9819711538461539 0.640625 0.03365384615384615 0.030048076923076924
0 0.9903846153846154 0.609375 0.018028846153846152 0.051682692307692304
0 0.9158653846153846 0.5757211538461539 0.04447115384615385 0.057692307692307696
0 0.8341346153846154 0.45913461538461536 0.057692307692307696 0.06370192307692307
0 0.9615384615384616 0.4170673076923077 0.05048076923076923 0.06129807692307692
0 0.7632211538461539 0.20793269230769232 0.02403846153846154 0.039663461538461536
0 0.9314903846153846 0.2548076923076923 0.04927884615384615 0.039663461538461536
0 0.9302884615384616 0.2127403846153846 0.04447115384615385 0.03365384615384615
0 0.96875 0.16105769230769232 0.037259615384615384 0.03485576923076923
0 0.8641826923076923 0.09615384615384616 0.04807692307692308 0.04567307692307692
0 0.9855769230769231 0.10817307692307693 0.026442307692307692 0.039663461538461536
0 0.9411057692307693 0.057692307692307696 0.03245192307692308 0.038461538461538464
0 0.8882211538461539 0.03365384615384615 0.04927884615384615 0.04807692307692308
0 0.5444711538461539 0.9567307692307693 0.040865384615384616 0.04326923076923077
0 0.49399038461538464 0.9495192307692307 0.030048076923076924 0.019230769230769232
0 0.26322115384615385 0.9507211538461539 0.07572115384615384 0.09735576923076923
0 0.03125 0.9663461538461539 0.04567307692307692 0.04326923076923077
0 0.3173076923076923 0.8293269230769231 0.06370192307692307 0.046875
0 0.18990384615384615 0.8257211538461539 0.10697115384615384 0.12740384615384615
0 0.3629807692307692 0.7451923076923077 0.04326923076923077 0.14182692307692307
0 0.5564903846153846 0.7319711538461539 0.037259615384615384 0.036057692307692304
0 0.44591346153846156 0.7295673076923077 0.038461538461538464 0.06490384615384616
0 0.5889423076923077 0.6658653846153846 0.06850961538461539 0.078125
0 0.44350961538461536 0.6802884615384616 0.04927884615384615 0.042067307692307696
0 0.359375 0.5552884615384616 0.1201923076923077 0.14182692307692307
0 0.5228365384615384 0.5564903846153846 0.07451923076923077 0.0625
0 0.4651442307692308 0.5096153846153846 0.06129807692307692 0.0985576923076923
0 0.4362980769230769 0.4891826923076923 0.06610576923076923 0.08653846153846154
0 0.5865384615384616 0.3870192307692308 0.06490384615384616 0.051682692307692304
0 0.02403846153846154 0.359375 0.03485576923076923 0.046875
0 0.23076923076923078 0.47596153846153844 0.030048076923076924 0.040865384615384616
0 0.359375 0.33653846153846156 0.12620192307692307 0.22115384615384615
0 0.016826923076923076 0.23918269230769232 0.03365384615384615 0.055288461538461536
0 0.5132211538461539 0.2764423076923077 0.06850961538461539 0.09134615384615384
0 0.40865384615384615 0.2127403846153846 0.07451923076923077 0.15625
0 0.04326923076923077 0.1045673076923077 0.055288461538461536 0.07572115384615384
0 0.4110576923076923 0.09615384615384616 0.025240384615384616 0.038461538461538464
0 0.2848557692307692 0.06490384615384616 0.06009615384615385 0.08653846153846154
0 0.13822115384615385 0.08653846153846154 0.13221153846153846 0.17067307692307693
0 0.31971153846153844 0.037259615384615384 0.06370192307692307 0.07211538461538461
0 0.03485576923076923 0.4831730769230769 0.06971153846153846 0.0625
0 0.10336538461538461 0.10576923076923077 0.040865384615384616 0.06971153846153846
0 0.15384615384615385 0.014423076923076924 0.055288461538461536 0.028846153846153848
0 0.38461538461538464 0.4026442307692308 0.06850961538461539 0.10096153846153846
0 0.3545673076923077 0.30288461538461536 0.1141826923076923 0.14903846153846154
0 0.42788461538461536 0.8978365384615384 0.03485576923076923 0.203125
0 0.45913461538461536 0.9134615384615384 0.036057692307692304 0.16706730769230768
0 0.39903846153846156 0.9074519230769231 0.03245192307692308 0.18269230769230768
0 0.9555288461538461 0.48677884615384615 0.06009615384615385 0.06610576923076923
0 0.4951923076923077 0.9915865384615384 0.04326923076923077 0.015625
0 0.40625 0.04567307692307692 0.03365384615384615 0.05048076923076923
0 0.875 0.9254807692307693 0.03365384615384615 0.025240384615384616
0 0.90625 0.9170673076923077 0.038461538461538464 0.03245192307692308
0 0.390625 0.24519230769230768 0.054086538461538464 0.1045673076923077
0 0.7692307692307693 0.8221153846153846 0.056490384615384616 0.0625
0 0.8389423076923077 0.038461538461538464 0.021634615384615384 0.026442307692307692
0 0.18990384615384615 0.3329326923076923 0.06971153846153846 0.06971153846153846
0 0.42427884615384615 0.7427884615384616 0.046875 0.10336538461538461
0 0.5 0.7524038461538461 0.055288461538461536 0.06971153846153846