0 0.13341346153846154 0.08173076923076923 0.17548076923076922 0.16346153846153846
0 0.3076923076923077 0.5853365384615384 0.11057692307692307 0.16947115384615385
0 0.2548076923076923 0.7367788461538461 0.11658653846153846 0.08052884615384616
0 0.43028846153846156 0.40024038461538464 0.1045673076923077 0.08413461538461539
0 0.2860576923076923 0.040865384615384616 0.15384615384615385 0.08173076923076923
0 0.9098557692307693 0.10096153846153846 0.0673076923076923 0.08052884615384616
0 0.6983173076923077 0.29447115384615385 0.0625 0.13581730769230768
0 0.8882211538461539 0.38221153846153844 0.10336538461538461 0.0889423076923077
0 0.6334134615384616 0.4807692307692308 0.15264423076923078 0.078125
0 0.5264423076923077 0.5769230769230769 0.14783653846153846 0.057692307692307696
0 0.6045673076923077 0.8990384615384616 0.12740384615384615 0.13581730769230768
0 0.9134615384615384 0.9182692307692307 0.14903846153846154 0.14423076923076922
0 0.32572115384615385 0.9771634615384616 0.040865384615384616 0.04447115384615385
0 0.4362980769230769 0.25961538461538464 0.056490384615384616 0.052884615384615384
0 0.46634615384615385 0.19951923076923078 0.13221153846153846 0.16346153846153846
0 0.16706730769230768 0.31009615384615385 0.10096153846153846 0.13221153846153846
0 0.18389423076923078 0.4266826923076923 0.08533653846153846 0.12740384615384615
0 0.12860576923076922 0.48197115384615385 0.19110576923076922 0.2091346153846154
0 0.6045673076923077 0.7944711538461539 0.23677884615384615 0.11538461538461539
0 0.7391826923076923 0.49278846153846156 0.09495192307692307 0.2668269230769231
0 0.9615384615384616 0.5264423076923077 0.06850961538461539 0.046875
0 0.8197115384615384 0.15384615384615385 0.06490384615384616 0.08413461538461539
0 0.9867788461538461 0.140625 0.02403846153846154 0.03245192307692308
0 0.984375 0.19951923076923078 0.028846153846153848 0.07211538461538461
0 0.6189903846153846 0.042067307692307696 0.055288461538461536 0.0733173076923077
0 0.056490384615384616 0.2512019230769231 0.0829326923076923 0.11778846153846154
0 0.42908653846153844 0.6574519230769231 0.125 0.2247596153846154