0 0.3605769230769231 0.21754807692307693 0.038461538461538464 0.039663461538461536
0 0.7079326923076923 0.16947115384615385 0.04567307692307692 0.046875
0 0.30649038461538464 0.4879807692307692 0.037259615384615384 0.025240384615384616
0 0.48677884615384615 0.4951923076923077 0.037259615384615384 0.027644230769230768
0 0.34975961538461536 0.734375 0.03245192307692308 0.026442307692307692
0 0.421875 0.8954326923076923 0.038461538461538464 0.020432692307692308
0 0.26322115384615385 0.8293269230769231 0.07572115384615384 0.04447115384615385
0 0.12620192307692307 0.5492788461538461 0.051682692307692304 0.03125
0 0.17307692307692307 0.8185096153846154 0.04927884615384615 0.04447115384615385
0 0.0625 0.39302884615384615 0.04567307692307692 0.03485576923076923
0 0.21394230769230768 0.03365384615384615 0.038461538461538464 0.06009615384615385
0 0.640625 0.6237980769230769 0.052884615384615384 0.038461538461538464
0 0.59375 0.8509615384615384 0.02403846153846154 0.009615384615384616
0 0.2283653846153846 0.5048076923076923 0.04807692307692308 0.04567307692307692
0 0.7055288461538461 0.4170673076923077 0.06610576923076923 0.10216346153846154
0 0.5288461538461539 0.35096153846153844 0.04927884615384615 0.027644230769230768
0 0.22596153846153846 0.9795673076923077 0.046875 0.037259615384615384
0 0.41346153846153844 0.6995192307692307 0.027644230769230768 0.028846153846153848
0 0.21634615384615385 0.1935096153846154 0.025240384615384616 0.03365384615384615