0 0.10697115384615384 0.07572115384615384 0.03485576923076923 0.0889423076923077
0 0.1875 0.21754807692307693 0.021634615384615384 0.06971153846153846
0 0.010817307692307692 0.057692307692307696 0.021634615384615384 0.05889423076923077
0 0.026442307692307692 0.3173076923076923 0.051682692307692304 0.02403846153846154
0 0.35697115384615385 0.32211538461538464 0.0625 0.04927884615384615
0 0.051682692307692304 0.39783653846153844 0.038461538461538464 0.028846153846153848
0 0.3918269230769231 0.36778846153846156 0.04447115384615385 0.039663461538461536
0 0.13822115384615385 0.42788461538461536 0.04447115384615385 0.06610576923076923
0 0.109375 0.46033653846153844 0.036057692307692304 0.0673076923076923
0 0.18990384615384615 0.4338942307692308 0.054086538461538464 0.07451923076923077
0 0.18389423076923078 0.5180288461538461 0.054086538461538464 0.09134615384615384
0 0.04807692307692308 0.6057692307692307 0.052884615384615384 0.016826923076923076
0 0.14783653846153846 0.6670673076923077 0.019230769230769232 0.07572115384615384
0 0.009615384615384616 0.6826923076923077 0.019230769230769232 0.04807692307692308
0 0.016826923076923076 0.8125 0.03365384615384615 0.09134615384615384
0 0.203125 0.7752403846153846 0.028846153846153848 0.06009615384615385
0 0.02283653846153846 0.19110576923076922 0.04567307692307692 0.040865384615384616
0 0.30528846153846156 0.15985576923076922 0.06009615384615385 0.04326923076923077
0 0.28725961538461536 0.6514423076923077 0.040865384615384616 0.04567307692307692
0 0.23557692307692307 0.671875 0.042067307692307696 0.037259615384615384