0 0.1622596153846154 0.7908653846153846 0.08052884615384616 0.1502403846153846
0 0.22355769230769232 0.7704326923076923 0.02283653846153846 0.08052884615384616
0 0.27403846153846156 0.7331730769230769 0.027644230769230768 0.0673076923076923
0 0.265625 0.6225961538461539 0.040865384615384616 0.07572115384615384
0 0.22716346153846154 0.6201923076923077 0.036057692307692304 0.07572115384615384
0 0.375 0.7127403846153846 0.052884615384615384 0.12980769230769232
0 0.4362980769230769 0.5901442307692307 0.04567307692307692 0.09495192307692307
0 0.44711538461538464 0.6237980769230769 0.028846153846153848 0.0829326923076923
0 0.37740384615384615 0.8509615384615384 0.06971153846153846 0.13822115384615385
0 0.5420673076923077 0.4375 0.06129807692307692 0.140625
0 0.6057692307692307 0.7331730769230769 0.04447115384615385 0.08052884615384616
0 0.7247596153846154 0.7740384615384616 0.055288461538461536 0.11177884615384616
0 0.7427884615384616 0.7295673076923077 0.036057692307692304 0.1201923076923077
0 0.8004807692307693 0.7451923076923077 0.026442307692307692 0.1201923076923077
0 0.8990384615384616 0.7139423076923077 0.038461538461538464 0.07572115384615384
0 0.9375 0.6682692307692307 0.0829326923076923 0.06971153846153846
0 0.8137019230769231 0.9182692307692307 0.05048076923076923 0.08052884615384616
0 0.6334134615384616 0.9206730769230769 0.027644230769230768 0.07211538461538461
0 0.8617788461538461 0.8822115384615384 0.0889423076923077 0.15144230769230768
0 0.9038461538461539 0.9747596153846154 0.054086538461538464 0.046875
0 0.9831730769230769 0.8870192307692307 0.030048076923076924 0.09254807692307693
0 0.9819711538461539 0.7740384615384616 0.03365384615384615 0.06610576923076923
0 0.8064903846153846 0.5180288461538461 0.028846153846153848 0.03125
0 0.8846153846153846 0.5144230769230769 0.026442307692307692 0.036057692307692304
0 0.78125 0.41947115384615385 0.04567307692307692 0.036057692307692304
0 0.421875 0.42908653846153844 0.051682692307692304 0.08653846153846154
0 0.4675480769230769 0.37740384615384615 0.04447115384615385 0.09254807692307693
0 0.640625 0.32091346153846156 0.02403846153846154 0.055288461538461536
0 0.26802884615384615 0.4326923076923077 0.025240384615384616 0.055288461538461536
0 0.36658653846153844 0.4266826923076923 0.02403846153846154 0.036057692307692304
0 0.16947115384615385 0.46153846153846156 0.03365384615384615 0.04447115384615385
0 0.22115384615384615 0.25721153846153844 0.04807692307692308 0.09615384615384616
0 0.11899038461538461 0.2692307692307692 0.06129807692307692 0.10697115384615384
0 0.3425480769230769 0.28846153846153844 0.030048076923076924 0.03485576923076923
0 0.3762019230769231 0.28365384615384615 0.02403846153846154 0.013221153846153846
0 0.5793269230769231 0.28365384615384615 0.019230769230769232 0.0673076923076923
0 0.8004807692307693 0.15384615384615385 0.051682692307692304 0.06610576923076923
0 0.8149038461538461 0.08653846153846154 0.07572115384615384 0.055288461538461536
0 0.546875 0.07451923076923077 0.057692307692307696 0.06490384615384616
0 0.578125 0.05048076923076923 0.04927884615384615 0.036057692307692304
0 0.6850961538461539 0.15144230769230768 0.06009615384615385 0.07451923076923077
0 0.31971153846153844 0.109375 0.028846153846153848 0.06009615384615385
0 0.8461538461538461 0.6911057692307693 0.06009615384615385 0.055288461538461536
0 0.051682692307692304 0.06971153846153846 0.04927884615384615 0.02403846153846154
0 0.030048076923076924 0.21153846153846154 0.06009615384615385 0.07451923076923077
0 0.9879807692307693 0.38100961538461536 0.018028846153846152 0.025240384615384616
0 0.4723557692307692 0.7860576923076923 0.038461538461538464 0.0733173076923077
0 0.18028846153846154 0.7367788461538461 0.055288461538461536 0.056490384615384616
0 0.4987980769230769 0.038461538461538464 0.028846153846153848 0.03485576923076923
0 0.6514423076923077 0.39903846153846156 0.030048076923076924 0.05048076923076923
0 0.8810096153846154 0.10697115384615384 0.03125 0.04447115384615385
0 0.4326923076923077 0.8125 0.021634615384615384 0.07692307692307693
0 0.5600961538461539 0.7259615384615384 0.08052884615384616 0.15384615384615385
0 0.5829326923076923 0.7752403846153846 0.03365384615384615 0.07572115384615384