0 0.3954326923076923 0.9747596153846154 0.06129807692307692 0.04567307692307692
0 0.5492788461538461 0.19591346153846154 0.11538461538461539 0.18870192307692307
0 0.9759615384615384 0.5516826923076923 0.046875 0.13221153846153846
0 0.06370192307692307 0.5192307692307693 0.10817307692307693 0.10576923076923077
0 0.9399038461538461 0.6382211538461539 0.11899038461538461 0.09975961538461539
0 0.9627403846153846 0.25 0.07211538461538461 0.07091346153846154
0 0.2848557692307692 0.4338942307692308 0.11538461538461539 0.078125
0 0.23076923076923078 0.9170673076923077 0.10817307692307693 0.09615384615384616
0 0.65625 0.6887019230769231 0.09014423076923077 0.08052884615384616
0 0.31971153846153844 0.15985576923076922 0.1045673076923077 0.09014423076923077
0 0.6117788461538461 0.640625 0.14182692307692307 0.10096153846153846
0 0.19110576923076922 0.5204326923076923 0.11177884615384616 0.08413461538461539
0 0.31971153846153844 0.9735576923076923 0.08774038461538461 0.04807692307692308
0 0.4338942307692308 0.796875 0.07692307692307693 0.07932692307692307
0 0.7716346153846154 0.47716346153846156 0.09014423076923077 0.0889423076923077
0 0.9867788461538461 0.7800480769230769 0.025240384615384616 0.07572115384615384
0 0.04447115384615385 0.0985576923076923 0.0889423076923077 0.07451923076923077
0 0.7283653846153846 0.019230769230769232 0.07932692307692307 0.038461538461538464
0 0.04807692307692308 0.6983173076923077 0.08173076923076923 0.12860576923076922
0 0.21875 0.7572115384615384 0.09134615384615384 0.10096153846153846
0 0.4639423076923077 0.3233173076923077 0.06610576923076923 0.07091346153846154
0 0.9747596153846154 0.9603365384615384 0.04927884615384615 0.078125
0 0.11177884615384616 0.7451923076923077 0.11298076923076923 0.0985576923076923
0 0.13581730769230768 0.15264423076923078 0.09375 0.09975961538461539
0 0.9567307692307693 0.28966346153846156 0.08413461538461539 0.08052884615384616
0 0.04447115384615385 0.30528846153846156 0.0889423076923077 0.171875
0 0.8413461538461539 0.14423076923076922 0.08774038461538461 0.07692307692307693
0 0.9603365384615384 0.8365384615384616 0.078125 0.078125
0 0.5384615384615384 0.3858173076923077 0.08173076923076923 0.07692307692307693
0 0.8798076923076923 0.23197115384615385 0.07091346153846154 0.08052884615384616
0 0.23677884615384615 0.5673076923076923 0.11298076923076923 0.11177884615384616