0 0.7716346153846154 0.9807692307692307 0.052884615384615384 0.03245192307692308
0 0.6141826923076923 0.11298076923076923 0.030048076923076924 0.08533653846153846
0 0.5745192307692307 0.234375 0.05048076923076923 0.08533653846153846
0 0.27283653846153844 0.84375 0.042067307692307696 0.08774038461538461
0 0.75 0.8173076923076923 0.042067307692307696 0.0733173076923077
0 0.46153846153846156 0.2548076923076923 0.056490384615384616 0.1141826923076923
0 0.9639423076923077 0.7692307692307693 0.04927884615384615 0.06009615384615385
0 0.18028846153846154 0.3858173076923077 0.057692307692307696 0.12259615384615384
0 0.7223557692307693 0.5432692307692307 0.052884615384615384 0.14903846153846154
0 0.016826923076923076 0.2548076923076923 0.03365384615384615 0.12740384615384615
0 0.3425480769230769 0.12259615384615384 0.046875 0.078125
0 0.65625 0.7079326923076923 0.038461538461538464 0.08533653846153846
0 0.5108173076923077 0.14903846153846154 0.054086538461538464 0.08774038461538461
0 0.5480769230769231 0.6706730769230769 0.05889423076923077 0.12139423076923077
0 0.43509615384615385 0.9170673076923077 0.15384615384615385 0.12379807692307693
0 0.07091346153846154 0.6153846153846154 0.057692307692307696 0.16346153846153846
0 0.04447115384615385 0.7319711538461539 0.08052884615384616 0.09975961538461539
0 0.8930288461538461 0.4483173076923077 0.03125 0.07572115384615384
0 0.6165865384615384 0.04326923076923077 0.026442307692307692 0.0829326923076923
0 0.9314903846153846 0.734375 0.03245192307692308 0.038461538461538464
0 0.7548076923076923 0.14543269230769232 0.03365384615384615 0.07572115384615384
0 0.5180288461538461 0.7992788461538461 0.046875 0.07211538461538461
0 0.2800480769230769 0.4495192307692308 0.054086538461538464 0.09615384615384616
0 0.43028846153846156 0.49759615384615385 0.055288461538461536 0.056490384615384616
0 0.44591346153846156 0.04807692307692308 0.04326923076923077 0.08533653846153846
0 0.6310096153846154 0.46875 0.03365384615384615 0.06370192307692307
0 0.40024038461538464 0.08533653846153846 0.03365384615384615 0.08774038461538461
0 0.29927884615384615 0.2824519230769231 0.04807692307692308 0.07932692307692307
0 0.5673076923076923 0.6526442307692307 0.03365384615384615 0.09134615384615384
0 0.8822115384615384 0.9206730769230769 0.055288461538461536 0.11778846153846154
0 0.15745192307692307 0.9435096153846154 0.06850961538461539 0.109375
0 0.6045673076923077 0.5048076923076923 0.028846153846153848 0.052884615384615384
0 0.14182692307692307 0.5769230769230769 0.11057692307692307 0.09134615384615384
0 0.49278846153846156 0.18629807692307693 0.055288461538461536 0.06610576923076923
0 0.9783653846153846 0.10576923076923077 0.038461538461538464 0.12139423076923077
0 0.5012019230769231 0.2956730769230769 0.027644230769230768 0.054086538461538464
0 0.1778846153846154 0.8389423076923077 0.04927884615384615 0.07572115384615384
0 0.10336538461538461 0.7235576923076923 0.08052884615384616 0.056490384615384616
0 0.28125 0.125 0.055288461538461536 0.09134615384615384
0 0.13822115384615385 0.41225961538461536 0.08413461538461539 0.11177884615384616
0 0.49759615384615385 0.6766826923076923 0.06370192307692307 0.13822115384615385
0 0.3858173076923077 0.7512019230769231 0.03245192307692308 0.0829326923076923
0 0.8713942307692307 0.7632211538461539 0.09254807692307693 0.05889423076923077
0 0.9483173076923077 0.46274038461538464 0.09735576923076923 0.04927884615384615
0 0.9134615384615384 0.109375 0.028846153846153848 0.0829326923076923
0 0.32091346153846156 0.7836538461538461 0.037259615384615384 0.09134615384615384
0 0.13942307692307693 0.04326923076923077 0.07451923076923077 0.08653846153846154
0 0.5516826923076923 0.7644230769230769 0.06610576923076923 0.1310096153846154
0 0.9507211538461539 0.0985576923076923 0.03365384615384615 0.06490384615384616
0 0.9447115384615384 0.03245192307692308 0.05048076923076923 0.06490384615384616
0 0.19230769230769232 0.054086538461538464 0.04326923076923077 0.10817307692307693
0 0.5853365384615384 0.16706730769230768 0.027644230769230768 0.06009615384615385
0 0.04326923076923077 0.8605769230769231 0.04567307692307692 0.1141826923076923
0 0.2932692307692308 0.7692307692307693 0.03485576923076923 0.07572115384615384
0 0.7932692307692307 0.3088942307692308 0.046875 0.12259615384615384
0 0.19110576923076922 0.6694711538461539 0.056490384615384616 0.07451923076923077
0 0.0625 0.09495192307692307 0.06370192307692307 0.0985576923076923
0 0.5769230769230769 0.44471153846153844 0.05048076923076923 0.07572115384615384
0 0.6802884615384616 0.40865384615384615 0.04326923076923077 0.06610576923076923
0 0.3293269230769231 0.6634615384615384 0.036057692307692304 0.06850961538461539
0 0.7608173076923077 0.4735576923076923 0.03125 0.09134615384615384
0 0.296875 0.20072115384615385 0.038461538461538464 0.046875
0 0.8834134615384616 0.3485576923076923 0.04927884615384615 0.10817307692307693