0 0.8233173076923077 0.9086538461538461 0.0625 0.08173076923076923
0 0.27403846153846156 0.9807692307692307 0.08774038461538461 0.036057692307692304
0 0.9459134615384616 0.9483173076923077 0.0829326923076923 0.10096153846153846
0 0.23677884615384615 0.9423076923076923 0.07572115384615384 0.05048076923076923
0 0.5901442307692307 0.8701923076923077 0.12139423076923077 0.06490384615384616
0 0.6514423076923077 0.84375 0.06490384615384616 0.13341346153846154
0 0.4483173076923077 0.9002403846153846 0.07572115384615384 0.12259615384615384
0 0.765625 0.8990384615384616 0.06490384615384616 0.20072115384615385
0 0.6995192307692307 0.9483173076923077 0.07211538461538461 0.10216346153846154
0 0.859375 0.7283653846153846 0.16105769230769232 0.1622596153846154
0 0.7475961538461539 0.7439903846153846 0.036057692307692304 0.06009615384615385
0 0.8737980769230769 0.8930288461538461 0.09615384615384616 0.21153846153846154
0 0.59375 0.9507211538461539 0.14903846153846154 0.06610576923076923