0 0.03485576923076923 0.15985576923076922 0.06971153846153846 0.2283653846153846
0 0.9447115384615384 0.8978365384615384 0.0673076923076923 0.056490384615384616
0 0.23918269230769232 0.46274038461538464 0.0829326923076923 0.15625
0 0.375 0.296875 0.09495192307692307 0.15504807692307693
0 0.5348557692307693 0.32572115384615385 0.078125 0.10697115384615384
0 0.40625 0.2692307692307692 0.07692307692307693 0.11658653846153846
0 0.7115384615384616 0.8822115384615384 0.18028846153846154 0.10697115384615384
0 0.18389423076923078 0.6538461538461539 0.14302884615384615 0.0889423076923077
0 0.6850961538461539 0.7524038461538461 0.11298076923076923 0.11298076923076923
0 0.6947115384615384 0.20432692307692307 0.08052884615384616 0.14903846153846154
0 0.8798076923076923 0.49278846153846156 0.08653846153846154 0.10096153846153846
0 0.9615384615384616 0.421875 0.046875 0.09375
0 0.019230769230769232 0.75 0.038461538461538464 0.09615384615384616
0 0.6141826923076923 0.33413461538461536 0.07692307692307693 0.1502403846153846
0 0.7692307692307693 0.3918269230769231 0.15384615384615385 0.18990384615384615
0 0.9038461538461539 0.7860576923076923 0.052884615384615384 0.0889423076923077
0 0.30408653846153844 0.2920673076923077 0.07211538461538461 0.16105769230769232
0 0.6334134615384616 0.051682692307692304 0.0673076923076923 0.10216346153846154
0 0.9038461538461539 0.17067307692307693 0.08774038461538461 0.16105769230769232
0 0.7872596153846154 0.04447115384615385 0.125 0.0889423076923077
0 0.13341346153846154 0.96875 0.07451923076923077 0.06009615384615385
0 0.9266826923076923 0.8629807692307693 0.0889423076923077 0.04807692307692308
0 0.2548076923076923 0.8665865384615384 0.06971153846153846 0.06129807692307692
0 0.1310096153846154 0.37259615384615385 0.06009615384615385 0.11899038461538461
0 0.14423076923076922 0.25 0.06009615384615385 0.08653846153846154
0 0.3954326923076923 0.7680288461538461 0.08533653846153846 0.15264423076923078
0 0.5540865384615384 0.39302884615384615 0.16466346153846154 0.13822115384615385
0 0.2920673076923077 0.65625 0.07572115384615384 0.11298076923076923
0 0.9759615384615384 0.32572115384615385 0.04447115384615385 0.14423076923076922
0 0.3076923076923077 0.020432692307692308 0.11538461538461539 0.040865384615384616
0 0.84375 0.7632211538461539 0.07932692307692307 0.06009615384615385
0 0.8533653846153846 0.6430288461538461 0.06610576923076923 0.140625
0 0.6466346153846154 0.5973557692307693 0.09134615384615384 0.08774038461538461
0 0.28365384615384615 0.16346153846153846 0.05889423076923077 0.08653846153846154
0 0.42427884615384615 0.9050480769230769 0.08173076923076923 0.07692307692307693
0 0.21875 0.0625 0.04326923076923077 0.125
0 0.5793269230769231 0.7055288461538461 0.06009615384615385 0.09014423076923077
0 0.24519230769230768 0.29927884615384615 0.08173076923076923 0.12740384615384615
0 0.46274038461538464 0.6262019230769231 0.0673076923076923 0.09615384615384616
0 0.25721153846153844 0.7163461538461539 0.052884615384615384 0.08774038461538461
0 0.4735576923076923 0.12379807692307693 0.0829326923076923 0.09615384615384616
0 0.7680288461538461 0.5913461538461539 0.10697115384615384 0.11778846153846154
0 0.18028846153846154 0.45913461538461536 0.09375 0.12259615384615384
0 0.8497596153846154 0.19110576923076922 0.08173076923076923 0.15144230769230768
0 0.53125 0.06129807692307692 0.1201923076923077 0.12259615384615384
0 0.9086538461538461 0.04447115384615385 0.06370192307692307 0.0889423076923077
0 0.296875 0.8377403846153846 0.08774038461538461 0.09735576923076923