0 0.9350961538461539 0.9747596153846154 0.038461538461538464 0.04927884615384615
0 0.6526442307692307 0.9807692307692307 0.03365384615384615 0.036057692307692304
0 0.6850961538461539 0.9230769230769231 0.06850961538461539 0.07572115384615384
0 0.6574519230769231 0.8016826923076923 0.04567307692307692 0.0673076923076923
0 0.7391826923076923 0.8954326923076923 0.030048076923076924 0.057692307692307696
0 0.8052884615384616 0.8197115384615384 0.051682692307692304 0.15985576923076922
0 0.9302884615384616 0.7788461538461539 0.05048076923076923 0.06490384615384616
0 0.9134615384615384 0.7980769230769231 0.037259615384615384 0.030048076923076924
0 0.9411057692307693 0.7079326923076923 0.04927884615384615 0.038461538461538464
0 0.6971153846153846 0.6129807692307693 0.03365384615384615 0.04927884615384615
0 0.8016826923076923 0.6117788461538461 0.03125 0.05048076923076923
0 0.8425480769230769 0.5516826923076923 0.04927884615384615 0.03365384615384615
0 0.6682692307692307 0.4495192307692308 0.07211538461538461 0.056490384615384616
0 0.7211538461538461 0.41466346153846156 0.06129807692307692 0.08052884615384616
0 0.6935096153846154 0.3473557692307692 0.06610576923076923 0.06610576923076923
0 0.7800480769230769 0.3629807692307692 0.040865384615384616 0.03365384615384615
0 0.9867788461538461 0.3112980769230769 0.02403846153846154 0.05048076923076923
0 0.703125 0.2512019230769231 0.04927884615384615 0.03125
0 0.8197115384615384 0.29447115384615385 0.05889423076923077 0.04326923076923077
0 0.8545673076923077 0.2439903846153846 0.08774038461538461 0.06490384615384616
0 0.9663461538461539 0.25841346153846156 0.03485576923076923 0.039663461538461536
0 0.9098557692307693 0.1875 0.0625 0.038461538461538464
0 0.8725961538461539 0.02283653846153846 0.06850961538461539 0.04447115384615385
0 0.6658653846153846 0.013221153846153846 0.07692307692307693 0.025240384615384616
0 0.33653846153846156 0.9519230769230769 0.09615384615384616 0.09375
0 0.08173076923076923 0.8305288461538461 0.055288461538461536 0.04927884615384615
0 0.051682692307692304 0.8822115384615384 0.057692307692307696 0.05889423076923077
0 0.027644230769230768 0.8449519230769231 0.055288461538461536 0.10336538461538461
0 0.038461538461538464 0.7596153846153846 0.07692307692307693 0.08653846153846154
0 0.007211538461538462 0.6622596153846154 0.013221153846153846 0.039663461538461536
0 0.22115384615384615 0.7848557692307693 0.019230769230769232 0.03125
0 0.2920673076923077 0.6682692307692307 0.04807692307692308 0.04326923076923077
0 0.3425480769230769 0.5721153846153846 0.052884615384615384 0.08052884615384616
0 0.12740384615384615 0.5504807692307693 0.055288461538461536 0.036057692307692304
0 0.13221153846153846 0.6117788461538461 0.03245192307692308 0.039663461538461536
0 0.0625 0.6189903846153846 0.04447115384615385 0.06490384615384616
0 0.20552884615384615 0.45552884615384615 0.04927884615384615 0.03485576923076923
0 0.3137019230769231 0.4110576923076923 0.078125 0.054086538461538464
0 0.23197115384615385 0.4098557692307692 0.04927884615384615 0.038461538461538464
0 0.009615384615384616 0.39903846153846156 0.018028846153846152 0.06490384615384616
0 0.12620192307692307 0.3629807692307692 0.08173076923076923 0.038461538461538464
0 0.009615384615384616 0.29086538461538464 0.019230769230769232 0.0625
0 0.10216346153846154 0.31009615384615385 0.06129807692307692 0.054086538461538464
0 0.038461538461538464 0.23918269230769232 0.07572115384615384 0.042067307692307696
0 0.21995192307692307 0.23197115384615385 0.055288461538461536 0.040865384615384616
0 0.2704326923076923 0.23798076923076922 0.06490384615384616 0.04567307692307692
0 0.13221153846153846 0.21153846153846154 0.08774038461538461 0.05889423076923077
0 0.1045673076923077 0.12259615384615384 0.055288461538461536 0.021634615384615384
0 0.057692307692307696 0.09495192307692307 0.06129807692307692 0.027644230769230768
0 0.07091346153846154 0.021634615384615384 0.08413461538461539 0.04326923076923077
0 0.07451923076923077 0.5492788461538461 0.07211538461538461 0.052884615384615384
0 0.0733173076923077 0.4266826923076923 0.06490384615384616 0.038461538461538464
0 0.05889423076923077 0.3161057692307692 0.06850961538461539 0.052884615384615384
0 0.8257211538461539 0.03365384615384615 0.046875 0.06610576923076923
0 0.12139423076923077 0.953125 0.06610576923076923 0.06610576923076923
0 0.04447115384615385 0.9194711538461539 0.056490384615384616 0.0625
0 0.02403846153846154 0.5516826923076923 0.03365384615384615 0.04927884615384615
0 0.02283653846153846 0.5877403846153846 0.04567307692307692 0.036057692307692304
0 0.7908653846153846 0.48197115384615385 0.046875 0.03485576923076923