0 0.6189903846153846 0.5600961538461539 0.14182692307692307 0.10697115384615384
0 0.5745192307692307 0.7956730769230769 0.11177884615384616 0.09014423076923077
0 0.47596153846153844 0.5985576923076923 0.078125 0.1971153846153846
0 0.12139423076923077 0.33774038461538464 0.1201923076923077 0.13341346153846154
0 0.359375 0.4495192307692308 0.09254807692307693 0.12860576923076922
0 0.5444711538461539 0.6382211538461539 0.18389423076923078 0.18028846153846154
0 0.7103365384615384 0.5024038461538461 0.08413461538461539 0.19471153846153846
0 0.90625 0.7259615384615384 0.08052884615384616 0.18509615384615385
0 0.1875 0.051682692307692304 0.09134615384615384 0.10216346153846154
0 0.43509615384615385 0.051682692307692304 0.0985576923076923 0.10336538461538461
0 0.9242788461538461 0.1502403846153846 0.14903846153846154 0.10697115384615384
0 0.9362980769230769 0.796875 0.12620192307692307 0.06009615384615385
0 0.859375 0.48197115384615385 0.125 0.10697115384615384
0 0.34134615384615385 0.24759615384615385 0.11899038461538461 0.09735576923076923
0 0.026442307692307692 0.03485576923076923 0.051682692307692304 0.06971153846153846
0 0.734375 0.18269230769230768 0.1045673076923077 0.08653846153846154
0 0.3016826923076923 0.39663461538461536 0.1658653846153846 0.12740384615384615
0 0.3954326923076923 0.6262019230769231 0.051682692307692304 0.07211538461538461
0 0.5360576923076923 0.9038461538461539 0.13341346153846154 0.15625
0 0.9242788461538461 0.8713942307692307 0.10697115384615384 0.08413461538461539
0 0.3641826923076923 0.37259615384615385 0.10336538461538461 0.14302884615384615
0 0.27524038461538464 0.7235576923076923 0.13822115384615385 0.1141826923076923
0 0.7331730769230769 0.4230769230769231 0.12139423076923077 0.18629807692307693
0 0.9375 0.27283653846153844 0.12379807692307693 0.10697115384615384
0 0.34975961538461536 0.6502403846153846 0.10697115384615384 0.06971153846153846
0 0.7223557692307693 0.7512019230769231 0.0673076923076923 0.14903846153846154
0 0.055288461538461536 0.453125 0.08052884615384616 0.14302884615384615
0 0.29447115384615385 0.5384615384615384 0.06009615384615385 0.1201923076923077
0 0.05048076923076923 0.6850961538461539 0.10096153846153846 0.12980769230769232
0 0.078125 0.1045673076923077 0.07932692307692307 0.0985576923076923
0 0.6550480769230769 0.6165865384615384 0.14903846153846154 0.057692307692307696
0 0.6514423076923077 0.7427884615384616 0.08173076923076923 0.1310096153846154
0 0.40865384615384615 0.9435096153846154 0.06490384615384616 0.11057692307692307
0 0.19831730769230768 0.9567307692307693 0.12379807692307693 0.08533653846153846