0 0.21875 0.8028846153846154 0.14302884615384615 0.11177884615384616
0 0.06971153846153846 0.5192307692307693 0.13942307692307693 0.08173076923076923
0 0.4579326923076923 0.10216346153846154 0.12980769230769232 0.18389423076923078
0 0.11057692307692307 0.7764423076923077 0.10096153846153846 0.10697115384615384
0 0.9759615384615384 0.078125 0.046875 0.08533653846153846
0 0.5288461538461539 0.9603365384615384 0.12139423076923077 0.07211538461538461
0 0.5420673076923077 0.03125 0.08653846153846154 0.06129807692307692
0 0.12379807692307693 0.8990384615384616 0.23197115384615385 0.15865384615384615
0 0.5072115384615384 0.43509615384615385 0.09375 0.13942307692307693
0 0.08653846153846154 0.46634615384615385 0.16466346153846154 0.08653846153846154
0 0.33774038461538464 0.6935096153846154 0.23076923076923078 0.125
0 0.13581730769230768 0.05048076923076923 0.09375 0.10096153846153846
0 0.5132211538461539 0.1935096153846154 0.1622596153846154 0.055288461538461536
0 0.2403846153846154 0.6670673076923077 0.19831730769230768 0.12620192307692307
0 0.8918269230769231 0.15504807692307693 0.09014423076923077 0.140625
0 0.8786057692307693 0.5697115384615384 0.18990384615384615 0.07932692307692307
0 0.07692307692307693 0.1875 0.15384615384615385 0.08653846153846154
0 0.10336538461538461 0.609375 0.20673076923076922 0.09375
0 0.37740384615384615 0.8737980769230769 0.09495192307692307 0.08653846153846154
0 0.8798076923076923 0.48197115384615385 0.17427884615384615 0.11778846153846154
0 0.8822115384615384 0.7920673076923077 0.09254807692307693 0.11057692307692307
0 0.08653846153846154 0.875 0.11177884615384616 0.13221153846153846
0 0.2704326923076923 0.34615384615384615 0.11177884615384616 0.10697115384615384
0 0.8329326923076923 0.6346153846153846 0.16466346153846154 0.0889423076923077
0 0.4074519230769231 0.9483173076923077 0.09254807692307693 0.08052884615384616
0 0.34975961538461536 0.9615384615384616 0.12740384615384615 0.06971153846153846
0 0.39903846153846156 0.24759615384615385 0.125 0.12980769230769232
0 0.05889423076923077 0.09375 0.11778846153846154 0.09615384615384616
0 0.7692307692307693 0.5576923076923077 0.16947115384615385 0.11778846153846154
0 0.3605769230769231 0.5480769230769231 0.08653846153846154 0.12740384615384615