0 0.6959134615384616 0.6466346153846154 0.08052884615384616 0.06009615384615385
0 0.33052884615384615 0.9230769230769231 0.0733173076923077 0.09495192307692307
0 0.5168269230769231 0.6802884615384616 0.09375 0.06610576923076923
0 0.0625 0.3425480769230769 0.051682692307692304 0.08774038461538461
0 0.4375 0.7680288461538461 0.04447115384615385 0.05889423076923077
0 0.26802884615384615 0.9675480769230769 0.07091346153846154 0.0625
0 0.15504807692307693 0.6574519230769231 0.07091346153846154 0.0829326923076923
0 0.07091346153846154 0.03245192307692308 0.07692307692307693 0.06490384615384616
0 0.7932692307692307 0.5240384615384616 0.06009615384615385 0.07211538461538461
0 0.8257211538461539 0.640625 0.11177884615384616 0.07692307692307693
0 0.8161057692307693 0.7247596153846154 0.11538461538461539 0.05048076923076923
0 0.9579326923076923 0.3233173076923077 0.08052884615384616 0.0985576923076923
0 0.6983173076923077 0.019230769230769232 0.056490384615384616 0.038461538461538464
0 0.44350961538461536 0.8990384615384616 0.07211538461538461 0.06490384615384616
0 0.34615384615384615 0.14423076923076922 0.057692307692307696 0.12980769230769232
0 0.14423076923076922 0.24278846153846154 0.0625 0.11177884615384616
0 0.125 0.02283653846153846 0.04567307692307692 0.04447115384615385
0 0.8990384615384616 0.07572115384615384 0.06490384615384616 0.09254807692307693
0 0.028846153846153848 0.9579326923076923 0.057692307692307696 0.08052884615384616
0 0.6766826923076923 0.4110576923076923 0.04927884615384615 0.039663461538461536
0 0.90625 0.8100961538461539 0.09134615384615384 0.08774038461538461
0 0.421875 0.8221153846153846 0.0625 0.06850961538461539
0 0.5204326923076923 0.5456730769230769 0.109375 0.06129807692307692
0 0.7235576923076923 0.46153846153846156 0.0829326923076923 0.06850961538461539
0 0.49278846153846156 0.027644230769230768 0.0673076923076923 0.055288461538461536
0 0.9735576923076923 0.1778846153846154 0.05048076923076923 0.04927884615384615
0 0.7860576923076923 0.15144230769230768 0.11778846153846154 0.11778846153846154
0 0.24278846153846154 0.6490384615384616 0.08413461538461539 0.14182692307692307
0 0.13221153846153846 0.9002403846153846 0.10697115384615384 0.06971153846153846
0 0.016826923076923076 0.3269230769230769 0.03365384615384615 0.08052884615384616
0 0.9735576923076923 0.5012019230769231 0.051682692307692304 0.109375
0 0.2692307692307692 0.15985576923076922 0.05889423076923077 0.11177884615384616
0 0.9627403846153846 0.9615384615384616 0.0733173076923077 0.06850961538461539
0 0.8978365384615384 0.140625 0.0733173076923077 0.15745192307692307
0 0.421875 0.5420673076923077 0.13221153846153846 0.08533653846153846
0 0.23677884615384615 0.2932692307692308 0.03365384615384615 0.07211538461538461
0 0.7127403846153846 0.5072115384615384 0.05048076923076923 0.04447115384615385
0 0.5516826923076923 0.2439903846153846 0.06971153846153846 0.10576923076923077
0 0.31009615384615385 0.8701923076923077 0.06971153846153846 0.0733173076923077
0 0.5372596153846154 0.39302884615384615 0.10096153846153846 0.06850961538461539
0 0.5348557692307693 0.6105769230769231 0.038461538461538464 0.021634615384615384
0 0.22596153846153846 0.421875 0.09014423076923077 0.13822115384615385
0 0.5192307692307693 0.8365384615384616 0.09254807692307693 0.056490384615384616