0 0.15144230769230768 0.5372596153846154 0.16706730769230768 0.16826923076923078
0 0.9795673076923077 0.546875 0.039663461538461536 0.04927884615384615
0 0.8305288461538461 0.125 0.08413461538461539 0.18028846153846154
0 0.7163461538461539 0.13581730769230768 0.11298076923076923 0.11778846153846154
0 0.5096153846153846 0.9326923076923077 0.09134615384615384 0.13221153846153846
0 0.5060096153846154 0.2608173076923077 0.09615384615384616 0.09495192307692307
0 0.1814903846153846 0.18509615384615385 0.04447115384615385 0.056490384615384616
0 0.1622596153846154 0.2608173076923077 0.040865384615384616 0.046875
0 0.9627403846153846 0.7091346153846154 0.0733173076923077 0.06971153846153846
0 0.8173076923076923 0.015625 0.12980769230769232 0.030048076923076924
0 0.6838942307692307 0.796875 0.08653846153846154 0.06370192307692307
0 0.3389423076923077 0.09495192307692307 0.055288461538461536 0.08052884615384616
0 0.3954326923076923 0.8197115384615384 0.09495192307692307 0.039663461538461536
0 0.2536057692307692 0.5 0.08653846153846154 0.10576923076923077
0 0.7860576923076923 0.5805288461538461 0.06971153846153846 0.18389423076923078
0 0.030048076923076924 0.7536057692307693 0.06009615384615385 0.04567307692307692
0 0.09134615384615384 0.71875 0.08052884615384616 0.06490384615384616
0 0.4411057692307692 0.44591346153846156 0.11057692307692307 0.14543269230769232
0 0.12620192307692307 0.8930288461538461 0.08052884615384616 0.08533653846153846
0 0.3233173076923077 0.234375 0.09014423076923077 0.08774038461538461
0 0.5913461538461539 0.8377403846153846 0.09495192307692307 0.12139423076923077
0 0.6754807692307693 0.9579326923076923 0.06971153846153846 0.07572115384615384
0 0.9603365384615384 0.8810096153846154 0.07572115384615384 0.15144230769230768
0 0.05889423076923077 0.8269230769230769 0.11778846153846154 0.052884615384615384
0 0.8497596153846154 0.3954326923076923 0.1502403846153846 0.15384615384615385
0 0.31490384615384615 0.02283653846153846 0.046875 0.04447115384615385
0 0.9447115384615384 0.9338942307692307 0.054086538461538464 0.09375
0 0.39302884615384615 0.03485576923076923 0.056490384615384616 0.06971153846153846
0 0.5132211538461539 0.4735576923076923 0.04927884615384615 0.12620192307692307
0 0.4266826923076923 0.2800480769230769 0.07451923076923077 0.056490384615384616
0 0.2247596153846154 0.25841346153846156 0.030048076923076924 0.037259615384615384
0 0.11778846153846154 0.40865384615384615 0.09735576923076923 0.15625
0 0.3473557692307692 0.9579326923076923 0.1658653846153846 0.08173076923076923
0 0.5600961538461539 0.36538461538461536 0.04927884615384615 0.054086538461538464
0 0.7908653846153846 0.7572115384615384 0.06610576923076923 0.16346153846153846
0 0.4675480769230769 0.078125 0.14903846153846154 0.0829326923076923
0 0.046875 0.0889423076923077 0.09254807692307693 0.08653846153846154
0 0.9206730769230769 0.09014423076923077 0.06610576923076923 0.09975961538461539
0 0.109375 0.07451923076923077 0.06009615384615385 0.14903846153846154
0 0.6129807692307693 0.9855769230769231 0.07692307692307693 0.026442307692307692
0 0.9759615384615384 0.18629807692307693 0.04567307692307692 0.051682692307692304
0 0.36538461538461536 0.4675480769230769 0.06971153846153846 0.06610576923076923