0 0.17668269230769232 0.36177884615384615 0.030048076923076924 0.06009615384615385
0 0.8389423076923077 0.31490384615384615 0.16706730769230768 0.038461538461538464
0 0.6177884615384616 0.21153846153846154 0.11298076923076923 0.03485576923076923
0 0.4411057692307692 0.2956730769230769 0.07091346153846154 0.09134615384615384
0 0.7223557692307693 0.09735576923076923 0.06490384615384616 0.040865384615384616
0 0.6213942307692307 0.3713942307692308 0.08653846153846154 0.04927884615384615
0 0.8497596153846154 0.46634615384615385 0.125 0.02283653846153846
0 0.026442307692307692 0.24158653846153846 0.04927884615384615 0.036057692307692304
0 0.11298076923076923 0.2668269230769231 0.06850961538461539 0.05048076923076923
0 0.12860576923076922 0.21754807692307693 0.03365384615384615 0.038461538461538464
0 0.7860576923076923 0.01201923076923077 0.08653846153846154 0.02403846153846154
0 0.18990384615384615 0.042067307692307696 0.04927884615384615 0.040865384615384616
0 0.46634615384615385 0.5204326923076923 0.037259615384615384 0.06009615384615385
0 0.1310096153846154 0.6394230769230769 0.0673076923076923 0.055288461538461536
0 0.3173076923076923 0.7115384615384616 0.038461538461538464 0.0889423076923077
0 0.5360576923076923 0.7560096153846154 0.05889423076923077 0.019230769230769232
0 0.6694711538461539 0.8870192307692307 0.06370192307692307 0.055288461538461536
0 0.49759615384615385 0.9014423076923077 0.04927884615384615 0.05889423076923077
0 0.7043269230769231 0.7451923076923077 0.10216346153846154 0.07572115384615384
0 0.78125 0.6153846153846154 0.07091346153846154 0.06610576923076923
0 0.19110576923076922 0.9735576923076923 0.03365384615384615 0.051682692307692304
0 0.6454326923076923 0.10336538461538461 0.09254807692307693 0.09134615384615384
0 0.057692307692307696 0.5336538461538461 0.1045673076923077 0.1045673076923077
0 0.23677884615384615 0.7944711538461539 0.03245192307692308 0.05048076923076923
0 0.3557692307692308 0.046875 0.038461538461538464 0.03485576923076923
0 0.2800480769230769 0.46634615384615385 0.06009615384615385 0.039663461538461536