0 0.671875 0.4639423076923077 0.06129807692307692 0.10817307692307693
0 0.21153846153846154 0.625 0.109375 0.04447115384615385
0 0.5108173076923077 0.421875 0.08533653846153846 0.11778846153846154
0 0.5925480769230769 0.38100961538461536 0.08173076923076923 0.08052884615384616
0 0.75 0.3076923076923077 0.07451923076923077 0.08173076923076923
0 0.671875 0.4639423076923077 0.06129807692307692 0.10817307692307693
0 0.7824519230769231 0.5396634615384616 0.08653846153846154 0.09134615384615384
0 0.5564903846153846 0.6057692307692307 0.09735576923076923 0.054086538461538464
0 0.042067307692307696 0.8161057692307693 0.08052884615384616 0.08653846153846154
0 0.9170673076923077 0.2548076923076923 0.04567307692307692 0.12740384615384615
0 0.6225961538461539 0.09375 0.07692307692307693 0.07091346153846154
0 0.18509615384615385 0.1141826923076923 0.13221153846153846 0.10817307692307693
0 0.13341346153846154 0.8016826923076923 0.07932692307692307 0.12740384615384615
0 0.4951923076923077 0.8701923076923077 0.04447115384615385 0.042067307692307696
0 0.3076923076923077 0.33533653846153844 0.07572115384615384 0.0625
0 0.6766826923076923 0.16105769230769232 0.057692307692307696 0.054086538461538464
0 0.2920673076923077 0.07091346153846154 0.15384615384615385 0.07091346153846154
0 0.13221153846153846 0.6346153846153846 0.07211538461538461 0.1045673076923077
0 0.31009615384615385 0.039663461538461536 0.12860576923076922 0.07572115384615384
0 0.15144230769230768 0.18389423076923078 0.08052884615384616 0.078125
0 0.2764423076923077 0.7139423076923077 0.12740384615384615 0.06610576923076923
0 0.5612980769230769 0.2644230769230769 0.054086538461538464 0.1045673076923077
0 0.039663461538461536 0.4519230769230769 0.07932692307692307 0.09134615384615384
0 0.7067307692307693 0.8233173076923077 0.13221153846153846 0.10096153846153846
0 0.1502403846153846 0.9675480769230769 0.07211538461538461 0.0625
0 0.6754807692307693 0.9026442307692307 0.1141826923076923 0.06009615384615385
0 0.8401442307692307 0.28846153846153844 0.05048076923076923 0.09014423076923077
0 0.9519230769230769 0.8617788461538461 0.07692307692307693 0.04927884615384615
0 0.7439903846153846 0.6286057692307693 0.08173076923076923 0.05889423076923077
0 0.46634615384615385 0.046875 0.06009615384615385 0.09254807692307693
0 0.5985576923076923 0.5913461538461539 0.10096153846153846 0.040865384615384616
0 0.3329326923076923 0.9242788461538461 0.057692307692307696 0.052884615384615384
0 0.07572115384615384 0.21634615384615385 0.054086538461538464 0.07091346153846154
0 0.19230769230769232 0.39302884615384615 0.0673076923076923 0.09615384615384616
0 0.5132211538461539 0.23076923076923078 0.056490384615384616 0.06009615384615385
0 0.4110576923076923 0.7560096153846154 0.04807692307692308 0.0889423076923077
0 0.3401442307692308 0.22716346153846154 0.10576923076923077 0.08533653846153846
0 0.27884615384615385 0.6286057692307693 0.11778846153846154 0.07091346153846154
0 0.22716346153846154 0.6634615384615384 0.08173076923076923 0.025240384615384616
0 0.8028846153846154 0.13701923076923078 0.04447115384615385 0.07211538461538461
0 0.6983173076923077 0.22596153846153846 0.056490384615384616 0.09975961538461539
0 0.14302884615384615 0.25600961538461536 0.125 0.07932692307692307
0 0.3112980769230769 0.7836538461538461 0.0889423076923077 0.052884615384615384
0 0.2091346153846154 0.45913461538461536 0.05889423076923077 0.04927884615384615
0 0.2512019230769231 0.30649038461538464 0.08533653846153846 0.109375
0 0.9375 0.5853365384615384 0.08533653846153846 0.09375
0 0.0733173076923077 0.5288461538461539 0.09254807692307693 0.11298076923076923
0 0.14903846153846154 0.5901442307692307 0.14783653846153846 0.13942307692307693
0 0.051682692307692304 0.5817307692307693 0.10096153846153846 0.08052884615384616
0 0.5649038461538461 0.9759615384615384 0.08533653846153846 0.04447115384615385
0 0.8473557692307693 0.09375 0.052884615384615384 0.0889423076923077
0 0.09375 0.15264423076923078 0.06490384615384616 0.07932692307692307
0 0.7836538461538461 0.31490384615384615 0.08413461538461539 0.11538461538461539
0 0.05889423076923077 0.11298076923076923 0.11778846153846154 0.04807692307692308
0 0.734375 0.5997596153846154 0.06971153846153846 0.056490384615384616
0 0.47596153846153844 0.2980769230769231 0.11778846153846154 0.11298076923076923
0 0.7355769230769231 0.9771634615384616 0.03485576923076923 0.04447115384615385
0 0.2283653846153846 0.9675480769230769 0.03125 0.06370192307692307
0 0.5324519230769231 0.5396634615384616 0.109375 0.08052884615384616
0 0.43990384615384615 0.4182692307692308 0.09735576923076923 0.09615384615384616
0 0.021634615384615384 0.3605769230769231 0.04326923076923077 0.07211538461538461
0 0.9615384615384616 0.6935096153846154 0.051682692307692304 0.04447115384615385
0 0.8701923076923077 0.8076923076923077 0.036057692307692304 0.16826923076923078
0 0.13942307692307693 0.28365384615384615 0.10336538461538461 0.07572115384615384
0 0.7764423076923077 0.6730769230769231 0.08533653846153846 0.06490384615384616
0 0.5024038461538461 0.1045673076923077 0.06009615384615385 0.0733173076923077