0 0.31850961538461536 0.5625 0.09735576923076923 0.1346153846153846
0 0.13581730769230768 0.14783653846153846 0.12259615384615384 0.1502403846153846
0 0.7427884615384616 0.0733173076923077 0.08173076923076923 0.09615384615384616
0 0.4014423076923077 0.5396634615384616 0.1201923076923077 0.06971153846153846
0 0.0985576923076923 0.03125 0.06610576923076923 0.0625
0 0.16706730769230768 0.08533653846153846 0.08173076923076923 0.13701923076923078
0 0.6802884615384616 0.265625 0.09134615384615384 0.1201923076923077
0 0.2704326923076923 0.9615384615384616 0.09615384615384616 0.07572115384615384
0 0.6358173076923077 0.09975961538461539 0.08653846153846154 0.14903846153846154
0 0.9747596153846154 0.3016826923076923 0.04927884615384615 0.1502403846153846
0 0.018028846153846152 0.5 0.03485576923076923 0.04807692307692308
0 0.4579326923076923 0.9447115384615384 0.07932692307692307 0.08653846153846154
0 0.13221153846153846 0.4266826923076923 0.16346153846153846 0.13341346153846154
0 0.15384615384615385 0.6322115384615384 0.14302884615384615 0.09134615384615384
0 0.7764423076923077 0.4543269230769231 0.1141826923076923 0.09615384615384616
0 0.4735576923076923 0.10216346153846154 0.06971153846153846 0.0889423076923077
0 0.9122596153846154 0.3954326923076923 0.06850961538461539 0.13942307692307693
0 0.33533653846153844 0.8329326923076923 0.07932692307692307 0.08413461538461539
0 0.24519230769230768 0.16466346153846154 0.06971153846153846 0.13341346153846154
0 0.23076923076923078 0.2704326923076923 0.17067307692307693 0.2283653846153846
0 0.5649038461538461 0.125 0.07572115384615384 0.14543269230769232
0 0.17548076923076922 0.8894230769230769 0.11658653846153846 0.10697115384615384
0 0.039663461538461536 0.6442307692307693 0.078125 0.0625
0 0.17548076923076922 0.39302884615384615 0.07572115384615384 0.07211538461538461
0 0.19831730769230768 0.025240384615384616 0.07572115384615384 0.05048076923076923