0 0.1658653846153846 0.18389423076923078 0.07572115384615384 0.028846153846153848
0 0.07572115384615384 0.2608173076923077 0.08774038461538461 0.037259615384615384
0 0.13341346153846154 0.27163461538461536 0.11778846153846154 0.036057692307692304
0 0.06610576923076923 0.3137019230769231 0.08774038461538461 0.055288461538461536
0 0.14543269230769232 0.3161057692307692 0.0733173076923077 0.040865384615384616
0 0.29086538461538464 0.1466346153846154 0.039663461538461536 0.030048076923076924
0 0.2932692307692308 0.22115384615384615 0.04807692307692308 0.046875
0 0.5673076923076923 0.1466346153846154 0.09254807692307693 0.06009615384615385
0 0.8569711538461539 0.11177884615384616 0.06129807692307692 0.09975961538461539
0 0.7175480769230769 0.15504807692307693 0.030048076923076924 0.078125
0 0.6550480769230769 0.18990384615384615 0.038461538461538464 0.03125
0 0.6490384615384616 0.07091346153846154 0.04447115384615385 0.11538461538461539
0 0.8329326923076923 0.22115384615384615 0.052884615384615384 0.06129807692307692
0 0.9302884615384616 0.2824519230769231 0.06971153846153846 0.055288461538461536
0 0.8052884615384616 0.27163461538461536 0.09615384615384616 0.037259615384615384
0 0.8209134615384616 0.32572115384615385 0.078125 0.04326923076923077
0 0.7259615384615384 0.28966346153846156 0.054086538461538464 0.04927884615384615
0 0.7752403846153846 0.22596153846153846 0.06009615384615385 0.056490384615384616
0 0.5060096153846154 0.2127403846153846 0.09014423076923077 0.04807692307692308
0 0.37259615384615385 0.22956730769230768 0.06850961538461539 0.030048076923076924
0 0.5949519230769231 0.7632211538461539 0.1141826923076923 0.038461538461538464
0 0.5132211538461539 0.7980769230769231 0.046875 0.07572115384615384
0 0.40384615384615385 0.28365384615384615 0.07451923076923077 0.025240384615384616
0 0.5060096153846154 0.2764423076923077 0.039663461538461536 0.02403846153846154
0 0.6538461538461539 0.36778846153846156 0.052884615384615384 0.021634615384615384
0 0.8641826923076923 0.8305288461538461 0.08533653846153846 0.028846153846153848
0 0.7836538461538461 0.6706730769230769 0.037259615384615384 0.042067307692307696
0 0.875 0.6538461538461539 0.03365384615384615 0.03365384615384615
0 0.9747596153846154 0.6574519230769231 0.03485576923076923 0.028846153846153848
0 0.7427884615384616 0.6935096153846154 0.04927884615384615 0.027644230769230768
0 0.6490384615384616 0.6538461538461539 0.056490384615384616 0.028846153846153848
0 0.7596153846153846 0.7295673076923077 0.040865384615384616 0.054086538461538464
0 0.13341346153846154 0.5757211538461539 0.078125 0.06610576923076923
0 0.0985576923076923 0.5961538461538461 0.07932692307692307 0.03125
0 0.3798076923076923 0.6117788461538461 0.038461538461538464 0.038461538461538464
0 0.5360576923076923 0.6442307692307693 0.05889423076923077 0.040865384615384616
0 0.32091346153846156 0.7007211538461539 0.04447115384615385 0.03485576923076923
0 0.375 0.6802884615384616 0.06490384615384616 0.04447115384615385
0 0.24639423076923078 0.640625 0.0829326923076923 0.03365384615384615
0 0.16466346153846154 0.6442307692307693 0.06610576923076923 0.03485576923076923
0 0.4987980769230769 0.7451923076923077 0.05048076923076923 0.040865384615384616
0 0.25961538461538464 0.9747596153846154 0.1045673076923077 0.04927884615384615
0 0.4362980769230769 0.2127403846153846 0.07211538461538461 0.03125
0 0.4206730769230769 0.19831730769230768 0.03365384615384615 0.019230769230769232
0 0.5144230769230769 0.6418269230769231 0.039663461538461536 0.021634615384615384
0 0.9459134615384616 0.7127403846153846 0.027644230769230768 0.03365384615384615
0 0.9783653846153846 0.7692307692307693 0.028846153846153848 0.04447115384615385
0 0.9074519230769231 0.24158653846153846 0.03125 0.03365384615384615
0 0.515625 0.5384615384615384 0.020432692307692308 0.030048076923076924