0 0.8858173076923077 0.11538461538461539 0.055288461538461536 0.0985576923076923
0 0.9326923076923077 0.8473557692307693 0.055288461538461536 0.09615384615384616
0 0.8137019230769231 0.13221153846153846 0.046875 0.06490384615384616
0 0.7043269230769231 0.37259615384615385 0.08653846153846154 0.039663461538461536
0 0.890625 0.27163461538461536 0.08052884615384616 0.04927884615384615
0 0.2512019230769231 0.9759615384615384 0.0985576923076923 0.04326923076923077
0 0.7127403846153846 0.6490384615384616 0.09735576923076923 0.04447115384615385
0 0.7668269230769231 0.35216346153846156 0.06971153846153846 0.08653846153846154
0 0.2536057692307692 0.8461538461538461 0.08533653846153846 0.08533653846153846
0 0.5264423076923077 0.3449519230769231 0.06971153846153846 0.05889423076923077
0 0.5168269230769231 0.4735576923076923 0.07091346153846154 0.0829326923076923
0 0.8497596153846154 0.39302884615384615 0.054086538461538464 0.055288461538461536
0 0.7151442307692307 0.5216346153846154 0.030048076923076924 0.08052884615384616
0 0.9831730769230769 0.39903846153846156 0.03125 0.07451923076923077
0 0.31009615384615385 0.46875 0.04807692307692308 0.06009615384615385
0 0.09134615384615384 0.16346153846153846 0.09014423076923077 0.08774038461538461
0 0.019230769230769232 0.1502403846153846 0.038461538461538464 0.056490384615384616
0 0.8209134615384616 0.052884615384615384 0.07572115384615384 0.078125
0 0.4098557692307692 0.2091346153846154 0.03485576923076923 0.07932692307692307
0 0.3798076923076923 0.5733173076923077 0.07692307692307693 0.04807692307692308
0 0.08774038461538461 0.75 0.09134615384615384 0.0985576923076923
0 0.08653846153846154 0.9387019230769231 0.06009615384615385 0.07572115384615384
0 0.08774038461538461 0.5588942307692307 0.05889423076923077 0.08774038461538461
0 0.6875 0.13341346153846154 0.051682692307692304 0.09134615384615384
0 0.9459134615384616 0.9242788461538461 0.052884615384615384 0.0625
0 0.11298076923076923 0.12740384615384615 0.06850961538461539 0.0673076923076923
0 0.5576923076923077 0.8233173076923077 0.11538461538461539 0.14302884615384615
0 0.7836538461538461 0.2764423076923077 0.03125 0.06971153846153846
0 0.9134615384615384 0.21875 0.055288461538461536 0.14302884615384615
0 0.12259615384615384 0.016826923076923076 0.055288461538461536 0.03125
0 0.328125 0.875 0.06129807692307692 0.08533653846153846
0 0.11057692307692307 0.8112980769230769 0.10216346153846154 0.0829326923076923
0 0.03485576923076923 0.6706730769230769 0.06971153846153846 0.07692307692307693
0 0.18990384615384615 0.9735576923076923 0.06129807692307692 0.038461538461538464
0 0.11658653846153846 0.6129807692307693 0.07451923076923077 0.046875
0 0.3713942307692308 0.3798076923076923 0.05048076923076923 0.04807692307692308
0 0.6454326923076923 0.84375 0.054086538461538464 0.12379807692307693
0 0.8786057692307693 0.18870192307692307 0.056490384615384616 0.10096153846153846
0 0.6790865384615384 0.6622596153846154 0.08413461538461539 0.046875
0 0.5913461538461539 0.15144230769230768 0.07572115384615384 0.10216346153846154
0 0.5408653846153846 0.021634615384615384 0.06370192307692307 0.04326923076923077
0 0.15264423076923078 0.8100961538461539 0.08173076923076923 0.06490384615384616
0 0.25 0.3858173076923077 0.06490384615384616 0.054086538461538464
0 0.10336538461538461 0.22956730769230768 0.08052884615384616 0.056490384615384616
0 0.22235576923076922 0.04567307692307692 0.09254807692307693 0.06490384615384616
0 0.9771634615384616 0.6814903846153846 0.04447115384615385 0.07451923076923077
0 0.2800480769230769 0.5528846153846154 0.0625 0.11057692307692307
0 0.7355769230769231 0.21754807692307693 0.08052884615384616 0.08413461538461539
0 0.33533653846153844 0.5865384615384616 0.06129807692307692 0.04326923076923077
0 0.6586538461538461 0.5 0.08052884615384616 0.055288461538461536
0 0.8365384615384616 0.43990384615384615 0.09134615384615384 0.12860576923076922
0 0.3269230769230769 0.8245192307692307 0.1346153846153846 0.07572115384615384
0 0.3293269230769231 0.5516826923076923 0.10096153846153846 0.04807692307692308
0 0.4050480769230769 0.27884615384615385 0.06971153846153846 0.08052884615384616
0 0.21995192307692307 0.14423076923076922 0.06490384615384616 0.08653846153846154
0 0.484375 0.5709134615384616 0.11778846153846154 0.10336538461538461
0 0.37259615384615385 0.5096153846153846 0.05048076923076923 0.10216346153846154
0 0.2848557692307692 0.6069711538461539 0.07692307692307693 0.05889423076923077
0 0.7824519230769231 0.7475961538461539 0.08173076923076923 0.04927884615384615
0 0.9447115384615384 0.38221153846153844 0.055288461538461536 0.07572115384615384
0 0.30528846153846156 0.2920673076923077 0.04447115384615385 0.07572115384615384
0 0.9411057692307693 0.4483173076923077 0.04927884615384615 0.12740384615384615
0 0.8569711538461539 0.8701923076923077 0.10576923076923077 0.057692307692307696
0 0.6899038461538461 0.2704326923076923 0.06370192307692307 0.052884615384615384
0 0.47596153846153844 0.49399038461538464 0.0625 0.08173076923076923
0 0.5697115384615384 0.040865384615384616 0.07572115384615384 0.04927884615384615
0 0.6802884615384616 0.9555288461538461 0.05889423076923077 0.07572115384615384
0 0.5252403846153846 0.7956730769230769 0.06610576923076923 0.07572115384615384
0 0.21995192307692307 0.6466346153846154 0.06490384615384616 0.07572115384615384
0 0.5480769230769231 0.26802884615384615 0.08413461538461539 0.056490384615384616
0 0.6442307692307693 0.5913461538461539 0.0985576923076923 0.09375
0 0.19471153846153846 0.3942307692307692 0.036057692307692304 0.04567307692307692