0 0.19951923076923078 0.018028846153846152 0.04447115384615385 0.03365384615384615
0 0.09495192307692307 0.019230769230769232 0.1310096153846154 0.037259615384615384
0 0.1201923076923077 0.057692307692307696 0.1045673076923077 0.04927884615384615
0 0.28846153846153844 0.051682692307692304 0.04927884615384615 0.04807692307692308
0 0.2860576923076923 0.12860576923076922 0.07091346153846154 0.078125
0 0.265625 0.17668269230769232 0.057692307692307696 0.028846153846153848
0 0.1658653846153846 0.14543269230769232 0.06850961538461539 0.07692307692307693
0 0.3701923076923077 0.06129807692307692 0.056490384615384616 0.07451923076923077
0 0.90625 0.3329326923076923 0.08533653846153846 0.15865384615384615
0 0.8064903846153846 0.28365384615384615 0.06009615384615385 0.09375
0 0.7944711538461539 0.359375 0.08774038461538461 0.12620192307692307
0 0.7139423076923077 0.30528846153846156 0.08653846153846154 0.1502403846153846
0 0.7740384615384616 0.4170673076923077 0.08052884615384616 0.06610576923076923
0 0.6274038461538461 0.29447115384615385 0.11658653846153846 0.07091346153846154
0 0.5733173076923077 0.3269230769230769 0.14903846153846154 0.07572115384615384
0 0.7632211538461539 0.47716346153846156 0.05048076923076923 0.040865384615384616
0 0.6430288461538461 0.42788461538461536 0.10576923076923077 0.036057692307692304
0 0.6298076923076923 0.4675480769230769 0.08533653846153846 0.040865384615384616
0 0.3918269230769231 0.5024038461538461 0.08653846153846154 0.14302884615384615
0 0.9170673076923077 0.15144230769230768 0.04447115384615385 0.06971153846153846
0 0.7824519230769231 0.08052884615384616 0.04447115384615385 0.046875
0 0.8545673076923077 0.21875 0.12259615384615384 0.1346153846153846
0 0.6442307692307693 0.5949519230769231 0.09014423076923077 0.04927884615384615
0 0.5985576923076923 0.5805288461538461 0.15384615384615385 0.1466346153846154
0 0.6742788461538461 0.6778846153846154 0.12139423076923077 0.04927884615384615
0 0.7884615384615384 0.6213942307692307 0.078125 0.11298076923076923
0 0.8461538461538461 0.5144230769230769 0.04927884615384615 0.038461538461538464
0 0.8918269230769231 0.5745192307692307 0.038461538461538464 0.06971153846153846
0 0.9447115384615384 0.4951923076923077 0.08774038461538461 0.07211538461538461
0 0.9807692307692307 0.6310096153846154 0.03365384615384615 0.11298076923076923
0 0.7896634615384616 0.7067307692307693 0.056490384615384616 0.04927884615384615
0 0.7355769230769231 0.7415865384615384 0.09254807692307693 0.06610576923076923
0 0.6045673076923077 0.8173076923076923 0.07091346153846154 0.08052884615384616
0 0.34975961538461536 0.8389423076923077 0.037259615384615384 0.0829326923076923
0 0.2548076923076923 0.9831730769230769 0.09254807692307693 0.03125
0 0.2848557692307692 0.9326923076923077 0.04447115384615385 0.06370192307692307
0 0.0829326923076923 0.8617788461538461 0.07572115384615384 0.052884615384615384
0 0.037259615384615384 0.7524038461538461 0.07451923076923077 0.056490384615384616
0 0.04326923076923077 0.9314903846153846 0.08653846153846154 0.04927884615384615
0 0.28365384615384615 0.6526442307692307 0.10576923076923077 0.07091346153846154
0 0.3545673076923077 0.5264423076923077 0.14302884615384615 0.054086538461538464
0 0.24278846153846154 0.3786057692307692 0.10576923076923077 0.03245192307692308
0 0.234375 0.42908653846153844 0.0733173076923077 0.06129807692307692
0 0.11538461538461539 0.24759615384615385 0.12860576923076922 0.04927884615384615
0 0.18028846153846154 0.2860576923076923 0.06129807692307692 0.04927884615384615
0 0.10096153846153846 0.30408653846153844 0.0985576923076923 0.0673076923076923
0 0.1045673076923077 0.359375 0.10216346153846154 0.04447115384615385
0 0.8605769230769231 0.1310096153846154 0.040865384615384616 0.04447115384615385
0 0.5600961538461539 0.1310096153846154 0.09615384615384616 0.04927884615384615
0 0.5985576923076923 0.20072115384615385 0.05048076923076923 0.04807692307692308
0 0.24278846153846154 0.33052884615384615 0.06610576923076923 0.046875
0 0.9831730769230769 0.0625 0.03125 0.04807692307692308
0 0.7668269230769231 0.13221153846153846 0.04927884615384615 0.04807692307692308
0 0.5949519230769231 0.039663461538461536 0.04567307692307692 0.07932692307692307
0 0.5300480769230769 0.026442307692307692 0.042067307692307696 0.052884615384615384
0 0.49759615384615385 0.03485576923076923 0.06490384615384616 0.06971153846153846
0 0.49038461538461536 0.10096153846153846 0.10697115384615384 0.04447115384615385
0 0.890625 0.2512019230769231 0.0673076923076923 0.06490384615384616
0 0.9675480769230769 0.38341346153846156 0.04927884615384615 0.09254807692307693
0 0.37740384615384615 0.010817307692307692 0.056490384615384616 0.020432692307692308