0 0.9110576923076923 0.040865384615384616 0.0673076923076923 0.08173076923076923
0 0.8665865384615384 0.020432692307692308 0.03365384615384615 0.038461538461538464
0 0.8125 0.07091346153846154 0.04567307692307692 0.06370192307692307
0 0.9495192307692307 0.1622596153846154 0.08052884615384616 0.07692307692307693
0 0.6237980769230769 0.06009615384615385 0.07572115384615384 0.10697115384615384
0 0.6213942307692307 0.109375 0.04807692307692308 0.07091346153846154
0 0.5108173076923077 0.05048076923076923 0.12620192307692307 0.10096153846153846
0 0.42788461538461536 0.05889423076923077 0.057692307692307696 0.11778846153846154
0 0.31490384615384615 0.07932692307692307 0.10336538461538461 0.07572115384615384
0 0.25240384615384615 0.025240384615384616 0.08653846153846154 0.05048076923076923
0 0.1971153846153846 0.037259615384615384 0.025240384615384616 0.030048076923076924
0 0.1875 0.016826923076923076 0.04567307692307692 0.03245192307692308
0 0.16947115384615385 0.06370192307692307 0.054086538461538464 0.056490384615384616
0 0.12379807692307693 0.0829326923076923 0.06610576923076923 0.06370192307692307
0 0.390625 0.1658653846153846 0.04567307692307692 0.07451923076923077
0 0.5240384615384616 0.13581730769230768 0.040865384615384616 0.07692307692307693
0 0.6490384615384616 0.20552884615384615 0.04567307692307692 0.046875
0 0.8076923076923077 0.2692307692307692 0.08173076923076923 0.14302884615384615
0 0.7127403846153846 0.35096153846153844 0.04447115384615385 0.0625
0 0.6790865384615384 0.3245192307692308 0.06610576923076923 0.054086538461538464
0 0.6454326923076923 0.29086538461538464 0.06490384615384616 0.04807692307692308
0 0.6045673076923077 0.34134615384615385 0.04927884615384615 0.055288461538461536
0 0.6514423076923077 0.36658653846153844 0.06009615384615385 0.06490384615384616
0 0.8473557692307693 0.3954326923076923 0.04447115384615385 0.05889423076923077
0 0.640625 0.4483173076923077 0.026442307692307692 0.055288461538461536
0 0.6646634615384616 0.4519230769230769 0.03125 0.04567307692307692
0 0.7055288461538461 0.453125 0.03485576923076923 0.038461538461538464
0 0.8016826923076923 0.49278846153846156 0.030048076923076924 0.025240384615384616
0 0.4495192307692308 0.4639423076923077 0.03365384615384615 0.042067307692307696
0 0.41947115384615385 0.45913461538461536 0.027644230769230768 0.027644230769230768
0 0.19591346153846154 0.49759615384615385 0.06009615384615385 0.038461538461538464
0 0.3317307692307692 0.5961538461538461 0.038461538461538464 0.06009615384615385
0 0.3088942307692308 0.5769230769230769 0.055288461538461536 0.07091346153846154
0 0.02283653846153846 0.5661057692307693 0.04567307692307692 0.03365384615384615
0 0.04326923076923077 0.6009615384615384 0.08653846153846154 0.040865384615384616
0 0.0889423076923077 0.6274038461538461 0.06850961538461539 0.036057692307692304
0 0.12139423076923077 0.6442307692307693 0.09615384615384616 0.028846153846153848
0 0.1622596153846154 0.6658653846153846 0.08173076923076923 0.04927884615384615
0 0.328125 0.7007211538461539 0.039663461538461536 0.04447115384615385
0 0.296875 0.6286057692307693 0.09134615384615384 0.037259615384615384
0 0.2764423076923077 0.7007211538461539 0.057692307692307696 0.0829326923076923
0 0.3076923076923077 0.65625 0.0733173076923077 0.021634615384615384
0 0.2403846153846154 0.65625 0.027644230769230768 0.039663461538461536
0 0.21394230769230768 0.8137019230769231 0.04807692307692308 0.11177884615384616
0 0.16947115384615385 0.8641826923076923 0.078125 0.15384615384615385
0 0.15144230769230768 0.7620192307692307 0.04927884615384615 0.038461538461538464
0 0.07211538461538461 0.6947115384615384 0.06610576923076923 0.037259615384615384
0 0.051682692307692304 0.8137019230769231 0.05889423076923077 0.06009615384615385
0 0.09975961538461539 0.8533653846153846 0.12379807692307693 0.037259615384615384
0 0.265625 0.8786057692307693 0.051682692307692304 0.03485576923076923
0 0.28125 0.9122596153846154 0.0625 0.04326923076923077
0 0.42908653846153844 0.7992788461538461 0.07572115384615384 0.08413461538461539
0 0.2764423076923077 0.953125 0.04927884615384615 0.04927884615384615
0 0.2283653846153846 0.9639423076923077 0.04326923076923077 0.03245192307692308
0 0.1778846153846154 0.9411057692307693 0.04447115384615385 0.052884615384615384
0 0.03365384615384615 0.9555288461538461 0.052884615384615384 0.06009615384615385
0 0.07692307692307693 0.9879807692307693 0.06129807692307692 0.02283653846153846
0 0.02403846153846154 0.9855769230769231 0.046875 0.027644230769230768
0 0.6045673076923077 0.7692307692307693 0.1201923076923077 0.0673076923076923
0 0.5204326923076923 0.7824519230769231 0.08173076923076923 0.04567307692307692
0 0.7223557692307693 0.7884615384615384 0.025240384615384616 0.02403846153846154
0 0.7067307692307693 0.9110576923076923 0.06370192307692307 0.07932692307692307
0 0.8028846153846154 0.8341346153846154 0.0829326923076923 0.11778846153846154
0 0.9086538461538461 0.8149038461538461 0.09495192307692307 0.0889423076923077
0 0.9747596153846154 0.8978365384615384 0.04447115384615385 0.05048076923076923
0 0.796875 0.7247596153846154 0.025240384615384616 0.03125
0 0.7151442307692307 0.6454326923076923 0.040865384615384616 0.0625
0 0.1935096153846154 0.5264423076923077 0.06009615384615385 0.03125
0 0.38822115384615385 0.8665865384615384 0.018028846153846152 0.013221153846153846