0 0.8798076923076923 0.025240384615384616 0.09014423076923077 0.05048076923076923
0 0.9831730769230769 0.7608173076923077 0.03125 0.08052884615384616
0 0.828125 0.22956730769230768 0.11177884615384616 0.09615384615384616
0 0.18629807692307693 0.7956730769230769 0.07932692307692307 0.09134615384615384
0 0.9471153846153846 0.2247596153846154 0.10336538461538461 0.07451923076923077
0 0.26802884615384615 0.6189903846153846 0.15985576923076922 0.07572115384615384
0 0.7548076923076923 0.09615384615384616 0.0733173076923077 0.12980769230769232
0 0.3545673076923077 0.2932692307692308 0.10216346153846154 0.07091346153846154
0 0.6274038461538461 0.125 0.1502403846153846 0.13942307692307693
0 0.4795673076923077 0.7091346153846154 0.09134615384615384 0.14903846153846154
0 0.18509615384615385 0.08052884615384616 0.078125 0.1201923076923077
0 0.796875 0.04447115384615385 0.08413461538461539 0.08774038461538461
0 0.28365384615384615 0.8689903846153846 0.10697115384615384 0.10216346153846154
0 0.6153846153846154 0.9447115384615384 0.09735576923076923 0.0673076923076923
0 0.6141826923076923 0.17668269230769232 0.11057692307692307 0.09375
0 0.90625 0.11658653846153846 0.10336538461538461 0.09975961538461539
0 0.4795673076923077 0.04447115384615385 0.09254807692307693 0.08413461538461539
0 0.32572115384615385 0.040865384615384616 0.07932692307692307 0.08173076923076923
0 0.484375 0.17427884615384615 0.08413461538461539 0.08052884615384616
0 0.8798076923076923 0.9795673076923077 0.07211538461538461 0.039663461538461536
0 0.020432692307692308 0.9242788461538461 0.040865384615384616 0.06009615384615385
0 0.41225961538461536 0.4206730769230769 0.09134615384615384 0.078125
0 0.12259615384615384 0.9747596153846154 0.06850961538461539 0.04567307692307692
0 0.7043269230769231 0.140625 0.09134615384615384 0.10336538461538461
0 0.10336538461538461 0.025240384615384616 0.08653846153846154 0.05048076923076923
0 0.49038461538461536 0.7463942307692307 0.11538461538461539 0.09014423076923077
0 0.8353365384615384 0.49278846153846156 0.09615384615384616 0.11778846153846154
0 0.026442307692307692 0.40625 0.051682692307692304 0.08413461538461539
0 0.1466346153846154 0.28966346153846156 0.08653846153846154 0.0733173076923077
0 0.3173076923076923 0.7199519230769231 0.11057692307692307 0.0829326923076923
0 0.2283653846153846 0.31009615384615385 0.08173076923076923 0.09134615384615384