0 0.23798076923076922 0.2536057692307692 0.1201923076923077 0.0829326923076923
0 0.6742788461538461 0.2548076923076923 0.08052884615384616 0.057692307692307696
0 0.43990384615384615 0.3016826923076923 0.1201923076923077 0.06370192307692307
0 0.09375 0.019230769230769232 0.07692307692307693 0.038461538461538464
0 0.16947115384615385 0.028846153846153848 0.07211538461538461 0.057692307692307696
0 0.07451923076923077 0.07572115384615384 0.06971153846153846 0.09735576923076923
0 0.38221153846153844 0.546875 0.13341346153846154 0.08052884615384616
0 0.15865384615384615 0.15865384615384615 0.07572115384615384 0.05048076923076923
0 0.7355769230769231 0.09014423076923077 0.09254807692307693 0.09014423076923077
0 0.390625 0.037259615384615384 0.10697115384615384 0.07451923076923077
0 0.6322115384615384 0.609375 0.12860576923076922 0.06009615384615385
0 0.46153846153846156 0.23557692307692307 0.18028846153846154 0.09254807692307693
0 0.7992788461538461 0.45072115384615385 0.12620192307692307 0.08413461538461539
0 0.43509615384615385 0.3798076923076923 0.10697115384615384 0.07091346153846154
0 0.859375 0.2764423076923077 0.10096153846153846 0.07211538461538461
0 0.078125 0.3112980769230769 0.0625 0.055288461538461536
0 0.8461538461538461 0.055288461538461536 0.11778846153846154 0.109375
0 0.28365384615384615 0.6310096153846154 0.10216346153846154 0.10697115384615384
0 0.6802884615384616 0.2980769230769231 0.08052884615384616 0.057692307692307696
0 0.21754807692307693 0.4543269230769231 0.08052884615384616 0.09014423076923077