0 0.07572115384615384 0.052884615384615384 0.13221153846153846 0.10576923076923077
0 0.8473557692307693 0.390625 0.12980769230769232 0.052884615384615384
0 0.9651442307692307 0.4579326923076923 0.0673076923076923 0.051682692307692304
0 0.48197115384615385 0.18269230769230768 0.03485576923076923 0.06009615384615385
0 0.9495192307692307 0.41466346153846156 0.09975961538461539 0.046875
0 0.8629807692307693 0.16105769230769232 0.13701923076923078 0.07211538461538461
0 0.03245192307692308 0.20072115384615385 0.06490384615384616 0.0829326923076923
0 0.7632211538461539 0.22115384615384615 0.09735576923076923 0.057692307692307696
0 0.9711538461538461 0.06850961538461539 0.056490384615384616 0.04807692307692308
0 0.6742788461538461 0.10216346153846154 0.09375 0.08653846153846154
0 0.9014423076923077 0.11057692307692307 0.15504807692307693 0.0673076923076923
0 0.9663461538461539 0.2512019230769231 0.06610576923076923 0.06370192307692307
0 0.9567307692307693 0.039663461538461536 0.08533653846153846 0.07572115384615384