0 0.6274038461538461 0.5625 0.08052884615384616 0.07091346153846154
0 0.5576923076923077 0.36778846153846156 0.06490384615384616 0.07572115384615384
0 0.6790865384615384 0.9711538461538461 0.06971153846153846 0.056490384615384616
0 0.6177884615384616 0.8329326923076923 0.05889423076923077 0.11658653846153846
0 0.8305288461538461 0.19831730769230768 0.07692307692307693 0.06850961538461539
0 0.4483173076923077 0.6586538461538461 0.09254807692307693 0.16826923076923078
0 0.34615384615384615 0.453125 0.11177884615384616 0.06490384615384616
0 0.4362980769230769 0.3016826923076923 0.07091346153846154 0.051682692307692304
0 0.7692307692307693 0.9567307692307693 0.06129807692307692 0.08533653846153846
0 0.9579326923076923 0.16706730769230768 0.08052884615384616 0.0733173076923077
0 0.5973557692307693 0.16105769230769232 0.056490384615384616 0.0673076923076923
0 0.5348557692307693 0.7331730769230769 0.06490384615384616 0.07211538461538461
0 0.9170673076923077 0.35216346153846156 0.06370192307692307 0.06370192307692307
0 0.8137019230769231 0.12980769230769232 0.06971153846153846 0.046875
0 0.5420673076923077 0.8509615384615384 0.0733173076923077 0.078125
0 0.8461538461538461 0.9266826923076923 0.06850961538461539 0.1045673076923077
0 0.9038461538461539 0.7704326923076923 0.06009615384615385 0.09615384615384616
0 0.7439903846153846 0.10336538461538461 0.06009615384615385 0.0733173076923077
0 0.8653846153846154 0.40625 0.06009615384615385 0.06490384615384616
0 0.7223557692307693 0.6394230769230769 0.06610576923076923 0.0985576923076923
0 0.6610576923076923 0.7860576923076923 0.054086538461538464 0.08173076923076923
0 0.8100961538461539 0.8401442307692307 0.11778846153846154 0.09014423076923077
0 0.7163461538461539 0.33774038461538464 0.08774038461538461 0.08533653846153846
0 0.8185096153846154 0.6574519230769231 0.0733173076923077 0.1310096153846154
0 0.96875 0.6971153846153846 0.06009615384615385 0.09495192307692307
0 0.7391826923076923 0.7668269230769231 0.07572115384615384 0.125
0 0.03365384615384615 0.27283653846153844 0.054086538461538464 0.07692307692307693
0 0.3557692307692308 0.8822115384615384 0.08774038461538461 0.13341346153846154
0 0.9735576923076923 0.859375 0.051682692307692304 0.07692307692307693
0 0.7680288461538461 0.8810096153846154 0.0829326923076923 0.13221153846153846
0 0.8257211538461539 0.7475961538461539 0.04807692307692308 0.08052884615384616
0 0.8497596153846154 0.5036057692307693 0.09975961538461539 0.11177884615384616
0 0.6177884615384616 0.25721153846153844 0.04807692307692308 0.057692307692307696
0 0.5913461538461539 0.3076923076923077 0.040865384615384616 0.04927884615384615
0 0.5336538461538461 0.6045673076923077 0.06490384615384616 0.06971153846153846
0 0.6634615384615384 0.15745192307692307 0.0673076923076923 0.07932692307692307