0 0.1935096153846154 0.003605769230769231 0.04326923076923077 0.007211538461538462
0 0.1622596153846154 0.003605769230769231 0.016826923076923076 0.007211538461538462
0 0.2512019230769231 0.15384615384615385 0.026442307692307692 0.040865384615384616
0 0.203125 0.140625 0.078125 0.04807692307692308
0 0.3269230769230769 0.18389423076923078 0.03365384615384615 0.03245192307692308
0 0.057692307692307696 0.4110576923076923 0.04567307692307692 0.10697115384615384
0 0.2956730769230769 0.44591346153846156 0.04807692307692308 0.11778846153846154
0 0.06129807692307692 0.6177884615384616 0.027644230769230768 0.02403846153846154
0 0.09014423076923077 0.5649038461538461 0.09014423076923077 0.03485576923076923
0 0.10697115384615384 0.6057692307692307 0.03365384615384615 0.03485576923076923
0 0.31971153846153844 0.6790865384615384 0.02403846153846154 0.030048076923076924
0 0.12259615384615384 0.8653846153846154 0.125 0.028846153846153848
0 0.2536057692307692 0.7920673076923077 0.07572115384615384 0.055288461538461536
0 0.2439903846153846 0.7427884615384616 0.056490384615384616 0.038461538461538464
0 0.36177884615384615 0.8028846153846154 0.06009615384615385 0.04927884615384615
0 0.4074519230769231 0.7632211538461539 0.08413461538461539 0.009615384615384616
0 0.18990384615384615 0.9579326923076923 0.0889423076923077 0.08052884615384616
0 0.3293269230769231 0.8918269230769231 0.055288461538461536 0.11778846153846154
0 0.328125 0.9146634615384616 0.02403846153846154 0.12139423076923077
0 0.40625 0.8822115384615384 0.02403846153846154 0.040865384615384616
0 0.38341346153846156 0.9014423076923077 0.04567307692307692 0.10817307692307693
0 0.4831730769230769 0.8353365384615384 0.018028846153846152 0.016826923076923076
0 0.4699519230769231 0.8028846153846154 0.027644230769230768 0.038461538461538464
0 0.46274038461538464 0.828125 0.015625 0.009615384615384616
0 0.5168269230769231 0.8641826923076923 0.028846153846153848 0.02403846153846154
0 0.3870192307692308 0.6262019230769231 0.08653846153846154 0.03365384615384615
0 0.5564903846153846 0.7884615384615384 0.039663461538461536 0.021634615384615384
0 0.6129807692307693 0.8882211538461539 0.027644230769230768 0.052884615384615384
0 0.5961538461538461 0.9663461538461539 0.028846153846153848 0.06490384615384616
0 0.6454326923076923 0.8413461538461539 0.0625 0.018028846153846152
0 0.8016826923076923 0.9314903846153846 0.020432692307692308 0.040865384615384616
0 0.7259615384615384 0.7572115384615384 0.040865384615384616 0.03365384615384615
0 0.7139423076923077 0.7788461538461539 0.028846153846153848 0.014423076923076924
0 0.5432692307692307 0.7524038461538461 0.08653846153846154 0.03125
0 0.46634615384615385 0.6538461538461539 0.02403846153846154 0.06009615384615385
0 0.5060096153846154 0.46875 0.06370192307692307 0.08653846153846154
0 0.5528846153846154 0.41346153846153844 0.03365384615384615 0.056490384615384616
0 0.7752403846153846 0.6526442307692307 0.055288461538461536 0.030048076923076924
0 0.8713942307692307 0.5829326923076923 0.013221153846153846 0.018028846153846152
0 0.8425480769230769 0.8125 0.021634615384615384 0.07211538461538461
0 0.9242788461538461 0.7776442307692307 0.08774038461538461 0.04927884615384615
0 0.9170673076923077 0.6875 0.04927884615384615 0.02403846153846154
0 0.8966346153846154 0.7055288461538461 0.052884615384615384 0.021634615384615384
0 0.9230769230769231 0.6502403846153846 0.06370192307692307 0.04567307692307692
0 0.953125 0.7211538461538461 0.04807692307692308 0.02403846153846154
0 0.9471153846153846 0.515625 0.06129807692307692 0.025240384615384616
0 0.5360576923076923 0.1778846153846154 0.02403846153846154 0.02283653846153846
0 0.5576923076923077 0.21394230769230768 0.06370192307692307 0.03125
0 0.5865384615384616 0.22956730769230768 0.013221153846153846 0.019230769230769232
0 0.5985576923076923 0.23197115384615385 0.018028846153846152 0.03485576923076923
0 0.6346153846153846 0.2403846153846154 0.055288461538461536 0.02403846153846154
0 0.6490384615384616 0.31009615384615385 0.056490384615384616 0.025240384615384616
0 0.6262019230769231 0.13221153846153846 0.027644230769230768 0.025240384615384616
0 0.7043269230769231 0.12139423076923077 0.03125 0.06850961538461539
0 0.5805288461538461 0.40865384615384615 0.009615384615384616 0.038461538461538464
0 0.7367788461538461 0.31971153846153844 0.030048076923076924 0.028846153846153848
0 0.7355769230769231 0.25 0.03485576923076923 0.03365384615384615
0 0.7608173076923077 0.32572115384615385 0.04567307692307692 0.054086538461538464
0 0.796875 0.28725961538461536 0.06490384615384616 0.025240384615384616
0 0.796875 0.24158653846153846 0.06490384615384616 0.019230769230769232
0 0.8137019230769231 0.17668269230769232 0.07211538461538461 0.03365384615384615
0 0.8269230769230769 0.08413461538461539 0.06971153846153846 0.036057692307692304
0 0.8125 0.125 0.028846153846153848 0.04927884615384615
0 0.859375 0.0889423076923077 0.06971153846153846 0.0829326923076923
0 0.9302884615384616 0.125 0.06971153846153846 0.07451923076923077
0 0.8966346153846154 0.19110576923076922 0.021634615384615384 0.03365384615384615
0 0.8509615384615384 0.2283653846153846 0.07572115384615384 0.027644230769230768
0 0.9507211538461539 0.26802884615384615 0.055288461538461536 0.046875
0 0.8365384615384616 0.31850961538461536 0.038461538461538464 0.010817307692307692
0 0.9639423076923077 0.17548076923076922 0.026442307692307692 0.055288461538461536
0 0.0673076923076923 0.8377403846153846 0.018028846153846152 0.030048076923076924
0 0.6225961538461539 0.09254807692307693 0.042067307692307696 0.02403846153846154
0 0.9723557692307693 0.057692307692307696 0.010817307692307692 0.018028846153846152
0 0.9555288461538461 0.003605769230769231 0.02403846153846154 0.007211538461538462