0 0.06610576923076923 0.7367788461538461 0.13221153846153846 0.06009615384615385
0 0.24759615384615385 0.9134615384615384 0.07211538461538461 0.171875
0 0.6177884615384616 0.7307692307692307 0.052884615384615384 0.04927884615384615
0 0.3245192307692308 0.8810096153846154 0.04927884615384615 0.10576923076923077
0 0.796875 0.16466346153846154 0.0625 0.046875
0 0.11298076923076923 0.5372596153846154 0.06370192307692307 0.054086538461538464
0 0.9110576923076923 0.06009615384615385 0.054086538461538464 0.07572115384615384
0 0.5564903846153846 0.8028846153846154 0.037259615384615384 0.04326923076923077
0 0.5420673076923077 0.6670673076923077 0.04567307692307692 0.051682692307692304
0 0.5084134615384616 0.8185096153846154 0.06490384615384616 0.07211538461538461
0 0.22355769230769232 0.8413461538461539 0.09254807692307693 0.06129807692307692
0 0.8846153846153846 0.36778846153846156 0.06129807692307692 0.06610576923076923
0 0.5228365384615384 0.5276442307692307 0.05889423076923077 0.07211538461538461
0 0.6177884615384616 0.014423076923076924 0.10576923076923077 0.028846153846153848
0 0.2932692307692308 0.20552884615384615 0.11177884615384616 0.09975961538461539
0 0.9579326923076923 0.11177884615384616 0.08052884615384616 0.06971153846153846
0 0.36778846153846156 0.8990384615384616 0.055288461538461536 0.07091346153846154
0 0.6274038461538461 0.8762019230769231 0.10576923076923077 0.0673076923076923
0 0.4639423076923077 0.6069711538461539 0.04567307692307692 0.055288461538461536
0 0.171875 0.7415865384615384 0.0733173076923077 0.051682692307692304
0 0.14543269230769232 0.49399038461538464 0.11298076923076923 0.052884615384615384
0 0.42788461538461536 0.24759615384615385 0.09615384615384616 0.06610576923076923
0 0.9483173076923077 0.6995192307692307 0.07572115384615384 0.10576923076923077
0 0.5877403846153846 0.7007211538461539 0.0673076923076923 0.05889423076923077
0 0.026442307692307692 0.640625 0.040865384615384616 0.06009615384615385
0 0.7259615384615384 0.7451923076923077 0.06610576923076923 0.04807692307692308
0 0.7572115384615384 0.8389423076923077 0.04927884615384615 0.04567307692307692
0 0.28365384615384615 0.26322115384615385 0.10576923076923077 0.0625
0 0.8725961538461539 0.13581730769230768 0.07211538461538461 0.057692307692307696
0 0.3557692307692308 0.14182692307692307 0.1045673076923077 0.06610576923076923
0 0.7331730769230769 0.16947115384615385 0.052884615384615384 0.054086538461538464
0 0.7728365384615384 0.47475961538461536 0.08052884615384616 0.06490384615384616
0 0.38341346153846156 0.6105769230769231 0.0733173076923077 0.04927884615384615
0 0.0625 0.4735576923076923 0.12379807692307693 0.06009615384615385
0 0.09375 0.9278846153846154 0.17067307692307693 0.055288461538461536
0 0.3701923076923077 0.5552884615384616 0.04807692307692308 0.05889423076923077
0 0.8329326923076923 0.8774038461538461 0.0985576923076923 0.0673076923076923
0 0.31971153846153844 0.5649038461538461 0.0673076923076923 0.06490384615384616
0 0.2283653846153846 0.6177884615384616 0.036057692307692304 0.04927884615384615
0 0.6165865384615384 0.7884615384615384 0.046875 0.04567307692307692
0 0.71875 0.09615384615384616 0.10697115384615384 0.05889423076923077
0 0.9519230769230769 0.17908653846153846 0.06490384615384616 0.057692307692307696
0 0.29447115384615385 0.6598557692307693 0.22115384615384615 0.051682692307692304
0 0.03245192307692308 0.08533653846153846 0.06490384615384616 0.06009615384615385
0 0.7680288461538461 0.2283653846153846 0.06850961538461539 0.0625
0 0.6754807692307693 0.3786057692307692 0.09134615384615384 0.11298076923076923
0 0.13822115384615385 0.8557692307692307 0.09495192307692307 0.03125
0 0.3557692307692308 0.07932692307692307 0.06009615384615385 0.0625
0 0.7199519230769231 0.6298076923076923 0.0673076923076923 0.057692307692307696
0 0.6334134615384616 0.53125 0.07692307692307693 0.06971153846153846
0 0.09014423076923077 0.8233173076923077 0.1778846153846154 0.10216346153846154
0 0.13822115384615385 0.06129807692307692 0.09375 0.12259615384615384
0 0.22235576923076922 0.7307692307692307 0.07211538461538461 0.07572115384615384
0 0.9146634615384616 0.20072115384615385 0.08533653846153846 0.06490384615384616
0 0.9194711538461539 0.9507211538461539 0.08774038461538461 0.09615384615384616
0 0.6610576923076923 0.036057692307692304 0.10817307692307693 0.06490384615384616
0 0.9519230769230769 0.8413461538461539 0.06610576923076923 0.08173076923076923
0 0.44471153846153844 0.7596153846153846 0.13942307692307693 0.06850961538461539