0 0.7860576923076923 0.26802884615384615 0.039663461538461536 0.038461538461538464
0 0.9230769230769231 0.8894230769230769 0.09615384615384616 0.14903846153846154
0 0.08052884615384616 0.2980769230769231 0.109375 0.07572115384615384
0 0.19951923076923078 0.1658653846153846 0.057692307692307696 0.078125
0 0.9555288461538461 0.8557692307692307 0.08774038461538461 0.09375
0 0.06370192307692307 0.8076923076923077 0.07091346153846154 0.0829326923076923
0 0.8341346153846154 0.8485576923076923 0.1346153846153846 0.09735576923076923
0 0.12259615384615384 0.019230769230769232 0.038461538461538464 0.038461538461538464
0 0.14543269230769232 0.9242788461538461 0.1045673076923077 0.14903846153846154
0 0.8978365384615384 0.10216346153846154 0.1814903846153846 0.0829326923076923
0 0.1778846153846154 0.7331730769230769 0.04567307692307692 0.055288461538461536
0 0.21153846153846154 0.6766826923076923 0.06490384615384616 0.057692307692307696
0 0.265625 0.8353365384615384 0.109375 0.16346153846153846
0 0.32211538461538464 0.25841346153846156 0.21875 0.0673076923076923
0 0.3918269230769231 0.7728365384615384 0.06971153846153846 0.06850961538461539
0 0.3076923076923077 0.8533653846153846 0.14302884615384615 0.1502403846153846
0 0.17668269230769232 0.054086538461538464 0.06009615384615385 0.10697115384615384
0 0.7319711538461539 0.7680288461538461 0.08653846153846154 0.07572115384615384
0 0.028846153846153848 0.7608173076923077 0.056490384615384616 0.13942307692307693
0 0.5612980769230769 0.6346153846153846 0.10817307692307693 0.13221153846153846
0 0.4495192307692308 0.09615384615384616 0.054086538461538464 0.08653846153846154
0 0.5 0.796875 0.07572115384615384 0.06971153846153846
0 0.2932692307692308 0.33413461538461536 0.09254807692307693 0.07572115384615384
0 0.9855769230769231 0.7127403846153846 0.026442307692307692 0.12980769230769232
0 0.8822115384615384 0.5060096153846154 0.09975961538461539 0.19831730769230768
0 0.02403846153846154 0.9735576923076923 0.046875 0.051682692307692304
0 0.125 0.21153846153846154 0.0889423076923077 0.13221153846153846
0 0.056490384615384616 0.06850961538461539 0.11298076923076923 0.11177884615384616
0 0.23197115384615385 0.08052884615384616 0.06971153846153846 0.10096153846153846
0 0.6382211538461539 0.31971153846153844 0.08653846153846154 0.12259615384615384
0 0.08173076923076923 0.6875 0.09495192307692307 0.07572115384615384
0 0.7367788461538461 0.22355769230769232 0.13701923076923078 0.09375
0 0.5036057692307693 0.9459134615384616 0.13581730769230768 0.10576923076923077
0 0.7920673076923077 0.15985576923076922 0.06490384615384616 0.10576923076923077
0 0.15745192307692307 0.7764423076923077 0.07572115384615384 0.06490384615384616
0 0.028846153846153848 0.10697115384615384 0.056490384615384616 0.04927884615384615
0 0.234375 0.7415865384615384 0.04807692307692308 0.054086538461538464
0 0.9002403846153846 0.16346153846153846 0.08653846153846154 0.07211538461538461
0 0.9014423076923077 0.7007211538461539 0.0673076923076923 0.15625
0 0.5264423076923077 0.19831730769230768 0.1622596153846154 0.14783653846153846
0 0.9579326923076923 0.5709134615384616 0.08173076923076923 0.11778846153846154
0 0.5288461538461539 0.054086538461538464 0.055288461538461536 0.10697115384615384
0 0.0889423076923077 0.5709134615384616 0.12139423076923077 0.19230769230769232