0 0.41466346153846156 0.5649038461538461 0.08533653846153846 0.08653846153846154
0 0.5805288461538461 0.4326923076923077 0.12259615384615384 0.12980769230769232
0 0.7860576923076923 0.328125 0.11298076923076923 0.12259615384615384
0 0.3076923076923077 0.03245192307692308 0.06009615384615385 0.06009615384615385
0 0.6454326923076923 0.07932692307692307 0.11778846153846154 0.15384615384615385
0 0.6923076923076923 0.3317307692307692 0.10216346153846154 0.109375
0 0.4495192307692308 0.6382211538461539 0.10096153846153846 0.07692307692307693
0 0.7127403846153846 0.5649038461538461 0.09975961538461539 0.08774038461538461
0 0.4735576923076923 0.03125 0.1045673076923077 0.06009615384615385
0 0.6117788461538461 0.3016826923076923 0.10096153846153846 0.12620192307692307
0 0.39903846153846156 0.30288461538461536 0.0829326923076923 0.07932692307692307