0 0.8822115384615384 0.4891826923076923 0.08774038461538461 0.1141826923076923
0 0.6358173076923077 0.5552884615384616 0.06370192307692307 0.04927884615384615
0 0.27884615384615385 0.7487980769230769 0.03365384615384615 0.052884615384615384
0 0.3161057692307692 0.8725961538461539 0.038461538461538464 0.07692307692307693
0 0.5889423076923077 0.7848557692307693 0.038461538461538464 0.04447115384615385
0 0.5901442307692307 0.7103365384615384 0.03245192307692308 0.04447115384615385
0 0.6478365384615384 0.6971153846153846 0.03365384615384615 0.06490384615384616
0 0.5336538461538461 0.7884615384615384 0.03485576923076923 0.027644230769230768
0 0.296875 0.2536057692307692 0.06850961538461539 0.025240384615384616
0 0.28966346153846156 0.33653846153846156 0.06009615384615385 0.03365384615384615
0 0.5793269230769231 0.18269230769230768 0.05048076923076923 0.08052884615384616
0 0.5769230769230769 0.09495192307692307 0.03365384615384615 0.0985576923076923
0 0.6670673076923077 0.09254807692307693 0.038461538461538464 0.021634615384615384
0 0.6826923076923077 0.22115384615384615 0.039663461538461536 0.03485576923076923
0 0.7319711538461539 0.3449519230769231 0.02283653846153846 0.037259615384615384
0 0.765625 0.3016826923076923 0.046875 0.03365384615384615
0 0.8389423076923077 0.29927884615384615 0.04326923076923077 0.025240384615384616
0 0.8978365384615384 0.23677884615384615 0.037259615384615384 0.04807692307692308
0 0.9603365384615384 0.31490384615384615 0.019230769230769232 0.039663461538461536
0 0.9326923076923077 0.9326923076923077 0.0733173076923077 0.10817307692307693
0 0.11778846153846154 0.06009615384615385 0.05048076923076923 0.010817307692307692
0 0.23197115384615385 0.12139423076923077 0.051682692307692304 0.027644230769230768
0 0.26322115384615385 0.23076923076923078 0.021634615384615384 0.021634615384615384
0 0.3389423076923077 0.21514423076923078 0.03125 0.04447115384615385
0 0.15745192307692307 0.35697115384615385 0.02403846153846154 0.013221153846153846
0 0.47115384615384615 0.2439903846153846 0.036057692307692304 0.013221153846153846
0 0.5588942307692307 0.25841346153846156 0.030048076923076924 0.026442307692307692
0 0.59375 0.27884615384615385 0.013221153846153846 0.038461538461538464
0 0.3269230769230769 0.2920673076923077 0.057692307692307696 0.038461538461538464
0 0.3293269230769231 0.3125 0.02403846153846154 0.013221153846153846
0 0.359375 0.3173076923076923 0.055288461538461536 0.026442307692307692
0 0.3581730769230769 0.3713942307692308 0.025240384615384616 0.025240384615384616
0 0.4519230769230769 0.35216346153846156 0.051682692307692304 0.025240384615384616
0 0.36899038461538464 0.33533653846153844 0.04927884615384615 0.02283653846153846
0 0.4206730769230769 0.34375 0.08173076923076923 0.027644230769230768
0 0.29447115384615385 0.3918269230769231 0.020432692307692308 0.039663461538461536
0 0.37740384615384615 0.41346153846153844 0.016826923076923076 0.02403846153846154
0 0.2403846153846154 0.2920673076923077 0.06370192307692307 0.038461538461538464
0 0.25721153846153844 0.24879807692307693 0.028846153846153848 0.016826923076923076
0 0.23918269230769232 0.22716346153846154 0.0889423076923077 0.15504807692307693
0 0.44591346153846156 0.43509615384615385 0.056490384615384616 0.03485576923076923
0 0.4891826923076923 0.4110576923076923 0.03245192307692308 0.02403846153846154
0 0.09735576923076923 0.31490384615384615 0.02283653846153846 0.009615384615384616
0 0.15144230769230768 0.6021634615384616 0.03125 0.06850961538461539
0 0.052884615384615384 0.7620192307692307 0.015625 0.013221153846153846
0 0.05048076923076923 0.7980769230769231 0.02403846153846154 0.016826923076923076
0 0.14302884615384615 0.9663461538461539 0.07572115384615384 0.06490384615384616
0 0.12620192307692307 0.8701923076923077 0.009615384615384616 0.013221153846153846
0 0.15384615384615385 0.8389423076923077 0.018028846153846152 0.02403846153846154
0 0.19951923076923078 0.8966346153846154 0.019230769230769232 0.02403846153846154
0 0.23197115384615385 0.8401442307692307 0.10096153846153846 0.019230769230769232
0 0.22716346153846154 0.9591346153846154 0.02403846153846154 0.02283653846153846
0 0.20072115384615385 0.6706730769230769 0.04927884615384615 0.051682692307692304
0 0.22355769230769232 0.6225961538461539 0.04807692307692308 0.015625
0 0.29927884615384615 0.6177884615384616 0.014423076923076924 0.021634615384615384
0 0.296875 0.5973557692307693 0.04927884615384615 0.04927884615384615
0 0.35336538461538464 0.5552884615384616 0.030048076923076924 0.07932692307692307
0 0.375 0.5024038461538461 0.018028846153846152 0.08052884615384616
0 0.34134615384615385 0.7451923076923077 0.036057692307692304 0.05048076923076923
0 0.3762019230769231 0.7644230769230769 0.03125 0.052884615384615384
0 0.4495192307692308 0.8016826923076923 0.02403846153846154 0.016826923076923076
0 0.32211538461538464 0.8774038461538461 0.036057692307692304 0.028846153846153848
0 0.3485576923076923 0.875 0.057692307692307696 0.07932692307692307
0 0.4963942307692308 0.7800480769230769 0.03485576923076923 0.018028846153846152
0 0.46153846153846156 0.8509615384615384 0.09615384615384616 0.018028846153846152
0 0.4362980769230769 0.8990384615384616 0.09735576923076923 0.07572115384615384
0 0.5132211538461539 0.953125 0.04807692307692308 0.09134615384615384
0 0.5132211538461539 0.8653846153846154 0.06370192307692307 0.08413461538461539
0 0.5024038461538461 0.8990384615384616 0.10096153846153846 0.13822115384615385
0 0.5901442307692307 0.8545673076923077 0.020432692307692308 0.06370192307692307
0 0.6634615384615384 0.8125 0.038461538461538464 0.04326923076923077
0 0.6778846153846154 0.8894230769230769 0.055288461538461536 0.03365384615384615
0 0.625 0.6634615384615384 0.026442307692307692 0.025240384615384616
0 0.43509615384615385 0.7007211538461539 0.03125 0.04567307692307692
0 0.6382211538461539 0.35096153846153844 0.03485576923076923 0.02403846153846154
0 0.6790865384615384 0.3269230769230769 0.04447115384615385 0.018028846153846152
0 0.6538461538461539 0.3004807692307692 0.021634615384615384 0.02283653846153846
0 0.6586538461538461 0.4170673076923077 0.109375 0.04326923076923077
0 0.5757211538461539 0.5288461538461539 0.03485576923076923 0.03365384615384615
0 0.6887019230769231 0.6887019230769231 0.02403846153846154 0.03365384615384615
0 0.7271634615384616 0.7644230769230769 0.06610576923076923 0.027644230769230768
0 0.8100961538461539 0.6526442307692307 0.026442307692307692 0.03365384615384615
0 0.8641826923076923 0.7620192307692307 0.03365384615384615 0.014423076923076924
0 0.8762019230769231 0.6129807692307693 0.056490384615384616 0.018028846153846152
0 0.8040865384615384 0.578125 0.05889423076923077 0.038461538461538464
0 0.8990384615384616 0.43990384615384615 0.040865384615384616 0.026442307692307692
0 0.7692307692307693 0.8497596153846154 0.013221153846153846 0.038461538461538464
0 0.7548076923076923 0.8317307692307693 0.03365384615384615 0.07572115384615384
0 0.7860576923076923 0.8389423076923077 0.028846153846153848 0.09134615384615384
0 0.7704326923076923 0.9591346153846154 0.037259615384615384 0.013221153846153846
0 0.7620192307692307 0.9927884615384616 0.030048076923076924 0.013221153846153846
0 0.6935096153846154 0.9879807692307693 0.06850961538461539 0.02283653846153846
0 0.9230769230769231 0.9903846153846154 0.038461538461538464 0.016826923076923076
0 0.9423076923076923 0.8798076923076923 0.03365384615384615 0.14783653846153846
0 0.9134615384615384 0.6490384615384616 0.036057692307692304 0.03365384615384615
0 0.9579326923076923 0.6742788461538461 0.02403846153846154 0.040865384615384616
0 0.9639423076923077 0.6045673076923077 0.01201923076923077 0.10216346153846154
0 0.8305288461538461 0.22596153846153846 0.028846153846153848 0.10096153846153846
0 0.9014423076923077 0.19951923076923078 0.09735576923076923 0.06009615384615385
0 0.9447115384615384 0.010817307692307692 0.03365384615384615 0.021634615384615384
0 0.9639423076923077 0.20552884615384615 0.01201923076923077 0.07451923076923077
0 0.953125 0.28125 0.018028846153846152 0.028846153846153848
0 0.9266826923076923 0.16466346153846154 0.010817307692307692 0.05889423076923077
0 0.5901442307692307 0.16947115384615385 0.019230769230769232 0.028846153846153848
0 0.11298076923076923 0.28125 0.055288461538461536 0.018028846153846152
0 0.6262019230769231 0.05889423076923077 0.036057692307692304 0.03485576923076923
0 0.5949519230769231 0.08533653846153846 0.013221153846153846 0.016826923076923076