0 0.9086538461538461 0.8762019230769231 0.1346153846153846 0.125
0 0.9855769230769231 0.12860576923076922 0.026442307692307692 0.05048076923076923
0 0.5204326923076923 0.6129807692307693 0.12740384615384615 0.10096153846153846
0 0.828125 0.22596153846153846 0.12620192307692307 0.234375
0 0.9783653846153846 0.6430288461538461 0.040865384615384616 0.078125
0 0.17427884615384615 0.47596153846153844 0.2439903846153846 0.12379807692307693
0 0.22115384615384615 0.6117788461538461 0.10697115384615384 0.07091346153846154
0 0.7007211538461539 0.5685096153846154 0.0889423076923077 0.0985576923076923
0 0.43028846153846156 0.12980769230769232 0.07572115384615384 0.1346153846153846
0 0.7884615384615384 0.7776442307692307 0.055288461538461536 0.040865384615384616
0 0.3858173076923077 0.7920673076923077 0.09134615384615384 0.10216346153846154
0 0.25600961538461536 0.07091346153846154 0.14182692307692307 0.14182692307692307
0 0.3918269230769231 0.3329326923076923 0.13942307692307693 0.16346153846153846
0 0.8221153846153846 0.47596153846153844 0.109375 0.15865384615384615
0 0.0985576923076923 0.3641826923076923 0.12980769230769232 0.18509615384615385
0 0.6370192307692307 0.7451923076923077 0.09735576923076923 0.10817307692307693