0 0.5745192307692307 0.12379807692307693 0.09495192307692307 0.09134615384615384
0 0.796875 0.3125 0.09134615384615384 0.03125
0 0.27403846153846156 0.23918269230769232 0.055288461538461536 0.04927884615384615
0 0.17427884615384615 0.35697115384615385 0.052884615384615384 0.03245192307692308
0 0.25 0.42427884615384615 0.038461538461538464 0.03125
0 0.7043269230769231 0.4326923076923077 0.09615384615384616 0.05889423076923077
0 0.6009615384615384 0.5625 0.08413461538461539 0.07211538461538461
0 0.4362980769230769 0.6165865384615384 0.0985576923076923 0.036057692307692304
0 0.19230769230769232 0.6117788461538461 0.04447115384615385 0.039663461538461536
0 0.9435096153846154 0.6586538461538461 0.11177884615384616 0.078125
0 0.7860576923076923 0.7091346153846154 0.055288461538461536 0.06850961538461539
0 0.6754807692307693 0.8954326923076923 0.03485576923076923 0.04447115384615385
0 0.4795673076923077 0.7824519230769231 0.03485576923076923 0.08653846153846154
0 0.6959134615384616 0.9927884615384616 0.078125 0.013221153846153846
0 0.11899038461538461 0.9891826923076923 0.08533653846153846 0.018028846153846152
0 0.24639423076923078 0.28846153846153844 0.02403846153846154 0.015625
0 0.41225961538461536 0.3485576923076923 0.03485576923076923 0.02403846153846154
0 0.2800480769230769 0.9182692307692307 0.0673076923076923 0.03245192307692308