0 0.5132211538461539 0.9182692307692307 0.11177884615384616 0.10817307692307693
0 0.27403846153846156 0.8197115384615384 0.05048076923076923 0.05048076923076923
0 0.042067307692307696 0.9206730769230769 0.05889423076923077 0.07692307692307693
0 0.10576923076923077 0.1778846153846154 0.109375 0.04927884615384615
0 0.5204326923076923 0.3233173076923077 0.06490384615384616 0.16466346153846154
0 0.7295673076923077 0.019230769230769232 0.04567307692307692 0.038461538461538464
0 0.8293269230769231 0.08052884615384616 0.08533653846153846 0.0829326923076923
0 0.10216346153846154 0.8485576923076923 0.07091346153846154 0.0673076923076923
0 0.04927884615384615 0.0889423076923077 0.08653846153846154 0.17668269230769232
0 0.4423076923076923 0.9795673076923077 0.06490384615384616 0.038461538461538464
0 0.5925480769230769 0.7067307692307693 0.057692307692307696 0.07572115384615384
0 0.7427884615384616 0.2980769230769231 0.07211538461538461 0.109375
0 0.47475961538461536 0.37259615384615385 0.04447115384615385 0.028846153846153848
0 0.8930288461538461 0.3076923076923077 0.10336538461538461 0.08173076923076923
0 0.9399038461538461 0.265625 0.09134615384615384 0.06129807692307692
0 0.037259615384615384 0.6454326923076923 0.0673076923076923 0.1466346153846154
0 0.6322115384615384 0.6658653846153846 0.13942307692307693 0.15865384615384615
0 0.3329326923076923 0.7331730769230769 0.0673076923076923 0.09735576923076923
0 0.13701923076923078 0.5853365384615384 0.06009615384615385 0.06610576923076923
0 0.7524038461538461 0.4651442307692308 0.07692307692307693 0.12740384615384615
0 0.2704326923076923 0.6334134615384616 0.09375 0.08413461538461539
0 0.6454326923076923 0.4699519230769231 0.1141826923076923 0.18629807692307693
0 0.015625 0.8161057692307693 0.028846153846153848 0.04326923076923077
0 0.6454326923076923 0.9447115384615384 0.10817307692307693 0.10817307692307693
0 0.921875 0.021634615384615384 0.06610576923076923 0.04326923076923077
0 0.3473557692307692 0.8173076923076923 0.11899038461538461 0.19471153846153846
0 0.9411057692307693 0.6826923076923077 0.09375 0.18870192307692307
0 0.8064903846153846 0.24278846153846154 0.056490384615384616 0.07932692307692307
0 0.057692307692307696 0.4098557692307692 0.07692307692307693 0.0889423076923077
0 0.9086538461538461 0.4795673076923077 0.07572115384615384 0.07211538461538461
0 0.7836538461538461 0.7992788461538461 0.037259615384615384 0.06971153846153846
0 0.5108173076923077 0.05889423076923077 0.07451923076923077 0.06610576923076923
0 0.359375 0.42427884615384615 0.055288461538461536 0.04927884615384615