0 0.7223557692307693 0.03365384615384615 0.23677884615384615 0.06610576923076923
0 0.6237980769230769 0.11538461538461539 0.14302884615384615 0.06610576923076923
0 0.47716346153846156 0.11298076923076923 0.21875 0.08052884615384616
0 0.5516826923076923 0.15504807692307693 0.17548076923076922 0.05048076923076923
0 0.33413461538461536 0.18509615384615385 0.17427884615384615 0.04567307692307692
0 0.6610576923076923 0.2824519230769231 0.10817307692307693 0.046875
0 0.7091346153846154 0.3389423076923077 0.13942307692307693 0.054086538461538464
0 0.5264423076923077 0.3545673076923077 0.14423076923076922 0.05048076923076923
0 0.056490384615384616 0.1141826923076923 0.11057692307692307 0.051682692307692304
0 0.046875 0.2800480769230769 0.09375 0.051682692307692304
0 0.06490384615384616 0.4026442307692308 0.12860576923076922 0.05889423076923077
0 0.05889423076923077 0.47475961538461536 0.11538461538461539 0.05048076923076923
0 0.14543269230769232 0.9399038461538461 0.21995192307692307 0.11778846153846154
0 0.28966346153846156 0.7451923076923077 0.11778846153846154 0.054086538461538464
0 0.40384615384615385 0.7139423076923077 0.15625 0.06490384615384616
0 0.7067307692307693 0.8701923076923077 0.18028846153846154 0.0829326923076923
0 0.5552884615384616 0.9399038461538461 0.17668269230769232 0.109375
0 0.41947115384615385 0.9639423076923077 0.15745192307692307 0.06971153846153846
0 0.5925480769230769 0.8617788461538461 0.19230769230769232 0.10697115384615384
0 0.12860576923076922 0.5793269230769231 0.14903846153846154 0.046875
0 0.22596153846153846 0.5120192307692307 0.11658653846153846 0.036057692307692304
0 0.2704326923076923 0.5384615384615384 0.12860576923076922 0.051682692307692304
0 0.31850961538461536 0.5925480769230769 0.12740384615384615 0.042067307692307696
0 0.390625 0.6586538461538461 0.07932692307692307 0.04927884615384615
0 0.36538461538461536 0.5072115384615384 0.06850961538461539 0.04326923076923077
0 0.609375 0.4266826923076923 0.15745192307692307 0.06129807692307692
0 0.8004807692307693 0.4338942307692308 0.140625 0.07451923076923077
0 0.8413461538461539 0.3762019230769231 0.15625 0.08653846153846154
0 0.9495192307692307 0.6370192307692307 0.0985576923076923 0.054086538461538464
0 0.9723557692307693 0.7235576923076923 0.052884615384615384 0.10096153846153846
0 0.021634615384615384 0.7271634615384616 0.04326923076923077 0.05889423076923077
0 0.016826923076923076 0.9375 0.03365384615384615 0.0625
0 0.5925480769230769 0.8016826923076923 0.04326923076923077 0.04807692307692308
0 0.5504807692307693 0.19230769230769232 0.14903846153846154 0.03125
0 0.0985576923076923 0.45072115384615385 0.1971153846153846 0.054086538461538464
0 0.24879807692307693 0.9122596153846154 0.19471153846153846 0.125
0 0.5504807692307693 0.057692307692307696 0.12740384615384615 0.057692307692307696
0 0.02403846153846154 0.3161057692307692 0.04326923076923077 0.025240384615384616