0 0.2608173076923077 0.8137019230769231 0.1141826923076923 0.07572115384615384
0 0.07932692307692307 0.8028846153846154 0.11057692307692307 0.08653846153846154
0 0.8317307692307693 0.8221153846153846 0.10576923076923077 0.10576923076923077
0 0.11538461538461539 0.9110576923076923 0.12259615384615384 0.09735576923076923
0 0.6298076923076923 0.5745192307692307 0.20072115384615385 0.11057692307692307
0 0.2692307692307692 0.03245192307692308 0.11538461538461539 0.06490384615384616
0 0.36538461538461536 0.8774038461538461 0.0673076923076923 0.09735576923076923
0 0.9639423076923077 0.20673076923076922 0.06971153846153846 0.0889423076923077
0 0.796875 0.13942307692307693 0.09495192307692307 0.1201923076923077
0 0.5360576923076923 0.40024038461538464 0.09735576923076923 0.10697115384615384
0 0.890625 0.6189903846153846 0.078125 0.0829326923076923
0 0.4423076923076923 0.33413461538461536 0.07572115384615384 0.06490384615384616
0 0.3112980769230769 0.5492788461538461 0.09975961538461539 0.13942307692307693
0 0.0889423076923077 0.6394230769230769 0.1045673076923077 0.125
0 0.39663461538461536 0.38100961538461536 0.1141826923076923 0.12740384615384615
0 0.27884615384615385 0.16826923076923078 0.125 0.11177884615384616
0 0.7007211538461539 0.15144230769230768 0.078125 0.07572115384615384
0 0.33052884615384615 0.6778846153846154 0.0829326923076923 0.0673076923076923
0 0.49038461538461536 0.8016826923076923 0.09134615384615384 0.125
0 0.8701923076923077 0.4014423076923077 0.16346153846153846 0.10697115384615384
0 0.21153846153846154 0.7860576923076923 0.09975961538461539 0.08052884615384616
0 0.9447115384615384 0.7596153846153846 0.10817307692307693 0.08413461538461539
0 0.7415865384615384 0.40865384615384615 0.09254807692307693 0.09014423076923077
0 0.38461538461538464 0.16105769230769232 0.08052884615384616 0.08653846153846154
0 0.9326923076923077 0.8581730769230769 0.08533653846153846 0.078125