0 0.12980769230769232 0.25 0.0673076923076923 0.06971153846153846
0 0.2512019230769231 0.16346153846153846 0.04927884615384615 0.07211538461538461
0 0.35697115384615385 0.24759615384615385 0.051682692307692304 0.06850961538461539
0 0.3762019230769231 0.4326923076923077 0.040865384615384616 0.039663461538461536
0 0.31850961538461536 0.453125 0.037259615384615384 0.036057692307692304
0 0.14182692307692307 0.41586538461538464 0.09495192307692307 0.055288461538461536
0 0.25 0.43028846153846156 0.06490384615384616 0.07572115384615384
0 0.2668269230769231 0.5108173076923077 0.051682692307692304 0.052884615384615384
0 0.17427884615384615 0.12379807692307693 0.05889423076923077 0.055288461538461536
0 0.3173076923076923 0.09615384615384616 0.06610576923076923 0.07572115384615384
0 0.19110576923076922 0.06370192307692307 0.06129807692307692 0.09134615384615384
0 0.5685096153846154 0.03245192307692308 0.06490384615384616 0.06490384615384616
0 0.16105769230769232 0.7271634615384616 0.06009615384615385 0.06009615384615385
0 0.06129807692307692 0.7788461538461539 0.10216346153846154 0.052884615384615384
0 0.2932692307692308 0.7632211538461539 0.04567307692307692 0.04927884615384615
0 0.38341346153846156 0.6382211538461539 0.057692307692307696 0.05048076923076923
0 0.25240384615384615 0.6081730769230769 0.0625 0.06850961538461539
0 0.23677884615384615 0.9026442307692307 0.04447115384615385 0.055288461538461536
0 0.22115384615384615 0.9579326923076923 0.06610576923076923 0.038461538461538464
0 0.3293269230769231 0.9302884615384616 0.06370192307692307 0.07451923076923077
0 0.40625 0.9074519230769231 0.1201923076923077 0.11538461538461539
0 0.5 0.9711538461538461 0.04447115384615385 0.056490384615384616
0 0.6875 0.9254807692307693 0.07091346153846154 0.055288461538461536
0 0.7548076923076923 0.9002403846153846 0.04927884615384615 0.036057692307692304
0 0.7536057692307693 0.9771634615384616 0.06610576923076923 0.04447115384615385
0 0.7704326923076923 0.7716346153846154 0.06129807692307692 0.04447115384615385
0 0.75 0.7163461538461539 0.054086538461538464 0.055288461538461536
0 0.734375 0.6213942307692307 0.04447115384615385 0.04927884615384615
0 0.6983173076923077 0.6586538461538461 0.046875 0.040865384615384616
0 0.6826923076923077 0.5649038461538461 0.06490384615384616 0.06610576923076923
0 0.734375 0.48677884615384615 0.06971153846153846 0.056490384615384616
0 0.796875 0.4170673076923077 0.0673076923076923 0.054086538461538464
0 0.6826923076923077 0.31009615384615385 0.06490384615384616 0.06009615384615385
0 0.5913461538461539 0.2860576923076923 0.11658653846153846 0.07572115384615384
0 0.6322115384615384 0.36658653846153844 0.07932692307692307 0.06971153846153846
0 0.5721153846153846 0.4014423076923077 0.09014423076923077 0.08173076923076923
0 0.6346153846153846 0.46634615384615385 0.04807692307692308 0.10576923076923077
0 0.6286057692307693 0.0985576923076923 0.055288461538461536 0.06971153846153846
0 0.6959134615384616 0.15865384615384615 0.06009615384615385 0.06610576923076923
0 0.8112980769230769 0.1310096153846154 0.055288461538461536 0.04326923076923077
0 0.8125 0.036057692307692304 0.036057692307692304 0.057692307692307696
0 0.8942307692307693 0.038461538461538464 0.06971153846153846 0.06850961538461539
0 0.875 0.08774038461538461 0.0625 0.04927884615384615
0 0.6622596153846154 0.11658653846153846 0.03485576923076923 0.04447115384615385
0 0.6959134615384616 0.7836538461538461 0.04447115384615385 0.040865384615384616
0 0.6009615384615384 0.8641826923076923 0.028846153846153848 0.028846153846153848
0 0.7536057692307693 0.6850961538461539 0.056490384615384616 0.06610576923076923
0 0.22115384615384615 0.015625 0.025240384615384616 0.028846153846153848
0 0.8810096153846154 0.6814903846153846 0.09375 0.06971153846153846
0 0.34375 0.009615384615384616 0.052884615384615384 0.019230769230769232
0 0.22956730769230768 0.515625 0.04447115384615385 0.04807692307692308