0 0.9206730769230769 0.5865384615384616 0.15745192307692307 0.11658653846153846
0 0.515625 0.25240384615384615 0.16947115384615385 0.07451923076923077
0 0.40384615384615385 0.8233173076923077 0.21394230769230768 0.18990384615384615
0 0.90625 0.36778846153846156 0.18629807692307693 0.15384615384615385
0 0.171875 0.7055288461538461 0.09254807692307693 0.15504807692307693
0 0.265625 0.9651442307692307 0.08052884615384616 0.06610576923076923
0 0.6334134615384616 0.5504807692307693 0.08052884615384616 0.16346153846153846
0 0.3137019230769231 0.8617788461538461 0.12620192307692307 0.13221153846153846
0 0.06129807692307692 0.7115384615384616 0.08052884615384616 0.0733173076923077
0 0.18269230769230768 0.04927884615384615 0.13822115384615385 0.0985576923076923
0 0.7139423076923077 0.7055288461538461 0.07932692307692307 0.056490384615384616
0 0.3557692307692308 0.4519230769230769 0.1201923076923077 0.12860576923076922
0 0.29086538461538464 0.15504807692307693 0.17427884615384615 0.09014423076923077
0 0.2692307692307692 0.47115384615384615 0.08774038461538461 0.11538461538461539
0 0.45552884615384615 0.026442307692307692 0.12860576923076922 0.052884615384615384
0 0.09375 0.3076923076923077 0.1346153846153846 0.12379807692307693
0 0.1141826923076923 0.09495192307692307 0.07692307692307693 0.06490384615384616
0 0.8233173076923077 0.328125 0.14182692307692307 0.15745192307692307
0 0.7127403846153846 0.9579326923076923 0.10817307692307693 0.08052884615384616
0 0.09615384615384616 0.18509615384615385 0.10697115384615384 0.109375
0 0.53125 0.5769230769230769 0.11538461538461539 0.09735576923076923
0 0.38822115384615385 0.3161057692307692 0.11538461538461539 0.09254807692307693
0 0.6201923076923077 0.6959134615384616 0.18990384615384615 0.0829326923076923
0 0.609375 0.04447115384615385 0.0829326923076923 0.08774038461538461
0 0.9831730769230769 0.8173076923076923 0.028846153846153848 0.08052884615384616
0 0.056490384615384616 0.6394230769230769 0.11177884615384616 0.12259615384615384
0 0.625 0.12259615384615384 0.08653846153846154 0.08774038461538461
0 0.3942307692307692 0.953125 0.19110576923076922 0.057692307692307696
0 0.9591346153846154 0.03485576923076923 0.07932692307692307 0.06971153846153846