0 0.5985576923076923 0.7536057692307693 0.06370192307692307 0.054086538461538464
0 0.49278846153846156 0.1875 0.0673076923076923 0.06129807692307692
0 0.13701923076923078 0.7319711538461539 0.04807692307692308 0.04807692307692308
0 0.6382211538461539 0.8641826923076923 0.08533653846153846 0.08052884615384616
0 0.15745192307692307 0.875 0.056490384615384616 0.054086538461538464
0 0.03485576923076923 0.28365384615384615 0.054086538461538464 0.04326923076923077
0 0.5408653846153846 0.3473557692307692 0.051682692307692304 0.04807692307692308
0 0.7319711538461539 0.48677884615384615 0.09735576923076923 0.06490384615384616
0 0.18990384615384615 0.31009615384615385 0.03485576923076923 0.038461538461538464
0 0.2860576923076923 0.9399038461538461 0.07932692307692307 0.054086538461538464
0 0.037259615384615384 0.45072115384615385 0.07091346153846154 0.05048076923076923
0 0.33413461538461536 0.7487980769230769 0.07091346153846154 0.055288461538461536
0 0.7079326923076923 0.8641826923076923 0.06850961538461539 0.042067307692307696
0 0.9711538461538461 0.36658653846153844 0.055288461538461536 0.09735576923076923
0 0.3473557692307692 0.3449519230769231 0.030048076923076924 0.028846153846153848
0 0.44711538461538464 0.23918269230769232 0.04807692307692308 0.04567307692307692
0 0.7007211538461539 0.015625 0.06490384615384616 0.03125
0 0.8858173076923077 0.025240384615384616 0.0889423076923077 0.04927884615384615
0 0.7728365384615384 0.7740384615384616 0.08052884615384616 0.04447115384615385
0 0.7391826923076923 0.6754807692307693 0.04927884615384615 0.04927884615384615
0 0.039663461538461536 0.8269230769230769 0.04927884615384615 0.04447115384615385
0 0.25 0.02283653846153846 0.07692307692307693 0.04567307692307692
0 0.90625 0.5649038461538461 0.12259615384615384 0.0625
0 0.6165865384615384 0.046875 0.03365384615384615 0.038461538461538464
0 0.53125 0.6694711538461539 0.09615384615384616 0.055288461538461536
0 0.8317307692307693 0.6237980769230769 0.06490384615384616 0.07091346153846154
0 0.2776442307692308 0.37740384615384615 0.051682692307692304 0.04927884615384615
0 0.8473557692307693 0.24879807692307693 0.051682692307692304 0.06490384615384616
0 0.9759615384615384 0.9579326923076923 0.046875 0.03485576923076923
0 0.3894230769230769 0.34975961538461536 0.03245192307692308 0.03125
0 0.9194711538461539 0.0889423076923077 0.052884615384615384 0.06129807692307692
0 0.9278846153846154 0.8485576923076923 0.11778846153846154 0.08533653846153846
0 0.34615384615384615 0.9867788461538461 0.054086538461538464 0.02403846153846154
0 0.1778846153846154 0.8221153846153846 0.05048076923076923 0.07572115384615384
0 0.3942307692307692 0.1466346153846154 0.06370192307692307 0.046875
0 0.08052884615384616 0.17427884615384615 0.07211538461538461 0.057692307692307696
0 0.5084134615384616 0.5540865384615384 0.10697115384615384 0.08653846153846154
0 0.5420673076923077 0.4795673076923077 0.06009615384615385 0.040865384615384616
0 0.8653846153846154 0.36658653846153844 0.0733173076923077 0.026442307692307692
0 0.9519230769230769 0.5372596153846154 0.09375 0.06490384615384616
0 0.1346153846153846 0.07692307692307693 0.08774038461538461 0.10576923076923077
0 0.7055288461538461 0.9362980769230769 0.06490384615384616 0.0733173076923077
0 0.9495192307692307 0.05048076923076923 0.038461538461538464 0.036057692307692304
0 0.9026442307692307 0.7019230769230769 0.08533653846153846 0.056490384615384616
0 0.5973557692307693 0.6538461538461539 0.057692307692307696 0.05889423076923077
0 0.04447115384615385 0.47836538461538464 0.06610576923076923 0.03365384615384615
0 0.7379807692307693 0.296875 0.06009615384615385 0.06490384615384616
0 0.5649038461538461 0.203125 0.04927884615384615 0.04807692307692308
0 0.8413461538461539 0.7211538461538461 0.06490384615384616 0.052884615384615384
0 0.20673076923076922 0.40384615384615385 0.057692307692307696 0.057692307692307696
0 0.6382211538461539 0.2512019230769231 0.055288461538461536 0.057692307692307696
0 0.34375 0.20432692307692307 0.06610576923076923 0.06610576923076923
0 0.41225961538461536 0.9819711538461539 0.07692307692307693 0.03365384615384615
0 0.28725961538461536 0.3112980769230769 0.06490384615384616 0.054086538461538464
0 0.24879807692307693 0.203125 0.046875 0.07692307692307693
0 0.9639423076923077 0.7764423076923077 0.07091346153846154 0.06971153846153846
0 0.8774038461538461 0.8617788461538461 0.06490384615384616 0.052884615384615384
0 0.5372596153846154 0.9242788461538461 0.12740384615384615 0.07572115384615384
0 0.3918269230769231 0.01201923076923077 0.04447115384615385 0.02403846153846154
0 0.10817307692307693 0.2704326923076923 0.0733173076923077 0.04927884615384615