0 0.5841346153846154 0.8822115384615384 0.12259615384615384 0.06850961538461539
0 0.48197115384615385 0.8197115384615384 0.07932692307692307 0.15384615384615385
0 0.703125 0.6274038461538461 0.1141826923076923 0.10216346153846154
0 0.6947115384615384 0.9639423076923077 0.05048076923076923 0.07091346153846154
0 0.7451923076923077 0.7764423076923077 0.13942307692307693 0.11057692307692307
0 0.4326923076923077 0.46634615384615385 0.1875 0.057692307692307696
0 0.08173076923076923 0.5504807692307693 0.056490384615384616 0.07211538461538461
0 0.11538461538461539 0.8305288461538461 0.07091346153846154 0.052884615384615384
0 0.3125 0.4807692307692308 0.10817307692307693 0.1201923076923077
0 0.8016826923076923 0.2247596153846154 0.15504807692307693 0.234375
0 0.02403846153846154 0.375 0.04807692307692308 0.10817307692307693
0 0.7475961538461539 0.46274038461538464 0.17548076923076922 0.10096153846153846
0 0.9387019230769231 0.46634615384615385 0.0733173076923077 0.04447115384615385
0 0.3737980769230769 0.026442307692307692 0.06971153846153846 0.052884615384615384
0 0.7680288461538461 0.21514423076923078 0.09254807692307693 0.07932692307692307
0 0.8629807692307693 0.7668269230769231 0.10336538461538461 0.13341346153846154
0 0.3076923076923077 0.054086538461538464 0.12379807692307693 0.10697115384615384
0 0.6971153846153846 0.32572115384615385 0.08413461538461539 0.14423076923076922
0 0.41346153846153844 0.4170673076923077 0.0625 0.06009615384615385
0 0.03245192307692308 0.9615384615384616 0.06490384615384616 0.07211538461538461
0 0.9555288461538461 0.04927884615384615 0.08653846153846154 0.06610576923076923
0 0.5733173076923077 0.7524038461538461 0.12259615384615384 0.13822115384615385
0 0.4735576923076923 0.2920673076923077 0.1875 0.10697115384615384
0 0.8317307692307693 0.3112980769230769 0.06490384615384616 0.06490384615384616
0 0.18870192307692307 0.8701923076923077 0.06850961538461539 0.039663461538461536
0 0.546875 0.5913461538461539 0.07211538461538461 0.040865384615384616
0 0.8894230769230769 0.5360576923076923 0.09134615384615384 0.06610576923076923
0 0.7403846153846154 0.8233173076923077 0.12259615384615384 0.28365384615384615
0 0.7668269230769231 0.10336538461538461 0.06370192307692307 0.056490384615384616
0 0.21875 0.3581730769230769 0.04447115384615385 0.04927884615384615
0 0.8617788461538461 0.6382211538461539 0.12740384615384615 0.06971153846153846
0 0.21995192307692307 0.2536057692307692 0.06971153846153846 0.057692307692307696
0 0.6298076923076923 0.9627403846153846 0.11778846153846154 0.06370192307692307
0 0.9302884615384616 0.33653846153846156 0.08774038461538461 0.06129807692307692
0 0.056490384615384616 0.7163461538461539 0.0673076923076923 0.08052884615384616
0 0.8725961538461539 0.40625 0.1622596153846154 0.05889423076923077
0 0.8822115384615384 0.4891826923076923 0.04567307692307692 0.07211538461538461
0 0.9771634615384616 0.9350961538461539 0.04447115384615385 0.06009615384615385
0 0.48197115384615385 0.8954326923076923 0.14302884615384615 0.11658653846153846
0 0.20432692307692307 0.3954326923076923 0.08413461538461539 0.05889423076923077
0 0.6490384615384616 0.5324519230769231 0.13822115384615385 0.1045673076923077
0 0.32091346153846156 0.12139423076923077 0.18028846153846154 0.055288461538461536
0 0.8389423076923077 0.7199519230769231 0.046875 0.10096153846153846
0 0.36778846153846156 0.8100961538461539 0.17307692307692307 0.06009615384615385
0 0.054086538461538464 0.14903846153846154 0.10817307692307693 0.1971153846153846
0 0.02403846153846154 0.6262019230769231 0.04807692307692308 0.09134615384615384
0 0.43990384615384615 0.16346153846153846 0.1346153846153846 0.12259615384615384
0 0.1201923076923077 0.9567307692307693 0.1045673076923077 0.08413461538461539
0 0.9675480769230769 0.025240384615384616 0.06009615384615385 0.05048076923076923
0 0.8076923076923077 0.375 0.09495192307692307 0.04567307692307692
0 0.5805288461538461 0.1045673076923077 0.14182692307692307 0.08533653846153846
0 0.8016826923076923 0.03485576923076923 0.06009615384615385 0.06971153846153846