0 0.15625 0.7463942307692307 0.0733173076923077 0.08052884615384616
0 0.40625 0.9639423076923077 0.06971153846153846 0.07091346153846154
0 0.6069711538461539 0.9423076923076923 0.055288461538461536 0.06490384615384616
0 0.6850961538461539 0.03125 0.07572115384615384 0.04927884615384615
0 0.17908653846153846 0.8798076923076923 0.09134615384615384 0.04567307692307692
0 0.21875 0.47115384615384615 0.09014423076923077 0.03125
0 0.6141826923076923 0.4519230769230769 0.04927884615384615 0.025240384615384616
0 0.9459134615384616 0.6490384615384616 0.054086538461538464 0.057692307692307696
0 0.24759615384615385 0.5673076923076923 0.09615384615384616 0.04447115384615385
0 0.40865384615384615 0.41346153846153844 0.0733173076923077 0.037259615384615384
0 0.8461538461538461 0.7415865384615384 0.04567307692307692 0.038461538461538464
0 0.6875 0.6826923076923077 0.10697115384615384 0.03245192307692308
0 0.8918269230769231 0.24639423076923078 0.02283653846153846 0.04807692307692308
0 0.4098557692307692 0.16706730769230768 0.04807692307692308 0.04447115384615385
0 0.32211538461538464 0.3425480769230769 0.10216346153846154 0.0625
0 0.028846153846153848 0.6201923076923077 0.055288461538461536 0.04807692307692308
0 0.7740384615384616 0.48197115384615385 0.08653846153846154 0.05048076923076923
0 0.7163461538461539 0.265625 0.037259615384615384 0.07932692307692307
0 0.0889423076923077 0.5961538461538461 0.04927884615384615 0.04927884615384615
0 0.15625 0.3016826923076923 0.054086538461538464 0.036057692307692304
0 0.9182692307692307 0.18990384615384615 0.09134615384615384 0.07572115384615384
0 0.9711538461538461 0.9086538461538461 0.056490384615384616 0.028846153846153848
0 0.6274038461538461 0.7007211538461539 0.07091346153846154 0.02403846153846154
0 0.7932692307692307 0.5444711538461539 0.0673076923076923 0.03125
0 0.7139423076923077 0.5420673076923077 0.057692307692307696 0.051682692307692304
0 0.3389423076923077 0.7127403846153846 0.10697115384615384 0.037259615384615384
0 0.9110576923076923 0.28846153846153844 0.13822115384615385 0.038461538461538464
0 0.6141826923076923 0.34375 0.055288461538461536 0.11778846153846154
0 0.8149038461538461 0.3425480769230769 0.03125 0.06850961538461539
0 0.09615384615384616 0.9819711538461539 0.04326923076923077 0.03365384615384615
0 0.4579326923076923 0.9266826923076923 0.051682692307692304 0.02403846153846154
0 0.08052884615384616 0.25961538461538464 0.09615384615384616 0.06129807692307692
0 0.31490384615384615 0.9014423076923077 0.09495192307692307 0.04927884615384615
0 0.6189903846153846 0.013221153846153846 0.0625 0.02403846153846154
0 0.38221153846153844 0.33052884615384615 0.08413461538461539 0.04447115384615385
0 0.8569711538461539 0.2848557692307692 0.07932692307692307 0.030048076923076924
0 0.4014423076923077 0.2980769230769231 0.07692307692307693 0.06370192307692307
0 0.24879807692307693 0.8269230769230769 0.0673076923076923 0.030048076923076924
0 0.33413461538461536 0.07572115384615384 0.0829326923076923 0.08413461538461539
0 0.24759615384615385 0.17067307692307693 0.09134615384615384 0.04927884615384615
0 0.5060096153846154 0.0889423076923077 0.08413461538461539 0.04447115384615385
0 0.18870192307692307 0.018028846153846152 0.09134615384615384 0.03365384615384615
0 0.5829326923076923 0.7355769230769231 0.08653846153846154 0.08653846153846154
0 0.5168269230769231 0.9483173076923077 0.06971153846153846 0.026442307692307692
0 0.7788461538461539 0.08533653846153846 0.027644230769230768 0.08052884615384616
0 0.9831730769230769 0.140625 0.03125 0.0673076923076923
0 0.375 0.06129807692307692 0.0985576923076923 0.06370192307692307
0 0.9146634615384616 0.4675480769230769 0.078125 0.08413461538461539
0 0.8305288461538461 0.21153846153846154 0.036057692307692304 0.046875
0 0.9783653846153846 0.37740384615384615 0.040865384615384616 0.08052884615384616
0 0.11177884615384616 0.06370192307692307 0.07451923076923077 0.06971153846153846
0 0.7163461538461539 0.36899038461538464 0.04807692307692308 0.03485576923076923
0 0.39903846153846156 0.7512019230769231 0.078125 0.040865384615384616
0 0.39663461538461536 0.7992788461538461 0.07572115384615384 0.04807692307692308
0 0.8653846153846154 0.4723557692307692 0.05889423076923077 0.04927884615384615
0 0.4891826923076923 0.26322115384615385 0.0733173076923077 0.0733173076923077
0 0.9399038461538461 0.04927884615384615 0.040865384615384616 0.039663461538461536
0 0.9302884615384616 0.5721153846153846 0.11177884615384616 0.06370192307692307
0 0.8822115384615384 0.8966346153846154 0.037259615384615384 0.04807692307692308
0 0.8774038461538461 0.5865384615384616 0.08052884615384616 0.055288461538461536
0 0.9134615384615384 0.8545673076923077 0.08052884615384616 0.038461538461538464
0 0.20072115384615385 0.09375 0.055288461538461536 0.0829326923076923
0 0.21754807692307693 0.9759615384615384 0.06490384615384616 0.04447115384615385
0 0.6730769230769231 0.16466346153846154 0.06610576923076923 0.07211538461538461
0 0.328125 0.6418269230769231 0.07692307692307693 0.04326923076923077
0 0.5600961538461539 0.6213942307692307 0.05048076923076923 0.038461538461538464
0 0.8173076923076923 0.9423076923076923 0.04927884615384615 0.028846153846153848
0 0.875 0.3581730769230769 0.06370192307692307 0.04447115384615385
0 0.890625 0.6454326923076923 0.056490384615384616 0.036057692307692304