0 0.49399038461538464 0.8257211538461539 0.054086538461538464 0.03485576923076923
0 0.48197115384615385 0.6478365384615384 0.08533653846153846 0.07572115384615384
0 0.7776442307692307 0.40384615384615385 0.12740384615384615 0.0889423076923077
0 0.15745192307692307 0.859375 0.09615384615384616 0.06370192307692307
0 0.1141826923076923 0.03365384615384615 0.11899038461538461 0.0673076923076923
0 0.8016826923076923 0.09254807692307693 0.140625 0.11658653846153846
0 0.8245192307692307 0.8665865384615384 0.11298076923076923 0.08052884615384616
0 0.6045673076923077 0.9759615384615384 0.1201923076923077 0.04567307692307692
0 0.21754807692307693 0.40625 0.07091346153846154 0.07692307692307693
0 0.578125 0.6634615384615384 0.0733173076923077 0.08533653846153846
0 0.9627403846153846 0.05048076923076923 0.055288461538461536 0.06370192307692307
0 0.4206730769230769 0.15865384615384615 0.07451923076923077 0.07091346153846154
0 0.0829326923076923 0.6598557692307693 0.0829326923076923 0.12259615384615384
0 0.5576923076923077 0.8918269230769231 0.04326923076923077 0.036057692307692304
0 0.5084134615384616 0.6923076923076923 0.07692307692307693 0.09014423076923077
0 0.6382211538461539 0.29447115384615385 0.08653846153846154 0.07451923076923077
0 0.9819711538461539 0.8665865384615384 0.03365384615384615 0.06610576923076923
0 0.5360576923076923 0.3605769230769231 0.12860576923076922 0.10096153846153846
0 0.7836538461538461 0.2512019230769231 0.12620192307692307 0.12139423076923077
0 0.6802884615384616 0.9254807692307693 0.06971153846153846 0.03365384615384615
0 0.07932692307692307 0.24278846153846154 0.0625 0.0829326923076923
0 0.9795673076923077 0.18629807692307693 0.039663461538461536 0.06490384615384616
0 0.10817307692307693 0.14903846153846154 0.054086538461538464 0.056490384615384616
0 0.4963942307692308 0.8810096153846154 0.03485576923076923 0.026442307692307692
0 0.5048076923076923 0.8461538461538461 0.04567307692307692 0.037259615384615384
0 0.21995192307692307 0.96875 0.06490384615384616 0.06129807692307692