0 0.6862980769230769 0.5709134615384616 0.0673076923076923 0.027644230769230768
0 0.3713942307692308 0.296875 0.03125 0.028846153846153848
0 0.6129807692307693 0.24278846153846154 0.06971153846153846 0.04447115384615385
0 0.7728365384615384 0.33052884615384615 0.052884615384615384 0.04326923076923077
0 0.7379807692307693 0.45072115384615385 0.06129807692307692 0.03245192307692308
0 0.7884615384615384 0.5661057692307693 0.03485576923076923 0.06009615384615385
0 0.12139423076923077 0.0625 0.10216346153846154 0.038461538461538464
0 0.09254807692307693 0.22355769230769232 0.0985576923076923 0.015625
0 0.14302884615384615 0.6454326923076923 0.09495192307692307 0.078125
0 0.2548076923076923 0.5841346153846154 0.08653846153846154 0.055288461538461536
0 0.40865384615384615 0.6310096153846154 0.03365384615384615 0.055288461538461536
0 0.3233173076923077 0.5528846153846154 0.04927884615384615 0.036057692307692304
0 0.39302884615384615 0.9242788461538461 0.06009615384615385 0.040865384615384616
0 0.16706730769230768 0.9074519230769231 0.09975961538461539 0.06370192307692307
0 0.5913461538461539 0.040865384615384616 0.07692307692307693 0.08173076923076923
0 0.41346153846153844 0.056490384615384616 0.054086538461538464 0.11298076923076923
0 0.7103365384615384 0.11177884615384616 0.109375 0.12740384615384615
0 0.7788461538461539 0.2848557692307692 0.10817307692307693 0.09375
0 0.7632211538461539 0.20072115384615385 0.03485576923076923 0.03485576923076923
0 0.33413461538461536 0.27403846153846156 0.026442307692307692 0.0733173076923077
0 0.3329326923076923 0.3701923076923077 0.03365384615384615 0.06971153846153846
0 0.2512019230769231 0.1875 0.05048076923076923 0.09735576923076923
0 0.42908653846153844 0.359375 0.03245192307692308 0.051682692307692304
0 0.3004807692307692 0.07091346153846154 0.026442307692307692 0.06490384615384616
0 0.5829326923076923 0.546875 0.042067307692307696 0.054086538461538464
0 0.6947115384615384 0.19471153846153846 0.05048076923076923 0.037259615384615384
0 0.8016826923076923 0.5012019230769231 0.04807692307692308 0.07692307692307693