0 0.9338942307692307 0.6514423076923077 0.03365384615384615 0.018028846153846152
0 0.9519230769230769 0.7475961538461539 0.05889423076923077 0.027644230769230768
0 0.6550480769230769 0.6298076923076923 0.03125 0.019230769230769232
0 0.5240384615384616 0.6742788461538461 0.038461538461538464 0.03125
0 0.3449519230769231 0.6165865384615384 0.04326923076923077 0.03485576923076923
0 0.34375 0.75 0.037259615384615384 0.02403846153846154
0 0.828125 0.4074519230769231 0.04326923076923077 0.028846153846153848
0 0.8894230769230769 0.3125 0.030048076923076924 0.027644230769230768
0 0.9855769230769231 0.25841346153846156 0.014423076923076924 0.02403846153846154
0 0.16706730769230768 0.35697115384615385 0.04927884615384615 0.028846153846153848
0 0.15865384615384615 0.28125 0.04567307692307692 0.018028846153846152
0 0.2608173076923077 0.23677884615384615 0.03365384615384615 0.02403846153846154
0 0.14783653846153846 0.6129807692307693 0.04326923076923077 0.019230769230769232
0 0.6959134615384616 0.17427884615384615 0.02403846153846154 0.040865384615384616
0 0.5564903846153846 0.06129807692307692 0.04567307692307692 0.026442307692307692
0 0.9350961538461539 0.11177884615384616 0.037259615384615384 0.016826923076923076
0 0.765625 0.2920673076923077 0.030048076923076924 0.028846153846153848
0 0.6201923076923077 0.3701923076923077 0.020432692307692308 0.016826923076923076
0 0.7139423076923077 0.3545673076923077 0.03365384615384615 0.019230769230769232
0 0.3858173076923077 0.4495192307692308 0.025240384615384616 0.014423076923076924
0 0.22115384615384615 0.6550480769230769 0.04447115384615385 0.02403846153846154
0 0.27884615384615385 0.6622596153846154 0.03245192307692308 0.015625
0 0.15144230769230768 0.7512019230769231 0.03365384615384615 0.015625
0 0.2247596153846154 0.8052884615384616 0.040865384615384616 0.02403846153846154
0 0.08774038461538461 0.7367788461538461 0.04807692307692308 0.019230769230769232
0 0.3545673076923077 0.7848557692307693 0.02403846153846154 0.038461538461538464
0 0.1658653846153846 0.8653846153846154 0.06490384615384616 0.030048076923076924
0 0.6201923076923077 0.8990384615384616 0.028846153846153848 0.04447115384615385
0 0.5384615384615384 0.9362980769230769 0.037259615384615384 0.025240384615384616
0 0.5865384615384616 0.9663461538461539 0.038461538461538464 0.021634615384615384
0 0.49759615384615385 0.7980769230769231 0.042067307692307696 0.03365384615384615
0 0.9134615384615384 0.7319711538461539 0.028846153846153848 0.018028846153846152
0 0.9699519230769231 0.7740384615384616 0.018028846153846152 0.02283653846153846
0 0.7584134615384616 0.7151442307692307 0.039663461538461536 0.013221153846153846
0 0.15625 0.265625 0.05889423076923077 0.026442307692307692
0 0.14302884615384615 0.9663461538461539 0.028846153846153848 0.025240384615384616
0 0.8064903846153846 0.7403846153846154 0.02283653846153846 0.014423076923076924
0 0.8245192307692307 0.3858173076923077 0.020432692307692308 0.014423076923076924