0 0.7584134615384616 0.04567307692307692 0.20552884615384615 0.09134615384615384
0 0.5901442307692307 0.013221153846153846 0.055288461538461536 0.025240384615384616
0 0.375 0.057692307692307696 0.07572115384615384 0.04567307692307692
0 0.5132211538461539 0.08653846153846154 0.10697115384615384 0.056490384615384616
0 0.8858173076923077 0.18629807692307693 0.22235576923076922 0.06490384615384616
0 0.08774038461538461 0.04927884615384615 0.06009615384615385 0.0985576923076923
0 0.203125 0.019230769230769232 0.04927884615384615 0.038461538461538464
0 0.046875 0.06850961538461539 0.037259615384615384 0.036057692307692304
0 0.13822115384615385 0.1466346153846154 0.04807692307692308 0.06971153846153846
0 0.20432692307692307 0.11658653846153846 0.07451923076923077 0.0733173076923077
0 0.40024038461538464 0.16826923076923078 0.08653846153846154 0.13822115384615385
0 0.484375 0.17548076923076922 0.04567307692307692 0.07572115384615384
0 0.6682692307692307 0.22355769230769232 0.11658653846153846 0.11298076923076923
0 0.7103365384615384 0.234375 0.13942307692307693 0.19230769230769232
0 0.6935096153846154 0.15625 0.19230769230769232 0.14543269230769232
0 0.3125 0.17908653846153846 0.039663461538461536 0.03365384615384615
0 0.01201923076923077 0.3076923076923077 0.02403846153846154 0.052884615384615384
0 0.23557692307692307 0.33653846153846156 0.07211538461538461 0.06610576923076923
0 0.6923076923076923 0.39663461538461536 0.07932692307692307 0.15264423076923078
0 0.8197115384615384 0.49759615384615385 0.030048076923076924 0.03485576923076923
0 0.7079326923076923 0.46274038461538464 0.14903846153846154 0.1346153846153846
0 0.7139423076923077 0.5024038461538461 0.06610576923076923 0.15264423076923078
0 0.18028846153846154 0.4579326923076923 0.1502403846153846 0.14182692307692307
0 0.0889423076923077 0.4362980769230769 0.17668269230769232 0.06850961538461539
0 0.08173076923076923 0.39663461538461536 0.10697115384615384 0.16826923076923078
0 0.5108173076923077 0.5528846153846154 0.14783653846153846 0.1658653846153846
0 0.5396634615384616 0.4362980769230769 0.171875 0.11177884615384616
0 0.25240384615384615 0.5432692307692307 0.1875 0.05889423076923077
0 0.2776442307692308 0.6081730769230769 0.0889423076923077 0.028846153846153848
0 0.41346153846153844 0.7043269230769231 0.12259615384615384 0.22355769230769232
0 0.21995192307692307 0.6538461538461539 0.23197115384615385 0.08774038461538461
0 0.06490384615384616 0.6971153846153846 0.12980769230769232 0.12620192307692307
0 0.027644230769230768 0.6526442307692307 0.055288461538461536 0.054086538461538464
0 0.7932692307692307 0.75 0.1466346153846154 0.06009615384615385
0 0.23918269230769232 0.7704326923076923 0.21394230769230768 0.06129807692307692
0 0.19230769230769232 0.7524038461538461 0.12620192307692307 0.125
0 0.3942307692307692 0.8257211538461539 0.04567307692307692 0.11177884615384616
0 0.7175480769230769 0.9110576923076923 0.056490384615384616 0.057692307692307696
0 0.578125 0.8870192307692307 0.24759615384615385 0.06129807692307692
0 0.9362980769230769 0.9411057692307693 0.0625 0.11658653846153846
0 0.9278846153846154 0.9194711538461539 0.04567307692307692 0.10336538461538461
0 0.7439903846153846 0.96875 0.038461538461538464 0.037259615384615384
0 0.2860576923076923 0.8353365384615384 0.10216346153846154 0.057692307692307696
0 0.15504807692307693 0.8774038461538461 0.16105769230769232 0.1141826923076923
0 0.13581730769230768 0.9134615384615384 0.24519230769230768 0.06009615384615385
0 0.016826923076923076 0.9711538461538461 0.03365384615384615 0.052884615384615384
0 0.45552884615384615 0.11057692307692307 0.037259615384615384 0.038461538461538464