0 0.9795673076923077 0.30288461538461536 0.039663461538461536 0.06971153846153846
0 0.8701923076923077 0.29927884615384615 0.039663461538461536 0.07211538461538461
0 0.8365384615384616 0.4050480769230769 0.046875 0.06971153846153846
0 0.7932692307692307 0.42427884615384615 0.055288461538461536 0.04447115384615385
0 0.7632211538461539 0.3076923076923077 0.04326923076923077 0.09615384615384616
0 0.7704326923076923 0.3557692307692308 0.055288461538461536 0.04927884615384615
0 0.7295673076923077 0.3473557692307692 0.028846153846153848 0.03125
0 0.7403846153846154 0.26322115384615385 0.04326923076923077 0.052884615384615384
0 0.7259615384615384 0.15384615384615385 0.04447115384615385 0.06490384615384616
0 0.6826923076923077 0.41225961538461536 0.03365384615384615 0.08533653846153846
0 0.7740384615384616 0.5372596153846154 0.07572115384615384 0.040865384615384616
0 0.6286057692307693 0.20072115384615385 0.04807692307692308 0.051682692307692304
0 0.6177884615384616 0.47836538461538464 0.028846153846153848 0.028846153846153848
0 0.7283653846153846 0.02403846153846154 0.04447115384615385 0.04807692307692308
0 0.640625 0.11778846153846154 0.05889423076923077 0.10697115384615384
0 0.7355769230769231 0.08533653846153846 0.05048076923076923 0.07211538461538461
0 0.6754807692307693 0.3449519230769231 0.028846153846153848 0.05048076923076923
0 0.9879807692307693 0.5588942307692307 0.021634615384615384 0.05889423076923077
0 0.9507211538461539 0.5685096153846154 0.039663461538461536 0.07572115384615384
0 0.9483173076923077 0.7079326923076923 0.04567307692307692 0.04927884615384615
0 0.8269230769230769 0.8713942307692307 0.0625 0.08413461538461539
0 0.7728365384615384 0.8641826923076923 0.037259615384615384 0.04927884615384615
0 0.7451923076923077 0.8942307692307693 0.04927884615384615 0.04927884615384615
0 0.7608173076923077 0.7536057692307693 0.04567307692307692 0.052884615384615384
0 0.7211538461538461 0.7776442307692307 0.040865384615384616 0.06370192307692307
0 0.6490384615384616 0.8473557692307693 0.052884615384615384 0.057692307692307696
0 0.6298076923076923 0.7836538461538461 0.051682692307692304 0.06129807692307692
0 0.6778846153846154 0.7788461538461539 0.04326923076923077 0.0625
0 0.9350961538461539 0.7764423076923077 0.028846153846153848 0.040865384615384616
0 0.8545673076923077 0.9819711538461539 0.055288461538461536 0.03485576923076923
0 0.5132211538461539 0.9819711538461539 0.051682692307692304 0.03365384615384615
0 0.5192307692307693 0.9483173076923077 0.040865384615384616 0.030048076923076924
0 0.45072115384615385 0.9350961538461539 0.06610576923076923 0.040865384615384616
0 0.4266826923076923 0.8641826923076923 0.028846153846153848 0.09495192307692307
0 0.34375 0.056490384615384616 0.037259615384615384 0.09975961538461539
0 0.3858173076923077 0.051682692307692304 0.03245192307692308 0.04447115384615385
0 0.27884615384615385 0.046875 0.04927884615384615 0.09375
0 0.2512019230769231 0.07211538461538461 0.0889423076923077 0.14302884615384615
0 0.2091346153846154 0.078125 0.07211538461538461 0.12259615384615384
0 0.22956730769230768 0.1658653846153846 0.07692307692307693 0.042067307692307696
0 0.15144230769230768 0.014423076923076924 0.04567307692307692 0.028846153846153848
0 0.09375 0.016826923076923076 0.038461538461538464 0.03365384615384615
0 0.2536057692307692 0.28846153846153844 0.039663461538461536 0.0889423076923077
0 0.18389423076923078 0.3016826923076923 0.037259615384615384 0.06009615384615385
0 0.28365384615384615 0.4110576923076923 0.04567307692307692 0.06850961538461539
0 0.32211538461538464 0.484375 0.027644230769230768 0.042067307692307696
0 0.009615384615384616 0.33533653846153844 0.019230769230769232 0.07932692307692307
0 0.02283653846153846 0.43509615384615385 0.04567307692307692 0.09134615384615384
0 0.2620192307692308 0.5120192307692307 0.07211538461538461 0.055288461538461536
0 0.20192307692307693 0.5576923076923077 0.056490384615384616 0.04927884615384615
0 0.2403846153846154 0.5985576923076923 0.03485576923076923 0.057692307692307696
0 0.29086538461538464 0.5757211538461539 0.042067307692307696 0.036057692307692304
0 0.296875 0.5456730769230769 0.021634615384615384 0.030048076923076924
0 0.2848557692307692 0.6947115384615384 0.051682692307692304 0.057692307692307696
0 0.23317307692307693 0.7115384615384616 0.04927884615384615 0.055288461538461536
0 0.06610576923076923 0.6947115384615384 0.06971153846153846 0.05048076923076923
0 0.01201923076923077 0.6862980769230769 0.02403846153846154 0.055288461538461536
0 0.04927884615384615 0.7572115384615384 0.0985576923076923 0.04567307692307692
0 0.1201923076923077 0.7608173076923077 0.042067307692307696 0.057692307692307696
0 0.2668269230769231 0.7860576923076923 0.05048076923076923 0.05048076923076923
0 0.16947115384615385 0.78125 0.056490384615384616 0.0673076923076923
0 0.21514423076923078 0.4735576923076923 0.02403846153846154 0.039663461538461536
0 0.21754807692307693 0.8305288461538461 0.04447115384615385 0.06610576923076923
0 0.15625 0.984375 0.07692307692307693 0.028846153846153848
0 0.07572115384615384 0.9795673076923077 0.051682692307692304 0.039663461538461536
0 0.2920673076923077 0.9447115384615384 0.07091346153846154 0.09134615384615384
0 0.6694711538461539 0.109375 0.03125 0.07572115384615384