0 0.6658653846153846 0.8509615384615384 0.038461538461538464 0.036057692307692304
0 0.203125 0.7331730769230769 0.078125 0.03365384615384615
0 0.8473557692307693 0.59375 0.09495192307692307 0.1045673076923077
0 0.03485576923076923 0.9338942307692307 0.06971153846153846 0.04567307692307692
0 0.38341346153846156 0.2512019230769231 0.12139423076923077 0.08052884615384616
0 0.7103365384615384 0.8052884615384616 0.0733173076923077 0.12740384615384615
0 0.6526442307692307 0.38461538461538464 0.10096153846153846 0.06490384615384616
0 0.6526442307692307 0.5336538461538461 0.10576923076923077 0.10817307692307693
0 0.04927884615384615 0.7932692307692307 0.0889423076923077 0.028846153846153848
0 0.37259615384615385 0.8737980769230769 0.08052884615384616 0.07572115384615384
0 0.9759615384615384 0.7163461538461539 0.046875 0.038461538461538464
0 0.6502403846153846 0.7247596153846154 0.04927884615384615 0.03485576923076923
0 0.5240384615384616 0.09134615384615384 0.08173076923076923 0.07692307692307693
0 0.12740384615384615 0.5973557692307693 0.12139423076923077 0.0985576923076923
0 0.40865384615384615 0.921875 0.08653846153846154 0.08052884615384616
0 0.7608173076923077 0.020432692307692308 0.09495192307692307 0.038461538461538464
0 0.171875 0.23317307692307693 0.10096153846153846 0.09615384615384616
0 0.75 0.6622596153846154 0.1045673076923077 0.04447115384615385
0 0.6117788461538461 0.7283653846153846 0.06850961538461539 0.038461538461538464
0 0.18990384615384615 0.125 0.08052884615384616 0.057692307692307696
0 0.3798076923076923 0.1935096153846154 0.09134615384615384 0.04326923076923077
0 0.6201923076923077 0.9663461538461539 0.09495192307692307 0.06009615384615385
0 0.7632211538461539 0.16706730769230768 0.08052884615384616 0.07572115384615384
0 0.5805288461538461 0.8557692307692307 0.11538461538461539 0.15985576923076922
0 0.30288461538461536 0.28125 0.10576923076923077 0.055288461538461536
0 0.35697115384615385 0.9338942307692307 0.06009615384615385 0.046875
0 0.039663461538461536 0.24158653846153846 0.07932692307692307 0.10817307692307693
0 0.08533653846153846 0.19110576923076922 0.15625 0.12740384615384615
0 0.1658653846153846 0.9867788461538461 0.11177884615384616 0.02283653846153846
0 0.33653846153846156 0.5637019230769231 0.08774038461538461 0.06009615384615385
0 0.9519230769230769 0.037259615384615384 0.06009615384615385 0.04927884615384615
0 0.06370192307692307 0.6850961538461539 0.07932692307692307 0.09495192307692307
0 0.5288461538461539 0.7572115384615384 0.06971153846153846 0.056490384615384616
0 0.15745192307692307 0.7524038461538461 0.08052884615384616 0.036057692307692304
0 0.16947115384615385 0.6225961538461539 0.06971153846153846 0.04927884615384615
0 0.8413461538461539 0.43028846153846156 0.0625 0.0985576923076923
0 0.39302884615384615 0.7235576923076923 0.09615384615384616 0.056490384615384616
0 0.027644230769230768 0.15985576923076922 0.055288461538461536 0.055288461538461536
0 0.054086538461538464 0.8774038461538461 0.06009615384615385 0.051682692307692304
0 0.35697115384615385 0.27884615384615385 0.1778846153846154 0.09975961538461539
0 0.24639423076923078 0.07572115384615384 0.07451923076923077 0.040865384615384616
0 0.6490384615384616 0.23677884615384615 0.04807692307692308 0.07692307692307693
0 0.9699519230769231 0.5192307692307693 0.05889423076923077 0.05048076923076923
0 0.9507211538461539 0.3401442307692308 0.040865384615384616 0.057692307692307696
0 0.8401442307692307 0.36177884615384615 0.18509615384615385 0.10817307692307693
0 0.35096153846153844 0.828125 0.0625 0.06490384615384616
0 0.9831730769230769 0.6826923076923077 0.03125 0.038461538461538464
0 0.3137019230769231 0.3894230769230769 0.09375 0.04326923076923077
0 0.11538461538461539 0.6899038461538461 0.04927884615384615 0.04326923076923077
0 0.5180288461538461 0.5492788461538461 0.09975961538461539 0.10336538461538461
0 0.39663461538461536 0.5360576923076923 0.1310096153846154 0.0985576923076923
0 0.21153846153846154 0.8425480769230769 0.06129807692307692 0.08653846153846154
0 0.6790865384615384 0.026442307692307692 0.09735576923076923 0.051682692307692304
0 0.6322115384615384 0.5180288461538461 0.0889423076923077 0.028846153846153848
0 0.7908653846153846 0.5985576923076923 0.04447115384615385 0.0733173076923077
0 0.34134615384615385 0.9735576923076923 0.20793269230769232 0.05048076923076923
0 0.08774038461538461 0.39903846153846156 0.1045673076923077 0.12259615384615384
0 0.4639423076923077 0.47596153846153844 0.1141826923076923 0.06009615384615385
0 0.2860576923076923 0.953125 0.04927884615384615 0.09134615384615384
0 0.5048076923076923 0.13221153846153846 0.06009615384615385 0.03365384615384615