0 0.8834134615384616 0.8149038461538461 0.11778846153846154 0.3004807692307692
0 0.23197115384615385 0.9002403846153846 0.2283653846153846 0.1971153846153846
0 0.21634615384615385 0.15865384615384615 0.09735576923076923 0.10216346153846154
0 0.8641826923076923 0.6033653846153846 0.11057692307692307 0.11177884615384616
0 0.5961538461538461 0.9543269230769231 0.12740384615384615 0.09014423076923077
0 0.28725961538461536 0.25600961538461536 0.109375 0.20673076923076922
0 0.40865384615384615 0.8365384615384616 0.10096153846153846 0.09615384615384616
0 0.3233173076923077 0.7103365384615384 0.1875 0.23677884615384615
0 0.5817307692307693 0.5552884615384616 0.10576923076923077 0.20552884615384615
0 0.39903846153846156 0.3016826923076923 0.15985576923076922 0.22956730769230768
0 0.6045673076923077 0.328125 0.12620192307692307 0.21754807692307693
0 0.1310096153846154 0.6947115384615384 0.11778846153846154 0.20072115384615385
0 0.5757211538461539 0.78125 0.15745192307692307 0.11778846153846154
0 0.7259615384615384 0.16947115384615385 0.10216346153846154 0.08774038461538461