0 0.10096153846153846 0.2980769230769231 0.08653846153846154 0.07692307692307693
0 0.8028846153846154 0.30528846153846156 0.07692307692307693 0.09735576923076923
0 0.18509615384615385 0.7163461538461539 0.140625 0.08413461538461539
0 0.6538461538461539 0.6009615384615384 0.10576923076923077 0.11177884615384616
0 0.5649038461538461 0.5961538461538461 0.09014423076923077 0.056490384615384616
0 0.9447115384615384 0.9519230769230769 0.10576923076923077 0.09134615384615384
0 0.9435096153846154 0.04567307692307692 0.08052884615384616 0.0889423076923077
0 0.7331730769230769 0.17548076923076922 0.07572115384615384 0.10096153846153846
0 0.5372596153846154 0.19471153846153846 0.14302884615384615 0.0889423076923077
0 0.16826923076923078 0.9050480769230769 0.10336538461538461 0.08052884615384616
0 0.06610576923076923 0.9158653846153846 0.13221153846153846 0.14423076923076922
0 0.38461538461538464 0.48197115384615385 0.16466346153846154 0.11298076923076923
0 0.8894230769230769 0.8401442307692307 0.07211538461538461 0.08052884615384616
0 0.07572115384615384 0.7487980769230769 0.11778846153846154 0.07572115384615384
0 0.040865384615384616 0.5444711538461539 0.08173076923076923 0.0889423076923077
0 0.21995192307692307 0.8317307692307693 0.08653846153846154 0.109375
0 0.19831730769230768 0.13341346153846154 0.21754807692307693 0.12379807692307693
0 0.25600961538461536 0.2644230769230769 0.07692307692307693 0.07572115384615384
0 0.3701923076923077 0.04326923076923077 0.08052884615384616 0.07451923076923077
0 0.4014423076923077 0.9651442307692307 0.05048076923076923 0.06490384615384616
0 0.23918269230769232 0.9435096153846154 0.08052884615384616 0.10697115384615384
0 0.6177884615384616 0.36899038461538464 0.09014423076923077 0.09375
0 0.5072115384615384 0.5192307692307693 0.10096153846153846 0.06971153846153846
0 0.7055288461538461 0.4891826923076923 0.08653846153846154 0.08533653846153846
0 0.3233173076923077 0.7632211538461539 0.07932692307692307 0.06490384615384616
0 0.12379807692307693 0.14423076923076922 0.1310096153846154 0.11658653846153846
0 0.06129807692307692 0.037259615384615384 0.12259615384615384 0.07451923076923077
0 0.3629807692307692 0.28365384615384615 0.12259615384615384 0.10697115384615384