0 0.5360576923076923 0.7463942307692307 0.042067307692307696 0.07572115384615384
0 0.3557692307692308 0.12980769230769232 0.04447115384615385 0.046875
0 0.5661057692307693 0.5793269230769231 0.036057692307692304 0.054086538461538464
0 0.7211538461538461 0.8016826923076923 0.04927884615384615 0.04447115384615385
0 0.09375 0.171875 0.04807692307692308 0.057692307692307696
0 0.4074519230769231 0.7704326923076923 0.04807692307692308 0.06610576923076923
0 0.84375 0.7019230769230769 0.055288461538461536 0.051682692307692304
0 0.9266826923076923 0.515625 0.036057692307692304 0.054086538461538464
0 0.38221153846153844 0.625 0.04447115384615385 0.040865384615384616
0 0.875 0.5168269230769231 0.036057692307692304 0.040865384615384616
0 0.6766826923076923 0.19110576923076922 0.051682692307692304 0.03245192307692308
0 0.5793269230769231 0.5012019230769231 0.04326923076923077 0.030048076923076924
0 0.17427884615384615 0.054086538461538464 0.038461538461538464 0.038461538461538464
0 0.6995192307692307 0.11177884615384616 0.06490384615384616 0.04447115384615385
0 0.021634615384615384 0.016826923076923076 0.04326923076923077 0.03365384615384615
0 0.9230769230769231 0.7235576923076923 0.04326923076923077 0.05048076923076923
0 0.5228365384615384 0.15745192307692307 0.06490384615384616 0.04326923076923077
0 0.8605769230769231 0.109375 0.030048076923076924 0.036057692307692304
0 0.9134615384615384 0.1778846153846154 0.08052884615384616 0.05048076923076923
0 0.37740384615384615 0.052884615384615384 0.03485576923076923 0.03365384615384615
0 0.5865384615384616 0.29447115384615385 0.03365384615384615 0.037259615384615384
0 0.9411057692307693 0.9783653846153846 0.046875 0.042067307692307696
0 0.8533653846153846 0.4795673076923077 0.03365384615384615 0.028846153846153848
0 0.5264423076923077 0.234375 0.05889423076923077 0.04447115384615385
0 0.47836538461538464 0.5072115384615384 0.042067307692307696 0.052884615384615384
0 0.6430288461538461 0.6033653846153846 0.040865384615384616 0.038461538461538464
0 0.2704326923076923 0.08653846153846154 0.04447115384615385 0.055288461538461536
0 0.7295673076923077 0.22956730769230768 0.030048076923076924 0.040865384615384616
0 0.30288461538461536 0.140625 0.046875 0.042067307692307696
0 0.7704326923076923 0.3485576923076923 0.052884615384615384 0.0889423076923077
0 0.8762019230769231 0.23677884615384615 0.05889423076923077 0.042067307692307696
0 0.33774038461538464 0.5240384615384616 0.07091346153846154 0.04927884615384615
0 0.6658653846153846 0.14302884615384615 0.04326923076923077 0.04447115384615385
0 0.46153846153846156 0.7079326923076923 0.05048076923076923 0.036057692307692304
0 0.9483173076923077 0.8533653846153846 0.051682692307692304 0.07572115384615384
0 0.53125 0.10697115384615384 0.036057692307692304 0.04927884615384615
0 0.7307692307692307 0.6177884615384616 0.039663461538461536 0.057692307692307696