0 0.5240384615384616 0.19471153846153846 0.07572115384615384 0.06490384615384616
0 0.9411057692307693 0.16346153846153846 0.05048076923076923 0.1045673076923077
0 0.5588942307692307 0.9807692307692307 0.07451923076923077 0.036057692307692304
0 0.10697115384615384 0.025240384615384616 0.06971153846153846 0.04927884615384615
0 0.7367788461538461 0.6358173076923077 0.09375 0.055288461538461536
0 0.47836538461538464 0.35697115384615385 0.06850961538461539 0.06490384615384616
0 0.3870192307692308 0.4014423076923077 0.046875 0.06370192307692307
0 0.3088942307692308 0.5012019230769231 0.038461538461538464 0.036057692307692304
0 0.5420673076923077 0.8149038461538461 0.0889423076923077 0.125
0 0.2127403846153846 0.37259615384615385 0.07932692307692307 0.08774038461538461
0 0.07451923076923077 0.06971153846153846 0.06370192307692307 0.03485576923076923
0 0.1466346153846154 0.027644230769230768 0.055288461538461536 0.04326923076923077
0 0.5180288461538461 0.48197115384615385 0.08653846153846154 0.06490384615384616
0 0.17668269230769232 0.6129807692307693 0.051682692307692304 0.037259615384615384
0 0.2620192307692308 0.8353365384615384 0.056490384615384616 0.055288461538461536
0 0.3545673076923077 0.671875 0.0673076923076923 0.04927884615384615
0 0.9362980769230769 0.7355769230769231 0.09735576923076923 0.052884615384615384
0 0.04447115384615385 0.34134615384615385 0.0625 0.1310096153846154
0 0.5733173076923077 0.4230769230769231 0.07692307692307693 0.07932692307692307
0 0.6610576923076923 0.4579326923076923 0.051682692307692304 0.08533653846153846
0 0.2800480769230769 0.02403846153846154 0.06850961538461539 0.046875
0 0.9735576923076923 0.2608173076923077 0.05048076923076923 0.07572115384615384
0 0.5877403846153846 0.5228365384615384 0.07572115384615384 0.05889423076923077
0 0.7487980769230769 0.2512019230769231 0.06490384615384616 0.07692307692307693
0 0.08653846153846154 0.47115384615384615 0.07572115384615384 0.06129807692307692
0 0.46634615384615385 0.9771634615384616 0.09134615384615384 0.04326923076923077
0 0.026442307692307692 0.6213942307692307 0.052884615384615384 0.06971153846153846
0 0.15264423076923078 0.19230769230769232 0.04447115384615385 0.08173076923076923
0 0.8173076923076923 0.23677884615384615 0.07692307692307693 0.06490384615384616
0 0.15625 0.9831730769230769 0.078125 0.03245192307692308
0 0.7115384615384616 0.515625 0.078125 0.08533653846153846
0 0.2091346153846154 0.4795673076923077 0.06370192307692307 0.08653846153846154
0 0.6971153846153846 0.3173076923076923 0.05889423076923077 0.06971153846153846
0 0.7043269230769231 0.5757211538461539 0.06490384615384616 0.0625
0 0.38341346153846156 0.75 0.07572115384615384 0.054086538461538464
0 0.3173076923076923 0.5853365384615384 0.07572115384615384 0.05889423076923077
0 0.4074519230769231 0.5865384615384616 0.06850961538461539 0.08653846153846154
0 0.5769230769230769 0.06129807692307692 0.05889423076923077 0.0985576923076923
0 0.5925480769230769 0.7367788461538461 0.0625 0.06610576923076923
0 0.36778846153846156 0.6274038461538461 0.09495192307692307 0.052884615384615384
0 0.2776442307692308 0.5 0.054086538461538464 0.0673076923076923
0 0.8617788461538461 0.8485576923076923 0.08052884615384616 0.078125
0 0.2956730769230769 0.4375 0.07572115384615384 0.055288461538461536
0 0.4951923076923077 0.7824519230769231 0.078125 0.055288461538461536
0 0.40384615384615385 0.10697115384615384 0.07451923076923077 0.0889423076923077
0 0.12740384615384615 0.6742788461538461 0.09375 0.06971153846153846
0 0.23197115384615385 0.4266826923076923 0.056490384615384616 0.03245192307692308
0 0.7596153846153846 0.1658653846153846 0.046875 0.07211538461538461
0 0.1971153846153846 0.20552884615384615 0.08653846153846154 0.07572115384615384
0 0.036057692307692304 0.046875 0.07091346153846154 0.06129807692307692
0 0.44471153846153844 0.6790865384615384 0.0625 0.06370192307692307
0 0.9387019230769231 0.9447115384615384 0.042067307692307696 0.055288461538461536
0 0.6802884615384616 0.11658653846153846 0.0625 0.09735576923076923
0 0.9747596153846154 0.8197115384615384 0.04807692307692308 0.04807692307692308
0 0.3329326923076923 0.09254807692307693 0.10336538461538461 0.08052884615384616
0 0.02403846153846154 0.6838942307692307 0.046875 0.04927884615384615