0 0.7536057692307693 0.5060096153846154 0.08052884615384616 0.08052884615384616
0 0.8605769230769231 0.11778846153846154 0.09615384615384616 0.06610576923076923
0 0.3762019230769231 0.39302884615384615 0.09134615384615384 0.06490384615384616
0 0.34134615384615385 0.8257211538461539 0.09735576923076923 0.09615384615384616
0 0.7896634615384616 0.3161057692307692 0.11177884615384616 0.10096153846153846
0 0.578125 0.9699519230769231 0.09254807692307693 0.055288461538461536
0 0.14903846153846154 0.04567307692307692 0.07692307692307693 0.09134615384615384
0 0.4170673076923077 0.038461538461538464 0.08533653846153846 0.07692307692307693
0 0.6730769230769231 0.12139423076923077 0.08052884615384616 0.06009615384615385
0 0.3125 0.06490384615384616 0.10697115384615384 0.078125
0 0.8052884615384616 0.22235576923076922 0.08653846153846154 0.06850961538461539
0 0.37740384615384615 0.9615384615384616 0.10216346153846154 0.07572115384615384
0 0.5108173076923077 0.15384615384615385 0.0829326923076923 0.09134615384615384
0 0.20793269230769232 0.8449519230769231 0.0985576923076923 0.06370192307692307
0 0.9603365384615384 0.6298076923076923 0.07692307692307693 0.0889423076923077
0 0.71875 0.7752403846153846 0.1141826923076923 0.09134615384615384
0 0.9759615384615384 0.8990384615384616 0.046875 0.06009615384615385
0 0.040865384615384616 0.49038461538461536 0.08052884615384616 0.06850961538461539
0 0.8990384615384616 0.9206730769230769 0.11177884615384616 0.15504807692307693
0 0.9086538461538461 0.8365384615384616 0.1814903846153846 0.09134615384615384
0 0.3173076923076923 0.4254807692307692 0.12379807692307693 0.12740384615384615
0 0.6225961538461539 0.24278846153846154 0.09735576923076923 0.12860576923076922
0 0.9867788461538461 0.1045673076923077 0.02403846153846154 0.1045673076923077
0 0.18028846153846154 0.23918269230769232 0.109375 0.08533653846153846
0 0.6658653846153846 0.9375 0.09495192307692307 0.1201923076923077
0 0.8401442307692307 0.5348557692307693 0.0829326923076923 0.07572115384615384
0 0.26322115384615385 0.5384615384615384 0.12139423076923077 0.08653846153846154
0 0.27283653846153844 0.20552884615384615 0.11538461538461539 0.11778846153846154
0 0.16346153846153846 0.15625 0.08774038461538461 0.10817307692307693
0 0.13221153846153846 0.9879807692307693 0.055288461538461536 0.020432692307692308
0 0.921875 0.41586538461538464 0.06370192307692307 0.09134615384615384
0 0.33413461538461536 0.5757211538461539 0.12740384615384615 0.08774038461538461
0 0.23557692307692307 0.021634615384615384 0.07692307692307693 0.038461538461538464
0 0.028846153846153848 0.026442307692307692 0.056490384615384616 0.052884615384615384
0 0.3870192307692308 0.2956730769230769 0.09735576923076923 0.11778846153846154
0 0.8112980769230769 0.7896634615384616 0.08413461538461539 0.057692307692307696
0 0.5793269230769231 0.828125 0.1346153846153846 0.08173076923076923