0 0.9555288461538461 0.14903846153846154 0.04447115384615385 0.1502403846153846
0 0.8473557692307693 0.08173076923076923 0.08653846153846154 0.1346153846153846
0 0.8545673076923077 0.14182692307692307 0.06610576923076923 0.10697115384615384
0 0.8004807692307693 0.037259615384615384 0.038461538461538464 0.07451923076923077
0 0.6923076923076923 0.14423076923076922 0.042067307692307696 0.09495192307692307
0 0.7632211538461539 0.09014423076923077 0.036057692307692304 0.18028846153846154
0 0.5072115384615384 0.06850961538461539 0.04326923076923077 0.13701923076923078
0 0.5396634615384616 0.0673076923076923 0.038461538461538464 0.13221153846153846
0 0.5697115384615384 0.08533653846153846 0.04326923076923077 0.13942307692307693
0 0.6514423076923077 0.07692307692307693 0.051682692307692304 0.11057692307692307
0 0.6490384615384616 0.15865384615384615 0.04447115384615385 0.11658653846153846
0 0.609375 0.12139423076923077 0.03485576923076923 0.14783653846153846
0 0.5228365384615384 0.23076923076923078 0.046875 0.10697115384615384
0 0.5024038461538461 0.19591346153846154 0.06370192307692307 0.11538461538461539
0 0.4411057692307692 0.24278846153846154 0.056490384615384616 0.18269230769230768
0 0.43990384615384615 0.10096153846153846 0.03365384615384615 0.14903846153846154
0 0.3713942307692308 0.030048076923076924 0.040865384615384616 0.06009615384615385
0 0.33774038461538464 0.09615384615384616 0.03245192307692308 0.09615384615384616
0 0.3317307692307692 0.040865384615384616 0.03365384615384615 0.08173076923076923
0 0.36658653846153844 0.25961538461538464 0.04807692307692308 0.07211538461538461
0 0.9579326923076923 0.390625 0.08173076923076923 0.09134615384615384
0 0.5 0.5324519230769231 0.13822115384615385 0.07572115384615384
0 0.6081730769230769 0.38100961538461536 0.038461538461538464 0.13221153846153846
0 0.8509615384615384 0.4014423076923077 0.06009615384615385 0.11658653846153846
0 0.8569711538461539 0.28125 0.052884615384615384 0.09254807692307693
0 0.8774038461538461 0.28125 0.04927884615384615 0.11778846153846154
0 0.5384615384615384 0.3605769230769231 0.10336538461538461 0.1346153846153846
0 0.5192307692307693 0.35096153846153844 0.11778846153846154 0.12259615384615384
0 0.7319711538461539 0.36899038461538464 0.03485576923076923 0.08533653846153846
0 0.7079326923076923 0.057692307692307696 0.026442307692307692 0.08173076923076923
0 0.6862980769230769 0.051682692307692304 0.038461538461538464 0.10336538461538461
0 0.6394230769230769 0.2403846153846154 0.04927884615384615 0.046875
0 0.5973557692307693 0.24519230769230768 0.03485576923076923 0.04927884615384615
0 0.9050480769230769 0.7391826923076923 0.038461538461538464 0.11538461538461539
0 0.96875 0.5300480769230769 0.06009615384615385 0.042067307692307696
0 0.7331730769230769 0.052884615384615384 0.042067307692307696 0.1045673076923077
0 0.39663461538461536 0.7776442307692307 0.0985576923076923 0.055288461538461536
0 0.6153846153846154 0.6009615384615384 0.09134615384615384 0.08173076923076923
0 0.5805288461538461 0.4735576923076923 0.04927884615384615 0.04807692307692308
0 0.47836538461538464 0.5048076923076923 0.09134615384615384 0.11177884615384616
0 0.4266826923076923 0.5264423076923077 0.09495192307692307 0.09375
0 0.40384615384615385 0.5324519230769231 0.08653846153846154 0.11057692307692307
0 0.9447115384615384 0.4423076923076923 0.1045673076923077 0.051682692307692304
0 0.9362980769230769 0.37740384615384615 0.12620192307692307 0.12740384615384615
0 0.9074519230769231 0.5240384615384616 0.04927884615384615 0.07211538461538461
0 0.9050480769230769 0.3233173076923077 0.046875 0.16466346153846154
0 0.7680288461538461 0.25 0.039663461538461536 0.1141826923076923
0 0.7115384615384616 0.051682692307692304 0.04927884615384615 0.10096153846153846
0 0.5805288461538461 0.125 0.052884615384615384 0.16105769230769232
0 0.6502403846153846 0.025240384615384616 0.055288461538461536 0.05048076923076923
0 0.4014423076923077 0.3858173076923077 0.08653846153846154 0.09615384615384616
0 0.4963942307692308 0.6850961538461539 0.0625 0.055288461538461536
0 0.3076923076923077 0.5072115384615384 0.03365384615384615 0.11177884615384616
0 0.9867788461538461 0.13701923076923078 0.025240384615384616 0.021634615384615384
0 0.7055288461538461 0.5733173076923077 0.028846153846153848 0.02283653846153846
0 0.984375 0.6502403846153846 0.028846153846153848 0.025240384615384616
0 0.3004807692307692 0.9915865384615384 0.027644230769230768 0.015625
0 0.484375 0.13701923076923078 0.03485576923076923 0.09735576923076923
0 0.8305288461538461 0.23557692307692307 0.03125 0.030048076923076924