0 0.4206730769230769 0.0625 0.05048076923076923 0.06370192307692307
0 0.47836538461538464 0.578125 0.04447115384615385 0.054086538461538464
0 0.5288461538461539 0.8557692307692307 0.037259615384615384 0.051682692307692304
0 0.41947115384615385 0.26322115384615385 0.037259615384615384 0.04927884615384615
0 0.47115384615384615 0.859375 0.036057692307692304 0.04927884615384615
0 0.38822115384615385 0.5168269230769231 0.030048076923076924 0.028846153846153848
0 0.3942307692307692 0.06370192307692307 0.038461538461538464 0.04927884615384615
0 0.40384615384615385 0.7848557692307693 0.046875 0.039663461538461536
0 0.421875 0.01201923076923077 0.040865384615384616 0.02403846153846154
0 0.6334134615384616 0.26802884615384615 0.04447115384615385 0.06009615384615385
0 0.9002403846153846 0.3786057692307692 0.03245192307692308 0.028846153846153848
0 0.45552884615384615 0.2764423076923077 0.03125 0.028846153846153848
0 0.4050480769230769 0.36177884615384615 0.03485576923076923 0.038461538461538464
0 0.8425480769230769 0.3737980769230769 0.02403846153846154 0.03365384615384615
0 0.026442307692307692 0.5757211538461539 0.03485576923076923 0.04447115384615385
0 0.38461538461538464 0.7319711538461539 0.04927884615384615 0.05048076923076923
0 0.4699519230769231 0.4543269230769231 0.03485576923076923 0.03245192307692308
0 0.9795673076923077 0.546875 0.038461538461538464 0.038461538461538464
0 0.007211538461538462 0.02283653846153846 0.013221153846153846 0.04447115384615385
0 0.5420673076923077 0.546875 0.037259615384615384 0.03365384615384615
0 0.9879807692307693 0.25841346153846156 0.02283653846153846 0.026442307692307692
0 0.5024038461538461 0.8990384615384616 0.02403846153846154 0.030048076923076924
0 0.9747596153846154 0.9795673076923077 0.03125 0.038461538461538464
0 0.8473557692307693 0.09375 0.03365384615384615 0.04567307692307692
0 0.9579326923076923 0.06610576923076923 0.06490384615384616 0.07091346153846154
0 0.484375 0.08533653846153846 0.036057692307692304 0.055288461538461536
0 0.41947115384615385 0.9627403846153846 0.040865384615384616 0.04927884615384615
0 0.4483173076923077 0.30408653846153844 0.03485576923076923 0.03485576923076923
0 0.3485576923076923 0.38100961538461536 0.03485576923076923 0.038461538461538464
0 0.4375 0.7512019230769231 0.03365384615384615 0.03365384615384615
0 0.49158653846153844 0.3545673076923077 0.03485576923076923 0.06009615384615385
0 0.3641826923076923 0.1622596153846154 0.042067307692307696 0.04927884615384615
0 0.03245192307692308 0.19831730769230768 0.03245192307692308 0.039663461538461536
0 0.4206730769230769 0.5600961538461539 0.040865384615384616 0.03365384615384615
0 0.49278846153846156 0.8389423076923077 0.02403846153846154 0.03125
0 0.3701923076923077 0.3798076923076923 0.03485576923076923 0.038461538461538464
0 0.5492788461538461 0.7632211538461539 0.05048076923076923 0.03365384615384615
0 0.515625 0.36177884615384615 0.026442307692307692 0.04326923076923077
0 0.578125 0.19951923076923078 0.04807692307692308 0.051682692307692304
0 0.9735576923076923 0.4375 0.04567307692307692 0.038461538461538464
0 0.45072115384615385 0.8882211538461539 0.030048076923076924 0.04927884615384615
0 0.4651442307692308 0.16947115384615385 0.028846153846153848 0.040865384615384616
0 0.36778846153846156 0.2127403846153846 0.03485576923076923 0.037259615384615384
0 0.01201923076923077 0.3545673076923077 0.02403846153846154 0.025240384615384616
0 0.4879807692307692 0.921875 0.026442307692307692 0.054086538461538464
0 0.96875 0.4050480769230769 0.04927884615384615 0.03485576923076923