0 0.06610576923076923 0.6045673076923077 0.06971153846153846 0.12259615384615384
0 0.734375 0.33052884615384615 0.0829326923076923 0.04927884615384615
0 0.8629807692307693 0.054086538461538464 0.09375 0.07572115384615384
0 0.8918269230769231 0.9855769230769231 0.0673076923076923 0.026442307692307692
0 0.90625 0.890625 0.08653846153846154 0.09254807692307693
0 0.3425480769230769 0.125 0.08173076923076923 0.09254807692307693
0 0.5072115384615384 0.6574519230769231 0.09375 0.12740384615384615
0 0.5240384615384616 0.31009615384615385 0.054086538461538464 0.07572115384615384
0 0.11899038461538461 0.3112980769230769 0.08653846153846154 0.06129807692307692
0 0.296875 0.20673076923076922 0.06850961538461539 0.07211538461538461
0 0.7800480769230769 0.453125 0.09134615384615384 0.06490384615384616
0 0.7247596153846154 0.9411057692307693 0.08653846153846154 0.09254807692307693
0 0.0625 0.1814903846153846 0.07091346153846154 0.0733173076923077
0 0.6658653846153846 0.05889423076923077 0.07572115384615384 0.07572115384615384
0 0.6298076923076923 0.7716346153846154 0.109375 0.08653846153846154
0 0.7139423076923077 0.12980769230769232 0.1045673076923077 0.06129807692307692
0 0.025240384615384616 0.6274038461538461 0.04927884615384615 0.08052884615384616
0 0.9314903846153846 0.2644230769230769 0.07451923076923077 0.08173076923076923
0 0.6911057692307693 0.29927884615384615 0.12740384615384615 0.06009615384615385
0 0.39903846153846156 0.1310096153846154 0.06610576923076923 0.08653846153846154
0 0.3918269230769231 0.41947115384615385 0.06009615384615385 0.05889423076923077
0 0.21033653846153846 0.3125 0.055288461538461536 0.056490384615384616
0 0.9639423076923077 0.3918269230769231 0.06971153846153846 0.06971153846153846
0 0.5997596153846154 0.046875 0.06490384615384616 0.08052884615384616
0 0.4266826923076923 0.8052884615384616 0.14423076923076922 0.0673076923076923
0 0.9759615384615384 0.3112980769230769 0.04567307692307692 0.04807692307692308
0 0.21754807692307693 0.03365384615384615 0.057692307692307696 0.0673076923076923
0 0.04567307692307692 0.9699519230769231 0.09134615384615384 0.055288461538461536
0 0.984375 0.15264423076923078 0.028846153846153848 0.07572115384615384
0 0.5216346153846154 0.03125 0.07091346153846154 0.0625
0 0.9771634615384616 0.7175480769230769 0.04326923076923077 0.08774038461538461
0 0.6670673076923077 0.5384615384615384 0.057692307692307696 0.07692307692307693
0 0.19951923076923078 0.23677884615384615 0.0625 0.0673076923076923
0 0.5997596153846154 0.31009615384615385 0.08774038461538461 0.08052884615384616
0 0.3401442307692308 0.2704326923076923 0.109375 0.07211538461538461
0 0.5252403846153846 0.8149038461538461 0.07572115384615384 0.14302884615384615
0 0.6334134615384616 0.20673076923076922 0.13221153846153846 0.13221153846153846
0 0.6382211538461539 0.6670673076923077 0.06490384615384616 0.10817307692307693
0 0.06850961538461539 0.38221153846153844 0.125 0.05889423076923077