0 0.6201923076923077 0.9158653846153846 0.07572115384615384 0.07451923076923077
0 0.7223557692307693 0.9362980769230769 0.07091346153846154 0.07692307692307693
0 0.27403846153846156 0.6189903846153846 0.07932692307692307 0.10336538461538461
0 0.7427884615384616 0.7127403846153846 0.07932692307692307 0.07572115384615384
0 0.6177884615384616 0.8533653846153846 0.0673076923076923 0.04927884615384615
0 0.057692307692307696 0.6995192307692307 0.11538461538461539 0.08052884615384616
0 0.7451923076923077 0.15985576923076922 0.08533653846153846 0.11177884615384616
0 0.8762019230769231 0.12379807692307693 0.08653846153846154 0.07692307692307693
0 0.4110576923076923 0.026442307692307692 0.038461538461538464 0.039663461538461536
0 0.019230769230769232 0.07211538461538461 0.038461538461538464 0.06971153846153846
0 0.8942307692307693 0.42427884615384615 0.11298076923076923 0.09014423076923077
0 0.2439903846153846 0.15625 0.06129807692307692 0.09134615384615384
0 0.16105769230769232 0.15384615384615385 0.078125 0.09735576923076923
0 0.9014423076923077 0.8701923076923077 0.07572115384615384 0.09375
0 0.5925480769230769 0.7956730769230769 0.11177884615384616 0.06370192307692307
0 0.11899038461538461 0.4579326923076923 0.08052884615384616 0.08533653846153846
0 0.31971153846153844 0.3545673076923077 0.09014423076923077 0.0889423076923077
0 0.6923076923076923 0.625 0.08653846153846154 0.07451923076923077
0 0.9807692307692307 0.6418269230769231 0.036057692307692304 0.0829326923076923
0 0.7247596153846154 0.0673076923076923 0.07451923076923077 0.0625
0 0.046875 0.01201923076923077 0.0673076923076923 0.02403846153846154
0 0.4110576923076923 0.8329326923076923 0.0889423076923077 0.07211538461538461
0 0.2956730769230769 0.07091346153846154 0.05889423076923077 0.10096153846153846
0 0.8557692307692307 0.6141826923076923 0.109375 0.07572115384615384
0 0.9507211538461539 0.055288461538461536 0.07932692307692307 0.09134615384615384
0 0.8473557692307693 0.671875 0.05889423076923077 0.06370192307692307
0 0.11177884615384616 0.5913461538461539 0.13581730769230768 0.06850961538461539
0 0.3641826923076923 0.04447115384615385 0.052884615384615384 0.08052884615384616
0 0.4735576923076923 0.265625 0.10216346153846154 0.09254807692307693
0 0.7451923076923077 0.4254807692307692 0.06971153846153846 0.052884615384615384
0 0.026442307692307692 0.18509615384615385 0.051682692307692304 0.08533653846153846