0 0.19230769230769232 0.8810096153846154 0.15985576923076922 0.0829326923076923
0 0.4639423076923077 0.2776442307692308 0.05889423076923077 0.06971153846153846
0 0.39903846153846156 0.4014423076923077 0.0673076923076923 0.14783653846153846
0 0.11778846153846154 0.18990384615384615 0.05889423076923077 0.08173076923076923
0 0.953125 0.38461538461538464 0.057692307692307696 0.12860576923076922
0 0.17548076923076922 0.19951923076923078 0.08774038461538461 0.057692307692307696
0 0.7259615384615384 0.046875 0.0673076923076923 0.08052884615384616
0 0.4254807692307692 0.5072115384615384 0.16346153846153846 0.07932692307692307
0 0.4230769230769231 0.6778846153846154 0.08052884615384616 0.07572115384615384
0 0.08653846153846154 0.23798076923076922 0.06490384615384616 0.04927884615384615
0 0.9519230769230769 0.20552884615384615 0.09495192307692307 0.07572115384615384
0 0.8028846153846154 0.6141826923076923 0.07211538461538461 0.07692307692307693
0 0.6129807692307693 0.5564903846153846 0.07932692307692307 0.05048076923076923
0 0.36778846153846156 0.19831730769230768 0.0673076923076923 0.06971153846153846
0 0.1658653846153846 0.5024038461538461 0.08533653846153846 0.08052884615384616
0 0.29927884615384615 0.6454326923076923 0.10817307692307693 0.10216346153846154
0 0.203125 0.046875 0.07211538461538461 0.0733173076923077
0 0.796875 0.7223557692307693 0.09254807692307693 0.10096153846153846
0 0.5300480769230769 0.04807692307692308 0.09495192307692307 0.06610576923076923
0 0.07572115384615384 0.9302884615384616 0.08052884615384616 0.11298076923076923
0 0.5913461538461539 0.20072115384615385 0.06610576923076923 0.07211538461538461
0 0.2824519230769231 0.10576923076923077 0.07572115384615384 0.06009615384615385
0 0.3173076923076923 0.7836538461538461 0.12980769230769232 0.07572115384615384
0 0.8942307692307693 0.6706730769230769 0.09495192307692307 0.08653846153846154
0 0.4014423076923077 0.09134615384615384 0.0733173076923077 0.06971153846153846
0 0.0985576923076923 0.7572115384615384 0.07211538461538461 0.06850961538461539
0 0.8112980769230769 0.4891826923076923 0.078125 0.07572115384615384
0 0.6694711538461539 0.6838942307692307 0.0673076923076923 0.09735576923076923
0 0.5877403846153846 0.7235576923076923 0.08653846153846154 0.11298076923076923
0 0.5384615384615384 0.4855769230769231 0.1141826923076923 0.06490384615384616
0 0.609375 0.1201923076923077 0.08052884615384616 0.08052884615384616
0 0.23918269230769232 0.25721153846153844 0.09134615384615384 0.08413461538461539
0 0.8052884615384616 0.21394230769230768 0.06490384615384616 0.10216346153846154
0 0.04807692307692308 0.4543269230769231 0.06129807692307692 0.10576923076923077
0 0.039663461538461536 0.140625 0.052884615384615384 0.06971153846153846
0 0.609375 0.46875 0.10216346153846154 0.08173076923076923
0 0.7752403846153846 0.546875 0.08653846153846154 0.05889423076923077
0 0.18389423076923078 0.7199519230769231 0.07091346153846154 0.06009615384615385
0 0.9302884615384616 0.9639423076923077 0.09134615384615384 0.06971153846153846
0 0.6274038461538461 0.6141826923076923 0.10096153846153846 0.0673076923076923
0 0.4014423076923077 0.25961538461538464 0.06129807692307692 0.05889423076923077
0 0.055288461538461536 0.056490384615384616 0.052884615384615384 0.054086538461538464