0 0.9855769230769231 0.06129807692307692 0.02403846153846154 0.07572115384615384
0 0.9591346153846154 0.08653846153846154 0.019230769230769232 0.056490384615384616
0 0.9362980769230769 0.09014423076923077 0.028846153846153848 0.06129807692307692
0 0.8978365384615384 0.15384615384615385 0.016826923076923076 0.02403846153846154
0 0.828125 0.12860576923076922 0.054086538461538464 0.07091346153846154
0 0.8173076923076923 0.20673076923076922 0.027644230769230768 0.020432692307692308
0 0.8125 0.22956730769230768 0.027644230769230768 0.020432692307692308
0 0.828125 0.2704326923076923 0.015625 0.02283653846153846
0 0.7956730769230769 0.2920673076923077 0.019230769230769232 0.016826923076923076
0 0.8173076923076923 0.06009615384615385 0.03365384615384615 0.046875
0 0.78125 0.054086538461538464 0.027644230769230768 0.046875
0 0.7740384615384616 0.08774038461538461 0.021634615384615384 0.018028846153846152
0 0.7740384615384616 0.17548076923076922 0.028846153846153848 0.04927884615384615
0 0.7367788461538461 0.1875 0.028846153846153848 0.04807692307692308
0 0.6478365384615384 0.09375 0.06129807692307692 0.07572115384615384
0 0.5492788461538461 0.09975961538461539 0.06971153846153846 0.08052884615384616
0 0.5180288461538461 0.11778846153846154 0.040865384615384616 0.04807692307692308
0 0.5480769230769231 0.14903846153846154 0.036057692307692304 0.03365384615384615
0 0.5985576923076923 0.1310096153846154 0.020432692307692308 0.055288461538461536
0 0.6430288461538461 0.037259615384615384 0.02403846153846154 0.03125
0 0.6634615384615384 0.04447115384615385 0.025240384615384616 0.046875
0 0.5925480769230769 0.04927884615384615 0.05889423076923077 0.055288461538461536
0 0.5841346153846154 0.21394230769230768 0.027644230769230768 0.02403846153846154
0 0.5288461538461539 0.19110576923076922 0.02403846153846154 0.026442307692307692
0 0.4206730769230769 0.046875 0.02283653846153846 0.04927884615384615
0 0.34375 0.07692307692307693 0.04927884615384615 0.06009615384615385
0 0.41947115384615385 0.14543269230769232 0.037259615384615384 0.046875
0 0.30528846153846156 0.35096153846153844 0.028846153846153848 0.028846153846153848
0 0.25961538461538464 0.04807692307692308 0.05048076923076923 0.05048076923076923
0 0.21514423076923078 0.042067307692307696 0.038461538461538464 0.03365384615384615
0 0.18269230769230768 0.09615384615384616 0.030048076923076924 0.038461538461538464
0 0.16346153846153846 0.13221153846153846 0.056490384615384616 0.030048076923076924
0 0.11778846153846154 0.08413461538461539 0.06009615384615385 0.046875
0 0.09615384615384616 0.08774038461538461 0.027644230769230768 0.018028846153846152
0 0.042067307692307696 0.07091346153846154 0.042067307692307696 0.06610576923076923
0 0.02403846153846154 0.2548076923076923 0.021634615384615384 0.03365384615384615
0 0.04927884615384615 0.26802884615384615 0.03365384615384615 0.038461538461538464
0 0.22355769230769232 0.22596153846153846 0.028846153846153848 0.037259615384615384
0 0.020432692307692308 0.15504807692307693 0.038461538461538464 0.057692307692307696
0 0.021634615384615384 0.12379807692307693 0.040865384615384616 0.036057692307692304
0 0.10216346153846154 0.12980769230769232 0.04447115384615385 0.042067307692307696
0 0.1935096153846154 0.1875 0.036057692307692304 0.03365384615384615
0 0.9603365384615384 0.5769230769230769 0.038461538461538464 0.025240384615384616
0 0.9242788461538461 0.5540865384615384 0.021634615384615384 0.03485576923076923
0 0.9278846153846154 0.6754807692307693 0.039663461538461536 0.03485576923076923
0 0.9170673076923077 0.6634615384615384 0.015625 0.013221153846153846
0 0.9795673076923077 0.7319711538461539 0.016826923076923076 0.027644230769230768
0 0.9903846153846154 0.7536057692307693 0.01201923076923077 0.02283653846153846
0 0.8846153846153846 0.7584134615384616 0.03365384615384615 0.028846153846153848
0 0.8641826923076923 0.765625 0.02403846153846154 0.021634615384615384
0 0.875 0.7163461538461539 0.03125 0.015625
0 0.8317307692307693 0.7211538461538461 0.020432692307692308 0.018028846153846152
0 0.7776442307692307 0.703125 0.02283653846153846 0.020432692307692308
0 0.8569711538461539 0.6862980769230769 0.016826923076923076 0.015625
0 0.8509615384615384 0.6935096153846154 0.009615384615384616 0.010817307692307692
0 0.8016826923076923 0.6045673076923077 0.03245192307692308 0.021634615384615384
0 0.8473557692307693 0.6069711538461539 0.03125 0.0625
0 0.8100961538461539 0.6658653846153846 0.037259615384615384 0.028846153846153848
0 0.8185096153846154 0.65625 0.01201923076923077 0.010817307692307692
0 0.7463942307692307 0.5264423076923077 0.03245192307692308 0.03365384615384615
0 0.8677884615384616 0.7944711538461539 0.02403846153846154 0.02403846153846154
0 0.8701923076923077 0.8725961538461539 0.030048076923076924 0.07692307692307693
0 0.7415865384615384 0.9182692307692307 0.03365384615384615 0.038461538461538464
0 0.78125 0.8822115384615384 0.028846153846153848 0.027644230769230768
0 0.8245192307692307 0.9447115384615384 0.02283653846153846 0.030048076923076924
0 0.8329326923076923 0.921875 0.038461538461538464 0.07932692307692307
0 0.5288461538461539 0.9471153846153846 0.028846153846153848 0.037259615384615384
0 0.5649038461538461 0.9086538461538461 0.02403846153846154 0.02403846153846154
0 0.5829326923076923 0.9122596153846154 0.016826923076923076 0.019230769230769232
0 0.6153846153846154 0.8954326923076923 0.027644230769230768 0.026442307692307692
0 0.6802884615384616 0.8737980769230769 0.05048076923076923 0.052884615384615384
0 0.7524038461538461 0.8112980769230769 0.027644230769230768 0.039663461538461536
0 0.7800480769230769 0.7824519230769231 0.016826923076923076 0.018028846153846152
0 0.8125 0.7956730769230769 0.028846153846153848 0.026442307692307692
0 0.8052884615384616 0.8221153846153846 0.03125 0.038461538461538464
0 0.7379807692307693 0.6875 0.03365384615384615 0.021634615384615384
0 0.7079326923076923 0.75 0.03245192307692308 0.038461538461538464
0 0.7884615384615384 0.7524038461538461 0.013221153846153846 0.01201923076923077
0 0.6911057692307693 0.8161057692307693 0.028846153846153848 0.03125
0 0.6213942307692307 0.8762019230769231 0.02403846153846154 0.018028846153846152
0 0.5588942307692307 0.7920673076923077 0.03485576923076923 0.03245192307692308
0 0.5540865384615384 0.8365384615384616 0.03365384615384615 0.028846153846153848
0 0.6298076923076923 0.7632211538461539 0.03365384615384615 0.04447115384615385
0 0.36177884615384615 0.8329326923076923 0.055288461538461536 0.054086538461538464
0 0.3485576923076923 0.8858173076923077 0.06009615384615385 0.04807692307692308
0 0.40384615384615385 0.8882211538461539 0.04567307692307692 0.028846153846153848
0 0.33533653846153844 0.7355769230769231 0.03125 0.028846153846153848
0 0.31971153846153844 0.8064903846153846 0.025240384615384616 0.027644230769230768
0 0.4795673076923077 0.7259615384615384 0.055288461538461536 0.037259615384615384
0 0.4735576923076923 0.7620192307692307 0.04927884615384615 0.04326923076923077
0 0.5 0.7800480769230769 0.04567307692307692 0.03245192307692308
0 0.5588942307692307 0.734375 0.028846153846153848 0.03125
0 0.4951923076923077 0.6021634615384616 0.06009615384615385 0.06009615384615385
0 0.36658653846153844 0.6117788461538461 0.06009615384615385 0.051682692307692304
0 0.45072115384615385 0.578125 0.038461538461538464 0.03365384615384615
0 0.17427884615384615 0.6177884615384616 0.04927884615384615 0.06971153846153846
0 0.23798076923076922 0.625 0.03365384615384615 0.03365384615384615
0 0.27163461538461536 0.6502403846153846 0.027644230769230768 0.02403846153846154
0 0.22115384615384615 0.6778846153846154 0.028846153846153848 0.037259615384615384
0 0.08173076923076923 0.6634615384615384 0.09615384615384616 0.03365384615384615
0 0.010817307692307692 0.7115384615384616 0.016826923076923076 0.02403846153846154
0 0.09615384615384616 0.7235576923076923 0.02403846153846154 0.015625
0 0.06129807692307692 0.7163461538461539 0.016826923076923076 0.013221153846153846
0 0.10096153846153846 0.7475961538461539 0.037259615384615384 0.02403846153846154
0 0.21634615384615385 0.8701923076923077 0.0625 0.04567307692307692
0 0.24278846153846154 0.8954326923076923 0.016826923076923076 0.014423076923076924
0 0.18509615384615385 0.9086538461538461 0.06370192307692307 0.03125
0 0.1622596153846154 0.8425480769230769 0.03125 0.028846153846153848
0 0.22355769230769232 0.7439903846153846 0.04447115384615385 0.028846153846153848
0 0.14903846153846154 0.7932692307692307 0.038461538461538464 0.02403846153846154
0 0.2764423076923077 0.75 0.030048076923076924 0.027644230769230768
0 0.3245192307692308 0.765625 0.03365384615384615 0.014423076923076924
0 0.30288461538461536 0.7704326923076923 0.025240384615384616 0.026442307692307692
0 0.016826923076923076 0.8665865384615384 0.03365384615384615 0.019230769230769232
0 0.019230769230769232 0.8269230769230769 0.020432692307692308 0.018028846153846152
0 0.03125 0.8028846153846154 0.028846153846153848 0.036057692307692304
0 0.38221153846153844 0.6754807692307693 0.04927884615384615 0.03365384615384615
0 0.6225961538461539 0.6899038461538461 0.028846153846153848 0.027644230769230768
0 0.6274038461538461 0.7319711538461539 0.027644230769230768 0.03365384615384615
0 0.84375 0.8786057692307693 0.03365384615384615 0.08052884615384616
0 0.2668269230769231 0.8076923076923077 0.03365384615384615 0.027644230769230768
0 0.04326923076923077 0.7175480769230769 0.021634615384615384 0.018028846153846152
0 0.04927884615384615 0.5372596153846154 0.038461538461538464 0.04326923076923077
0 0.010817307692307692 0.59375 0.020432692307692308 0.027644230769230768
0 0.9627403846153846 0.7668269230769231 0.030048076923076924 0.015625
0 0.7920673076923077 0.765625 0.02283653846153846 0.013221153846153846
0 0.06129807692307692 0.10216346153846154 0.014423076923076924 0.03365384615384615
0 0.06129807692307692 0.06971153846153846 0.030048076923076924 0.042067307692307696
0 0.9579326923076923 0.7788461538461539 0.02403846153846154 0.01201923076923077
0 0.1935096153846154 0.6237980769230769 0.027644230769230768 0.04447115384615385
0 0.5492788461538461 0.7524038461538461 0.028846153846153848 0.03125
0 0.8209134615384616 0.7091346153846154 0.02283653846153846 0.018028846153846152
0 0.36177884615384615 0.6526442307692307 0.040865384615384616 0.02403846153846154
0 0.9747596153846154 0.2091346153846154 0.021634615384615384 0.03245192307692308
0 0.6850961538461539 0.6766826923076923 0.02403846153846154 0.03245192307692308
0 0.6526442307692307 0.5612980769230769 0.03245192307692308 0.046875
0 0.609375 0.59375 0.04326923076923077 0.042067307692307696
0 0.29447115384615385 0.5348557692307693 0.037259615384615384 0.0625
0 0.5540865384615384 0.6586538461538461 0.03245192307692308 0.042067307692307696
0 0.3701923076923077 0.2692307692307692 0.06009615384615385 0.03245192307692308
0 0.36538461538461536 0.23918269230769232 0.06971153846153846 0.04567307692307692