0 0.359375 0.7908653846153846 0.042067307692307696 0.042067307692307696
0 0.2439903846153846 0.5540865384615384 0.055288461538461536 0.0829326923076923
0 0.7319711538461539 0.3329326923076923 0.04927884615384615 0.04447115384615385
0 0.9242788461538461 0.26802884615384615 0.08413461538461539 0.05889423076923077
0 0.051682692307692304 0.6141826923076923 0.06850961538461539 0.039663461538461536
0 0.2860576923076923 0.24158653846153846 0.04447115384615385 0.07211538461538461
0 0.5913461538461539 0.9555288461538461 0.06850961538461539 0.07091346153846154
0 0.4651442307692308 0.28725961538461536 0.06971153846153846 0.06490384615384616
0 0.328125 0.5733173076923077 0.08052884615384616 0.07211538461538461
0 0.8413461538461539 0.9723557692307693 0.0625 0.052884615384615384
0 0.7836538461538461 0.24759615384615385 0.04567307692307692 0.0625
0 0.4182692307692308 0.296875 0.052884615384615384 0.04326923076923077
0 0.4110576923076923 0.5913461538461539 0.04927884615384615 0.038461538461538464
0 0.8365384615384616 0.4735576923076923 0.08052884615384616 0.1045673076923077
0 0.24759615384615385 0.7271634615384616 0.11778846153846154 0.055288461538461536
0 0.11658653846153846 0.6923076923076923 0.109375 0.04807692307692308
0 0.8197115384615384 0.12980769230769232 0.06370192307692307 0.09615384615384616
0 0.6310096153846154 0.28125 0.11177884615384616 0.05889423076923077
0 0.31490384615384615 0.6742788461538461 0.06129807692307692 0.0673076923076923
0 0.921875 0.5973557692307693 0.06490384615384616 0.08653846153846154
0 0.20072115384615385 0.20072115384615385 0.06009615384615385 0.055288461538461536
0 0.0889423076923077 0.5060096153846154 0.06129807692307692 0.08533653846153846
0 0.46875 0.06850961538461539 0.04927884615384615 0.078125
0 0.15745192307692307 0.3401442307692308 0.0673076923076923 0.04447115384615385
0 0.7992788461538461 0.5540865384615384 0.07451923076923077 0.11538461538461539
0 0.5985576923076923 0.3798076923076923 0.0733173076923077 0.05889423076923077
0 0.5841346153846154 0.65625 0.0625 0.06009615384615385
0 0.9807692307692307 0.15865384615384615 0.037259615384615384 0.09375
0 0.030048076923076924 0.8497596153846154 0.06009615384615385 0.11658653846153846
0 0.9795673076923077 0.5072115384615384 0.038461538461538464 0.11538461538461539
0 0.4987980769230769 0.234375 0.054086538461538464 0.0673076923076923
0 0.27283653846153844 0.6418269230769231 0.06610576923076923 0.07932692307692307
0 0.3942307692307692 0.9735576923076923 0.06129807692307692 0.05048076923076923
0 0.14903846153846154 0.08533653846153846 0.09134615384615384 0.09014423076923077
0 0.6802884615384616 0.028846153846153848 0.07572115384615384 0.056490384615384616
0 0.9134615384615384 0.21634615384615385 0.06850961538461539 0.07572115384615384
0 0.1201923076923077 0.6009615384615384 0.057692307692307696 0.07211538461538461
0 0.546875 0.22956730769230768 0.055288461538461536 0.06370192307692307
0 0.5889423076923077 0.13341346153846154 0.06009615384615385 0.06490384615384616
0 0.21153846153846154 0.06129807692307692 0.12139423076923077 0.08774038461538461
0 0.08774038461538461 0.16346153846153846 0.05048076923076923 0.10096153846153846
0 0.36177884615384615 0.49278846153846156 0.09134615384615384 0.0733173076923077
0 0.6358173076923077 0.9747596153846154 0.08533653846153846 0.04927884615384615
0 0.9627403846153846 0.6550480769230769 0.0733173076923077 0.13822115384615385
0 0.3016826923076923 0.984375 0.037259615384615384 0.028846153846153848
0 0.0829326923076923 0.2403846153846154 0.06971153846153846 0.06490384615384616
0 0.6141826923076923 0.20793269230769232 0.0733173076923077 0.05889423076923077
0 0.38221153846153844 0.7680288461538461 0.051682692307692304 0.055288461538461536
0 0.33052884615384615 0.31971153846153844 0.055288461538461536 0.06129807692307692
0 0.16105769230769232 0.43990384615384615 0.0829326923076923 0.1141826923076923
0 0.15745192307692307 0.5360576923076923 0.055288461538461536 0.0733173076923077
0 0.08533653846153846 0.9302884615384616 0.07692307692307693 0.13822115384615385
0 0.9519230769230769 0.3629807692307692 0.09495192307692307 0.1201923076923077
0 0.4651442307692308 0.7752403846153846 0.15144230769230768 0.10096153846153846
0 0.8641826923076923 0.6875 0.078125 0.09375