0 0.8413461538461539 0.9663461538461539 0.1466346153846154 0.0625
0 0.9242788461538461 0.8365384615384616 0.14903846153846154 0.171875
0 0.9771634615384616 0.5925480769230769 0.04447115384615385 0.08173076923076923
0 0.2283653846153846 0.7127403846153846 0.11778846153846154 0.14543269230769232
0 0.40625 0.1778846153846154 0.109375 0.109375
0 0.42427884615384615 0.8617788461538461 0.09975961538461539 0.1346153846153846
0 0.055288461538461536 0.2127403846153846 0.109375 0.11298076923076923
0 0.9014423076923077 0.055288461538461536 0.11658653846153846 0.109375
0 0.6742788461538461 0.8653846153846154 0.12860576923076922 0.11778846153846154
0 0.8052884615384616 0.2620192307692308 0.11538461538461539 0.16105769230769232
0 0.7295673076923077 0.15144230769230768 0.0733173076923077 0.14182692307692307
0 0.47596153846153844 0.04447115384615385 0.06850961538461539 0.06971153846153846
0 0.9134615384615384 0.3894230769230769 0.1466346153846154 0.17427884615384615
0 0.19471153846153846 0.7956730769230769 0.14543269230769232 0.0829326923076923
0 0.9495192307692307 0.09134615384615384 0.0985576923076923 0.125
0 0.9326923076923077 0.7319711538461539 0.1141826923076923 0.07572115384615384
0 0.6009615384615384 0.7800480769230769 0.08052884615384616 0.13701923076923078
0 0.31009615384615385 0.3545673076923077 0.078125 0.08052884615384616
0 0.04927884615384615 0.8786057692307693 0.0985576923076923 0.12259615384615384
0 0.3641826923076923 0.7295673076923077 0.0829326923076923 0.078125
0 0.6586538461538461 0.09134615384615384 0.09975961538461539 0.14423076923076922
0 0.71875 0.04326923076923077 0.10096153846153846 0.08653846153846154
0 0.28725961538461536 0.09975961538461539 0.10096153846153846 0.16826923076923078
0 0.8293269230769231 0.7536057692307693 0.14903846153846154 0.109375
0 0.9338942307692307 0.9579326923076923 0.1310096153846154 0.07451923076923077