0 0.5420673076923077 0.040865384615384616 0.11778846153846154 0.08052884615384616
0 0.7716346153846154 0.6887019230769231 0.11538461538461539 0.09735576923076923
0 0.10096153846153846 0.03365384615384615 0.12259615384615384 0.040865384615384616
0 0.16346153846153846 0.27163461538461536 0.11298076923076923 0.08052884615384616
0 0.6634615384615384 0.14182692307692307 0.057692307692307696 0.12740384615384615
0 0.3173076923076923 0.6850961538461539 0.14543269230769232 0.08653846153846154
0 0.7764423076923077 0.01201923076923077 0.08052884615384616 0.02403846153846154
0 0.014423076923076924 0.35096153846153844 0.028846153846153848 0.08653846153846154
0 0.0889423076923077 0.11899038461538461 0.06129807692307692 0.140625
0 0.3137019230769231 0.6298076923076923 0.09254807692307693 0.055288461538461536
0 0.29086538461538464 0.296875 0.06850961538461539 0.06490384615384616
0 0.44711538461538464 0.8822115384615384 0.08052884615384616 0.17908653846153846
0 0.23317307692307693 0.12379807692307693 0.055288461538461536 0.12980769230769232
0 0.9447115384615384 0.2848557692307692 0.07211538461538461 0.14182692307692307
0 0.12259615384615384 0.3269230769230769 0.05048076923076923 0.036057692307692304
0 0.8233173076923077 0.8954326923076923 0.06370192307692307 0.06490384615384616
0 0.15144230769230768 0.6117788461538461 0.16466346153846154 0.07572115384615384
0 0.37259615384615385 0.9651442307692307 0.09615384615384616 0.0673076923076923
0 0.25961538461538464 0.20552884615384615 0.038461538461538464 0.040865384615384616
0 0.9699519230769231 0.9326923076923077 0.057692307692307696 0.11298076923076923
0 0.5961538461538461 0.22716346153846154 0.08653846153846154 0.08413461538461539
0 0.42908653846153844 0.140625 0.11298076923076923 0.057692307692307696
0 0.4182692307692308 0.13581730769230768 0.11658653846153846 0.11658653846153846
0 0.7043269230769231 0.4206730769230769 0.11298076923076923 0.08653846153846154
0 0.8461538461538461 0.7680288461538461 0.15264423076923078 0.16947115384615385
0 0.4170673076923077 0.07692307692307693 0.07932692307692307 0.04447115384615385
0 0.8088942307692307 0.30528846153846156 0.0733173076923077 0.0985576923076923
0 0.054086538461538464 0.14903846153846154 0.10817307692307693 0.11538461538461539
0 0.4483173076923077 0.038461538461538464 0.06370192307692307 0.06370192307692307
0 0.5072115384615384 0.8076923076923077 0.09134615384615384 0.05889423076923077
0 0.8870192307692307 0.20072115384615385 0.07932692307692307 0.17427884615384615
0 0.33052884615384615 0.8930288461538461 0.11177884615384616 0.14302884615384615
0 0.03245192307692308 0.21153846153846154 0.06490384615384616 0.06610576923076923
0 0.48197115384615385 0.8485576923076923 0.0625 0.09254807692307693
0 0.44591346153846156 0.9603365384615384 0.11057692307692307 0.078125
0 0.125 0.014423076923076924 0.13341346153846154 0.028846153846153848