0 0.6923076923076923 0.7391826923076923 0.057692307692307696 0.06009615384615385
0 0.8365384615384616 0.7007211538461539 0.04447115384615385 0.0889423076923077
0 0.7764423076923077 0.3954326923076923 0.10096153846153846 0.036057692307692304
0 0.6634615384615384 0.6826923076923077 0.06490384615384616 0.06490384615384616
0 0.8377403846153846 0.9435096153846154 0.0625 0.09735576923076923
0 0.8569711538461539 0.06971153846153846 0.08533653846153846 0.06490384615384616
0 0.8978365384615384 0.828125 0.08052884615384616 0.06370192307692307
0 0.9447115384615384 0.8028846153846154 0.08173076923076923 0.09014423076923077
0 0.7331730769230769 0.7992788461538461 0.04447115384615385 0.04927884615384615
0 0.9375 0.16105769230769232 0.06971153846153846 0.11057692307692307
0 0.8942307692307693 0.014423076923076924 0.13942307692307693 0.028846153846153848
0 0.8004807692307693 0.24759615384615385 0.10697115384615384 0.08774038461538461
0 0.859375 0.16826923076923078 0.1201923076923077 0.0673076923076923
0 0.6442307692307693 0.31490384615384615 0.08653846153846154 0.07211538461538461
0 0.9362980769230769 0.09735576923076923 0.125 0.056490384615384616
0 0.7920673076923077 0.8509615384615384 0.07451923076923077 0.08774038461538461
0 0.7896634615384616 0.6923076923076923 0.038461538461538464 0.038461538461538464
0 0.9338942307692307 0.13581730769230768 0.10817307692307693 0.055288461538461536
0 0.8725961538461539 0.2956730769230769 0.11778846153846154 0.08173076923076923