0 0.9014423076923077 0.0829326923076923 0.03245192307692308 0.09615384615384616
0 0.5528846153846154 0.06971153846153846 0.054086538461538464 0.0625
0 0.47596153846153844 0.15264423076923078 0.038461538461538464 0.08533653846153846
0 0.5228365384615384 0.16105769230769232 0.038461538461538464 0.10216346153846154
0 0.48677884615384615 0.08653846153846154 0.02403846153846154 0.038461538461538464
0 0.7271634615384616 0.016826923076923076 0.06009615384615385 0.03365384615384615
0 0.8245192307692307 0.038461538461538464 0.03365384615384615 0.02403846153846154
0 0.4050480769230769 0.03365384615384615 0.03365384615384615 0.0625
0 0.27163461538461536 0.09615384615384616 0.039663461538461536 0.051682692307692304
0 0.22355769230769232 0.027644230769230768 0.04447115384615385 0.054086538461538464
0 0.5444711538461539 0.3125 0.039663461538461536 0.04447115384615385
0 0.41586538461538464 0.296875 0.09375 0.07572115384615384
0 0.4795673076923077 0.2776442307692308 0.03365384615384615 0.0625
0 0.37740384615384615 0.4014423076923077 0.078125 0.11778846153846154
0 0.28125 0.33653846153846156 0.036057692307692304 0.052884615384615384
0 0.1814903846153846 0.35697115384615385 0.03485576923076923 0.0673076923076923
0 0.15865384615384615 0.13581730769230768 0.10096153846153846 0.0829326923076923
0 0.0985576923076923 0.12139423076923077 0.042067307692307696 0.04326923076923077
0 0.13822115384615385 0.20673076923076922 0.09975961538461539 0.042067307692307696
0 0.7632211538461539 0.4651442307692308 0.06610576923076923 0.11658653846153846
0 0.703125 0.37740384615384615 0.057692307692307696 0.04447115384615385
0 0.13221153846153846 0.38100961538461536 0.03365384615384615 0.04927884615384615
0 0.21634615384615385 0.4230769230769231 0.08653846153846154 0.08173076923076923
0 0.02403846153846154 0.3112980769230769 0.04447115384615385 0.05048076923076923
0 0.5300480769230769 0.5901442307692307 0.04447115384615385 0.11538461538461539
0 0.35697115384615385 0.6778846153846154 0.07692307692307693 0.10336538461538461
0 0.18389423076923078 0.5661057692307693 0.06971153846153846 0.06009615384615385
0 0.21875 0.6887019230769231 0.056490384615384616 0.039663461538461536
0 0.3713942307692308 0.234375 0.036057692307692304 0.03365384615384615
0 0.3137019230769231 0.18028846153846154 0.027644230769230768 0.05048076923076923
0 0.5084134615384616 0.26322115384615385 0.02403846153846154 0.04927884615384615
0 0.4879807692307692 0.31971153846153844 0.038461538461538464 0.025240384615384616
0 0.3942307692307692 0.48197115384615385 0.03365384615384615 0.05048076923076923
0 0.5540865384615384 0.5252403846153846 0.03365384615384615 0.036057692307692304
0 0.7463942307692307 0.5492788461538461 0.054086538461538464 0.05048076923076923
0 0.40384615384615385 0.5745192307692307 0.038461538461538464 0.036057692307692304
0 0.47596153846153844 0.013221153846153846 0.055288461538461536 0.025240384615384616
0 0.8641826923076923 0.2536057692307692 0.02283653846153846 0.11658653846153846
0 0.9483173076923077 0.38221153846153844 0.04807692307692308 0.020432692307692308
0 0.8954326923076923 0.5252403846153846 0.06490384615384616 0.040865384615384616
0 0.7487980769230769 0.6189903846153846 0.046875 0.042067307692307696
0 0.8425480769230769 0.7103365384615384 0.06490384615384616 0.125
0 0.9591346153846154 0.8894230769230769 0.042067307692307696 0.052884615384615384
0 0.9939903846153846 0.6225961538461539 0.010817307692307692 0.04567307692307692
0 0.6646634615384616 0.9158653846153846 0.0625 0.08173076923076923
0 0.6225961538461539 0.9663461538461539 0.055288461538461536 0.06490384615384616
0 0.5480769230769231 0.9387019230769231 0.06610576923076923 0.09615384615384616
0 0.5132211538461539 0.8942307692307693 0.08052884615384616 0.07091346153846154
0 0.5276442307692307 0.7704326923076923 0.04326923076923077 0.057692307692307696
0 0.625 0.7860576923076923 0.051682692307692304 0.1141826923076923
0 0.5841346153846154 0.71875 0.04807692307692308 0.17427884615384615
0 0.43028846153846156 0.796875 0.055288461538461536 0.1622596153846154
0 0.3112980769230769 0.9603365384615384 0.04567307692307692 0.051682692307692304
0 0.2644230769230769 0.8617788461538461 0.06971153846153846 0.10576923076923077
0 0.10096153846153846 0.9759615384615384 0.0673076923076923 0.04567307692307692
0 0.140625 0.875 0.046875 0.06610576923076923
0 0.10817307692307693 0.8485576923076923 0.04326923076923077 0.04927884615384615
0 0.1875 0.8942307692307693 0.07692307692307693 0.10817307692307693
0 0.026442307692307692 0.9242788461538461 0.051682692307692304 0.04447115384615385
0 0.45072115384615385 0.9110576923076923 0.03485576923076923 0.08653846153846154
0 0.013221153846153846 0.8185096153846154 0.02403846153846154 0.07211538461538461
0 0.057692307692307696 0.8100961538461539 0.04927884615384615 0.04447115384615385
0 0.13581730769230768 0.6850961538461539 0.038461538461538464 0.028846153846153848
0 0.18870192307692307 0.7524038461538461 0.03125 0.027644230769230768
0 0.31009615384615385 0.546875 0.037259615384615384 0.07572115384615384
0 0.29927884615384615 0.5997596153846154 0.02283653846153846 0.028846153846153848
0 0.10216346153846154 0.6766826923076923 0.07932692307692307 0.0889423076923077
0 0.042067307692307696 0.6334134615384616 0.04927884615384615 0.09735576923076923
0 0.2764423076923077 0.49759615384615385 0.028846153846153848 0.04927884615384615
0 0.2764423076923077 0.4375 0.051682692307692304 0.057692307692307696