0 0.17307692307692307 0.4170673076923077 0.04447115384615385 0.06009615384615385
0 0.7788461538461539 0.12860576923076922 0.08052884615384616 0.06610576923076923
0 0.12259615384615384 0.9110576923076923 0.09134615384615384 0.0985576923076923
0 0.5324519230769231 0.23557692307692307 0.08413461538461539 0.04447115384615385
0 0.6586538461538461 0.6322115384615384 0.07211538461538461 0.055288461538461536
0 0.10096153846153846 0.9711538461538461 0.09254807692307693 0.055288461538461536
0 0.7512019230769231 0.4735576923076923 0.0673076923076923 0.05889423076923077
0 0.03365384615384615 0.6838942307692307 0.06610576923076923 0.06971153846153846
0 0.7944711538461539 0.4230769230769231 0.052884615384615384 0.055288461538461536
0 0.9543269230769231 0.24278846153846154 0.09014423076923077 0.04807692307692308
0 0.06009615384615385 0.44711538461538464 0.09615384615384616 0.057692307692307696
0 0.47836538461538464 0.5492788461538461 0.07091346153846154 0.09254807692307693
0 0.46634615384615385 0.8245192307692307 0.06610576923076923 0.0673076923076923
0 0.53125 0.40384615384615385 0.10576923076923077 0.09014423076923077
0 0.4543269230769231 0.9543269230769231 0.13581730769230768 0.08653846153846154
0 0.046875 0.5204326923076923 0.0673076923076923 0.0673076923076923
0 0.21394230769230768 0.2848557692307692 0.056490384615384616 0.04807692307692308
0 0.6358173076923077 0.8257211538461539 0.11177884615384616 0.08052884615384616
0 0.9038461538461539 0.984375 0.09735576923076923 0.028846153846153848
0 0.22355769230769232 0.31850961538461536 0.056490384615384616 0.06610576923076923
0 0.9807692307692307 0.4639423076923077 0.037259615384615384 0.0733173076923077
0 0.9543269230769231 0.7475961538461539 0.09014423076923077 0.05889423076923077
0 0.49278846153846156 0.7163461538461539 0.11538461538461539 0.07451923076923077
0 0.5552884615384616 0.3016826923076923 0.078125 0.0625
0 0.21514423076923078 0.6310096153846154 0.08413461538461539 0.0829326923076923
0 0.40024038461538464 0.41947115384615385 0.07572115384615384 0.07211538461538461
0 0.0889423076923077 0.23197115384615385 0.10216346153846154 0.0889423076923077
0 0.6694711538461539 0.29086538461538464 0.09735576923076923 0.06490384615384616
0 0.8413461538461539 0.9459134615384616 0.08653846153846154 0.10216346153846154