0 0.5492788461538461 0.06009615384615385 0.018028846153846152 0.025240384615384616
0 0.47836538461538464 0.04447115384615385 0.036057692307692304 0.027644230769230768
0 0.4098557692307692 0.06490384615384616 0.05889423076923077 0.037259615384615384
0 0.25 0.39302884615384615 0.036057692307692304 0.054086538461538464
0 0.22956730769230768 0.4495192307692308 0.03365384615384615 0.06009615384615385
0 0.019230769230769232 0.6141826923076923 0.037259615384615384 0.039663461538461536
0 0.25841346153846156 0.625 0.046875 0.038461538461538464
0 0.3004807692307692 0.6935096153846154 0.02403846153846154 0.028846153846153848
0 0.4098557692307692 0.59375 0.09014423076923077 0.051682692307692304
0 0.43990384615384615 0.5348557692307693 0.040865384615384616 0.04567307692307692
0 0.48197115384615385 0.5612980769230769 0.037259615384615384 0.06009615384615385
0 0.5240384615384616 0.6586538461538461 0.036057692307692304 0.03125
0 0.6598557692307693 0.5012019230769231 0.038461538461538464 0.05889423076923077
0 0.9290865384615384 0.6057692307692307 0.046875 0.02403846153846154
0 0.65625 0.6995192307692307 0.027644230769230768 0.03245192307692308
0 0.734375 0.6682692307692307 0.038461538461538464 0.030048076923076924
0 0.6862980769230769 0.5697115384615384 0.02403846153846154 0.028846153846153848
0 0.9495192307692307 0.6382211538461539 0.027644230769230768 0.03365384615384615