0 0.3629807692307692 0.38461538461538464 0.13221153846153846 0.056490384615384616
0 0.019230769230769232 0.9242788461538461 0.038461538461538464 0.040865384615384616
0 0.8677884615384616 0.33052884615384615 0.03245192307692308 0.08173076923076923
0 0.765625 0.5829326923076923 0.0625 0.04807692307692308
0 0.29086538461538464 0.07211538461538461 0.09014423076923077 0.06971153846153846
0 0.3918269230769231 0.09495192307692307 0.06610576923076923 0.03245192307692308
0 0.0985576923076923 0.17668269230769232 0.06490384615384616 0.09615384615384616
0 0.11778846153846154 0.38461538461538464 0.10697115384615384 0.04447115384615385
0 0.13942307692307693 0.9387019230769231 0.07211538461538461 0.07932692307692307
0 0.6766826923076923 0.019230769230769232 0.057692307692307696 0.036057692307692304
0 0.1502403846153846 0.0985576923076923 0.11778846153846154 0.042067307692307696
0 0.5697115384615384 0.5865384615384616 0.09975961538461539 0.052884615384615384
0 0.5240384615384616 0.31009615384615385 0.0889423076923077 0.06129807692307692
0 0.27884615384615385 0.25 0.07572115384615384 0.04567307692307692
0 0.13341346153846154 0.6454326923076923 0.09134615384615384 0.04447115384615385
0 0.30649038461538464 0.8209134615384616 0.12139423076923077 0.06009615384615385
0 0.35096153846153844 0.8149038461538461 0.09014423076923077 0.04927884615384615
0 0.9603365384615384 0.5120192307692307 0.03125 0.09615384615384616
0 0.06971153846153846 0.7223557692307693 0.078125 0.02283653846153846
0 0.2283653846153846 0.078125 0.17427884615384615 0.07451923076923077
0 0.8894230769230769 0.38341346153846156 0.055288461538461536 0.03365384615384615
0 0.5649038461538461 0.021634615384615384 0.109375 0.03245192307692308
0 0.27884615384615385 0.3076923076923077 0.15745192307692307 0.06009615384615385
0 0.06971153846153846 0.07451923076923077 0.109375 0.03485576923076923
0 0.6598557692307693 0.140625 0.08413461538461539 0.05048076923076923
0 0.2704326923076923 0.984375 0.07932692307692307 0.028846153846153848
0 0.04447115384615385 0.33774038461538464 0.0889423076923077 0.040865384615384616
0 0.027644230769230768 0.6394230769230769 0.055288461538461536 0.03365384615384615
0 0.828125 0.28966346153846156 0.06009615384615385 0.04567307692307692
0 0.23677884615384615 0.03365384615384615 0.07091346153846154 0.018028846153846152
0 0.4230769230769231 0.15865384615384615 0.1201923076923077 0.08653846153846154
0 0.9242788461538461 0.9555288461538461 0.09735576923076923 0.038461538461538464
0 0.25 0.6298076923076923 0.07211538461538461 0.040865384615384616
0 0.9266826923076923 0.33653846153846156 0.12980769230769232 0.06009615384615385
0 0.3581730769230769 0.9747596153846154 0.10336538461538461 0.039663461538461536
0 0.2764423076923077 0.6033653846153846 0.07692307692307693 0.055288461538461536
0 0.6574519230769231 0.7007211538461539 0.06610576923076923 0.03365384615384615
0 0.8353365384615384 0.6105769230769231 0.1310096153846154 0.036057692307692304
0 0.18509615384615385 0.3137019230769231 0.11298076923076923 0.04567307692307692
0 0.5216346153846154 0.5552884615384616 0.06971153846153846 0.07211538461538461
0 0.8305288461538461 0.37740384615384615 0.0625 0.06850961538461539
0 0.02403846153846154 0.5733173076923077 0.04807692307692308 0.04447115384615385
0 0.15504807692307693 0.671875 0.11778846153846154 0.03365384615384615
0 0.13581730769230768 0.6117788461538461 0.09615384615384616 0.05889423076923077
0 0.9795673076923077 0.4951923076923077 0.038461538461538464 0.13341346153846154
0 0.040865384615384616 0.125 0.06971153846153846 0.11057692307692307
0 0.8930288461538461 0.8834134615384616 0.12259615384615384 0.046875
0 0.8052884615384616 0.9242788461538461 0.07091346153846154 0.038461538461538464
0 0.9591346153846154 0.6322115384615384 0.0625 0.06610576923076923
0 0.9759615384615384 0.5961538461538461 0.042067307692307696 0.037259615384615384
0 0.23918269230769232 0.6598557692307693 0.10096153846153846 0.07572115384615384
0 0.46634615384615385 0.22115384615384615 0.04567307692307692 0.06490384615384616
0 0.23918269230769232 0.9254807692307693 0.09254807692307693 0.039663461538461536
0 0.6850961538461539 0.6454326923076923 0.09495192307692307 0.040865384615384616
0 0.9495192307692307 0.11538461538461539 0.08413461538461539 0.06971153846153846
0 0.0673076923076923 0.421875 0.13341346153846154 0.09014423076923077
0 0.6634615384615384 0.4567307692307692 0.09615384615384616 0.052884615384615384
0 0.06850961538461539 0.5540865384615384 0.09254807692307693 0.046875
0 0.17668269230769232 0.056490384615384616 0.07572115384615384 0.11177884615384616
0 0.47475961538461536 0.31850961538461536 0.08774038461538461 0.037259615384615384
0 0.5829326923076923 0.7007211538461539 0.11298076923076923 0.07692307692307693
0 0.3076923076923077 0.6610576923076923 0.14903846153846154 0.038461538461538464
0 0.25721153846153844 0.8882211538461539 0.1310096153846154 0.04927884615384615
0 0.8990384615384616 0.16826923076923078 0.12980769230769232 0.09134615384615384
0 0.8617788461538461 0.0829326923076923 0.11538461538461539 0.04927884615384615
0 0.9831730769230769 0.41947115384615385 0.03245192307692308 0.040865384615384616
0 0.042067307692307696 0.015625 0.08052884615384616 0.030048076923076924
0 0.9699519230769231 0.2764423076923077 0.04927884615384615 0.06971153846153846