0 0.9314903846153846 0.5793269230769231 0.06009615384615385 0.09615384615384616
0 0.7764423076923077 0.09014423076923077 0.09495192307692307 0.08413461538461539
0 0.3545673076923077 0.48197115384615385 0.04807692307692308 0.06490384615384616
0 0.828125 0.7704326923076923 0.04447115384615385 0.04447115384615385
0 0.057692307692307696 0.07451923076923077 0.09375 0.0985576923076923
0 0.15865384615384615 0.9579326923076923 0.06370192307692307 0.06009615384615385
0 0.0889423076923077 0.9483173076923077 0.04447115384615385 0.042067307692307696
0 0.09495192307692307 0.375 0.06129807692307692 0.055288461538461536
0 0.7920673076923077 0.4651442307692308 0.06129807692307692 0.06009615384615385
0 0.36899038461538464 0.30528846153846156 0.056490384615384616 0.05048076923076923
0 0.8173076923076923 0.3173076923076923 0.06370192307692307 0.06009615384615385
0 0.96875 0.7367788461538461 0.06009615384615385 0.028846153846153848
0 0.2512019230769231 0.3317307692307692 0.09735576923076923 0.10336538461538461