0 0.6983173076923077 0.9579326923076923 0.057692307692307696 0.08052884615384616
0 0.5180288461538461 0.7043269230769231 0.055288461538461536 0.055288461538461536
0 0.9615384615384616 0.9447115384615384 0.06610576923076923 0.055288461538461536
0 0.19951923076923078 0.025240384615384616 0.054086538461538464 0.04927884615384615
0 0.9783653846153846 0.7487980769230769 0.040865384615384616 0.027644230769230768
0 0.25 0.4266826923076923 0.07572115384615384 0.054086538461538464
0 0.2283653846153846 0.9026442307692307 0.057692307692307696 0.06490384615384616
0 0.8269230769230769 0.7415865384615384 0.03365384615384615 0.038461538461538464
0 0.7524038461538461 0.5252403846153846 0.06129807692307692 0.12139423076923077
0 0.5132211538461539 0.013221153846153846 0.037259615384615384 0.025240384615384616
0 0.2800480769230769 0.7103365384615384 0.0733173076923077 0.055288461538461536
0 0.8028846153846154 0.028846153846153848 0.055288461538461536 0.055288461538461536
0 0.6382211538461539 0.4182692307692308 0.04326923076923077 0.08413461538461539
0 0.6430288461538461 0.9819711538461539 0.04326923076923077 0.03365384615384615
0 0.9038461538461539 0.3293269230769231 0.04447115384615385 0.07211538461538461
0 0.9759615384615384 0.4423076923076923 0.046875 0.042067307692307696
0 0.057692307692307696 0.5889423076923077 0.07572115384615384 0.06490384615384616
0 0.38100961538461536 0.6382211538461539 0.07932692307692307 0.078125
0 0.11899038461538461 0.28966346153846156 0.06971153846153846 0.057692307692307696
0 0.2776442307692308 0.9399038461538461 0.054086538461538464 0.03365384615384615
0 0.2644230769230769 0.6021634615384616 0.10697115384615384 0.11177884615384616
0 0.8052884615384616 0.8581730769230769 0.05889423076923077 0.03485576923076923
0 0.8533653846153846 0.6490384615384616 0.04447115384615385 0.04927884615384615
0 0.6670673076923077 0.7632211538461539 0.10096153846153846 0.06490384615384616
0 0.15625 0.2644230769230769 0.0673076923076923 0.04927884615384615
0 0.45552884615384615 0.125 0.04927884615384615 0.06490384615384616
0 0.171875 0.6682692307692307 0.05889423076923077 0.07692307692307693
0 0.5576923076923077 0.4987980769230769 0.11538461538461539 0.04807692307692308
0 0.9651442307692307 0.6418269230769231 0.04326923076923077 0.07692307692307693
0 0.12620192307692307 0.4074519230769231 0.08173076923076923 0.08774038461538461
0 0.3389423076923077 0.9206730769230769 0.06129807692307692 0.0733173076923077
0 0.9735576923076923 0.3918269230769231 0.04927884615384615 0.08173076923076923
0 0.0625 0.8173076923076923 0.04447115384615385 0.09975961538461539
0 0.9182692307692307 0.8197115384615384 0.057692307692307696 0.04567307692307692
0 0.6213942307692307 0.36177884615384615 0.0733173076923077 0.03485576923076923
0 0.17908653846153846 0.9639423076923077 0.08774038461538461 0.06009615384615385
0 0.5757211538461539 0.20432692307692307 0.06490384615384616 0.08533653846153846
0 0.5120192307692307 0.453125 0.13822115384615385 0.06610576923076923
0 0.19110576923076922 0.7740384615384616 0.04927884615384615 0.055288461538461536
0 0.7788461538461539 0.8125 0.042067307692307696 0.055288461538461536
0 0.43990384615384615 0.8064903846153846 0.039663461538461536 0.038461538461538464
0 0.3485576923076923 0.328125 0.04447115384615385 0.0829326923076923
0 0.609375 0.30408653846153844 0.06850961538461539 0.06129807692307692
0 0.15865384615384615 0.9867788461538461 0.05889423076923077 0.02403846153846154
0 0.7920673076923077 0.5396634615384616 0.046875 0.11538461538461539
0 0.06610576923076923 0.9350961538461539 0.06490384615384616 0.078125
0 0.84375 0.7199519230769231 0.03365384615384615 0.055288461538461536
0 0.7211538461538461 0.6310096153846154 0.08173076923076923 0.038461538461538464
0 0.43028846153846156 0.30288461538461536 0.054086538461538464 0.07692307692307693
0 0.052884615384615384 0.36899038461538464 0.07692307692307693 0.08413461538461539
0 0.9459134615384616 0.6225961538461539 0.030048076923076924 0.09975961538461539
0 0.41346153846153844 0.7403846153846154 0.04447115384615385 0.09495192307692307
0 0.25841346153846156 0.052884615384615384 0.06971153846153846 0.05048076923076923
0 0.5985576923076923 0.8798076923076923 0.04927884615384615 0.020432692307692308
0 0.1310096153846154 0.5673076923076923 0.04807692307692308 0.04927884615384615
0 0.25841346153846156 0.2824519230769231 0.09615384615384616 0.109375
0 0.8774038461538461 0.7764423076923077 0.06971153846153846 0.04927884615384615
0 0.16346153846153846 0.37740384615384615 0.13701923076923078 0.11538461538461539
0 0.30288461538461536 0.06370192307692307 0.055288461538461536 0.06490384615384616
0 0.02403846153846154 0.8269230769230769 0.046875 0.04447115384615385
0 0.3161057692307692 0.6911057692307693 0.05889423076923077 0.04447115384615385
0 0.6213942307692307 0.9122596153846154 0.057692307692307696 0.046875
0 0.78125 0.8629807692307693 0.040865384615384616 0.06009615384615385
0 0.47596153846153844 0.4026442307692308 0.06490384615384616 0.06009615384615385
0 0.36177884615384615 0.15144230769230768 0.06610576923076923 0.08413461538461539
0 0.9723557692307693 0.3293269230769231 0.052884615384615384 0.06009615384615385