0 0.296875 0.5048076923076923 0.10096153846153846 0.07572115384615384
0 0.6766826923076923 0.20793269230769232 0.06850961538461539 0.06610576923076923
0 0.0829326923076923 0.6971153846153846 0.07572115384615384 0.09014423076923077
0 0.6850961538461539 0.765625 0.0625 0.057692307692307696
0 0.9699519230769231 0.6742788461538461 0.05048076923076923 0.078125
0 0.8365384615384616 0.828125 0.10336538461538461 0.07692307692307693
0 0.5288461538461539 0.8509615384615384 0.0625 0.0625
0 0.5396634615384616 0.49158653846153844 0.07211538461538461 0.04807692307692308
0 0.02403846153846154 0.3641826923076923 0.04807692307692308 0.055288461538461536
0 0.9699519230769231 0.2548076923076923 0.057692307692307696 0.06129807692307692
0 0.6670673076923077 0.31490384615384615 0.07211538461538461 0.06009615384615385
0 0.13221153846153846 0.32091346153846156 0.078125 0.06370192307692307
0 0.9435096153846154 0.109375 0.08052884615384616 0.12139423076923077
0 0.25841346153846156 0.7800480769230769 0.051682692307692304 0.046875
0 0.8858173076923077 0.43509615384615385 0.06009615384615385 0.0673076923076923
0 0.734375 0.13822115384615385 0.07572115384615384 0.06971153846153846
0 0.5 0.3545673076923077 0.06370192307692307 0.055288461538461536
0 0.484375 0.036057692307692304 0.0733173076923077 0.06850961538461539
0 0.0889423076923077 0.9110576923076923 0.040865384615384616 0.037259615384615384
0 0.171875 0.5685096153846154 0.07572115384615384 0.14182692307692307
0 0.8425480769230769 0.12139423076923077 0.055288461538461536 0.07692307692307693
0 0.39302884615384615 0.33052884615384615 0.06971153846153846 0.06490384615384616
0 0.42788461538461536 0.1778846153846154 0.06009615384615385 0.07211538461538461
0 0.53125 0.5949519230769231 0.06009615384615385 0.1201923076923077
0 0.027644230769230768 0.17908653846153846 0.055288461538461536 0.06610576923076923
0 0.5036057692307693 0.20072115384615385 0.0625 0.06370192307692307
0 0.7692307692307693 0.48677884615384615 0.051682692307692304 0.05048076923076923
0 0.47836538461538464 0.6490384615384616 0.0673076923076923 0.09014423076923077
0 0.22596153846153846 0.20793269230769232 0.08413461538461539 0.11658653846153846
0 0.4807692307692308 0.7716346153846154 0.056490384615384616 0.078125
0 0.03245192307692308 0.5769230769230769 0.06490384615384616 0.09014423076923077
0 0.3016826923076923 0.9338942307692307 0.0829326923076923 0.1310096153846154
0 0.8052884615384616 0.3605769230769231 0.09615384615384616 0.04927884615384615
0 0.9555288461538461 0.039663461538461536 0.07451923076923077 0.07932692307692307
0 0.6081730769230769 0.9675480769230769 0.07692307692307693 0.0625
0 0.17427884615384615 0.8485576923076923 0.06009615384615385 0.057692307692307696
0 0.6514423076923077 0.6983173076923077 0.078125 0.07572115384615384
0 0.2920673076923077 0.7271634615384616 0.0733173076923077 0.06490384615384616
0 0.8617788461538461 0.27283653846153844 0.06370192307692307 0.09014423076923077
0 0.9170673076923077 0.7379807692307693 0.13341346153846154 0.06009615384615385
0 0.7632211538461539 0.43028846153846156 0.04807692307692308 0.06971153846153846
0 0.1141826923076923 0.04927884615384615 0.13341346153846154 0.09134615384615384
0 0.028846153846153848 0.24158653846153846 0.056490384615384616 0.054086538461538464
0 0.025240384615384616 0.8076923076923077 0.05048076923076923 0.0673076923076923
0 0.2980769230769231 0.11177884615384616 0.06490384615384616 0.06971153846153846
0 0.8509615384615384 0.6225961538461539 0.125 0.08413461538461539
0 0.37259615384615385 0.7079326923076923 0.06490384615384616 0.07572115384615384
0 0.7019230769230769 0.8798076923076923 0.06610576923076923 0.06610576923076923
0 0.6201923076923077 0.27524038461538464 0.06971153846153846 0.055288461538461536
0 0.6514423076923077 0.3858173076923077 0.055288461538461536 0.055288461538461536
0 0.4735576923076923 0.8822115384615384 0.051682692307692304 0.06370192307692307
0 0.953125 0.19471153846153846 0.07572115384615384 0.07451923076923077
0 0.1141826923076923 0.21033653846153846 0.06490384615384616 0.08653846153846154
0 0.1466346153846154 0.7956730769230769 0.0829326923076923 0.0733173076923077
0 0.12980769230769232 0.42788461538461536 0.06490384615384616 0.055288461538461536
0 0.4266826923076923 0.7992788461538461 0.0625 0.05889423076923077