0 0.28125 0.9555288461538461 0.055288461538461536 0.0829326923076923
0 0.7560096153846154 0.09134615384615384 0.04447115384615385 0.10336538461538461
0 0.8185096153846154 0.7007211538461539 0.03365384615384615 0.056490384615384616
0 0.5360576923076923 0.8557692307692307 0.07091346153846154 0.04927884615384615
0 0.8918269230769231 0.7115384615384616 0.04447115384615385 0.0985576923076923
0 0.6550480769230769 0.234375 0.057692307692307696 0.057692307692307696
0 0.33533653846153844 0.125 0.056490384615384616 0.16466346153846154
0 0.8569711538461539 0.8221153846153846 0.0625 0.051682692307692304
0 0.9254807692307693 0.9627403846153846 0.028846153846153848 0.037259615384615384
0 0.5168269230769231 0.15264423076923078 0.02403846153846154 0.078125
0 0.8173076923076923 0.3449519230769231 0.036057692307692304 0.06129807692307692
0 0.9423076923076923 0.6418269230769231 0.08653846153846154 0.07572115384615384
0 0.29447115384615385 0.4483173076923077 0.0829326923076923 0.07572115384615384
0 0.7860576923076923 0.8257211538461539 0.13701923076923078 0.05889423076923077
0 0.9170673076923077 0.23918269230769232 0.11658653846153846 0.055288461538461536
0 0.10697115384615384 0.7103365384615384 0.10697115384615384 0.14423076923076922
0 0.8257211538461539 0.5072115384615384 0.02283653846153846 0.10576923076923077
0 0.7127403846153846 0.04807692307692308 0.07932692307692307 0.09615384615384616
0 0.6538461538461539 0.3581730769230769 0.036057692307692304 0.11538461538461539
0 0.9447115384615384 0.7536057692307693 0.07572115384615384 0.04326923076923077
0 0.5913461538461539 0.9326923076923077 0.14182692307692307 0.039663461538461536
0 0.41586538461538464 0.9507211538461539 0.08533653846153846 0.038461538461538464
0 0.24278846153846154 0.025240384615384616 0.037259615384615384 0.04927884615384615
0 0.8737980769230769 0.9074519230769231 0.04927884615384615 0.03245192307692308
0 0.5132211538461539 0.5805288461538461 0.056490384615384616 0.04927884615384615
0 0.2283653846153846 0.9158653846153846 0.04927884615384615 0.04447115384615385
0 0.9423076923076923 0.6622596153846154 0.08653846153846154 0.03245192307692308
0 0.27403846153846156 0.8846153846153846 0.08173076923076923 0.07211538461538461
0 0.05889423076923077 0.18269230769230768 0.07572115384615384 0.09134615384615384
0 0.43028846153846156 0.3401442307692308 0.10697115384615384 0.14783653846153846
0 0.7175480769230769 0.5600961538461539 0.0625 0.025240384615384616
0 0.859375 0.44711538461538464 0.02403846153846154 0.08774038461538461
0 0.6538461538461539 0.6802884615384616 0.06610576923076923 0.04326923076923077
0 0.5889423076923077 0.2439903846153846 0.057692307692307696 0.06850961538461539
0 0.3894230769230769 0.8990384615384616 0.06009615384615385 0.04447115384615385
0 0.6574519230769231 0.7836538461538461 0.04447115384615385 0.11778846153846154
0 0.5865384615384616 0.28725961538461536 0.036057692307692304 0.06370192307692307
0 0.421875 0.15985576923076922 0.08052884615384616 0.06971153846153846
0 0.7247596153846154 0.5168269230769231 0.15625 0.1201923076923077
0 0.3545673076923077 0.9735576923076923 0.12379807692307693 0.051682692307692304
0 0.8389423076923077 0.25721153846153844 0.06370192307692307 0.078125
0 0.4543269230769231 0.6971153846153846 0.051682692307692304 0.028846153846153848
0 0.6478365384615384 0.1045673076923077 0.030048076923076924 0.057692307692307696
0 0.7944711538461539 0.7644230769230769 0.07211538461538461 0.1141826923076923
0 0.2776442307692308 0.16826923076923078 0.10216346153846154 0.078125
0 0.33653846153846156 0.8533653846153846 0.056490384615384616 0.04447115384615385
0 0.046875 0.12259615384615384 0.03245192307692308 0.09375
0 0.8016826923076923 0.05889423076923077 0.08052884615384616 0.11778846153846154
0 0.055288461538461536 0.5 0.10697115384615384 0.039663461538461536
0 0.9026442307692307 0.9507211538461539 0.03365384615384615 0.06009615384615385
0 0.5216346153846154 0.039663461538461536 0.06129807692307692 0.04927884615384615
0 0.21153846153846154 0.5492788461538461 0.06850961538461539 0.09375
0 0.5264423076923077 0.20432692307692307 0.07932692307692307 0.0625
0 0.9206730769230769 0.11298076923076923 0.08173076923076923 0.06971153846153846
0 0.23677884615384615 0.203125 0.04807692307692308 0.037259615384615384
0 0.9591346153846154 0.7956730769230769 0.07932692307692307 0.08052884615384616
0 0.10697115384615384 0.5901442307692307 0.10336538461538461 0.046875
0 0.36899038461538464 0.02403846153846154 0.039663461538461536 0.04807692307692308
0 0.5060096153846154 0.3713942307692308 0.05048076923076923 0.15865384615384615
0 0.26322115384615385 0.23557692307692307 0.1045673076923077 0.037259615384615384
0 0.7848557692307693 0.43028846153846156 0.06370192307692307 0.10697115384615384
0 0.38822115384615385 0.5072115384615384 0.03485576923076923 0.09134615384615384
0 0.3245192307692308 0.5612980769230769 0.11298076923076923 0.08533653846153846
0 0.8353365384615384 0.15264423076923078 0.06370192307692307 0.03365384615384615