0 0.47475961538461536 0.7211538461538461 0.0733173076923077 0.1141826923076923
0 0.2848557692307692 0.5516826923076923 0.08052884615384616 0.0733173076923077
0 0.7584134615384616 0.027644230769230768 0.07451923076923077 0.055288461538461536
0 0.4951923076923077 0.25721153846153844 0.0889423076923077 0.09014423076923077
0 0.9290865384615384 0.8076923076923077 0.05889423076923077 0.10096153846153846
0 0.5889423076923077 0.53125 0.0673076923076923 0.08173076923076923
0 0.3293269230769231 0.9194711538461539 0.08173076923076923 0.14423076923076922
0 0.8365384615384616 0.8978365384615384 0.07451923076923077 0.140625
0 0.5805288461538461 0.7463942307692307 0.08413461538461539 0.08173076923076923
0 0.07932692307692307 0.3918269230769231 0.12740384615384615 0.11899038461538461
0 0.2536057692307692 0.9290865384615384 0.12620192307692307 0.11778846153846154
0 0.109375 0.546875 0.07451923076923077 0.08774038461538461
0 0.6814903846153846 0.4891826923076923 0.09615384615384616 0.11177884615384616
0 0.7151442307692307 0.19831730769230768 0.08413461538461539 0.0625
0 0.5036057692307693 0.5336538461538461 0.09254807692307693 0.125
0 0.4411057692307692 0.18509615384615385 0.12620192307692307 0.08052884615384616
0 0.71875 0.12139423076923077 0.09134615384615384 0.109375
0 0.8834134615384616 0.8617788461538461 0.06009615384615385 0.06009615384615385
0 0.31009615384615385 0.09975961538461539 0.09615384615384616 0.10697115384615384
0 0.039663461538461536 0.9242788461538461 0.07932692307692307 0.0985576923076923
0 0.20072115384615385 0.09975961538461539 0.06850961538461539 0.08653846153846154
0 0.2860576923076923 0.46033653846153844 0.08052884615384616 0.07692307692307693
0 0.8545673076923077 0.6923076923076923 0.0889423076923077 0.08653846153846154
0 0.39783653846153844 0.42427884615384615 0.10576923076923077 0.09735576923076923
0 0.7307692307692307 0.7848557692307693 0.13221153846153846 0.13341346153846154