0 0.15745192307692307 0.14903846153846154 0.03245192307692308 0.056490384615384616
0 0.1935096153846154 0.2692307692307692 0.0733173076923077 0.0673076923076923
0 0.10216346153846154 0.3545673076923077 0.055288461538461536 0.028846153846153848
0 0.09134615384615384 0.4543269230769231 0.037259615384615384 0.040865384615384616
0 0.2512019230769231 0.5072115384615384 0.07932692307692307 0.06971153846153846
0 0.06971153846153846 0.7728365384615384 0.019230769230769232 0.028846153846153848
0 0.014423076923076924 0.9555288461538461 0.028846153846153848 0.08413461538461539
0 0.23557692307692307 0.06490384615384616 0.056490384615384616 0.07451923076923077
0 0.016826923076923076 0.3425480769230769 0.03365384615384615 0.18028846153846154
0 0.14903846153846154 0.36778846153846156 0.03365384615384615 0.027644230769230768
0 0.008413461538461538 0.8233173076923077 0.016826923076923076 0.039663461538461536
0 0.030048076923076924 0.8257211538461539 0.014423076923076924 0.04927884615384615