0 0.29927884615384615 0.5889423076923077 0.09975961538461539 0.09495192307692307
0 0.03365384615384615 0.1502403846153846 0.06610576923076923 0.0985576923076923
0 0.021634615384615384 0.04447115384615385 0.04326923076923077 0.055288461538461536
0 0.14543269230769232 0.6310096153846154 0.07692307692307693 0.08173076923076923
0 0.009615384615384616 0.31850961538461536 0.019230769230769232 0.06971153846153846
0 0.1658653846153846 0.23317307692307693 0.08533653846153846 0.06971153846153846
0 0.07692307692307693 0.33774038461538464 0.07932692307692307 0.07932692307692307
0 0.14543269230769232 0.296875 0.11778846153846154 0.06971153846153846
0 0.07692307692307693 0.7740384615384616 0.09014423076923077 0.10576923076923077
0 0.1658653846153846 0.018028846153846152 0.08774038461538461 0.03485576923076923
0 0.9735576923076923 0.2860576923076923 0.051682692307692304 0.06129807692307692
0 0.20552884615384615 0.1201923076923077 0.12980769230769232 0.078125
0 0.9002403846153846 0.3762019230769231 0.19471153846153846 0.08533653846153846
0 0.8557692307692307 0.12259615384615384 0.1346153846153846 0.057692307692307696
0 0.9639423076923077 0.23557692307692307 0.07091346153846154 0.07211538461538461
0 0.8329326923076923 0.29447115384615385 0.0733173076923077 0.06850961538461539
0 0.26322115384615385 0.39302884615384615 0.11057692307692307 0.10216346153846154
0 0.08173076923076923 0.24759615384615385 0.0829326923076923 0.0673076923076923
0 0.7836538461538461 0.1201923076923077 0.12379807692307693 0.09615384615384616
0 0.02403846153846154 0.4951923076923077 0.046875 0.07572115384615384