0 0.296875 0.8485576923076923 0.06129807692307692 0.038461538461538464
0 0.3605769230769231 0.7920673076923077 0.06009615384615385 0.036057692307692304
0 0.49759615384615385 0.7872596153846154 0.04447115384615385 0.07451923076923077
0 0.5612980769230769 0.8858173076923077 0.030048076923076924 0.04927884615384615
0 0.6069711538461539 0.8173076923076923 0.055288461538461536 0.04447115384615385
0 0.2283653846153846 0.7608173076923077 0.04927884615384615 0.028846153846153848
0 0.15384615384615385 0.78125 0.027644230769230768 0.038461538461538464
0 0.15264423076923078 0.9435096153846154 0.0673076923076923 0.06370192307692307
0 0.055288461538461536 0.8341346153846154 0.038461538461538464 0.07572115384615384
0 0.06490384615384616 0.8918269230769231 0.051682692307692304 0.042067307692307696
0 0.028846153846153848 0.9170673076923077 0.056490384615384616 0.036057692307692304
0 0.15264423076923078 0.6310096153846154 0.05048076923076923 0.03245192307692308
0 0.20552884615384615 0.6887019230769231 0.05889423076923077 0.06971153846153846
0 0.17668269230769232 0.6935096153846154 0.027644230769230768 0.03365384615384615
0 0.078125 0.7007211538461539 0.03245192307692308 0.038461538461538464
0 0.6935096153846154 0.890625 0.09134615384615384 0.04927884615384615
0 0.71875 0.8052884615384616 0.038461538461538464 0.051682692307692304
0 0.7980769230769231 0.7848557692307693 0.04927884615384615 0.06009615384615385
0 0.9326923076923077 0.8100961538461539 0.04567307692307692 0.037259615384615384
0 0.9603365384615384 0.9038461538461539 0.04927884615384615 0.052884615384615384
0 0.9338942307692307 0.8533653846153846 0.052884615384615384 0.04807692307692308
0 0.8149038461538461 0.6526442307692307 0.04927884615384615 0.052884615384615384
0 0.9711538461538461 0.7139423076923077 0.055288461538461536 0.054086538461538464
0 0.7992788461538461 0.9615384615384616 0.056490384615384616 0.04807692307692308
0 0.04447115384615385 0.4519230769230769 0.055288461538461536 0.04927884615384615
0 0.9543269230769231 0.46153846153846156 0.04807692307692308 0.057692307692307696
0 0.6838942307692307 0.4579326923076923 0.04447115384615385 0.06850961538461539
0 0.025240384615384616 0.06129807692307692 0.05048076923076923 0.04567307692307692
0 0.12860576923076922 0.11177884615384616 0.04567307692307692 0.04326923076923077
0 0.1658653846153846 0.21033653846153846 0.04326923076923077 0.038461538461538464
0 0.296875 0.25600961538461536 0.0673076923076923 0.06129807692307692
0 0.46153846153846156 0.20072115384615385 0.03365384615384615 0.03365384615384615
0 0.671875 0.09495192307692307 0.054086538461538464 0.08533653846153846
0 0.7788461538461539 0.3125 0.06850961538461539 0.04447115384615385
0 0.9483173076923077 0.21875 0.06009615384615385 0.05048076923076923
0 0.09375 0.2848557692307692 0.057692307692307696 0.038461538461538464
0 0.0673076923076923 0.23918269230769232 0.04326923076923077 0.030048076923076924
0 0.2548076923076923 0.13822115384615385 0.09134615384615384 0.04326923076923077
0 0.4579326923076923 0.2860576923076923 0.0829326923076923 0.038461538461538464
0 0.6923076923076923 0.30408653846153844 0.0889423076923077 0.038461538461538464
0 0.8545673076923077 0.2860576923076923 0.0733173076923077 0.04447115384615385
0 0.8774038461538461 0.1045673076923077 0.08173076923076923 0.03485576923076923
0 0.8870192307692307 0.037259615384615384 0.07572115384615384 0.07451923076923077
0 0.7920673076923077 0.06971153846153846 0.04326923076923077 0.05889423076923077
0 0.5216346153846154 0.078125 0.037259615384615384 0.042067307692307696
0 0.08533653846153846 0.15745192307692307 0.07451923076923077 0.04927884615384615
0 0.9795673076923077 0.33052884615384615 0.038461538461538464 0.046875
0 0.7536057692307693 0.2512019230769231 0.052884615384615384 0.0625
0 0.9819711538461539 0.04927884615384615 0.03485576923076923 0.052884615384615384
0 0.36899038461538464 0.9915865384615384 0.036057692307692304 0.014423076923076924