0 0.13822115384615385 0.7055288461538461 0.09375 0.08774038461538461
0 0.6346153846153846 0.9603365384615384 0.078125 0.078125
0 0.9375 0.9759615384615384 0.08052884615384616 0.04567307692307692
0 0.5612980769230769 0.5985576923076923 0.11177884615384616 0.10576923076923077
0 0.26802884615384615 0.07451923076923077 0.07091346153846154 0.0625
0 0.48197115384615385 0.984375 0.06009615384615385 0.028846153846153848
0 0.6610576923076923 0.13221153846153846 0.09254807692307693 0.08052884615384616
0 0.21514423076923078 0.3557692307692308 0.078125 0.08653846153846154
0 0.9471153846153846 0.3858173076923077 0.06370192307692307 0.06850961538461539
0 0.7451923076923077 0.16706730769230768 0.11658653846153846 0.16947115384615385
0 0.18028846153846154 0.2704326923076923 0.06610576923076923 0.06009615384615385
0 0.01201923076923077 0.6947115384615384 0.02403846153846154 0.08173076923076923
0 0.03125 0.3485576923076923 0.0625 0.07572115384615384
0 0.234375 0.9855769230769231 0.08533653846153846 0.026442307692307692
0 0.7644230769230769 0.6057692307692307 0.055288461538461536 0.06610576923076923
0 0.375 0.9507211538461539 0.06850961538461539 0.06610576923076923
0 0.7283653846153846 0.8701923076923077 0.06490384615384616 0.06490384615384616
0 0.39663461538461536 0.8641826923076923 0.08173076923076923 0.08774038461538461
0 0.9867788461538461 0.6682692307692307 0.025240384615384616 0.11177884615384616
0 0.042067307692307696 0.6045673076923077 0.0829326923076923 0.0889423076923077
0 0.9170673076923077 0.9170673076923077 0.11057692307692307 0.12259615384615384
0 0.9230769230769231 0.039663461538461536 0.10096153846153846 0.07932692307692307
0 0.11658653846153846 0.5024038461538461 0.09134615384615384 0.11538461538461539
0 0.8798076923076923 0.5120192307692307 0.08533653846153846 0.0829326923076923
0 0.06490384615384616 0.22956730769230768 0.07091346153846154 0.06971153846153846