0 0.03125 0.9122596153846154 0.057692307692307696 0.10336538461538461
0 0.6177884615384616 0.09495192307692307 0.07572115384615384 0.09254807692307693
0 0.4639423076923077 0.03485576923076923 0.056490384615384616 0.06971153846153846
0 0.6850961538461539 0.6766826923076923 0.07572115384615384 0.06129807692307692
0 0.7644230769230769 0.171875 0.0625 0.07572115384615384
0 0.23677884615384615 0.7271634615384616 0.125 0.07572115384615384
0 0.41466346153846156 0.6105769230769231 0.08653846153846154 0.07932692307692307
0 0.06129807692307692 0.021634615384615384 0.0889423076923077 0.04326923076923077
0 0.9254807692307693 0.6045673076923077 0.06490384615384616 0.07692307692307693
0 0.0889423076923077 0.1814903846153846 0.08653846153846154 0.15865384615384615
0 0.29927884615384615 0.0829326923076923 0.08052884615384616 0.0673076923076923
0 0.021634615384615384 0.06971153846153846 0.04326923076923077 0.0673076923076923
0 0.5264423076923077 0.03245192307692308 0.07451923076923077 0.06490384615384616
0 0.38461538461538464 0.02403846153846154 0.09254807692307693 0.046875
0 0.7403846153846154 0.9759615384615384 0.07932692307692307 0.04567307692307692
0 0.6887019230769231 0.5420673076923077 0.0625 0.0733173076923077
0 0.016826923076923076 0.4891826923076923 0.03365384615384615 0.0889423076923077
0 0.9387019230769231 0.9639423076923077 0.11899038461538461 0.07091346153846154
0 0.7920673076923077 0.33653846153846156 0.055288461538461536 0.07091346153846154
0 0.9170673076923077 0.6983173076923077 0.07572115384615384 0.07572115384615384
0 0.578125 0.5889423076923077 0.08653846153846154 0.07932692307692307
0 0.02283653846153846 0.3894230769230769 0.04447115384615385 0.08173076923076923
0 0.49038461538461536 0.6911057692307693 0.07572115384615384 0.09134615384615384
0 0.7451923076923077 0.921875 0.08653846153846154 0.07572115384615384
0 0.59375 0.9591346153846154 0.10216346153846154 0.08052884615384616
0 0.13581730769230768 0.13221153846153846 0.07211538461538461 0.10697115384615384
0 0.4050480769230769 0.4543269230769231 0.10697115384615384 0.07692307692307693
0 0.21634615384615385 0.8016826923076923 0.06971153846153846 0.057692307692307696
0 0.8413461538461539 0.6153846153846154 0.10336538461538461 0.07932692307692307
0 0.21514423076923078 0.5120192307692307 0.08052884615384616 0.06490384615384616
0 0.3557692307692308 0.6346153846153846 0.06129807692307692 0.10336538461538461
0 0.2764423076923077 0.5865384615384616 0.07091346153846154 0.06850961538461539
0 0.6382211538461539 0.46274038461538464 0.09375 0.06009615384615385
0 0.5264423076923077 0.2644230769230769 0.10096153846153846 0.09735576923076923
0 0.09735576923076923 0.53125 0.07932692307692307 0.07692307692307693
0 0.31490384615384615 0.6117788461538461 0.0673076923076923 0.06129807692307692
0 0.7512019230769231 0.04326923076923077 0.10096153846153846 0.08653846153846154
0 0.08774038461538461 0.9122596153846154 0.07091346153846154 0.08052884615384616
0 0.6177884615384616 0.3870192307692308 0.11778846153846154 0.07932692307692307
0 0.4579326923076923 0.9086538461538461 0.06850961538461539 0.13701923076923078
0 0.5144230769230769 0.5973557692307693 0.06850961538461539 0.07091346153846154