0 0.4963942307692308 0.7175480769230769 0.15264423076923078 0.15504807692307693
0 0.15144230769230768 0.8930288461538461 0.07572115384615384 0.07692307692307693
0 0.7079326923076923 0.23317307692307693 0.26322115384615385 0.20673076923076922
0 0.9423076923076923 0.8100961538461539 0.1045673076923077 0.06009615384615385
0 0.7740384615384616 0.6838942307692307 0.18990384615384615 0.08533653846153846
0 0.8774038461538461 0.4543269230769231 0.040865384615384616 0.07091346153846154
0 0.9014423076923077 0.3016826923076923 0.11057692307692307 0.04447115384615385
0 0.7992788461538461 0.8329326923076923 0.20072115384615385 0.07692307692307693
0 0.9086538461538461 0.1045673076923077 0.11538461538461539 0.09014423076923077
0 0.14543269230769232 0.028846153846153848 0.0673076923076923 0.055288461538461536
0 0.6947115384615384 0.7319711538461539 0.09014423076923077 0.04927884615384615
0 0.8185096153846154 0.7704326923076923 0.06490384615384616 0.04567307692307692
0 0.9278846153846154 0.7283653846153846 0.0733173076923077 0.10216346153846154
0 0.23317307692307693 0.15745192307692307 0.07211538461538461 0.10576923076923077
0 0.33653846153846156 0.8125 0.1346153846153846 0.057692307692307696
0 0.1935096153846154 0.7680288461538461 0.10697115384615384 0.052884615384615384
0 0.8509615384615384 0.7379807692307693 0.036057692307692304 0.037259615384615384
0 0.35096153846153844 0.037259615384615384 0.11778846153846154 0.06971153846153846
0 0.30288461538461536 0.6141826923076923 0.0733173076923077 0.06009615384615385
0 0.7127403846153846 0.9711538461538461 0.09615384615384616 0.055288461538461536
0 0.6514423076923077 0.039663461538461536 0.24278846153846154 0.07572115384615384
0 0.40625 0.8798076923076923 0.14783653846153846 0.12980769230769232
0 0.019230769230769232 0.47475961538461536 0.036057692307692304 0.12379807692307693
0 0.5973557692307693 0.4579326923076923 0.1045673076923077 0.0829326923076923
0 0.7680288461538461 0.02403846153846154 0.15745192307692307 0.04326923076923077
0 0.3858173076923077 0.14543269230769232 0.0985576923076923 0.1310096153846154
0 0.5829326923076923 0.5480769230769231 0.08413461538461539 0.0673076923076923
0 0.375 0.11177884615384616 0.15745192307692307 0.1201923076923077
0 0.8161057692307693 0.27403846153846156 0.11177884615384616 0.109375
0 0.5132211538461539 0.953125 0.038461538461538464 0.046875
0 0.36778846153846156 0.49399038461538464 0.10697115384615384 0.09014423076923077
0 0.9122596153846154 0.3870192307692308 0.06490384615384616 0.04927884615384615
0 0.796875 0.39903846153846156 0.10576923076923077 0.1346153846153846
0 0.15625 0.8233173076923077 0.0625 0.078125
0 0.0829326923076923 0.7019230769230769 0.09254807692307693 0.08533653846153846
0 0.06610576923076923 0.9254807692307693 0.13221153846153846 0.04927884615384615
0 0.796875 0.9507211538461539 0.052884615384615384 0.03125
0 0.375 0.24278846153846154 0.07932692307692307 0.07211538461538461
0 0.6598557692307693 0.7620192307692307 0.07572115384615384 0.06490384615384616
0 0.08653846153846154 0.546875 0.078125 0.07572115384615384
0 0.8569711538461539 0.6899038461538461 0.03365384615384615 0.028846153846153848
0 0.47596153846153844 0.109375 0.11177884615384616 0.07932692307692307
0 0.09254807692307693 0.6165865384615384 0.04326923076923077 0.06610576923076923
0 0.0889423076923077 0.4206730769230769 0.07692307692307693 0.09134615384615384
0 0.30288461538461536 0.5288461538461539 0.10216346153846154 0.12740384615384615
0 0.96875 0.9735576923076923 0.05889423076923077 0.051682692307692304
0 0.5348557692307693 0.9591346153846154 0.09134615384615384 0.07932692307692307
0 0.5132211538461539 0.1971153846153846 0.11177884615384616 0.12980769230769232
0 0.7848557692307693 0.7524038461538461 0.08653846153846154 0.09975961538461539
0 0.9170673076923077 0.35096153846153844 0.15384615384615385 0.10216346153846154
0 0.35216346153846156 0.33653846153846156 0.13942307692307693 0.078125