0 0.5576923076923077 0.1141826923076923 0.06850961538461539 0.052884615384615384
0 0.8569711538461539 0.21394230769230768 0.027644230769230768 0.03365384615384615
0 0.7211538461538461 0.039663461538461536 0.07451923076923077 0.04927884615384615
0 0.7043269230769231 0.04567307692307692 0.04927884615384615 0.039663461538461536
0 0.8701923076923077 0.06610576923076923 0.040865384615384616 0.037259615384615384
0 0.9627403846153846 0.016826923076923076 0.021634615384615384 0.03365384615384615
0 0.8016826923076923 0.20432692307692307 0.05889423076923077 0.036057692307692304
0 0.765625 0.21634615384615385 0.046875 0.037259615384615384
0 0.6502403846153846 0.27403846153846156 0.04927884615384615 0.037259615384615384
0 0.6021634615384616 0.35697115384615385 0.09134615384615384 0.03485576923076923
0 0.6754807692307693 0.35697115384615385 0.08173076923076923 0.09134615384615384
0 0.7391826923076923 0.3485576923076923 0.055288461538461536 0.06129807692307692
0 0.7632211538461539 0.3701923076923077 0.052884615384615384 0.055288461538461536
0 0.7572115384615384 0.4338942307692308 0.08052884615384616 0.04807692307692308
0 0.8641826923076923 0.43028846153846156 0.040865384615384616 0.056490384615384616
0 0.9038461538461539 0.3701923076923077 0.03485576923076923 0.06971153846153846
0 0.9891826923076923 0.26802884615384615 0.019230769230769232 0.03485576923076923
0 0.9651442307692307 0.25721153846153844 0.042067307692307696 0.03485576923076923
0 0.8293269230769231 0.5336538461538461 0.051682692307692304 0.08653846153846154
0 0.7620192307692307 0.49278846153846156 0.06009615384615385 0.06009615384615385
0 0.5408653846153846 0.4651442307692308 0.12740384615384615 0.06971153846153846
0 0.4338942307692308 0.48677884615384615 0.12259615384615384 0.06971153846153846
0 0.8329326923076923 0.6009615384615384 0.04807692307692308 0.040865384615384616
0 0.8052884615384616 0.6598557692307693 0.052884615384615384 0.04447115384615385
0 0.7163461538461539 0.5925480769230769 0.038461538461538464 0.03365384615384615
0 0.9050480769230769 0.5913461538461539 0.040865384615384616 0.10697115384615384
0 0.8822115384615384 0.6742788461538461 0.05889423076923077 0.06490384615384616
0 0.921875 0.7463942307692307 0.04567307692307692 0.0673076923076923
0 0.9735576923076923 0.640625 0.04927884615384615 0.11057692307692307
0 0.984375 0.5637019230769231 0.028846153846153848 0.040865384615384616
0 0.9603365384615384 0.8473557692307693 0.06009615384615385 0.1045673076923077
0 0.9314903846153846 0.9134615384615384 0.04447115384615385 0.16706730769230768
0 0.8978365384615384 0.8894230769230769 0.04447115384615385 0.1622596153846154
0 0.8004807692307693 0.8197115384615384 0.040865384615384616 0.05889423076923077
0 0.8305288461538461 0.7463942307692307 0.037259615384615384 0.06490384615384616
0 0.8221153846153846 0.9134615384615384 0.038461538461538464 0.06850961538461539
0 0.7211538461538461 0.9735576923076923 0.040865384615384616 0.05048076923076923
0 0.6899038461538461 0.9579326923076923 0.04447115384615385 0.08052884615384616
0 0.6502403846153846 0.9699519230769231 0.06009615384615385 0.057692307692307696
0 0.6298076923076923 0.8269230769230769 0.14783653846153846 0.06610576923076923
0 0.17908653846153846 0.9891826923076923 0.04807692307692308 0.020432692307692308
0 0.14182692307692307 0.984375 0.055288461538461536 0.030048076923076924
0 0.013221153846153846 0.9663461538461539 0.02403846153846154 0.05048076923076923
0 0.20673076923076922 0.8762019230769231 0.07211538461538461 0.08653846153846154
0 0.09615384615384616 0.8930288461538461 0.0829326923076923 0.07572115384615384
0 0.11538461538461539 0.8052884615384616 0.09254807692307693 0.09615384615384616
0 0.03485576923076923 0.8641826923076923 0.06850961538461539 0.06490384615384616
0 0.039663461538461536 0.8052884615384616 0.078125 0.056490384615384616
0 0.028846153846153848 0.7596153846153846 0.057692307692307696 0.04927884615384615
0 0.046875 0.7043269230769231 0.07572115384615384 0.04927884615384615
0 0.15745192307692307 0.6646634615384616 0.06009615384615385 0.06009615384615385
0 0.28846153846153844 0.5865384615384616 0.038461538461538464 0.054086538461538464
0 0.19110576923076922 0.5829326923076923 0.05889423076923077 0.07932692307692307
0 0.15625 0.5348557692307693 0.038461538461538464 0.04807692307692308
0 0.11778846153846154 0.5853365384615384 0.056490384615384616 0.08052884615384616
0 0.08533653846153846 0.5192307692307693 0.06490384615384616 0.046875
0 0.013221153846153846 0.5817307692307693 0.026442307692307692 0.056490384615384616
0 0.3737980769230769 0.40024038461538464 0.03365384615384615 0.04447115384615385
0 0.24639423076923078 0.37259615384615385 0.06490384615384616 0.056490384615384616
0 0.19951923076923078 0.41586538461538464 0.06971153846153846 0.04807692307692308
0 0.027644230769230768 0.421875 0.055288461538461536 0.06971153846153846
0 0.027644230769230768 0.47596153846153844 0.055288461538461536 0.054086538461538464
0 0.27884615384615385 0.2824519230769231 0.08653846153846154 0.06009615384615385
0 0.3894230769230769 0.28966346153846156 0.06490384615384616 0.08052884615384616
0 0.3016826923076923 0.17668269230769232 0.04567307692307692 0.04567307692307692
0 0.3293269230769231 0.06009615384615385 0.036057692307692304 0.037259615384615384
0 0.25721153846153844 0.21754807692307693 0.046875 0.038461538461538464
0 0.24158653846153846 0.17307692307692307 0.039663461538461536 0.027644230769230768
0 0.22956730769230768 0.14783653846153846 0.042067307692307696 0.028846153846153848
0 0.10576923076923077 0.23076923076923078 0.04447115384615385 0.028846153846153848
0 0.0625 0.18990384615384615 0.051682692307692304 0.038461538461538464
0 0.6911057692307693 0.009615384615384616 0.06009615384615385 0.019230769230769232
0 0.8305288461538461 0.1622596153846154 0.03365384615384615 0.03125
0 0.21634615384615385 0.015625 0.06129807692307692 0.030048076923076924
0 0.1201923076923077 0.7379807692307693 0.04807692307692308 0.04567307692307692
0 0.014423076923076924 0.8413461538461539 0.028846153846153848 0.03365384615384615
0 0.7055288461538461 0.5528846153846154 0.054086538461538464 0.03245192307692308
0 0.8569711538461539 0.27884615384615385 0.038461538461538464 0.038461538461538464
0 0.04447115384615385 0.2920673076923077 0.08653846153846154 0.02403846153846154
0 0.09975961538461539 0.3317307692307692 0.06009615384615385 0.04567307692307692
0 0.018028846153846152 0.20072115384615385 0.036057692307692304 0.03365384615384615
0 0.04447115384615385 0.1466346153846154 0.046875 0.020432692307692308
0 0.025240384615384616 0.23677884615384615 0.05048076923076923 0.046875
0 0.019230769230769232 0.15625 0.038461538461538464 0.04927884615384615
0 0.07211538461538461 0.5637019230769231 0.04447115384615385 0.028846153846153848
0 0.016826923076923076 0.025240384615384616 0.028846153846153848 0.05048076923076923
0 0.7247596153846154 0.31971153846153844 0.04326923076923077 0.040865384615384616
0 0.6730769230769231 0.3173076923076923 0.040865384615384616 0.028846153846153848
0 0.9423076923076923 0.6225961538461539 0.03245192307692308 0.037259615384615384
0 0.9471153846153846 0.5444711538461539 0.052884615384615384 0.04927884615384615
0 0.9735576923076923 0.016826923076923076 0.018028846153846152 0.03365384615384615
0 0.013221153846153846 0.6899038461538461 0.026442307692307692 0.03485576923076923
0 0.4074519230769231 0.4326923076923077 0.054086538461538464 0.038461538461538464