0 0.8257211538461539 0.018028846153846152 0.06490384615384616 0.036057692307692304
0 0.921875 0.18389423076923078 0.054086538461538464 0.03245192307692308
0 0.9483173076923077 0.1622596153846154 0.042067307692307696 0.037259615384615384
0 0.9927884615384616 0.14182692307692307 0.013221153846153846 0.0733173076923077
0 0.9110576923076923 0.3125 0.04807692307692308 0.026442307692307692
0 0.9507211538461539 0.29927884615384615 0.03485576923076923 0.039663461538461536
0 0.8545673076923077 0.4182692307692308 0.038461538461538464 0.02403846153846154
0 0.9927884615384616 0.41947115384615385 0.01201923076923077 0.04326923076923077
0 0.8677884615384616 0.5228365384615384 0.03365384615384615 0.028846153846153848
0 0.8365384615384616 0.5528846153846154 0.06850961538461539 0.013221153846153846
0 0.8425480769230769 0.6442307692307693 0.028846153846153848 0.020432692307692308
0 0.8581730769230769 0.6754807692307693 0.04807692307692308 0.04927884615384615
0 0.9519230769230769 0.6959134615384616 0.03125 0.042067307692307696
0 0.8798076923076923 0.7860576923076923 0.055288461538461536 0.038461538461538464
0 0.9927884615384616 0.8185096153846154 0.013221153846153846 0.05048076923076923
0 0.9230769230769231 0.9891826923076923 0.04567307692307692 0.020432692307692308
0 0.8641826923076923 0.02403846153846154 0.018028846153846152 0.010817307692307692
0 0.9471153846153846 0.007211538461538462 0.038461538461538464 0.014423076923076924