0 0.6009615384615384 0.07451923076923077 0.09495192307692307 0.12980769230769232
0 0.04447115384615385 0.6850961538461539 0.0889423076923077 0.10096153846153846
0 0.9350961538461539 0.4519230769230769 0.06610576923076923 0.0829326923076923
0 0.4230769230769231 0.27884615384615385 0.10096153846153846 0.09615384615384616
0 0.027644230769230768 0.84375 0.055288461538461536 0.16346153846153846
0 0.18509615384615385 0.15504807692307693 0.08052884615384616 0.06490384615384616
0 0.6274038461538461 0.41586538461538464 0.11057692307692307 0.11177884615384616
0 0.5096153846153846 0.8125 0.13822115384615385 0.1310096153846154
0 0.6057692307692307 0.7235576923076923 0.09254807692307693 0.13341346153846154
0 0.6346153846153846 0.8209134615384616 0.13341346153846154 0.05889423076923077
0 0.7560096153846154 0.8209134615384616 0.08533653846153846 0.09134615384615384
0 0.9795673076923077 0.8076923076923077 0.036057692307692304 0.055288461538461536
0 0.28725961538461536 0.09735576923076923 0.10216346153846154 0.19110576923076922
0 0.375 0.9278846153846154 0.15264423076923078 0.14182692307692307
0 0.6153846153846154 0.9122596153846154 0.12139423076923077 0.13822115384615385