0 0.33653846153846156 0.3737980769230769 0.046875 0.051682692307692304
0 0.6009615384615384 0.27403846153846156 0.10096153846153846 0.055288461538461536
0 0.04927884615384615 0.17427884615384615 0.0829326923076923 0.08052884615384616
0 0.34975961538461536 0.019230769230769232 0.052884615384615384 0.036057692307692304
0 0.09975961538461539 0.5877403846153846 0.12980769230769232 0.06370192307692307
0 0.9771634615384616 0.17668269230769232 0.04447115384615385 0.055288461538461536
0 0.8161057692307693 0.7680288461538461 0.07932692307692307 0.06490384615384616
0 0.3701923076923077 0.21875 0.06009615384615385 0.06971153846153846
0 0.051682692307692304 0.2920673076923077 0.10096153846153846 0.08653846153846154
0 0.17067307692307693 0.9855769230769231 0.051682692307692304 0.027644230769230768
0 0.6911057692307693 0.15144230769230768 0.08052884615384616 0.08052884615384616
0 0.7475961538461539 0.4579326923076923 0.06850961538461539 0.06009615384615385
0 0.5625 0.04927884615384615 0.11778846153846154 0.08052884615384616
0 0.3293269230769231 0.7007211538461539 0.08052884615384616 0.06971153846153846
0 0.90625 0.7944711538461539 0.057692307692307696 0.04927884615384615
0 0.8016826923076923 0.4483173076923077 0.09134615384615384 0.06129807692307692
0 0.04447115384615385 0.5012019230769231 0.08413461538461539 0.07451923076923077
0 0.27163461538461536 0.6887019230769231 0.10697115384615384 0.09134615384615384
0 0.47836538461538464 0.02283653846153846 0.04326923076923077 0.04567307692307692
0 0.14543269230769232 0.020432692307692308 0.04807692307692308 0.03245192307692308
0 0.14903846153846154 0.765625 0.0829326923076923 0.0829326923076923
0 0.8677884615384616 0.9435096153846154 0.09014423076923077 0.08052884615384616
0 0.29086538461538464 0.0829326923076923 0.08173076923076923 0.0625
0 0.2920673076923077 0.796875 0.09615384615384616 0.038461538461538464
0 0.34134615384615385 0.24759615384615385 0.07572115384615384 0.04927884615384615
0 0.9254807692307693 0.5709134615384616 0.07932692307692307 0.08774038461538461
0 0.025240384615384616 0.10697115384615384 0.04927884615384615 0.07211538461538461
0 0.7572115384615384 0.2247596153846154 0.08653846153846154 0.10336538461538461
0 0.6286057692307693 0.4098557692307692 0.09375 0.08653846153846154
0 0.8822115384615384 0.046875 0.0625 0.09134615384615384
0 0.14302884615384615 0.6586538461538461 0.08774038461538461 0.04447115384615385
0 0.984375 0.6586538461538461 0.030048076923076924 0.10336538461538461
0 0.8858173076923077 0.24519230769230768 0.04567307692307692 0.04447115384615385
0 0.6274038461538461 0.5588942307692307 0.06971153846153846 0.06850961538461539
0 0.10096153846153846 0.4170673076923077 0.09615384615384616 0.078125
0 0.8389423076923077 0.36778846153846156 0.07572115384615384 0.09134615384615384
0 0.39663461538461536 0.41947115384615385 0.07572115384615384 0.07091346153846154
0 0.6850961538461539 0.5733173076923077 0.09375 0.109375
0 0.7463942307692307 0.051682692307692304 0.06971153846153846 0.09615384615384616
0 0.9459134615384616 0.7896634615384616 0.040865384615384616 0.04326923076923077
0 0.53125 0.8689903846153846 0.06971153846153846 0.05048076923076923
0 0.4495192307692308 0.37259615384615385 0.05048076923076923 0.06971153846153846
0 0.026442307692307692 0.6766826923076923 0.04927884615384615 0.06850961538461539
0 0.7668269230769231 0.7764423076923077 0.0673076923076923 0.04326923076923077
0 0.2800480769230769 0.019230769230769232 0.040865384615384616 0.038461538461538464
0 0.1310096153846154 0.09615384615384616 0.09254807692307693 0.08413461538461539
0 0.9411057692307693 0.359375 0.06971153846153846 0.06129807692307692
0 0.10096153846153846 0.4014423076923077 0.0733173076923077 0.0673076923076923
0 0.29086538461538464 0.08413461538461539 0.08173076923076923 0.0625
0 0.8221153846153846 0.29927884615384615 0.05889423076923077 0.06610576923076923
0 0.9759615384615384 0.8509615384615384 0.04567307692307692 0.12139423076923077
0 0.5060096153846154 0.33052884615384615 0.08052884615384616 0.11899038461538461
0 0.6009615384615384 0.7379807692307693 0.06971153846153846 0.054086538461538464
0 0.07451923076923077 0.7259615384615384 0.08653846153846154 0.07211538461538461
0 0.8052884615384616 0.41225961538461536 0.11177884615384616 0.0625
0 0.5600961538461539 0.65625 0.109375 0.09735576923076923
0 0.515625 0.09495192307692307 0.06129807692307692 0.055288461538461536
0 0.21875 0.9495192307692307 0.09975961538461539 0.06971153846153846
0 0.6875 0.2536057692307692 0.06490384615384616 0.06009615384615385
0 0.09375 0.43149038461538464 0.08052884615384616 0.07091346153846154
0 0.9507211538461539 0.6862980769230769 0.038461538461538464 0.046875
0 0.5985576923076923 0.49038461538461536 0.06971153846153846 0.10216346153846154
0 0.03125 0.037259615384615384 0.0625 0.05889423076923077
0 0.9507211538461539 0.6322115384615384 0.057692307692307696 0.05889423076923077
0 0.37259615384615385 0.9795673076923077 0.10096153846153846 0.038461538461538464
0 0.08653846153846154 0.6141826923076923 0.06129807692307692 0.04447115384615385
0 0.7860576923076923 0.03365384615384615 0.06490384615384616 0.06610576923076923
0 0.6862980769230769 0.042067307692307696 0.07572115384615384 0.07211538461538461
0 0.12259615384615384 0.6814903846153846 0.08413461538461539 0.055288461538461536
0 0.5504807692307693 0.5889423076923077 0.11177884615384616 0.10216346153846154