0 0.8581730769230769 0.40865384615384615 0.037259615384615384 0.078125
0 0.3076923076923077 0.5276442307692307 0.0673076923076923 0.07211538461538461
0 0.12139423076923077 0.37740384615384615 0.09254807692307693 0.10817307692307693
0 0.31490384615384615 0.6574519230769231 0.05889423076923077 0.18509615384615385
0 0.5204326923076923 0.11658653846153846 0.039663461538461536 0.06370192307692307
0 0.25841346153846156 0.6634615384615384 0.06971153846153846 0.0625
0 0.96875 0.8125 0.06009615384615385 0.05889423076923077
0 0.5673076923076923 0.6646634615384616 0.057692307692307696 0.06971153846153846
0 0.30408653846153844 0.056490384615384616 0.06129807692307692 0.042067307692307696
0 0.359375 0.8966346153846154 0.12740384615384615 0.07211538461538461
0 0.11057692307692307 0.44471153846153844 0.0889423076923077 0.038461538461538464
0 0.6814903846153846 0.9711538461538461 0.06009615384615385 0.056490384615384616
0 0.0985576923076923 0.6382211538461539 0.09134615384615384 0.03365384615384615
0 0.8677884615384616 0.1622596153846154 0.08052884615384616 0.04326923076923077
0 0.9302884615384616 0.04927884615384615 0.04927884615384615 0.06009615384615385
0 0.1201923076923077 0.7740384615384616 0.08653846153846154 0.039663461538461536
0 0.7584134615384616 0.13822115384615385 0.03365384615384615 0.0673076923076923
0 0.4170673076923077 0.25 0.06009615384615385 0.04447115384615385
0 0.28125 0.3293269230769231 0.055288461538461536 0.057692307692307696
0 0.24519230769230768 0.7427884615384616 0.04807692307692308 0.09615384615384616
0 0.4795673076923077 0.038461538461538464 0.028846153846153848 0.0733173076923077
0 0.6189903846153846 0.04326923076923077 0.040865384615384616 0.08653846153846154
0 0.8161057692307693 0.030048076923076924 0.11778846153846154 0.06009615384615385
0 0.5204326923076923 0.7127403846153846 0.07932692307692307 0.0625
0 0.7560096153846154 0.4735576923076923 0.07091346153846154 0.04326923076923077
0 0.10216346153846154 0.18028846153846154 0.09735576923076923 0.06490384615384616
0 0.2536057692307692 0.5913461538461539 0.07572115384615384 0.05048076923076923
0 0.9795673076923077 0.6694711538461539 0.038461538461538464 0.11057692307692307
0 0.07091346153846154 0.38822115384615385 0.05048076923076923 0.06850961538461539
0 0.8269230769230769 0.06009615384615385 0.05048076923076923 0.07091346153846154
0 0.026442307692307692 0.18389423076923078 0.051682692307692304 0.09615384615384616
0 0.7896634615384616 0.859375 0.06850961538461539 0.09014423076923077
0 0.6947115384615384 0.6875 0.10336538461538461 0.042067307692307696
0 0.35336538461538464 0.06370192307692307 0.09975961538461539 0.125
0 0.8064903846153846 0.9639423076923077 0.09735576923076923 0.06610576923076923
0 0.9519230769230769 0.5012019230769231 0.05048076923076923 0.07451923076923077
0 0.40865384615384615 0.6322115384615384 0.1502403846153846 0.056490384615384616
0 0.06009615384615385 0.6911057692307693 0.11899038461538461 0.055288461538461536
0 0.8882211538461539 0.36778846153846156 0.09375 0.0985576923076923
0 0.5925480769230769 0.31009615384615385 0.06610576923076923 0.12139423076923077
0 0.2439903846153846 0.234375 0.09375 0.04807692307692308
0 0.7608173076923077 0.36177884615384615 0.028846153846153848 0.08173076923076923
0 0.7884615384615384 0.8653846153846154 0.14423076923076922 0.05048076923076923
0 0.296875 0.21875 0.09615384615384616 0.06009615384615385
0 0.8016826923076923 0.28125 0.0625 0.08413461538461539
0 0.6454326923076923 0.3161057692307692 0.09134615384615384 0.0733173076923077
0 0.6802884615384616 0.19110576923076922 0.14423076923076922 0.07451923076923077
0 0.265625 0.90625 0.06370192307692307 0.17427884615384615
0 0.16346153846153846 0.8257211538461539 0.10096153846153846 0.046875
0 0.8689903846153846 0.29447115384615385 0.07211538461538461 0.038461538461538464
0 0.59375 0.07572115384615384 0.11899038461538461 0.03485576923076923
0 0.5516826923076923 0.7175480769230769 0.0625 0.03365384615384615
0 0.29927884615384615 0.17668269230769232 0.07572115384615384 0.028846153846153848
0 0.3076923076923077 0.6598557692307693 0.1141826923076923 0.12139423076923077
0 0.7836538461538461 0.5588942307692307 0.04447115384615385 0.06490384615384616
0 0.18870192307692307 0.4987980769230769 0.08533653846153846 0.040865384615384616
0 0.0985576923076923 0.9831730769230769 0.10096153846153846 0.03125
0 0.8197115384615384 0.3389423076923077 0.07572115384615384 0.08533653846153846
0 0.31971153846153844 0.9795673076923077 0.11057692307692307 0.038461538461538464
0 0.03125 0.5588942307692307 0.0625 0.06850961538461539
0 0.4831730769230769 0.3737980769230769 0.13822115384615385 0.06009615384615385