0 0.140625 0.0673076923076923 0.15264423076923078 0.13341346153846154
0 0.19951923076923078 0.014423076923076924 0.0625 0.028846153846153848
0 0.013221153846153846 0.13221153846153846 0.025240384615384616 0.056490384615384616
0 0.016826923076923076 0.22355769230769232 0.03365384615384615 0.04807692307692308
0 0.13221153846153846 0.41947115384615385 0.20072115384615385 0.22115384615384615
0 0.08052884615384616 0.42427884615384615 0.15985576923076922 0.12620192307692307
0 0.3161057692307692 0.5492788461538461 0.21153846153846154 0.20793269230769232
0 0.5060096153846154 0.5504807692307693 0.1346153846153846 0.3125
0 0.08653846153846154 0.48677884615384615 0.17307692307692307 0.16947115384615385
0 0.6850961538461539 0.5180288461538461 0.25240384615384615 0.09615384615384616
0 0.14182692307692307 0.5757211538461539 0.28365384615384615 0.16105769230769232
0 0.12379807692307693 0.6370192307692307 0.24759615384615385 0.11298076923076923
0 0.03365384615384615 0.6850961538461539 0.0673076923076923 0.0625
0 0.15384615384615385 0.7956730769230769 0.2824519230769231 0.06610576923076923
0 0.08653846153846154 0.9290865384615384 0.17307692307692307 0.13942307692307693
0 0.21995192307692307 0.9771634615384616 0.109375 0.04447115384615385
0 0.5072115384615384 0.18870192307692307 0.22596153846153846 0.1814903846153846
0 0.6778846153846154 0.10576923076923077 0.2776442307692308 0.06971153846153846
0 0.6274038461538461 0.20192307692307693 0.24759615384615385 0.15865384615384615
0 0.46634615384615385 0.042067307692307696 0.17307692307692307 0.0829326923076923
0 0.90625 0.046875 0.18509615384615385 0.051682692307692304
0 0.9411057692307693 0.07572115384615384 0.11538461538461539 0.040865384615384616
0 0.9447115384615384 0.33052884615384615 0.10697115384615384 0.05889423076923077
0 0.9903846153846154 0.7536057692307693 0.018028846153846152 0.125
0 0.8762019230769231 0.8076923076923077 0.07572115384615384 0.38221153846153844
0 0.8798076923076923 0.7872596153846154 0.1622596153846154 0.26322115384615385
0 0.7487980769230769 0.8509615384615384 0.1141826923076923 0.2548076923076923
0 0.7223557692307693 0.7740384615384616 0.09375 0.1622596153846154
0 0.6778846153846154 0.8641826923076923 0.19230769230769232 0.2704326923076923
0 0.921875 0.9699519230769231 0.15504807692307693 0.057692307692307696
0 0.6057692307692307 0.9206730769230769 0.09375 0.15384615384615385
0 0.5360576923076923 0.9158653846153846 0.19591346153846154 0.16706730769230768
0 0.46153846153846156 0.9555288461538461 0.06971153846153846 0.08774038461538461
0 0.3605769230769231 0.8449519230769231 0.26322115384615385 0.3076923076923077
0 0.3894230769230769 0.9495192307692307 0.04807692307692308 0.09975961538461539
0 0.5216346153846154 0.78125 0.16346153846153846 0.36778846153846156
0 0.49278846153846156 0.7475961538461539 0.055288461538461536 0.10336538461538461
0 0.4987980769230769 0.7932692307692307 0.07932692307692307 0.15384615384615385