0 0.7055288461538461 0.421875 0.09014423076923077 0.06009615384615385
0 0.9747596153846154 0.09254807692307693 0.03365384615384615 0.02403846153846154
0 0.6430288461538461 0.8641826923076923 0.07451923076923077 0.037259615384615384
0 0.19591346153846154 0.8798076923076923 0.04807692307692308 0.028846153846153848
0 0.5997596153846154 0.11177884615384616 0.05889423076923077 0.021634615384615384
0 0.019230769230769232 0.3329326923076923 0.038461538461538464 0.026442307692307692
0 0.5300480769230769 0.5997596153846154 0.04326923076923077 0.040865384615384616
0 0.3329326923076923 0.8016826923076923 0.055288461538461536 0.026442307692307692
0 0.9050480769230769 0.6610576923076923 0.027644230769230768 0.09615384615384616
0 0.9002403846153846 0.5757211538461539 0.03125 0.036057692307692304
0 0.26322115384615385 0.8173076923076923 0.04927884615384615 0.042067307692307696
0 0.4963942307692308 0.4951923076923077 0.09495192307692307 0.06009615384615385
0 0.9483173076923077 0.18509615384615385 0.04326923076923077 0.03125
0 0.09375 0.9170673076923077 0.08052884615384616 0.042067307692307696
0 0.7716346153846154 0.9615384615384616 0.03125 0.07572115384615384
0 0.40625 0.9110576923076923 0.04447115384615385 0.037259615384615384
0 0.40625 0.8076923076923077 0.038461538461538464 0.04326923076923077
0 0.4891826923076923 0.10817307692307693 0.06490384615384616 0.055288461538461536
0 0.23918269230769232 0.9699519230769231 0.09375 0.054086538461538464
0 0.7487980769230769 0.016826923076923076 0.04927884615384615 0.03365384615384615
0 0.046875 0.5348557692307693 0.09014423076923077 0.037259615384615384
0 0.6177884615384616 0.0625 0.037259615384615384 0.02283653846153846
0 0.3112980769230769 0.015625 0.039663461538461536 0.030048076923076924
0 0.17668269230769232 0.30288461538461536 0.08173076923076923 0.04567307692307692
0 0.41586538461538464 0.49038461538461536 0.10697115384615384 0.039663461538461536
0 0.6862980769230769 0.546875 0.03125 0.039663461538461536
0 0.0889423076923077 0.8413461538461539 0.057692307692307696 0.03365384615384615
0 0.4579326923076923 0.46875 0.057692307692307696 0.04447115384615385
0 0.9158653846153846 0.01201923076923077 0.06850961538461539 0.02403846153846154
0 0.27524038461538464 0.06490384615384616 0.07572115384615384 0.037259615384615384
0 0.5036057692307693 0.9831730769230769 0.055288461538461536 0.03125
0 0.5048076923076923 0.016826923076923076 0.028846153846153848 0.03365384615384615
0 0.8665865384615384 0.3473557692307692 0.025240384615384616 0.03245192307692308
0 0.4170673076923077 0.2091346153846154 0.03365384615384615 0.025240384615384616
0 0.3798076923076923 0.3485576923076923 0.0733173076923077 0.038461538461538464
0 0.5997596153846154 0.38100961538461536 0.026442307692307692 0.028846153846153848
0 0.29927884615384615 0.3954326923076923 0.040865384615384616 0.02403846153846154
0 0.13822115384615385 0.4807692307692308 0.09014423076923077 0.09375
0 0.796875 0.12740384615384615 0.037259615384615384 0.0625
0 0.6057692307692307 0.12860576923076922 0.06971153846153846 0.020432692307692308
0 0.10216346153846154 0.26322115384615385 0.10096153846153846 0.03365384615384615
0 0.36538461538461536 0.39663461538461536 0.0733173076923077 0.03125
0 0.31490384615384615 0.5420673076923077 0.09254807692307693 0.03365384615384615