0 0.1935096153846154 0.11057692307692307 0.125 0.1814903846153846
0 0.7680288461538461 0.019230769230769232 0.09134615384615384 0.036057692307692304
0 0.3173076923076923 0.9338942307692307 0.10817307692307693 0.1310096153846154
0 0.78125 0.9639423076923077 0.09495192307692307 0.0673076923076923
0 0.4795673076923077 0.4519230769230769 0.08052884615384616 0.15745192307692307
0 0.38822115384615385 0.3125 0.12740384615384615 0.21033653846153846
0 0.3016826923076923 0.5745192307692307 0.21394230769230768 0.1310096153846154
0 0.5444711538461539 0.15384615384615385 0.27884615384615385 0.12620192307692307
0 0.7403846153846154 0.12379807692307693 0.2848557692307692 0.24759615384615385
0 0.20432692307692307 0.25961538461538464 0.11538461538461539 0.15985576923076922
0 0.7776442307692307 0.5564903846153846 0.1971153846153846 0.14302884615384615
0 0.9603365384615384 0.4723557692307692 0.07692307692307693 0.14543269230769232
0 0.9074519230769231 0.2704326923076923 0.14783653846153846 0.13341346153846154
0 0.6454326923076923 0.8725961538461539 0.15985576923076922 0.109375
0 0.5168269230769231 0.6454326923076923 0.11298076923076923 0.3016826923076923
0 0.5961538461538461 0.5372596153846154 0.09134615384615384 0.1935096153846154
0 0.8978365384615384 0.9038461538461539 0.16346153846153846 0.1201923076923077
0 0.09615384615384616 0.6598557692307693 0.10336538461538461 0.12259615384615384
0 0.5288461538461539 0.0733173076923077 0.07211538461538461 0.1466346153846154
0 0.9122596153846154 0.8088942307692307 0.17307692307692307 0.11177884615384616
0 0.35216346153846156 0.8942307692307693 0.22596153846153846 0.16466346153846154
0 0.030048076923076924 0.08052884615384616 0.06009615384615385 0.14903846153846154
0 0.38341346153846156 0.6754807692307693 0.3004807692307692 0.08413461538461539
0 0.9002403846153846 0.6875 0.14423076923076922 0.24879807692307693
0 0.04567307692307692 0.1310096153846154 0.09134615384615384 0.20072115384615385
0 0.1814903846153846 0.0733173076923077 0.08052884615384616 0.14543269230769232
0 0.016826923076923076 0.4795673076923077 0.03365384615384615 0.07692307692307693