0 0.9230769230769231 0.07211538461538461 0.07692307692307693 0.14423076923076922
0 0.984375 0.25721153846153844 0.028846153846153848 0.055288461538461536
0 0.8701923076923077 0.3713942307692308 0.03365384615384615 0.1814903846153846
0 0.5276442307692307 0.3076923076923077 0.13221153846153846 0.03485576923076923
0 0.5384615384615384 0.33774038461538464 0.21634615384615385 0.06490384615384616
0 0.4519230769230769 0.3954326923076923 0.11057692307692307 0.028846153846153848
0 0.859375 0.021634615384615384 0.06009615384615385 0.04326923076923077
0 0.7307692307692307 0.013221153846153846 0.057692307692307696 0.025240384615384616
0 0.7884615384615384 0.018028846153846152 0.03365384615384615 0.027644230769230768
0 0.39302884615384615 0.32572115384615385 0.2247596153846154 0.23197115384615385
0 0.5420673076923077 0.0985576923076923 0.0733173076923077 0.03365384615384615
0 0.056490384615384616 0.109375 0.11298076923076923 0.04567307692307692
0 0.19831730769230768 0.07692307692307693 0.030048076923076924 0.046875
0 0.21995192307692307 0.03125 0.06850961538461539 0.036057692307692304
0 0.49278846153846156 0.030048076923076924 0.12980769230769232 0.06009615384615385
0 0.34975961538461536 0.037259615384615384 0.042067307692307696 0.038461538461538464
0 0.40024038461538464 0.008413461538461538 0.06971153846153846 0.016826923076923076
0 0.29927884615384615 0.05889423076923077 0.09615384615384616 0.11778846153846154
0 0.2644230769230769 0.15264423076923078 0.19230769230769232 0.14903846153846154
0 0.14423076923076922 0.24879807692307693 0.057692307692307696 0.10817307692307693
0 0.05889423076923077 0.20552884615384615 0.11778846153846154 0.09254807692307693
0 0.036057692307692304 0.29447115384615385 0.07091346153846154 0.0829326923076923
0 0.03365384615384615 0.3629807692307692 0.06490384615384616 0.046875
0 0.15985576923076922 0.4230769230769231 0.08774038461538461 0.04447115384615385
0 0.46634615384615385 0.5084134615384616 0.13822115384615385 0.1875
0 0.6826923076923077 0.47716346153846156 0.12620192307692307 0.17307692307692307
0 0.6766826923076923 0.4795673076923077 0.030048076923076924 0.12139423076923077
0 0.9663461538461539 0.47115384615384615 0.06490384615384616 0.23798076923076922
0 0.8725961538461539 0.6382211538461539 0.16105769230769232 0.038461538461538464
0 0.8978365384615384 0.7103365384615384 0.16346153846153846 0.09014423076923077
0 0.6923076923076923 0.7259615384615384 0.06009615384615385 0.10336538461538461
0 0.6538461538461539 0.6862980769230769 0.03365384615384615 0.11298076923076923
0 0.328125 0.7211538461538461 0.04927884615384615 0.042067307692307696
0 0.6742788461538461 0.8641826923076923 0.08653846153846154 0.0625
0 0.4206730769230769 0.8197115384615384 0.06370192307692307 0.15264423076923078
0 0.5096153846153846 0.921875 0.06850961538461539 0.11057692307692307
0 0.20552884615384615 0.6322115384615384 0.019230769230769232 0.040865384615384616
0 0.02283653846153846 0.7007211538461539 0.04567307692307692 0.12740384615384615
0 0.030048076923076924 0.7884615384615384 0.06009615384615385 0.14903846153846154
0 0.21634615384615385 0.7860576923076923 0.055288461538461536 0.19591346153846154
0 0.109375 0.8004807692307693 0.06490384615384616 0.20192307692307693
0 0.15745192307692307 0.984375 0.08052884615384616 0.028846153846153848
0 0.41346153846153844 0.9302884615384616 0.04326923076923077 0.03245192307692308
0 0.4519230769230769 0.9314903846153846 0.03365384615384615 0.06129807692307692
0 0.296875 0.42788461538461536 0.10096153846153846 0.051682692307692304
0 0.9855769230769231 0.5048076923076923 0.027644230769230768 0.18269230769230768
0 0.6526442307692307 0.7752403846153846 0.03365384615384615 0.07572115384615384
0 0.5829326923076923 0.3425480769230769 0.1814903846153846 0.04567307692307692
0 0.6213942307692307 0.8569711538461539 0.0625 0.030048076923076924
0 0.8149038461538461 0.35697115384615385 0.08052884615384616 0.037259615384615384
0 0.8966346153846154 0.3713942307692308 0.08052884615384616 0.03485576923076923