0 0.9747596153846154 0.6021634615384616 0.04807692307692308 0.09014423076923077
0 0.27884615384615385 0.890625 0.09375 0.12379807692307693
0 0.890625 0.46875 0.06971153846153846 0.13341346153846154
0 0.453125 0.10096153846153846 0.11658653846153846 0.056490384615384616
0 0.6887019230769231 0.9519230769230769 0.07932692307692307 0.06129807692307692
0 0.12379807692307693 0.39783653846153844 0.08173076923076923 0.2127403846153846
0 0.30288461538461536 0.7860576923076923 0.13942307692307693 0.11778846153846154
0 0.8305288461538461 0.09975961538461539 0.11899038461538461 0.040865384615384616
0 0.7367788461538461 0.5252403846153846 0.17427884615384615 0.18509615384615385
0 0.9711538461538461 0.8052884615384616 0.055288461538461536 0.1622596153846154
0 0.17307692307692307 0.9375 0.05889423076923077 0.07572115384615384
0 0.11778846153846154 0.8100961538461539 0.1201923076923077 0.07572115384615384
0 0.36899038461538464 0.4951923076923077 0.0829326923076923 0.10096153846153846
0 0.8305288461538461 0.7992788461538461 0.07572115384615384 0.057692307692307696
0 0.9579326923076923 0.7163461538461539 0.08173076923076923 0.06490384615384616
0 0.546875 0.9855769230769231 0.17908653846153846 0.026442307692307692
0 0.9158653846153846 0.5769230769230769 0.16706730769230768 0.19110576923076922
0 0.8112980769230769 0.9134615384615384 0.06971153846153846 0.14783653846153846
0 0.9038461538461539 0.4987980769230769 0.0673076923076923 0.10576923076923077
0 0.03365384615384615 0.8125 0.06490384615384616 0.08533653846153846
0 0.6754807692307693 0.296875 0.09014423076923077 0.04326923076923077
0 0.5408653846153846 0.09735576923076923 0.0733173076923077 0.056490384615384616
0 0.8064903846153846 0.2548076923076923 0.12259615384615384 0.20192307692307693
0 0.08173076923076923 0.7331730769230769 0.06850961538461539 0.10817307692307693
0 0.25961538461538464 0.4483173076923077 0.08653846153846154 0.12740384615384615
0 0.546875 0.8545673076923077 0.051682692307692304 0.052884615384615384
0 0.4014423076923077 0.9579326923076923 0.15504807692307693 0.0829326923076923
0 0.24759615384615385 0.6923076923076923 0.05048076923076923 0.07211538461538461
0 0.4206730769230769 0.28966346153846156 0.125 0.14302884615384615
0 0.7560096153846154 0.3954326923076923 0.10216346153846154 0.19591346153846154
0 0.17908653846153846 0.09134615384615384 0.08653846153846154 0.1814903846153846
0 0.6875 0.04567307692307692 0.20192307692307693 0.09134615384615384
0 0.2932692307692308 0.7211538461538461 0.06971153846153846 0.06370192307692307
0 0.7524038461538461 0.6274038461538461 0.0625 0.15865384615384615
0 0.5348557692307693 0.5072115384615384 0.06610576923076923 0.04927884615384615
0 0.8112980769230769 0.421875 0.0829326923076923 0.10697115384615384
0 0.6189903846153846 0.12980769230769232 0.08173076923076923 0.055288461538461536
0 0.02283653846153846 0.1502403846153846 0.040865384615384616 0.12860576923076922
0 0.671875 0.171875 0.14903846153846154 0.1045673076923077
0 0.29447115384615385 0.9555288461538461 0.06490384615384616 0.08653846153846154
0 0.046875 0.15384615384615385 0.039663461538461536 0.09254807692307693
0 0.9423076923076923 0.9471153846153846 0.11177884615384616 0.1045673076923077
0 0.05048076923076923 0.4338942307692308 0.10096153846153846 0.06971153846153846
0 0.7848557692307693 0.6418269230769231 0.09014423076923077 0.09495192307692307
0 0.3557692307692308 0.5769230769230769 0.15264423076923078 0.09134615384615384
0 0.15985576923076922 0.9819711538461539 0.15384615384615385 0.03485576923076923
0 0.9086538461538461 0.32211538461538464 0.11778846153846154 0.16346153846153846
0 0.4543269230769231 0.49759615384615385 0.09495192307692307 0.12139423076923077
0 0.6670673076923077 0.49038461538461536 0.11057692307692307 0.1502403846153846
0 0.65625 0.453125 0.037259615384615384 0.06850961538461539
0 0.23197115384615385 0.24158653846153846 0.11538461538461539 0.14302884615384615