0 0.3016826923076923 0.5865384615384616 0.07091346153846154 0.06490384615384616
0 0.4110576923076923 0.7151442307692307 0.06370192307692307 0.07932692307692307
0 0.7572115384615384 0.6742788461538461 0.09735576923076923 0.1310096153846154
0 0.11778846153846154 0.7463942307692307 0.08052884615384616 0.0889423076923077
0 0.5432692307692307 0.7307692307692307 0.14423076923076922 0.15144230769230768
0 0.8774038461538461 0.0829326923076923 0.10096153846153846 0.11177884615384616
0 0.05889423076923077 0.6117788461538461 0.11778846153846154 0.08413461538461539
0 0.12740384615384615 0.23197115384615385 0.1622596153846154 0.12740384615384615
0 0.09615384615384616 0.028846153846153848 0.07091346153846154 0.055288461538461536
0 0.09975961538461539 0.18870192307692307 0.07451923076923077 0.06610576923076923
0 0.5480769230769231 0.056490384615384616 0.15504807692307693 0.07932692307692307
0 0.5877403846153846 0.8930288461538461 0.15504807692307693 0.13341346153846154
0 0.6862980769230769 0.7271634615384616 0.06850961538461539 0.09134615384615384
0 0.18990384615384615 0.6069711538461539 0.09735576923076923 0.09735576923076923
0 0.4074519230769231 0.44591346153846156 0.06490384615384616 0.078125
0 0.20432692307692307 0.8365384615384616 0.09254807692307693 0.16346153846153846
0 0.9759615384615384 0.5084134615384616 0.046875 0.09495192307692307
0 0.53125 0.31490384615384615 0.13942307692307693 0.06850961538461539
0 0.4675480769230769 0.5997596153846154 0.14302884615384615 0.06971153846153846
0 0.5733173076923077 0.35697115384615385 0.08653846153846154 0.08052884615384616
0 0.15504807692307693 0.09615384615384616 0.09375 0.08533653846153846
0 0.9435096153846154 0.9314903846153846 0.0985576923076923 0.1346153846153846
0 0.7884615384615384 0.5324519230769231 0.11057692307692307 0.11658653846153846
0 0.13341346153846154 0.47115384615384615 0.06129807692307692 0.09134615384615384
0 0.040865384615384616 0.08052884615384616 0.08173076923076923 0.05048076923076923
0 0.4795673076923077 0.13221153846153846 0.07692307692307693 0.07692307692307693
0 0.2824519230769231 0.23677884615384615 0.16105769230769232 0.14783653846153846
0 0.5048076923076923 0.49278846153846156 0.06971153846153846 0.06009615384615385
0 0.24759615384615385 0.49278846153846156 0.06971153846153846 0.09375
0 0.39783653846153844 0.18509615384615385 0.05889423076923077 0.0733173076923077
0 0.46875 0.22596153846153846 0.04807692307692308 0.11057692307692307
0 0.35336538461538464 0.06610576923076923 0.09134615384615384 0.06610576923076923
0 0.3737980769230769 0.8473557692307693 0.09975961538461539 0.11658653846153846
0 0.24759615384615385 0.7536057692307693 0.07932692307692307 0.10096153846153846
0 0.31009615384615385 0.12139423076923077 0.08052884615384616 0.06490384615384616