0 0.6310096153846154 0.13942307692307693 0.2127403846153846 0.18509615384615385
0 0.7427884615384616 0.6021634615384616 0.09975961538461539 0.09495192307692307
0 0.15504807692307693 0.8329326923076923 0.09615384615384616 0.11538461538461539
0 0.9771634615384616 0.054086538461538464 0.04326923076923077 0.10817307692307693
0 0.4891826923076923 0.04927884615384615 0.12980769230769232 0.06971153846153846
0 0.23677884615384615 0.30649038461538464 0.10697115384615384 0.14903846153846154
0 0.8581730769230769 0.4483173076923077 0.078125 0.13221153846153846
0 0.9182692307692307 0.7475961538461539 0.1045673076923077 0.0625
0 0.09134615384615384 0.20192307692307693 0.08052884615384616 0.06009615384615385
0 0.6947115384615384 0.6862980769230769 0.18509615384615385 0.07692307692307693
0 0.4170673076923077 0.6586538461538461 0.09615384615384616 0.07211538461538461
0 0.6358173076923077 0.40865384615384615 0.203125 0.09014423076923077
0 0.02283653846153846 0.4254807692307692 0.04567307692307692 0.056490384615384616
0 0.8665865384615384 0.9447115384615384 0.10336538461538461 0.10697115384615384
0 0.8545673076923077 0.5877403846153846 0.09014423076923077 0.14302884615384615
0 0.11177884615384616 0.21394230769230768 0.1346153846153846 0.08533653846153846
0 0.06610576923076923 0.8786057692307693 0.13221153846153846 0.12740384615384615
0 0.5817307692307693 0.32211538461538464 0.109375 0.20552884615384615
0 0.7920673076923077 0.02283653846153846 0.13822115384615385 0.04447115384615385
0 0.390625 0.41586538461538464 0.1622596153846154 0.12259615384615384
0 0.8461538461538461 0.3545673076923077 0.22235576923076922 0.08533653846153846
0 0.7980769230769231 0.4543269230769231 0.09254807692307693 0.16466346153846154
0 0.6730769230769231 0.2608173076923077 0.0625 0.078125
0 0.07932692307692307 0.8617788461538461 0.10336538461538461 0.11298076923076923
0 0.19471153846153846 0.53125 0.052884615384615384 0.052884615384615384
0 0.9182692307692307 0.13221153846153846 0.11778846153846154 0.1502403846153846
0 0.90625 0.22115384615384615 0.04807692307692308 0.07572115384615384
0 0.7307692307692307 0.2980769230769231 0.11177884615384616 0.07692307692307693
0 0.96875 0.5793269230769231 0.06009615384615385 0.10336538461538461
0 0.21153846153846154 0.04927884615384615 0.04807692307692308 0.09014423076923077
0 0.4423076923076923 0.6105769230769231 0.09495192307692307 0.0733173076923077
0 0.04326923076923077 0.3329326923076923 0.08653846153846154 0.11057692307692307
0 0.7115384615384616 0.8798076923076923 0.14423076923076922 0.18990384615384615
0 0.1310096153846154 0.04567307692307692 0.1658653846153846 0.09134615384615384
0 0.0985576923076923 0.31009615384615385 0.12740384615384615 0.1310096153846154
0 0.625 0.6201923076923077 0.06009615384615385 0.08653846153846154
0 0.31850961538461536 0.47836538461538464 0.04447115384615385 0.06971153846153846
0 0.734375 0.35336538461538464 0.09495192307692307 0.08173076923076923
0 0.7848557692307693 0.796875 0.10096153846153846 0.06490384615384616
0 0.6598557692307693 0.9411057692307693 0.0625 0.09375
0 0.06370192307692307 0.9699519230769231 0.12740384615384615 0.055288461538461536
0 0.8052884615384616 0.5444711538461539 0.0625 0.06971153846153846
0 0.49278846153846156 0.9639423076923077 0.09615384615384616 0.06971153846153846
0 0.3016826923076923 0.5288461538461539 0.12980769230769232 0.11778846153846154
0 0.19591346153846154 0.0829326923076923 0.16826923076923078 0.13822115384615385
0 0.9290865384615384 0.9483173076923077 0.039663461538461536 0.057692307692307696
0 0.5084134615384616 0.5264423076923077 0.10096153846153846 0.06009615384615385