0 0.10576923076923077 0.484375 0.08413461538461539 0.04927884615384615
0 0.19110576923076922 0.16706730769230768 0.07091346153846154 0.0985576923076923
0 0.16346153846153846 0.29927884615384615 0.0889423076923077 0.06490384615384616
0 0.9158653846153846 0.6105769230769231 0.046875 0.028846153846153848
0 0.5913461538461539 0.9759615384615384 0.0985576923076923 0.04567307692307692
0 0.09134615384615384 0.5096153846153846 0.09615384615384616 0.05048076923076923
0 0.8918269230769231 0.8617788461538461 0.15264423076923078 0.057692307692307696
0 0.08413461538461539 0.5420673076923077 0.14903846153846154 0.06370192307692307
0 0.53125 0.36658653846153844 0.07932692307692307 0.09615384615384616
0 0.5528846153846154 0.16105769230769232 0.1346153846153846 0.07572115384615384
0 0.6322115384615384 0.5661057692307693 0.10697115384615384 0.04927884615384615
0 0.7127403846153846 0.2848557692307692 0.08653846153846154 0.052884615384615384
0 0.019230769230769232 0.4170673076923077 0.038461538461538464 0.04326923076923077
0 0.8353365384615384 0.13942307692307693 0.08653846153846154 0.04567307692307692
0 0.31971153846153844 0.8810096153846154 0.06370192307692307 0.026442307692307692
0 0.6947115384615384 0.49278846153846156 0.078125 0.07572115384615384
0 0.028846153846153848 0.7704326923076923 0.055288461538461536 0.028846153846153848
0 0.7932692307692307 0.8942307692307693 0.0889423076923077 0.04567307692307692
0 0.7019230769230769 0.5961538461538461 0.06129807692307692 0.04326923076923077
0 0.49399038461538464 0.4879807692307692 0.12259615384615384 0.09495192307692307
0 0.21875 0.5048076923076923 0.07091346153846154 0.04927884615384615
0 0.9483173076923077 0.1814903846153846 0.07692307692307693 0.0625
0 0.5396634615384616 0.8762019230769231 0.1201923076923077 0.06610576923076923
0 0.22355769230769232 0.8774038461538461 0.09615384615384616 0.04927884615384615
0 0.9471153846153846 0.23557692307692307 0.055288461538461536 0.06490384615384616
0 0.6790865384615384 0.078125 0.07572115384615384 0.0673076923076923
0 0.4963942307692308 0.45072115384615385 0.109375 0.037259615384615384
0 0.09375 0.6875 0.06009615384615385 0.08052884615384616
0 0.6658653846153846 0.5252403846153846 0.08173076923076923 0.040865384615384616
0 0.6382211538461539 0.8112980769230769 0.06971153846153846 0.054086538461538464
0 0.28846153846153844 0.7836538461538461 0.10096153846153846 0.046875
0 0.35697115384615385 0.07572115384615384 0.12259615384615384 0.08413461538461539
0 0.203125 0.9122596153846154 0.057692307692307696 0.030048076923076924
0 0.29086538461538464 0.109375 0.10817307692307693 0.09134615384615384
0 0.48677884615384615 0.6189903846153846 0.07211538461538461 0.036057692307692304
0 0.30408653846153844 0.49278846153846156 0.046875 0.037259615384615384
0 0.9290865384615384 0.8353365384615384 0.06129807692307692 0.03125
0 0.1141826923076923 0.30288461538461536 0.09134615384615384 0.042067307692307696
0 0.22716346153846154 0.23677884615384615 0.04447115384615385 0.055288461538461536
0 0.28365384615384615 0.04447115384615385 0.06971153846153846 0.08653846153846154
0 0.3016826923076923 0.59375 0.040865384615384616 0.054086538461538464
0 0.078125 0.09735576923076923 0.10697115384615384 0.0733173076923077
0 0.33774038461538464 0.8617788461538461 0.06009615384615385 0.03125
0 0.5913461538461539 0.26322115384615385 0.046875 0.03245192307692308
0 0.2247596153846154 0.4579326923076923 0.17427884615384615 0.054086538461538464
0 0.953125 0.5216346153846154 0.055288461538461536 0.03365384615384615
0 0.140625 0.1875 0.06490384615384616 0.051682692307692304
0 0.3798076923076923 0.3076923076923077 0.08413461538461539 0.05048076923076923
0 0.9110576923076923 0.1045673076923077 0.06971153846153846 0.05889423076923077
0 0.6526442307692307 0.6057692307692307 0.08653846153846154 0.051682692307692304
0 0.4110576923076923 0.8701923076923077 0.09134615384615384 0.04927884615384615
0 0.6911057692307693 0.14543269230769232 0.08173076923076923 0.06370192307692307
0 0.375 0.4795673076923077 0.0673076923076923 0.04447115384615385
0 0.17668269230769232 0.4050480769230769 0.10817307692307693 0.04567307692307692
0 0.021634615384615384 0.7944711538461539 0.04326923076923077 0.055288461538461536
0 0.5480769230769231 0.9242788461538461 0.0625 0.08774038461538461
0 0.078125 0.8497596153846154 0.06370192307692307 0.04567307692307692
0 0.25240384615384615 0.8173076923076923 0.08653846153846154 0.030048076923076924
0 0.3954326923076923 0.7920673076923077 0.08052884615384616 0.039663461538461536
0 0.26802884615384615 0.140625 0.12259615384615384 0.06370192307692307
0 0.8004807692307693 0.7824519230769231 0.05048076923076923 0.04326923076923077