0 0.109375 0.6730769230769231 0.11899038461538461 0.06009615384615385
0 0.18509615384615385 0.47475961538461536 0.1502403846153846 0.05048076923076923
0 0.027644230769230768 0.26802884615384615 0.055288461538461536 0.11538461538461539
0 0.8930288461538461 0.14903846153846154 0.1875 0.18028846153846154
0 0.41466346153846156 0.9579326923076923 0.16466346153846154 0.07211538461538461
0 0.20072115384615385 0.5264423076923077 0.16706730769230768 0.0829326923076923
0 0.2548076923076923 0.5336538461538461 0.057692307692307696 0.09014423076923077
0 0.8942307692307693 0.5997596153846154 0.140625 0.05048076923076923
0 0.8798076923076923 0.7379807692307693 0.18509615384615385 0.07572115384615384
0 0.49278846153846156 0.5108173076923077 0.09134615384615384 0.06850961538461539
0 0.3233173076923077 0.037259615384615384 0.056490384615384616 0.06971153846153846
0 0.43028846153846156 0.8918269230769231 0.1502403846153846 0.06490384615384616
0 0.6358173076923077 0.2980769230769231 0.13701923076923078 0.0673076923076923
0 0.8076923076923077 0.44471153846153844 0.13822115384615385 0.09495192307692307
0 0.34375 0.7211538461538461 0.04567307692307692 0.04807692307692308
0 0.09615384615384616 0.3293269230769231 0.09735576923076923 0.14903846153846154
0 0.515625 0.9290865384615384 0.20793269230769232 0.06490384615384616
0 0.0985576923076923 0.5733173076923077 0.14423076923076922 0.14302884615384615
0 0.3641826923076923 0.29086538461538464 0.10216346153846154 0.07692307692307693
0 0.24519230769230768 0.6634615384615384 0.05048076923076923 0.04927884615384615
0 0.9314903846153846 0.17908653846153846 0.1346153846153846 0.06370192307692307
0 0.8076923076923077 0.3485576923076923 0.18990384615384615 0.0829326923076923
0 0.9387019230769231 0.3581730769230769 0.11778846153846154 0.13221153846153846
0 0.32211538461538464 0.15625 0.1201923076923077 0.04807692307692308
0 0.4951923076923077 0.6370192307692307 0.16346153846153846 0.08052884615384616
0 0.38341346153846156 0.8293269230769231 0.12740384615384615 0.09134615384615384
0 0.6322115384615384 0.5036057692307693 0.21514423076923078 0.08653846153846154
0 0.9338942307692307 0.5300480769230769 0.12980769230769232 0.10697115384615384
0 0.9014423076923077 0.28966346153846156 0.18990384615384615 0.0673076923076923
0 0.453125 0.30528846153846156 0.15144230769230768 0.046875
0 0.21875 0.10817307692307693 0.1875 0.09134615384615384
0 0.3581730769230769 0.6141826923076923 0.07211538461538461 0.04927884615384615
0 0.9014423076923077 0.8317307692307693 0.18870192307692307 0.10697115384615384
0 0.7007211538461539 0.6466346153846154 0.10697115384615384 0.06490384615384616
0 0.41947115384615385 0.13581730769230768 0.10697115384615384 0.06610576923076923
0 0.6334134615384616 0.203125 0.09375 0.04567307692307692
0 0.20552884615384615 0.9411057692307693 0.11778846153846154 0.0829326923076923
0 0.8545673076923077 0.8858173076923077 0.12980769230769232 0.056490384615384616
0 0.3329326923076923 0.8149038461538461 0.21754807692307693 0.14302884615384615
0 0.05889423076923077 0.5384615384615384 0.11778846153846154 0.09735576923076923
0 0.31971153846153844 0.47115384615384615 0.08413461538461539 0.038461538461538464
0 0.4014423076923077 0.5865384615384616 0.14543269230769232 0.06971153846153846
0 0.3786057692307692 0.23197115384615385 0.12379807692307693 0.06009615384615385
0 0.5240384615384616 0.33413461538461536 0.15865384615384615 0.0733173076923077
0 0.35216346153846156 0.07692307692307693 0.2608173076923077 0.1502403846153846
0 0.9567307692307693 0.08173076923076923 0.08533653846153846 0.0985576923076923
0 0.9182692307692307 0.8774038461538461 0.15865384615384615 0.12740384615384615
0 0.6069711538461539 0.48677884615384615 0.13581730769230768 0.055288461538461536
0 0.09735576923076923 0.6201923076923077 0.18028846153846154 0.08533653846153846
0 0.8930288461538461 0.4483173076923077 0.18269230769230768 0.21634615384615385
0 0.6225961538461539 0.03485576923076923 0.15264423076923078 0.06490384615384616