0 0.1778846153846154 0.8365384615384616 0.07451923076923077 0.08653846153846154
0 0.054086538461538464 0.3762019230769231 0.06370192307692307 0.038461538461538464
0 0.8774038461538461 0.27524038461538464 0.08052884615384616 0.04927884615384615
0 0.9699519230769231 0.7536057692307693 0.04447115384615385 0.037259615384615384
0 0.14543269230769232 0.17548076923076922 0.04807692307692308 0.10096153846153846
0 0.4735576923076923 0.5733173076923077 0.08774038461538461 0.052884615384615384
0 0.9651442307692307 0.40625 0.06490384615384616 0.10817307692307693
0 0.359375 0.9338942307692307 0.11538461538461539 0.12740384615384615
0 0.10096153846153846 0.07572115384615384 0.03485576923076923 0.03365384615384615
0 0.0733173076923077 0.5204326923076923 0.14423076923076922 0.055288461538461536
0 0.41466346153846156 0.5264423076923077 0.07572115384615384 0.04927884615384615
0 0.9182692307692307 0.19471153846153846 0.05048076923076923 0.04927884615384615
0 0.04567307692307692 0.9615384615384616 0.08653846153846154 0.055288461538461536
0 0.45552884615384615 0.0985576923076923 0.06850961538461539 0.03125
0 0.5372596153846154 0.13822115384615385 0.10096153846153846 0.06009615384615385
0 0.26802884615384615 0.5252403846153846 0.04447115384615385 0.06850961538461539
0 0.5072115384615384 0.4098557692307692 0.055288461538461536 0.078125
0 0.12980769230769232 0.0985576923076923 0.0829326923076923 0.046875
0 0.06490384615384616 0.14783653846153846 0.06971153846153846 0.051682692307692304
0 0.30649038461538464 0.9663461538461539 0.0625 0.04447115384615385
0 0.4483173076923077 0.953125 0.04807692307692308 0.09134615384615384
0 0.6899038461538461 0.25240384615384615 0.04447115384615385 0.04807692307692308
0 0.16706730769230768 0.4230769230769231 0.07572115384615384 0.07572115384615384
0 0.6069711538461539 0.021634615384615384 0.08653846153846154 0.04326923076923077
0 0.054086538461538464 0.6021634615384616 0.0625 0.05048076923076923
0 0.6802884615384616 0.6009615384615384 0.08653846153846154 0.056490384615384616
0 0.27884615384615385 0.703125 0.036057692307692304 0.0985576923076923
0 0.90625 0.5396634615384616 0.055288461538461536 0.056490384615384616
0 0.6045673076923077 0.6742788461538461 0.07932692307692307 0.04567307692307692
0 0.8701923076923077 0.6802884615384616 0.09134615384615384 0.04447115384615385
0 0.33052884615384615 0.5036057692307693 0.0985576923076923 0.06490384615384616
0 0.5564903846153846 0.16105769230769232 0.09014423076923077 0.04447115384615385
0 0.13581730769230768 0.9266826923076923 0.13822115384615385 0.06850961538461539
0 0.6514423076923077 0.8509615384615384 0.1045673076923077 0.06850961538461539
0 0.19831730769230768 0.5288461538461539 0.11538461538461539 0.0625
0 0.32211538461538464 0.11177884615384616 0.06610576923076923 0.04807692307692308
0 0.34975961538461536 0.3076923076923077 0.11778846153846154 0.038461538461538464
0 0.08413461538461539 0.5649038461538461 0.10096153846153846 0.054086538461538464
0 0.5336538461538461 0.9302884615384616 0.06850961538461539 0.03125
0 0.7692307692307693 0.8137019230769231 0.04326923076923077 0.056490384615384616
0 0.1045673076923077 0.4543269230769231 0.09134615384615384 0.06610576923076923
0 0.36658653846153844 0.7956730769230769 0.078125 0.038461538461538464
0 0.12980769230769232 0.0625 0.09495192307692307 0.06129807692307692
0 0.34375 0.9819711538461539 0.039663461538461536 0.03125
0 0.49399038461538464 0.47475961538461536 0.08774038461538461 0.046875
0 0.1814903846153846 0.8413461538461539 0.10576923076923077 0.03125
0 0.7980769230769231 0.5264423076923077 0.08774038461538461 0.07091346153846154
0 0.6237980769230769 0.2704326923076923 0.04326923076923077 0.042067307692307696
0 0.042067307692307696 0.6298076923076923 0.06610576923076923 0.037259615384615384
0 0.8798076923076923 0.9543269230769231 0.08413461538461539 0.09014423076923077
0 0.5649038461538461 0.8461538461538461 0.06610576923076923 0.046875
0 0.1502403846153846 0.9711538461538461 0.12379807692307693 0.046875
0 0.7115384615384616 0.9615384615384616 0.04326923076923077 0.046875
0 0.3545673076923077 0.1778846153846154 0.11177884615384616 0.051682692307692304
0 0.125 0.31850961538461536 0.08653846153846154 0.046875
0 0.4423076923076923 0.17427884615384615 0.0733173076923077 0.08052884615384616
0 0.45072115384615385 0.06490384615384616 0.10096153846153846 0.07572115384615384
0 0.5516826923076923 0.5625 0.0733173076923077 0.042067307692307696
0 0.765625 0.8966346153846154 0.04927884615384615 0.042067307692307696
0 0.22235576923076922 0.28725961538461536 0.05889423076923077 0.025240384615384616
0 0.7992788461538461 0.5372596153846154 0.109375 0.040865384615384616
0 0.9290865384615384 0.4014423076923077 0.051682692307692304 0.057692307692307696
0 0.6983173076923077 0.5444711538461539 0.0733173076923077 0.037259615384615384
0 0.5132211538461539 0.22115384615384615 0.08653846153846154 0.04326923076923077
0 0.5625 0.96875 0.055288461538461536 0.03245192307692308
0 0.27163461538461536 0.1875 0.12139423076923077 0.05048076923076923
0 0.9519230769230769 0.6225961538461539 0.07692307692307693 0.05889423076923077
0 0.21153846153846154 0.5805288461538461 0.17427884615384615 0.06490384615384616
0 0.8052884615384616 0.7139423076923077 0.04927884615384615 0.05889423076923077
0 0.056490384615384616 0.3473557692307692 0.06009615384615385 0.03485576923076923
0 0.6706730769230769 0.29447115384615385 0.0829326923076923 0.04447115384615385
0 0.49278846153846156 0.5132211538461539 0.1045673076923077 0.06971153846153846
0 0.6790865384615384 0.17668269230769232 0.08413461538461539 0.08774038461538461
0 0.9411057692307693 0.8858173076923077 0.039663461538461536 0.04567307692307692
0 0.45913461538461536 0.14302884615384615 0.0625 0.04927884615384615