0 0.16466346153846154 0.09014423076923077 0.03125 0.09014423076923077
0 0.03365384615384615 0.2692307692307692 0.06610576923076923 0.04807692307692308
0 0.02283653846153846 0.23317307692307693 0.04567307692307692 0.039663461538461536
0 0.10216346153846154 0.234375 0.11177884615384616 0.03485576923076923
0 0.18269230769230768 0.21394230769230768 0.08774038461538461 0.055288461538461536
0 0.3473557692307692 0.21875 0.054086538461538464 0.04807692307692308
0 0.09375 0.3329326923076923 0.10697115384615384 0.042067307692307696
0 0.16105769230769232 0.30528846153846156 0.0889423076923077 0.04447115384615385
0 0.2247596153846154 0.32572115384615385 0.06129807692307692 0.055288461538461536
0 0.15625 0.4074519230769231 0.08173076923076923 0.06009615384615385
0 0.1466346153846154 0.4423076923076923 0.05048076923076923 0.038461538461538464
0 0.02403846153846154 0.5372596153846154 0.046875 0.039663461538461536
0 0.10336538461538461 0.5024038461538461 0.12259615384615384 0.042067307692307696
0 0.2283653846153846 0.5168269230769231 0.08173076923076923 0.04447115384615385
0 0.078125 0.6213942307692307 0.08653846153846154 0.036057692307692304
0 0.28846153846153844 0.5925480769230769 0.05048076923076923 0.05048076923076923
0 0.13581730769230768 0.6634615384615384 0.03365384615384615 0.05048076923076923
0 0.04807692307692308 0.703125 0.08653846153846154 0.052884615384615384
0 0.15625 0.6923076923076923 0.055288461538461536 0.039663461538461536
0 0.2764423076923077 0.6899038461538461 0.0625 0.040865384615384616
0 0.1658653846153846 0.7295673076923077 0.052884615384615384 0.03125
0 0.203125 0.7451923076923077 0.1045673076923077 0.055288461538461536
0 0.04326923076923077 0.84375 0.08653846153846154 0.0673076923076923
0 0.09975961538461539 0.8197115384615384 0.11298076923076923 0.04567307692307692
0 0.11658653846153846 0.8161057692307693 0.09375 0.042067307692307696
0 0.23557692307692307 0.8125 0.10096153846153846 0.04567307692307692
0 0.19591346153846154 0.8617788461538461 0.10336538461538461 0.04927884615384615
0 0.23317307692307693 0.9038461538461539 0.12259615384615384 0.06971153846153846
0 0.19230769230769232 0.9639423076923077 0.11177884615384616 0.03245192307692308
0 0.15745192307692307 0.9711538461538461 0.109375 0.055288461538461536
0 0.2536057692307692 0.004807692307692308 0.02403846153846154 0.009615384615384616
0 0.5973557692307693 0.9807692307692307 0.07091346153846154 0.036057692307692304
0 0.7055288461538461 0.9735576923076923 0.09014423076923077 0.04927884615384615
0 0.7475961538461539 0.9819711538461539 0.0985576923076923 0.03365384615384615
0 0.78125 0.9579326923076923 0.040865384615384616 0.07572115384615384
0 0.703125 0.8569711538461539 0.04807692307692308 0.06490384615384616
0 0.9579326923076923 0.9747596153846154 0.056490384615384616 0.04927884615384615
0 0.9891826923076923 0.9206730769230769 0.019230769230769232 0.06971153846153846
0 0.8064903846153846 0.7992788461538461 0.052884615384615384 0.06610576923076923
0 0.8257211538461539 0.6790865384615384 0.06850961538461539 0.08774038461538461
0 0.9362980769230769 0.6971153846153846 0.06490384615384616 0.04326923076923077
0 0.9651442307692307 0.6454326923076923 0.036057692307692304 0.06009615384615385
0 0.5961538461538461 0.4375 0.040865384615384616 0.07091346153846154
0 0.828125 0.4963942307692308 0.04807692307692308 0.05048076923076923
0 0.9399038461538461 0.47596153846153844 0.08533653846153846 0.06490384615384616
0 0.8677884615384616 0.41586538461538464 0.04326923076923077 0.054086538461538464
0 0.6706730769230769 0.34975961538461536 0.07451923076923077 0.038461538461538464
0 0.9242788461538461 0.3641826923076923 0.09254807692307693 0.051682692307692304
0 0.8329326923076923 0.2800480769230769 0.10096153846153846 0.07572115384615384
0 0.8930288461538461 0.27403846153846156 0.054086538461538464 0.07572115384615384
0 0.859375 0.22956730769230768 0.03245192307692308 0.04567307692307692
0 0.7632211538461539 0.17668269230769232 0.17427884615384615 0.10096153846153846
0 0.7379807692307693 0.19831730769230768 0.06009615384615385 0.06009615384615385
0 0.7283653846153846 0.25600961538461536 0.06129807692307692 0.0625
0 0.6658653846153846 0.27403846153846156 0.06971153846153846 0.042067307692307696
0 0.6574519230769231 0.21153846153846154 0.06850961538461539 0.046875
0 0.9603365384615384 0.07932692307692307 0.054086538461538464 0.07572115384615384
0 0.859375 0.0625 0.06009615384615385 0.08653846153846154
0 0.7548076923076923 0.08533653846153846 0.18269230769230768 0.042067307692307696
0 0.6442307692307693 0.12139423076923077 0.12620192307692307 0.046875
0 0.6826923076923077 0.03245192307692308 0.06490384615384616 0.04807692307692308
0 0.9951923076923077 0.21875 0.007211538461538462 0.09615384615384616