0 0.5625 0.9711538461538461 0.06610576923076923 0.055288461538461536
0 0.8810096153846154 0.5204326923076923 0.055288461538461536 0.06370192307692307
0 0.8100961538461539 0.027644230769230768 0.04326923076923077 0.055288461538461536
0 0.5949519230769231 0.14302884615384615 0.04927884615384615 0.10096153846153846
0 0.8389423076923077 0.7944711538461539 0.06971153846153846 0.05889423076923077
0 0.7824519230769231 0.8173076923076923 0.037259615384615384 0.04447115384615385
0 0.9615384615384616 0.05048076923076923 0.07572115384615384 0.09615384615384616
0 0.3473557692307692 0.15384615384615385 0.08413461538461539 0.12379807692307693
0 0.6923076923076923 0.5600961538461539 0.055288461538461536 0.078125
0 0.8798076923076923 0.7115384615384616 0.05889423076923077 0.07572115384615384
0 0.6574519230769231 0.9459134615384616 0.051682692307692304 0.06490384615384616
0 0.6418269230769231 0.8329326923076923 0.04927884615384615 0.06971153846153846
0 0.5829326923076923 0.8461538461538461 0.051682692307692304 0.055288461538461536
0 0.46033653846153844 0.8317307692307693 0.10336538461538461 0.08533653846153846
0 0.6009615384615384 0.4326923076923077 0.08173076923076923 0.1201923076923077
0 0.4543269230769231 0.5252403846153846 0.06610576923076923 0.078125
0 0.9375 0.8521634615384616 0.0673076923076923 0.08413461538461539
0 0.9507211538461539 0.36658653846153844 0.09615384615384616 0.078125
0 0.5625 0.042067307692307696 0.04927884615384615 0.08052884615384616
0 0.5072115384615384 0.125 0.037259615384615384 0.11177884615384616
0 0.9663461538461539 0.9122596153846154 0.06490384615384616 0.06009615384615385
0 0.5072115384615384 0.028846153846153848 0.04447115384615385 0.057692307692307696
0 0.8305288461538461 0.5024038461538461 0.038461538461538464 0.0673076923076923
0 0.5264423076923077 0.484375 0.03485576923076923 0.08052884615384616
0 0.734375 0.07572115384615384 0.06490384615384616 0.12980769230769232
0 0.5336538461538461 0.4423076923076923 0.05048076923076923 0.10576923076923077
0 0.59375 0.6213942307692307 0.06009615384615385 0.09375
0 0.7019230769230769 0.8341346153846154 0.04567307692307692 0.09735576923076923
0 0.8521634615384616 0.39302884615384615 0.06971153846153846 0.11778846153846154
0 0.7103365384615384 0.734375 0.056490384615384616 0.055288461538461536
0 0.6971153846153846 0.21875 0.08653846153846154 0.14903846153846154
0 0.7079326923076923 0.4579326923076923 0.051682692307692304 0.0673076923076923
0 0.8028846153846154 0.5985576923076923 0.06009615384615385 0.07572115384615384
0 0.6694711538461539 0.03245192307692308 0.03245192307692308 0.06129807692307692