0 0.9110576923076923 0.7728365384615384 0.13581730769230768 0.12259615384615384
0 0.49399038461538464 0.5432692307692307 0.07451923076923077 0.09254807692307693
0 0.5685096153846154 0.3076923076923077 0.07091346153846154 0.06129807692307692
0 0.9206730769230769 0.3701923076923077 0.07692307692307693 0.07572115384615384
0 0.875 0.234375 0.10096153846153846 0.055288461538461536
0 0.19951923076923078 0.359375 0.09735576923076923 0.08653846153846154
0 0.021634615384615384 0.37740384615384615 0.04326923076923077 0.07572115384615384
0 0.2439903846153846 0.6346153846153846 0.07451923076923077 0.06490384615384616
0 0.3858173076923077 0.17668269230769232 0.08052884615384616 0.09134615384615384
0 0.08533653846153846 0.3629807692307692 0.078125 0.0829326923076923
0 0.9290865384615384 0.9735576923076923 0.11899038461538461 0.051682692307692304
0 0.6634615384615384 0.9326923076923077 0.10096153846153846 0.06971153846153846
0 0.48197115384615385 0.9519230769230769 0.08774038461538461 0.09375
0 0.6574519230769231 0.5204326923076923 0.07572115384615384 0.07572115384615384
0 0.8653846153846154 0.06971153846153846 0.12379807692307693 0.09134615384615384
0 0.9663461538461539 0.5036057692307693 0.06490384615384616 0.07451923076923077
0 0.4675480769230769 0.06370192307692307 0.11658653846153846 0.07692307692307693
0 0.59375 0.8209134615384616 0.1141826923076923 0.0733173076923077
0 0.16947115384615385 0.8389423076923077 0.09134615384615384 0.07211538461538461
0 0.6598557692307693 0.2704326923076923 0.11538461538461539 0.1466346153846154
0 0.7295673076923077 0.43028846153846156 0.12259615384615384 0.07451923076923077
0 0.016826923076923076 0.4495192307692308 0.03365384615384615 0.08653846153846154
0 0.36899038461538464 0.5625 0.10096153846153846 0.09134615384615384
0 0.26322115384615385 0.234375 0.06971153846153846 0.09735576923076923
0 0.03245192307692308 0.9362980769230769 0.06490384615384616 0.12259615384615384
0 0.4230769230769231 0.2620192307692308 0.09495192307692307 0.06490384615384616
0 0.8545673076923077 0.5432692307692307 0.09134615384615384 0.06610576923076923
0 0.23197115384615385 0.7139423076923077 0.0829326923076923 0.06490384615384616
0 0.6838942307692307 0.5925480769230769 0.09975961538461539 0.0673076923076923
0 0.5925480769230769 0.140625 0.09735576923076923 0.09615384615384616
0 0.2920673076923077 0.9206730769230769 0.08533653846153846 0.14903846153846154
0 0.6983173076923077 0.07091346153846154 0.10576923076923077 0.14182692307692307
0 0.8822115384615384 0.16826923076923078 0.09134615384615384 0.06610576923076923
0 0.609375 0.9014423076923077 0.06610576923076923 0.06971153846153846
0 0.9735576923076923 0.24278846153846154 0.05048076923076923 0.0625
0 0.039663461538461536 0.21514423076923078 0.07932692307692307 0.06490384615384616
0 0.1310096153846154 0.47115384615384615 0.10216346153846154 0.11298076923076923
0 0.4326923076923077 0.4014423076923077 0.08413461538461539 0.06610576923076923
0 0.38221153846153844 0.35697115384615385 0.07211538461538461 0.055288461538461536
0 0.4026442307692308 0.09615384615384616 0.07932692307692307 0.08413461538461539
0 0.10096153846153846 0.9699519230769231 0.08653846153846154 0.057692307692307696