0 0.13701923076923078 0.0889423076923077 0.13221153846153846 0.12139423076923077
0 0.8125 0.9735576923076923 0.09014423076923077 0.05048076923076923
0 0.8016826923076923 0.7704326923076923 0.07692307692307693 0.06129807692307692
0 0.6478365384615384 0.4951923076923077 0.06971153846153846 0.06009615384615385
0 0.5228365384615384 0.3701923076923077 0.07451923076923077 0.07932692307692307
0 0.9735576923076923 0.203125 0.051682692307692304 0.06610576923076923
0 0.65625 0.9459134615384616 0.09375 0.09134615384615384
0 0.5264423076923077 0.16105769230769232 0.0733173076923077 0.09495192307692307
0 0.19471153846153846 0.5360576923076923 0.07932692307692307 0.06370192307692307
0 0.7920673076923077 0.17908653846153846 0.0733173076923077 0.06370192307692307
0 0.8473557692307693 0.5204326923076923 0.08052884615384616 0.07091346153846154
0 0.5612980769230769 0.953125 0.08413461538461539 0.09254807692307693
0 0.8100961538461539 0.9182692307692307 0.06490384615384616 0.06490384615384616
0 0.7379807692307693 0.35096153846153844 0.10576923076923077 0.10576923076923077
0 0.2704326923076923 0.8341346153846154 0.09014423076923077 0.08413461538461539
0 0.29927884615384615 0.45072115384615385 0.11057692307692307 0.0985576923076923
0 0.020432692307692308 0.5612980769230769 0.040865384615384616 0.13942307692307693
0 0.9170673076923077 0.9759615384615384 0.08052884615384616 0.046875
0 0.65625 0.14903846153846154 0.06490384615384616 0.09134615384615384
0 0.14182692307692307 0.19471153846153846 0.0985576923076923 0.078125
0 0.9483173076923077 0.33413461538461536 0.10216346153846154 0.109375
0 0.8365384615384616 0.22235576923076922 0.06490384615384616 0.06971153846153846
0 0.19471153846153846 0.24759615384615385 0.05889423076923077 0.125
0 0.4639423076923077 0.5540865384615384 0.1201923076923077 0.0889423076923077
0 0.4519230769230769 0.32572115384615385 0.052884615384615384 0.046875
0 0.03245192307692308 0.7415865384615384 0.06490384615384616 0.07692307692307693
0 0.3449519230769231 0.5360576923076923 0.1045673076923077 0.06490384615384616
0 0.8882211538461539 0.234375 0.08413461538461539 0.0673076923076923
0 0.30649038461538464 0.8978365384615384 0.08774038461538461 0.0673076923076923
0 0.6634615384615384 0.5829326923076923 0.0673076923076923 0.06009615384615385
0 0.265625 0.37740384615384615 0.06971153846153846 0.08533653846153846
0 0.8197115384615384 0.39903846153846156 0.08052884615384616 0.08653846153846154
0 0.09615384615384616 0.2692307692307692 0.0889423076923077 0.09134615384615384
0 0.5384615384615384 0.22355769230769232 0.06009615384615385 0.0889423076923077
0 0.34134615384615385 0.3581730769230769 0.08052884615384616 0.0673076923076923
0 0.39903846153846156 0.41586538461538464 0.07451923076923077 0.06490384615384616
0 0.6790865384615384 0.20673076923076922 0.057692307692307696 0.06009615384615385
0 0.8858173076923077 0.6670673076923077 0.0733173076923077 0.10576923076923077