0 0.2776442307692308 0.7572115384615384 0.07692307692307693 0.04927884615384615
0 0.18028846153846154 0.43990384615384615 0.13221153846153846 0.04807692307692308
0 0.4014423076923077 0.8149038461538461 0.11658653846153846 0.037259615384615384
0 0.42908653846153844 0.3605769230769231 0.12740384615384615 0.055288461538461536
0 0.06009615384615385 0.4951923076923077 0.11177884615384616 0.03365384615384615
0 0.6442307692307693 0.015625 0.0673076923076923 0.030048076923076924
0 0.40384615384615385 0.11298076923076923 0.05889423076923077 0.055288461538461536
0 0.46153846153846156 0.40024038461538464 0.09615384615384616 0.030048076923076924
0 0.06850961538461539 0.05048076923076923 0.125 0.08533653846153846
0 0.6862980769230769 0.9002403846153846 0.10336538461538461 0.08052884615384616
0 0.3004807692307692 0.8088942307692307 0.08413461538461539 0.04326923076923077
0 0.26322115384615385 0.8533653846153846 0.12139423076923077 0.03365384615384615
0 0.49038461538461536 0.8942307692307693 0.109375 0.046875
0 0.8894230769230769 0.7163461538461539 0.09735576923076923 0.06370192307692307
0 0.3389423076923077 0.06490384615384616 0.06009615384615385 0.08413461538461539
0 0.6754807692307693 0.3449519230769231 0.10697115384615384 0.06129807692307692
0 0.02283653846153846 0.38461538461538464 0.04567307692307692 0.04447115384615385
0 0.09975961538461539 0.5408653846153846 0.10817307692307693 0.06490384615384616
0 0.8040865384615384 0.5336538461538461 0.06490384615384616 0.05048076923076923
0 0.8461538461538461 0.7788461538461539 0.08653846153846154 0.056490384615384616
0 0.040865384615384616 0.2956730769230769 0.08052884615384616 0.055288461538461536
0 0.30649038461538464 0.5985576923076923 0.08533653846153846 0.030048076923076924
0 0.042067307692307696 0.47596153846153844 0.0829326923076923 0.039663461538461536
0 0.38100961538461536 0.41225961538461536 0.11778846153846154 0.04927884615384615
0 0.25240384615384615 0.203125 0.09375 0.037259615384615384
0 0.5036057692307693 0.24158653846153846 0.06009615384615385 0.040865384615384616
0 0.03125 0.875 0.0625 0.042067307692307696
0 0.3112980769230769 0.018028846153846152 0.057692307692307696 0.03485576923076923
0 0.9302884615384616 0.8521634615384616 0.09375 0.038461538461538464
0 0.12379807692307693 0.7295673076923077 0.13581730769230768 0.04447115384615385
0 0.02283653846153846 0.7692307692307693 0.04567307692307692 0.0625
0 0.8509615384615384 0.42427884615384615 0.0625 0.04447115384615385
0 0.4807692307692308 0.1466346153846154 0.07572115384615384 0.055288461538461536
0 0.0889423076923077 0.8713942307692307 0.11538461538461539 0.055288461538461536
0 0.43028846153846156 0.030048076923076924 0.1346153846153846 0.06009615384615385
0 0.2644230769230769 0.17067307692307693 0.07932692307692307 0.038461538461538464
0 0.17668269230769232 0.7668269230769231 0.0889423076923077 0.038461538461538464
0 0.9266826923076923 0.38221153846153844 0.07932692307692307 0.08173076923076923
0 0.5901442307692307 0.453125 0.07572115384615384 0.0625
0 0.5877403846153846 0.8605769230769231 0.10336538461538461 0.05889423076923077
0 0.3317307692307692 0.7524038461538461 0.11177884615384616 0.05889423076923077
0 0.4723557692307692 0.75 0.07451923076923077 0.036057692307692304
0 0.7199519230769231 0.020432692307692308 0.04326923076923077 0.039663461538461536
0 0.5336538461538461 0.9302884615384616 0.09975961538461539 0.042067307692307696
0 0.8894230769230769 0.5 0.026442307692307692 0.019230769230769232
0 0.6610576923076923 0.5324519230769231 0.0625 0.04326923076923077
0 0.5516826923076923 0.03125 0.13701923076923078 0.06129807692307692
0 0.15384615384615385 0.2932692307692308 0.11177884615384616 0.05048076923076923
0 0.140625 0.6730769230769231 0.0829326923076923 0.037259615384615384
0 0.21394230769230768 0.8137019230769231 0.13942307692307693 0.06009615384615385
0 0.9783653846153846 0.7596153846153846 0.040865384615384616 0.04447115384615385
0 0.7752403846153846 0.8341346153846154 0.04807692307692308 0.042067307692307696
0 0.9567307692307693 0.4951923076923077 0.08413461538461539 0.052884615384615384
0 0.07572115384615384 0.8317307692307693 0.13822115384615385 0.037259615384615384
0 0.2403846153846154 0.039663461538461536 0.10697115384615384 0.04807692307692308
0 0.8954326923076923 0.5612980769230769 0.07692307692307693 0.056490384615384616
0 0.7896634615384616 0.4050480769230769 0.06850961538461539 0.04927884615384615
0 0.11177884615384616 0.6850961538461539 0.12139423076923077 0.06610576923076923
0 0.8365384615384616 0.828125 0.09375 0.046875
0 0.7920673076923077 0.027644230769230768 0.07451923076923077 0.055288461538461536
0 0.7836538461538461 0.09735576923076923 0.08653846153846154 0.057692307692307696
0 0.039663461538461536 0.34134615384615385 0.07572115384615384 0.027644230769230768
0 0.5024038461538461 0.53125 0.06610576923076923 0.03245192307692308
0 0.037259615384615384 0.43509615384615385 0.07451923076923077 0.04807692307692308
0 0.7776442307692307 0.039663461538461536 0.08774038461538461 0.06129807692307692
0 0.4831730769230769 0.8509615384615384 0.06850961538461539 0.03245192307692308