0 0.7548076923076923 0.5625 0.13942307692307693 0.18509615384615385
0 0.4519230769230769 0.10576923076923077 0.125 0.20793269230769232
0 0.9483173076923077 0.20793269230769232 0.10096153846153846 0.1141826923076923
0 0.8617788461538461 0.7800480769230769 0.1141826923076923 0.1201923076923077
0 0.03365384615384615 0.2091346153846154 0.06610576923076923 0.2439903846153846
0 0.3581730769230769 0.359375 0.09375 0.109375
0 0.09615384615384616 0.6838942307692307 0.18990384615384615 0.11057692307692307
0 0.8966346153846154 0.47716346153846156 0.16466346153846154 0.18028846153846154
0 0.84375 0.625 0.18990384615384615 0.12259615384615384
0 0.15985576923076922 0.45552884615384615 0.21995192307692307 0.15144230769230768
0 0.8197115384615384 0.03125 0.0733173076923077 0.055288461538461536
0 0.0829326923076923 0.9110576923076923 0.1045673076923077 0.08653846153846154
0 0.4723557692307692 0.4639423076923077 0.08533653846153846 0.13822115384615385
0 0.8509615384615384 0.0733173076923077 0.1971153846153846 0.14302884615384615
0 0.9122596153846154 0.9375 0.17427884615384615 0.10817307692307693
0 0.19951923076923078 0.7944711538461539 0.11538461538461539 0.07692307692307693
0 0.47115384615384615 0.8581730769230769 0.12980769230769232 0.12740384615384615
0 0.6514423076923077 0.3016826923076923 0.078125 0.09134615384615384
0 0.3088942307692308 0.37740384615384615 0.11899038461538461 0.24158653846153846
0 0.39903846153846156 0.5048076923076923 0.09014423076923077 0.12620192307692307
0 0.21875 0.015625 0.09254807692307693 0.03125