0 0.7379807692307693 0.8798076923076923 0.09134615384615384 0.14783653846153846
0 0.03125 0.5925480769230769 0.0625 0.22235576923076922
0 0.2824519230769231 0.7680288461538461 0.06370192307692307 0.06129807692307692
0 0.9170673076923077 0.5961538461538461 0.16346153846153846 0.12620192307692307
0 0.9807692307692307 0.07211538461538461 0.037259615384615384 0.10697115384615384
0 0.8064903846153846 0.25240384615384615 0.10576923076923077 0.09615384615384616
0 0.5841346153846154 0.5649038461538461 0.04927884615384615 0.05889423076923077
0 0.10697115384615384 0.8377403846153846 0.15264423076923078 0.18389423076923078
0 0.3245192307692308 0.6670673076923077 0.0889423076923077 0.078125
0 0.4879807692307692 0.015625 0.07932692307692307 0.03125
0 0.4567307692307692 0.8173076923076923 0.1045673076923077 0.16947115384615385
0 0.19110576923076922 0.6947115384615384 0.08052884615384616 0.09615384615384616
0 0.8293269230769231 0.9819711538461539 0.07572115384615384 0.03365384615384615
0 0.24278846153846154 0.9723557692307693 0.0625 0.054086538461538464
0 0.6045673076923077 0.30528846153846156 0.07572115384615384 0.07932692307692307
0 0.5252403846153846 0.5733173076923077 0.08173076923076923 0.09375
0 0.08774038461538461 0.6141826923076923 0.08653846153846154 0.07572115384615384
0 0.6045673076923077 0.9771634615384616 0.09615384615384616 0.04326923076923077
0 0.3641826923076923 0.5024038461538461 0.11177884615384616 0.1875
0 0.5516826923076923 0.4579326923076923 0.11778846153846154 0.11538461538461539
0 0.9074519230769231 0.4050480769230769 0.0733173076923077 0.06490384615384616
0 0.23317307692307693 0.16947115384615385 0.06009615384615385 0.06610576923076923
0 0.26322115384615385 0.35697115384615385 0.09375 0.15985576923076922
0 0.051682692307692304 0.18629807692307693 0.10336538461538461 0.14903846153846154
0 0.9206730769230769 0.11899038461538461 0.08653846153846154 0.12259615384615384
0 0.16466346153846154 0.7764423076923077 0.08653846153846154 0.0625
0 0.7896634615384616 0.09134615384615384 0.11177884615384616 0.1814903846153846
0 0.20072115384615385 0.5528846153846154 0.09375 0.16947115384615385
0 0.20072115384615385 0.052884615384615384 0.13701923076923078 0.10576923076923077
0 0.3473557692307692 0.13822115384615385 0.07932692307692307 0.09495192307692307
0 0.08052884615384616 0.42908653846153844 0.11778846153846154 0.13221153846153846
0 0.6153846153846154 0.02283653846153846 0.06009615384615385 0.04567307692307692
0 0.9122596153846154 0.5072115384615384 0.09615384615384616 0.10216346153846154