0 0.19110576923076922 0.7752403846153846 0.13221153846153846 0.06971153846153846
0 0.9387019230769231 0.6694711538461539 0.08173076923076923 0.08413461538461539
0 0.38822115384615385 0.12259615384615384 0.06370192307692307 0.0733173076923077
0 0.9338942307692307 0.030048076923076924 0.1310096153846154 0.06009615384615385
0 0.7992788461538461 0.8221153846153846 0.11177884615384616 0.22235576923076922
0 0.29447115384615385 0.9663461538461539 0.12259615384615384 0.06490384615384616
0 0.5576923076923077 0.2764423076923077 0.1466346153846154 0.07091346153846154
0 0.2956730769230769 0.8810096153846154 0.06971153846153846 0.06850961538461539
0 0.7992788461538461 0.7151442307692307 0.12139423076923077 0.09134615384615384
0 0.06610576923076923 0.11298076923076923 0.13221153846153846 0.22355769230769232
0 0.8725961538461539 0.3233173076923077 0.16826923076923078 0.09495192307692307
0 0.2668269230769231 0.4567307692307692 0.0889423076923077 0.18990384615384615
0 0.5805288461538461 0.3641826923076923 0.1622596153846154 0.15625
0 0.32572115384615385 0.04447115384615385 0.19230769230769232 0.08653846153846154
0 0.18269230769230768 0.8425480769230769 0.11899038461538461 0.09134615384615384
0 0.6502403846153846 0.828125 0.09134615384615384 0.12740384615384615
0 0.8810096153846154 0.21995192307692307 0.11057692307692307 0.09495192307692307
0 0.7103365384615384 0.53125 0.15865384615384615 0.09134615384615384
0 0.054086538461538464 0.03365384615384615 0.057692307692307696 0.06490384615384616
0 0.04807692307692308 0.6983173076923077 0.09615384615384616 0.11298076923076923
0 0.9507211538461539 0.5360576923076923 0.09615384615384616 0.109375
0 0.4375 0.7331730769230769 0.12860576923076922 0.07572115384615384
0 0.9639423076923077 0.3545673076923077 0.0673076923076923 0.07932692307692307
0 0.4579326923076923 0.9423076923076923 0.13701923076923078 0.10697115384615384