0 0.04567307692307692 0.31490384615384615 0.09134615384615384 0.125
0 0.7007211538461539 0.4026442307692308 0.08173076923076923 0.0829326923076923
0 0.8004807692307693 0.875 0.057692307692307696 0.0733173076923077
0 0.0985576923076923 0.7175480769230769 0.0673076923076923 0.06490384615384616
0 0.17067307692307693 0.10817307692307693 0.109375 0.15625
0 0.9038461538461539 0.03125 0.09615384615384616 0.06129807692307692
0 0.09975961538461539 0.7980769230769231 0.14302884615384615 0.06009615384615385
0 0.47836538461538464 0.0673076923076923 0.09134615384615384 0.08533653846153846
0 0.8329326923076923 0.5973557692307693 0.055288461538461536 0.09134615384615384
0 0.453125 0.9831730769230769 0.18509615384615385 0.028846153846153848
0 0.29447115384615385 0.22716346153846154 0.109375 0.1346153846153846
0 0.9579326923076923 0.6478365384615384 0.08052884615384616 0.08173076923076923
0 0.8894230769230769 0.49278846153846156 0.09134615384615384 0.10336538461538461
0 0.5048076923076923 0.4651442307692308 0.12740384615384615 0.08774038461538461
0 0.8401442307692307 0.9387019230769231 0.07091346153846154 0.06009615384615385
0 0.40625 0.9314903846153846 0.12740384615384615 0.0829326923076923
0 0.6490384615384616 0.042067307692307696 0.11899038461538461 0.08413461538461539
0 0.9795673076923077 0.026442307692307692 0.038461538461538464 0.051682692307692304
0 0.03125 0.051682692307692304 0.06129807692307692 0.10096153846153846
0 0.8954326923076923 0.27163461538461536 0.12740384615384615 0.10336538461538461
0 0.25600961538461536 0.03245192307692308 0.09375 0.06490384615384616
0 0.84375 0.21875 0.16826923076923078 0.15625
0 0.15384615384615385 0.2704326923076923 0.14903846153846154 0.11778846153846154
0 0.7283653846153846 0.8918269230769231 0.09375 0.14302884615384615
0 0.6610576923076923 0.6935096153846154 0.08653846153846154 0.09615384615384616
0 0.3641826923076923 0.20072115384615385 0.1045673076923077 0.1658653846153846
0 0.2283653846153846 0.359375 0.09014423076923077 0.09615384615384616
0 0.9723557692307693 0.2548076923076923 0.052884615384615384 0.08052884615384616
0 0.7355769230769231 0.17548076923076922 0.12860576923076922 0.09735576923076923