0 0.6382211538461539 0.6706730769230769 0.039663461538461536 0.1201923076923077
0 0.4987980769230769 0.14182692307692307 0.09134615384615384 0.08173076923076923
0 0.2800480769230769 0.7740384615384616 0.11057692307692307 0.040865384615384616
0 0.140625 0.7560096153846154 0.1045673076923077 0.04927884615384615
0 0.5432692307692307 0.36778846153846156 0.06971153846153846 0.08774038461538461
0 0.5 0.10216346153846154 0.06129807692307692 0.055288461538461536
0 0.38100961538461536 0.47836538461538464 0.06610576923076923 0.1045673076923077
0 0.0733173076923077 0.09134615384615384 0.04927884615384615 0.051682692307692304
0 0.5769230769230769 0.453125 0.11298076923076923 0.0673076923076923
0 0.4411057692307692 0.9122596153846154 0.054086538461538464 0.06490384615384616
0 0.5985576923076923 0.6634615384615384 0.04807692307692308 0.04807692307692308
0 0.14423076923076922 0.5901442307692307 0.06370192307692307 0.028846153846153848
0 0.8641826923076923 0.45072115384615385 0.06009615384615385 0.04447115384615385
0 0.051682692307692304 0.02283653846153846 0.09254807692307693 0.042067307692307696
0 0.28725961538461536 0.9423076923076923 0.0625 0.07211538461538461
0 0.765625 0.7716346153846154 0.06129807692307692 0.027644230769230768
0 0.9266826923076923 0.11298076923076923 0.14423076923076922 0.04567307692307692
0 0.3076923076923077 0.7367788461538461 0.09615384615384616 0.028846153846153848
0 0.296875 0.3233173076923077 0.06490384615384616 0.08774038461538461
0 0.7860576923076923 0.015625 0.042067307692307696 0.030048076923076924
0 0.7884615384615384 0.6766826923076923 0.056490384615384616 0.042067307692307696
0 0.5841346153846154 0.14302884615384615 0.07572115384615384 0.040865384615384616
0 0.5240384615384616 0.40024038461538464 0.10817307692307693 0.04447115384615385
0 0.11778846153846154 0.028846153846153848 0.0733173076923077 0.055288461538461536
0 0.8605769230769231 0.4987980769230769 0.09975961538461539 0.07572115384615384
0 0.052884615384615384 0.8605769230769231 0.09375 0.026442307692307692
0 0.48677884615384615 0.4735576923076923 0.10336538461538461 0.038461538461538464
0 0.036057692307692304 0.8233173076923077 0.07091346153846154 0.03245192307692308
0 0.3293269230769231 0.8389423076923077 0.07211538461538461 0.07451923076923077
0 0.23197115384615385 0.8004807692307693 0.12259615384615384 0.04447115384615385
0 0.296875 0.37740384615384615 0.11538461538461539 0.04567307692307692
0 0.5685096153846154 0.037259615384615384 0.06850961538461539 0.06610576923076923
0 0.4074519230769231 0.06129807692307692 0.07572115384615384 0.039663461538461536
0 0.8245192307692307 0.33533653846153844 0.12139423076923077 0.11778846153846154
0 0.046875 0.5072115384615384 0.09375 0.046875
0 0.15384615384615385 0.96875 0.08052884615384616 0.057692307692307696
0 0.49399038461538464 0.6117788461538461 0.06610576923076923 0.04447115384615385
0 0.6826923076923077 0.5396634615384616 0.14302884615384615 0.09014423076923077
0 0.8581730769230769 0.26802884615384615 0.12259615384615384 0.15264423076923078
0 0.6189903846153846 0.01201923076923077 0.04927884615384615 0.02403846153846154
0 0.9591346153846154 0.6622596153846154 0.07572115384615384 0.052884615384615384
0 0.7932692307692307 0.7367788461538461 0.07572115384615384 0.038461538461538464
0 0.07572115384615384 0.6526442307692307 0.09375 0.06971153846153846
0 0.03245192307692308 0.10336538461538461 0.03365384615384615 0.057692307692307696
0 0.16706730769230768 0.46875 0.04447115384615385 0.06490384615384616
0 0.3233173076923077 0.4723557692307692 0.10216346153846154 0.08653846153846154
0 0.8581730769230769 0.8605769230769231 0.038461538461538464 0.04567307692307692
0 0.3713942307692308 0.25961538461538464 0.1045673076923077 0.055288461538461536
0 0.6875 0.15144230769230768 0.12740384615384615 0.06370192307692307
0 0.9483173076923077 0.5673076923076923 0.04567307692307692 0.03485576923076923
0 0.4375 0.3858173076923077 0.038461538461538464 0.09254807692307693
0 0.4230769230769231 0.6694711538461539 0.054086538461538464 0.06610576923076923
0 0.32211538461538464 0.28725961538461536 0.11778846153846154 0.0985576923076923
0 0.6766826923076923 0.359375 0.08173076923076923 0.06009615384615385
0 0.7824519230769231 0.12379807692307693 0.06009615384615385 0.040865384615384616
0 0.8942307692307693 0.8954326923076923 0.054086538461538464 0.09375
0 0.37740384615384615 0.2127403846153846 0.04326923076923077 0.078125
0 0.6586538461538461 0.9170673076923077 0.11899038461538461 0.11057692307692307
0 0.14423076923076922 0.8774038461538461 0.09134615384615384 0.04326923076923077
0 0.6346153846153846 0.7956730769230769 0.11057692307692307 0.05889423076923077
0 0.13221153846153846 0.6971153846153846 0.08774038461538461 0.109375
0 0.9759615384615384 0.046875 0.04567307692307692 0.08653846153846154
0 0.8112980769230769 0.8918269230769231 0.06971153846153846 0.0889423076923077