0 0.0733173076923077 0.20793269230769232 0.11899038461538461 0.025240384615384616
0 0.028846153846153848 0.6742788461538461 0.028846153846153848 0.026442307692307692
0 0.11899038461538461 0.8377403846153846 0.03365384615384615 0.06490384615384616
0 0.2247596153846154 0.7608173076923077 0.02283653846153846 0.02283653846153846
0 0.21875 0.7872596153846154 0.042067307692307696 0.03365384615384615
0 0.15865384615384615 0.7175480769230769 0.03125 0.026442307692307692
0 0.2512019230769231 0.7728365384615384 0.02403846153846154 0.02403846153846154
0 0.3088942307692308 0.7235576923076923 0.028846153846153848 0.016826923076923076
0 0.36899038461538464 0.7355769230769231 0.04326923076923077 0.02403846153846154
0 0.11057692307692307 0.3629807692307692 0.037259615384615384 0.02283653846153846
0 0.09735576923076923 0.40024038461538464 0.037259615384615384 0.030048076923076924
0 0.14543269230769232 0.35336538461538464 0.03485576923076923 0.027644230769230768
0 0.12379807692307693 0.3088942307692308 0.07211538461538461 0.026442307692307692
0 0.1778846153846154 0.14302884615384615 0.018028846153846152 0.09014423076923077
0 0.23557692307692307 0.20793269230769232 0.04927884615384615 0.04807692307692308
0 0.30528846153846156 0.037259615384615384 0.02403846153846154 0.025240384615384616
0 0.33052884615384615 0.10576923076923077 0.042067307692307696 0.04326923076923077
0 0.43509615384615385 0.11298076923076923 0.0733173076923077 0.04927884615384615
0 0.45913461538461536 0.25721153846153844 0.030048076923076924 0.04447115384615385
0 0.49158653846153844 0.30408653846153844 0.025240384615384616 0.03245192307692308
0 0.5420673076923077 0.22596153846153846 0.05889423076923077 0.055288461538461536
0 0.6009615384615384 0.18509615384615385 0.04447115384615385 0.09134615384615384
0 0.6225961538461539 0.20192307692307693 0.03485576923076923 0.04447115384615385
0 0.6322115384615384 0.12980769230769232 0.08413461538461539 0.02403846153846154
0 0.1201923076923077 0.5637019230769231 0.039663461538461536 0.06490384615384616
0 0.203125 0.5673076923076923 0.040865384615384616 0.057692307692307696
0 0.32091346153846156 0.5300480769230769 0.04807692307692308 0.078125
0 0.33052884615384615 0.35216346153846156 0.046875 0.055288461538461536
0 0.3701923076923077 0.3485576923076923 0.08052884615384616 0.04927884615384615
0 0.59375 0.40024038461538464 0.03125 0.038461538461538464
0 0.6033653846153846 0.3245192307692308 0.04447115384615385 0.04447115384615385
0 0.6201923076923077 0.3918269230769231 0.026442307692307692 0.04927884615384615
0 0.34134615384615385 0.6382211538461539 0.06009615384615385 0.03485576923076923
0 0.39302884615384615 0.6033653846153846 0.028846153846153848 0.038461538461538464
0 0.5649038461538461 0.6045673076923077 0.04447115384615385 0.057692307692307696
0 0.6141826923076923 0.6382211538461539 0.04447115384615385 0.027644230769230768
0 0.6225961538461539 0.7091346153846154 0.018028846153846152 0.05048076923076923
0 0.640625 0.7079326923076923 0.014423076923076924 0.042067307692307696
0 0.6586538461538461 0.6983173076923077 0.019230769230769232 0.03365384615384615
0 0.5216346153846154 0.8762019230769231 0.04807692307692308 0.03125
0 0.6850961538461539 0.9519230769230769 0.0625 0.03365384615384615
0 0.78125 0.8137019230769231 0.04567307692307692 0.03365384615384615
0 0.90625 0.7463942307692307 0.037259615384615384 0.03125
0 0.9579326923076923 0.6538461538461539 0.013221153846153846 0.042067307692307696
0 0.8545673076923077 0.5721153846153846 0.016826923076923076 0.02403846153846154
0 0.7091346153846154 0.4266826923076923 0.03125 0.039663461538461536
0 0.7403846153846154 0.3389423076923077 0.02403846153846154 0.026442307692307692
0 0.78125 0.3641826923076923 0.07451923076923077 0.021634615384615384
0 0.8341346153846154 0.484375 0.11177884615384616 0.026442307692307692
0 0.9435096153846154 0.33533653846153844 0.046875 0.02283653846153846
0 0.9074519230769231 0.26802884615384615 0.052884615384615384 0.06971153846153846