0 0.23076923076923078 0.14903846153846154 0.06490384615384616 0.04567307692307692
0 0.23076923076923078 0.3233173076923077 0.08052884615384616 0.06850961538461539
0 0.8233173076923077 0.20072115384615385 0.0625 0.07451923076923077
0 0.12620192307692307 0.6165865384615384 0.11778846153846154 0.12740384615384615
0 0.0829326923076923 0.9699519230769231 0.1658653846153846 0.05889423076923077
0 0.08052884615384616 0.5288461538461539 0.07451923076923077 0.06971153846153846
0 0.4495192307692308 0.9723557692307693 0.05889423076923077 0.052884615384615384
0 0.875 0.6995192307692307 0.057692307692307696 0.078125
0 0.22956730769230768 0.28846153846153844 0.0829326923076923 0.057692307692307696
0 0.018028846153846152 0.234375 0.03485576923076923 0.07572115384615384
0 0.07211538461538461 0.8641826923076923 0.09375 0.04927884615384615
0 0.19831730769230768 0.9266826923076923 0.20192307692307693 0.09615384615384616
0 0.8834134615384616 0.9038461538461539 0.07932692307692307 0.0625
0 0.9459134615384616 0.34375 0.10576923076923077 0.06971153846153846
0 0.019230769230769232 0.10096153846153846 0.038461538461538464 0.057692307692307696
0 0.5889423076923077 0.019230769230769232 0.15384615384615385 0.038461538461538464
0 0.39302884615384615 0.25 0.055288461538461536 0.06971153846153846
0 0.7776442307692307 0.9146634615384616 0.07091346153846154 0.06009615384615385
0 0.29927884615384615 0.9723557692307693 0.12259615384615384 0.054086538461538464
0 0.15384615384615385 0.11298076923076923 0.08052884615384616 0.09134615384615384
0 0.140625 0.5228365384615384 0.10096153846153846 0.09735576923076923
0 0.20192307692307693 0.6850961538461539 0.055288461538461536 0.04927884615384615
0 0.10096153846153846 0.7427884615384616 0.09975961538461539 0.09014423076923077
0 0.8954326923076923 0.5120192307692307 0.06971153846153846 0.05889423076923077
0 0.2776442307692308 0.26322115384615385 0.0889423076923077 0.07572115384615384
0 0.6923076923076923 0.6622596153846154 0.09615384615384616 0.055288461538461536
0 0.8966346153846154 0.030048076923076924 0.07091346153846154 0.06009615384615385
0 0.8581730769230769 0.3798076923076923 0.09014423076923077 0.06009615384615385
0 0.8064903846153846 0.6923076923076923 0.08413461538461539 0.09375
0 0.8365384615384616 0.4963942307692308 0.07572115384615384 0.06490384615384616
0 0.2439903846153846 0.3954326923076923 0.08052884615384616 0.0829326923076923
0 0.5432692307692307 0.29086538461538464 0.09615384615384616 0.07572115384615384
0 0.734375 0.703125 0.10817307692307693 0.05889423076923077
0 0.6947115384615384 0.03125 0.10096153846153846 0.06009615384615385
0 0.8653846153846154 0.6201923076923077 0.06850961538461539 0.07091346153846154
0 0.02403846153846154 0.46634615384615385 0.04807692307692308 0.10336538461538461