0 0.3317307692307692 0.53125 0.039663461538461536 0.038461538461538464
0 0.7019230769230769 0.9362980769230769 0.04807692307692308 0.03125
0 0.8689903846153846 0.8557692307692307 0.08653846153846154 0.03365384615384615
0 0.8858173076923077 0.421875 0.04447115384615385 0.052884615384615384
0 0.9579326923076923 0.5516826923076923 0.03365384615384615 0.04567307692307692
0 0.09615384615384616 0.06129807692307692 0.10576923076923077 0.06009615384615385
0 0.5576923076923077 0.4963942307692308 0.06129807692307692 0.04447115384615385
0 0.04447115384615385 0.6622596153846154 0.05889423076923077 0.039663461538461536
0 0.7920673076923077 0.4206730769230769 0.07572115384615384 0.06490384615384616
0 0.38341346153846156 0.6875 0.04326923076923077 0.042067307692307696
0 0.10817307692307693 0.43028846153846156 0.06971153846153846 0.03125
0 0.11057692307692307 0.015625 0.06490384615384616 0.03125
0 0.8870192307692307 0.703125 0.0625 0.04447115384615385
0 0.9435096153846154 0.3737980769230769 0.04447115384615385 0.03245192307692308
0 0.8617788461538461 0.5168269230769231 0.055288461538461536 0.03125
0 0.8677884615384616 0.484375 0.042067307692307696 0.038461538461538464
0 0.7223557692307693 0.5420673076923077 0.037259615384615384 0.054086538461538464
0 0.6033653846153846 0.3233173076923077 0.0733173076923077 0.03365384615384615
0 0.3798076923076923 0.6670673076923077 0.03125 0.06009615384615385
0 0.10336538461538461 0.6213942307692307 0.06009615384615385 0.040865384615384616
0 0.8665865384615384 0.5685096153846154 0.028846153846153848 0.06610576923076923
0 0.22956730769230768 0.5769230769230769 0.078125 0.03365384615384615
0 0.03365384615384615 0.6201923076923077 0.06490384615384616 0.027644230769230768
0 0.5 0.6850961538461539 0.055288461538461536 0.057692307692307696
0 0.9350961538461539 0.6274038461538461 0.03485576923076923 0.04326923076923077
0 0.21394230769230768 0.08533653846153846 0.09615384615384616 0.07572115384615384
0 0.3173076923076923 0.4567307692307692 0.06971153846153846 0.04927884615384615
0 0.07572115384615384 0.40865384615384615 0.0673076923076923 0.05048076923076923
0 0.32572115384615385 0.9122596153846154 0.06850961538461539 0.028846153846153848
0 0.18509615384615385 0.05889423076923077 0.03245192307692308 0.07932692307692307
0 0.5492788461538461 0.6009615384615384 0.04447115384615385 0.038461538461538464
0 0.18990384615384615 0.5456730769230769 0.09735576923076923 0.039663461538461536
0 0.4579326923076923 0.5709134615384616 0.06610576923076923 0.038461538461538464
0 0.19110576923076922 0.6141826923076923 0.055288461538461536 0.02283653846153846
0 0.1141826923076923 0.7139423076923077 0.07932692307692307 0.02403846153846154
0 0.1778846153846154 0.8545673076923077 0.08052884615384616 0.06490384615384616
0 0.9014423076923077 0.9447115384615384 0.06009615384615385 0.03485576923076923
0 0.38461538461538464 0.14543269230769232 0.04326923076923077 0.04807692307692308
0 0.46634615384615385 0.7644230769230769 0.051682692307692304 0.06009615384615385
0 0.0889423076923077 0.3317307692307692 0.09134615384615384 0.04326923076923077
0 0.5576923076923077 0.9543269230769231 0.07932692307692307 0.039663461538461536
0 0.12379807692307693 0.8461538461538461 0.08052884615384616 0.03485576923076923
0 0.6358173076923077 0.8076923076923077 0.038461538461538464 0.03365384615384615
0 0.4098557692307692 0.47716346153846156 0.08774038461538461 0.03365384615384615
0 0.15264423076923078 0.46153846153846156 0.0673076923076923 0.02283653846153846
0 0.2764423076923077 0.06009615384615385 0.07692307692307693 0.028846153846153848
0 0.5084134615384616 0.8918269230769231 0.036057692307692304 0.04447115384615385
0 0.8185096153846154 0.45913461538461536 0.03365384615384615 0.025240384615384616
0 0.42427884615384615 0.5805288461538461 0.046875 0.038461538461538464
0 0.3317307692307692 0.9855769230769231 0.06971153846153846 0.026442307692307692
0 0.17548076923076922 0.4375 0.06490384615384616 0.028846153846153848
0 0.4050480769230769 0.9759615384615384 0.06971153846153846 0.046875
0 0.7115384615384616 0.7091346153846154 0.04927884615384615 0.06850961538461539
0 0.7007211538461539 0.5961538461538461 0.06850961538461539 0.03125
0 0.7608173076923077 0.9350961538461539 0.036057692307692304 0.037259615384615384
0 0.45552884615384615 0.9555288461538461 0.07932692307692307 0.07211538461538461
0 0.890625 0.3545673076923077 0.07692307692307693 0.06971153846153846
0 0.9819711538461539 0.5048076923076923 0.03125 0.04927884615384615
0 0.5733173076923077 0.06490384615384616 0.06971153846153846 0.04927884615384615
0 0.7596153846153846 0.9002403846153846 0.07211538461538461 0.04447115384615385
0 0.8509615384615384 0.3173076923076923 0.038461538461538464 0.04447115384615385
0 0.1778846153846154 0.3269230769230769 0.08774038461538461 0.07572115384615384
0 0.9411057692307693 0.3269230769230769 0.03365384615384615 0.027644230769230768
0 0.17668269230769232 0.6358173076923077 0.06129807692307692 0.03125
0 0.026442307692307692 0.9134615384615384 0.05048076923076923 0.054086538461538464
0 0.27283653846153844 0.40865384615384615 0.057692307692307696 0.025240384615384616
0 0.18269230769230768 0.9819711538461539 0.04927884615384615 0.03365384615384615
0 0.03125 0.16826923076923078 0.06129807692307692 0.028846153846153848
0 0.5564903846153846 0.5480769230769231 0.11778846153846154 0.055288461538461536