0 0.296875 0.15625 0.12259615384615384 0.13341346153846154
0 0.40384615384615385 0.9807692307692307 0.09975961538461539 0.037259615384615384
0 0.07572115384615384 0.7668269230769231 0.078125 0.17548076923076922
0 0.1875 0.8353365384615384 0.12620192307692307 0.20552884615384615
0 0.34615384615384615 0.9026442307692307 0.08173076923076923 0.1045673076923077
0 0.19110576923076922 0.7331730769230769 0.09375 0.1502403846153846
0 0.5817307692307693 0.6009615384615384 0.22596153846153846 0.13942307692307693
0 0.6358173076923077 0.6694711538461539 0.13701923076923078 0.12740384615384615
0 0.9110576923076923 0.75 0.140625 0.1310096153846154
0 0.7127403846153846 0.45072115384615385 0.11778846153846154 0.109375
0 0.9639423076923077 0.9194711538461539 0.06971153846153846 0.15865384615384615
0 0.9627403846153846 0.35096153846153844 0.0733173076923077 0.17427884615384615
0 0.7355769230769231 0.5985576923076923 0.1141826923076923 0.10817307692307693
0 0.09134615384615384 0.8930288461538461 0.10096153846153846 0.12740384615384615
0 0.038461538461538464 0.8641826923076923 0.07692307692307693 0.12740384615384615
0 0.8305288461538461 0.30528846153846156 0.13221153846153846 0.19951923076923078
0 0.765625 0.8762019230769231 0.1045673076923077 0.20192307692307693
0 0.5060096153846154 0.09615384615384616 0.08052884615384616 0.18629807692307693
0 0.19951923076923078 0.9194711538461539 0.14783653846153846 0.15625
0 0.9555288461538461 0.15985576923076922 0.08653846153846154 0.13942307692307693
0 0.8473557692307693 0.9302884615384616 0.12980769230769232 0.13822115384615385
0 0.7860576923076923 0.6610576923076923 0.10216346153846154 0.22956730769230768
0 0.21754807692307693 0.9423076923076923 0.14543269230769232 0.1141826923076923
0 0.054086538461538464 0.18509615384615385 0.10697115384615384 0.15504807692307693
0 0.22956730769230768 0.36177884615384615 0.1141826923076923 0.16826923076923078
0 0.3425480769230769 0.36538461538461536 0.08653846153846154 0.20793269230769232
0 0.3173076923076923 0.75 0.1201923076923077 0.11177884615384616
0 0.7572115384615384 0.3629807692307692 0.12620192307692307 0.11057692307692307
0 0.25240384615384615 0.021634615384615384 0.10096153846153846 0.04326923076923077
0 0.8569711538461539 0.109375 0.08653846153846154 0.15144230769230768
0 0.46875 0.6550480769230769 0.10817307692307693 0.2704326923076923
0 0.5456730769230769 0.3954326923076923 0.171875 0.19951923076923078
0 0.8389423076923077 0.19471153846153846 0.19230769230769232 0.1935096153846154