0 0.046875 0.20432692307692307 0.09254807692307693 0.078125
0 0.3918269230769231 0.7524038461538461 0.10096153846153846 0.05048076923076923
0 0.5829326923076923 0.296875 0.09615384615384616 0.04927884615384615
0 0.2764423076923077 0.9579326923076923 0.12259615384615384 0.07692307692307693
0 0.7427884615384616 0.6478365384615384 0.06490384615384616 0.057692307692307696
0 0.7427884615384616 0.12259615384615384 0.08413461538461539 0.06610576923076923
0 0.4423076923076923 0.7127403846153846 0.12980769230769232 0.0625
0 0.484375 0.9855769230769231 0.09615384615384616 0.027644230769230768
0 0.8834134615384616 0.8004807692307693 0.15384615384615385 0.08173076923076923
0 0.546875 0.06370192307692307 0.10096153846153846 0.07211538461538461
0 0.47596153846153844 0.8677884615384616 0.13822115384615385 0.0625
0 0.8798076923076923 0.8870192307692307 0.11538461538461539 0.06490384615384616
0 0.44350961538461536 0.2620192307692308 0.11298076923076923 0.09495192307692307
0 0.875 0.5649038461538461 0.1045673076923077 0.039663461538461536
0 0.8990384615384616 0.12980769230769232 0.08653846153846154 0.052884615384615384
0 0.43149038461538464 0.38461538461538464 0.11778846153846154 0.08173076923076923
0 0.4254807692307692 0.5384615384615384 0.08774038461538461 0.0673076923076923
0 0.9663461538461539 0.5396634615384616 0.06610576923076923 0.03365384615384615
0 0.3629807692307692 0.06490384615384616 0.1045673076923077 0.08774038461538461
0 0.7548076923076923 0.7824519230769231 0.08413461538461539 0.054086538461538464
0 0.21754807692307693 0.5901442307692307 0.052884615384615384 0.07451923076923077
0 0.65625 0.9134615384615384 0.11057692307692307 0.0673076923076923
0 0.20432692307692307 0.6658653846153846 0.11057692307692307 0.0625
0 0.8641826923076923 0.7043269230769231 0.04447115384615385 0.027644230769230768
0 0.7319711538461539 0.42427884615384615 0.09014423076923077 0.039663461538461536
0 0.5 0.18028846153846154 0.1141826923076923 0.125
0 0.24519230769230768 0.4879807692307692 0.06610576923076923 0.05048076923076923
0 0.8365384615384616 0.3737980769230769 0.08774038461538461 0.03245192307692308
0 0.06850961538461539 0.10216346153846154 0.13701923076923078 0.08533653846153846
0 0.5709134615384616 0.5144230769230769 0.09254807692307693 0.09615384615384616
0 0.4831730769230769 0.3389423076923077 0.054086538461538464 0.0733173076923077
0 0.6045673076923077 0.5757211538461539 0.10697115384615384 0.04326923076923077
0 0.6021634615384616 0.12620192307692307 0.17427884615384615 0.12740384615384615
0 0.4338942307692308 0.9254807692307693 0.08533653846153846 0.04326923076923077
0 0.8834134615384616 0.9507211538461539 0.1045673076923077 0.05048076923076923
0 0.9074519230769231 0.40384615384615385 0.09735576923076923 0.07211538461538461
0 0.15625 0.8389423076923077 0.08533653846153846 0.08653846153846154
0 0.3293269230769231 0.26322115384615385 0.06370192307692307 0.04927884615384615
0 0.9230769230769231 0.7415865384615384 0.12740384615384615 0.030048076923076924
0 0.8509615384615384 0.1141826923076923 0.07451923076923077 0.08413461538461539
0 0.6298076923076923 0.9867788461538461 0.06971153846153846 0.025240384615384616
0 0.7211538461538461 0.5084134615384616 0.12259615384615384 0.06490384615384616
0 0.7379807692307693 0.5757211538461539 0.10697115384615384 0.06490384615384616