0 0.4182692307692308 0.010817307692307692 0.06009615384615385 0.020432692307692308
0 0.26322115384615385 0.43990384615384615 0.125 0.11298076923076923
0 0.7956730769230769 0.08173076923076923 0.12860576923076922 0.140625
0 0.37259615384615385 0.3798076923076923 0.07451923076923077 0.07692307692307693
0 0.7463942307692307 0.5685096153846154 0.08653846153846154 0.08173076923076923
0 0.7175480769230769 0.9759615384615384 0.07572115384615384 0.046875
0 0.036057692307692304 0.6237980769230769 0.06850961538461539 0.08653846153846154
0 0.7283653846153846 0.2536057692307692 0.12860576923076922 0.14783653846153846
0 0.28846153846153844 0.11538461538461539 0.05889423076923077 0.06490384615384616
0 0.24639423076923078 0.5889423076923077 0.06129807692307692 0.07091346153846154
0 0.5048076923076923 0.5913461538461539 0.09615384615384616 0.07572115384615384
0 0.18269230769230768 0.20673076923076922 0.0625 0.07692307692307693
0 0.9723557692307693 0.8112980769230769 0.052884615384615384 0.09254807692307693
0 0.13221153846153846 0.33774038461538464 0.09975961538461539 0.06610576923076923
0 0.07451923076923077 0.9098557692307693 0.09375 0.11177884615384616
0 0.9735576923076923 0.019230769230769232 0.05048076923076923 0.038461538461538464
0 0.7596153846153846 0.7331730769230769 0.051682692307692304 0.0829326923076923
0 0.5180288461538461 0.07091346153846154 0.04567307692307692 0.04927884615384615
0 0.9855769230769231 0.9519230769230769 0.027644230769230768 0.09375
0 0.7199519230769231 0.8810096153846154 0.08774038461538461 0.09014423076923077
0 0.25240384615384615 0.5216346153846154 0.04807692307692308 0.04807692307692308
0 0.41225961538461536 0.5396634615384616 0.06490384615384616 0.07211538461538461
0 0.203125 0.09134615384615384 0.06009615384615385 0.07451923076923077
0 0.7800480769230769 0.7247596153846154 0.0829326923076923 0.05889423076923077
0 0.30408653846153844 0.24158653846153846 0.05889423076923077 0.078125
0 0.19831730769230768 0.9759615384615384 0.09134615384615384 0.046875
0 0.5408653846153846 0.2704326923076923 0.1045673076923077 0.055288461538461536
0 0.47596153846153844 0.1346153846153846 0.08653846153846154 0.07572115384615384
0 0.02403846153846154 0.12620192307692307 0.04807692307692308 0.0985576923076923
0 0.4963942307692308 0.7139423076923077 0.07572115384615384 0.06971153846153846
0 0.09615384615384616 0.010817307692307692 0.07091346153846154 0.021634615384615384
0 0.8737980769230769 0.49038461538461536 0.07932692307692307 0.09615384615384616