0 0.6766826923076923 0.6634615384615384 0.09615384615384616 0.04447115384615385
0 0.8545673076923077 0.4338942307692308 0.038461538461538464 0.046875
0 0.6790865384615384 0.38221153846153844 0.07451923076923077 0.052884615384615384
0 0.78125 0.4891826923076923 0.04927884615384615 0.04927884615384615
0 0.40865384615384615 0.3798076923076923 0.06850961538461539 0.036057692307692304
0 0.2692307692307692 0.5985576923076923 0.0733173076923077 0.03365384615384615
0 0.3798076923076923 0.6442307692307693 0.06129807692307692 0.028846153846153848
0 0.28365384615384615 0.6490384615384616 0.04927884615384615 0.028846153846153848
0 0.33413461538461536 0.6358173076923077 0.042067307692307696 0.030048076923076924
0 0.12259615384615384 0.41466346153846156 0.03485576923076923 0.06490384615384616
0 0.13822115384615385 0.5384615384615384 0.021634615384615384 0.028846153846153848
0 0.7463942307692307 0.7836538461538461 0.0673076923076923 0.03365384615384615
0 0.6706730769230769 0.8233173076923077 0.052884615384615384 0.046875
0 0.9795673076923077 0.15625 0.02283653846153846 0.028846153846153848
0 0.9855769230769231 0.25721153846153844 0.026442307692307692 0.03365384615384615
0 0.9110576923076923 0.1310096153846154 0.07211538461538461 0.038461538461538464
0 0.9375 0.18509615384615385 0.04447115384615385 0.046875
0 0.7211538461538461 0.11658653846153846 0.06850961538461539 0.037259615384615384
0 0.4891826923076923 0.046875 0.06129807692307692 0.04807692307692308
0 0.37259615384615385 0.10336538461538461 0.07572115384615384 0.05889423076923077
0 0.35096153846153844 0.13822115384615385 0.07091346153846154 0.038461538461538464
0 0.4675480769230769 0.23197115384615385 0.03485576923076923 0.030048076923076924
0 0.5192307692307693 0.23076923076923078 0.04447115384615385 0.030048076923076924
0 0.40625 0.26802884615384615 0.042067307692307696 0.014423076923076924
0 0.3762019230769231 0.3125 0.0625 0.03365384615384615
0 0.2848557692307692 0.014423076923076924 0.056490384615384616 0.028846153846153848
0 0.6177884615384616 0.016826923076923076 0.055288461538461536 0.028846153846153848
0 0.14903846153846154 0.040865384615384616 0.07211538461538461 0.051682692307692304
0 0.015625 0.2860576923076923 0.03125 0.04807692307692308
0 0.8966346153846154 0.6141826923076923 0.02403846153846154 0.06129807692307692
0 0.9879807692307693 0.7944711538461539 0.021634615384615384 0.05889423076923077
0 0.9387019230769231 0.8954326923076923 0.04326923076923077 0.051682692307692304
0 0.8521634615384616 0.8930288461538461 0.03365384615384615 0.0733173076923077
0 0.5144230769230769 0.9447115384615384 0.03365384615384615 0.03365384615384615
0 0.34134615384615385 0.8473557692307693 0.06370192307692307 0.0625
0 0.020432692307692308 0.9134615384615384 0.040865384615384616 0.039663461538461536
0 0.014423076923076924 0.7415865384615384 0.028846153846153848 0.06009615384615385
0 0.109375 0.7908653846153846 0.021634615384615384 0.039663461538461536
0 0.016826923076923076 0.578125 0.03365384615384615 0.018028846153846152
0 0.21634615384615385 0.010817307692307692 0.03365384615384615 0.018028846153846152
0 0.28125 0.6274038461538461 0.06009615384615385 0.027644230769230768
0 0.39302884615384615 0.6213942307692307 0.04447115384615385 0.03485576923076923
0 0.38221153846153844 0.9795673076923077 0.04447115384615385 0.038461538461538464
0 0.36658653846153844 0.5132211538461539 0.054086538461538464 0.027644230769230768