0 0.054086538461538464 0.0733173076923077 0.10817307692307693 0.0889423076923077
0 0.4951923076923077 0.6237980769230769 0.10576923076923077 0.04326923076923077
0 0.5384615384615384 0.45552884615384615 0.1971153846153846 0.05048076923076923
0 0.5985576923076923 0.6225961538461539 0.038461538461538464 0.038461538461538464
0 0.054086538461538464 0.7608173076923077 0.08653846153846154 0.11778846153846154
0 0.34615384615384615 0.9711538461538461 0.19230769230769232 0.056490384615384616
0 0.125 0.7283653846153846 0.11177884615384616 0.10096153846153846
0 0.039663461538461536 0.6430288461538461 0.06971153846153846 0.04447115384615385
0 0.04567307692307692 0.4170673076923077 0.08653846153846154 0.17307692307692307
0 0.7067307692307693 0.7259615384615384 0.10096153846153846 0.04447115384615385
0 0.12139423076923077 0.078125 0.0733173076923077 0.04807692307692308
0 0.039663461538461536 0.8004807692307693 0.07932692307692307 0.038461538461538464
0 0.2644230769230769 0.25 0.20072115384615385 0.16346153846153846
0 0.06490384615384616 0.5216346153846154 0.12379807692307693 0.1045673076923077
0 0.040865384615384616 0.5829326923076923 0.08173076923076923 0.06009615384615385
0 0.28125 0.5540865384615384 0.13822115384615385 0.09975961538461539
0 0.5685096153846154 0.0625 0.18269230769230768 0.0733173076923077
0 0.6021634615384616 0.6610576923076923 0.06610576923076923 0.02403846153846154
0 0.18028846153846154 0.5817307692307693 0.06490384615384616 0.06129807692307692
0 0.5144230769230769 0.10216346153846154 0.1778846153846154 0.14543269230769232
0 0.6358173076923077 0.9038461538461539 0.08052884615384616 0.06370192307692307
0 0.1875 0.9146634615384616 0.06129807692307692 0.16947115384615385
0 0.8882211538461539 0.9567307692307693 0.07211538461538461 0.054086538461538464
0 0.39903846153846156 0.3125 0.10576923076923077 0.09615384615384616
0 0.7572115384615384 0.31009615384615385 0.06370192307692307 0.046875