0 0.5420673076923077 0.3425480769230769 0.0733173076923077 0.078125
0 0.8305288461538461 0.04447115384615385 0.11538461538461539 0.08774038461538461
0 0.4879807692307692 0.8076923076923077 0.0733173076923077 0.09495192307692307
0 0.07451923076923077 0.39302884615384615 0.09254807692307693 0.08052884615384616
0 0.6622596153846154 0.8209134615384616 0.0829326923076923 0.09014423076923077
0 0.8233173076923077 0.33774038461538464 0.07692307692307693 0.07451923076923077
0 0.41346153846153844 0.5084134615384616 0.07932692307692307 0.06610576923076923
0 0.8028846153846154 0.8305288461538461 0.08533653846153846 0.09375
0 0.3641826923076923 0.02403846153846154 0.14543269230769232 0.04807692307692308
0 0.3329326923076923 0.33774038461538464 0.07572115384615384 0.09254807692307693
0 0.8774038461538461 0.78125 0.140625 0.14302884615384615
0 0.11658653846153846 0.5805288461538461 0.10216346153846154 0.09615384615384616
0 0.6225961538461539 0.578125 0.078125 0.08052884615384616
0 0.6646634615384616 0.9591346153846154 0.09134615384615384 0.08052884615384616
0 0.6586538461538461 0.6670673076923077 0.08413461538461539 0.07091346153846154
0 0.3088942307692308 0.42788461538461536 0.0889423076923077 0.09495192307692307
0 0.4375 0.4098557692307692 0.08653846153846154 0.0829326923076923
0 0.9326923076923077 0.6923076923076923 0.0673076923076923 0.07091346153846154
0 0.8485576923076923 0.5901442307692307 0.10216346153846154 0.09615384615384616
0 0.18509615384615385 0.3137019230769231 0.10576923076923077 0.11177884615384616
0 0.7536057692307693 0.7572115384615384 0.10697115384615384 0.08052884615384616
0 0.7307692307692307 0.5793269230769231 0.09254807692307693 0.08413461538461539
0 0.026442307692307692 0.4170673076923077 0.052884615384615384 0.06971153846153846
0 0.71875 0.4543269230769231 0.0985576923076923 0.12259615384615384
0 0.9290865384615384 0.375 0.13341346153846154 0.08533653846153846
0 0.037259615384615384 0.2776442307692308 0.07451923076923077 0.06009615384615385
0 0.24278846153846154 0.49399038461538464 0.10096153846153846 0.0829326923076923
0 0.36177884615384615 0.8858173076923077 0.08653846153846154 0.11177884615384616
0 0.16706730769230768 0.7980769230769231 0.06971153846153846 0.09495192307692307