0 0.052884615384615384 0.5805288461538461 0.10576923076923077 0.08413461538461539
0 0.6862980769230769 0.9555288461538461 0.109375 0.08774038461538461
0 0.33533653846153844 0.29927884615384615 0.08653846153846154 0.055288461538461536
0 0.03485576923076923 0.030048076923076924 0.06971153846153846 0.06009615384615385
0 0.9362980769230769 0.19230769230769232 0.12620192307692307 0.054086538461538464
0 0.9014423076923077 0.59375 0.17427884615384615 0.07451923076923077
0 0.34975961538461536 0.3425480769230769 0.10216346153846154 0.08173076923076923
0 0.24519230769230768 0.8197115384615384 0.11177884615384616 0.06009615384615385
0 0.3317307692307692 0.0733173076923077 0.057692307692307696 0.09495192307692307
0 0.8016826923076923 0.96875 0.08653846153846154 0.06129807692307692
0 0.6430288461538461 0.7391826923076923 0.15865384615384615 0.07932692307692307
0 0.9254807692307693 0.38100961538461536 0.07572115384615384 0.16466346153846154
0 0.6274038461538461 0.05048076923076923 0.10096153846153846 0.07932692307692307
0 0.4855769230769231 0.27403846153846156 0.052884615384615384 0.06490384615384616
0 0.9278846153846154 0.171875 0.14182692307692307 0.054086538461538464
0 0.9615384615384616 0.1045673076923077 0.06850961538461539 0.07692307692307693
0 0.7548076923076923 0.5769230769230769 0.10216346153846154 0.057692307692307696
0 0.6009615384615384 0.6983173076923077 0.057692307692307696 0.052884615384615384
0 0.2764423076923077 0.8990384615384616 0.06610576923076923 0.10576923076923077
0 0.23918269230769232 0.31850961538461536 0.07932692307692307 0.07692307692307693
0 0.8641826923076923 0.8173076923076923 0.1466346153846154 0.15504807692307693
0 0.6538461538461539 0.47115384615384615 0.12139423076923077 0.12379807692307693
0 0.578125 0.3016826923076923 0.12860576923076922 0.15865384615384615
0 0.056490384615384616 0.35336538461538464 0.06850961538461539 0.06490384615384616
0 0.7115384615384616 0.22956730769230768 0.0733173076923077 0.08052884615384616
0 0.47836538461538464 0.5552884615384616 0.04927884615384615 0.05048076923076923
0 0.2704326923076923 0.7608173076923077 0.08052884615384616 0.040865384615384616
0 0.9507211538461539 0.6814903846153846 0.038461538461538464 0.0733173076923077
0 0.9338942307692307 0.4891826923076923 0.12980769230769232 0.12379807692307693
0 0.20192307692307693 0.5048076923076923 0.07572115384615384 0.06129807692307692
0 0.44591346153846156 0.140625 0.0733173076923077 0.09134615384615384
0 0.7584134615384616 0.31490384615384615 0.0733173076923077 0.08533653846153846
0 0.47475961538461536 0.7980769230769231 0.06129807692307692 0.1466346153846154
0 0.7199519230769231 0.39783653846153844 0.11899038461538461 0.12379807692307693
0 0.046875 0.12139423076923077 0.08052884615384616 0.10697115384615384
0 0.4891826923076923 0.1201923076923077 0.06370192307692307 0.07932692307692307
0 0.41346153846153844 0.5504807692307693 0.05048076923076923 0.10697115384615384
0 0.41947115384615385 0.875 0.051682692307692304 0.09495192307692307
0 0.29447115384615385 0.5600961538461539 0.1814903846153846 0.1658653846153846
0 0.26802884615384615 0.07572115384615384 0.09134615384615384 0.13221153846153846
0 0.7896634615384616 0.9302884615384616 0.06009615384615385 0.04326923076923077
0 0.38461538461538464 0.06129807692307692 0.07572115384615384 0.12259615384615384
0 0.9170673076923077 0.6274038461538461 0.11177884615384616 0.06009615384615385
0 0.234375 0.6514423076923077 0.07572115384615384 0.12740384615384615
0 0.7944711538461539 0.6418269230769231 0.13701923076923078 0.08052884615384616
0 0.36658653846153844 0.22355769230769232 0.12139423076923077 0.09134615384615384
0 0.8149038461538461 0.828125 0.09014423076923077 0.11177884615384616