0 0.9122596153846154 0.16826923076923078 0.07091346153846154 0.03125
0 0.6177884615384616 0.03125 0.04326923076923077 0.055288461538461536
0 0.5444711538461539 0.028846153846153848 0.025240384615384616 0.03485576923076923
0 0.5360576923076923 0.078125 0.03125 0.030048076923076924
0 0.5612980769230769 0.11778846153846154 0.054086538461538464 0.07572115384615384
0 0.6033653846153846 0.1875 0.037259615384615384 0.052884615384615384
0 0.5745192307692307 0.16947115384615385 0.03365384615384615 0.06971153846153846
0 0.5252403846153846 0.26802884615384615 0.08653846153846154 0.06009615384615385
0 0.4831730769230769 0.30288461538461536 0.056490384615384616 0.05889423076923077
0 0.5108173076923077 0.32211538461538464 0.046875 0.03365384615384615
0 0.6105769230769231 0.3293269230769231 0.036057692307692304 0.039663461538461536
0 0.984375 0.1346153846153846 0.028846153846153848 0.052884615384615384
0 0.2608173076923077 0.38100961538461536 0.07572115384615384 0.04447115384615385
0 0.9254807692307693 0.35697115384615385 0.11658653846153846 0.05889423076923077
0 0.6322115384615384 0.4206730769230769 0.052884615384615384 0.07451923076923077
0 0.9867788461538461 0.45552884615384615 0.025240384615384616 0.04447115384615385
0 0.8762019230769231 0.4891826923076923 0.08533653846153846 0.09615384615384616
0 0.42788461538461536 0.5144230769230769 0.054086538461538464 0.03485576923076923
0 0.47836538461538464 0.5228365384615384 0.052884615384615384 0.09014423076923077
0 0.9423076923076923 0.6850961538461539 0.037259615384615384 0.03245192307692308
0 0.7163461538461539 0.7776442307692307 0.12860576923076922 0.18028846153846154
0 0.453125 0.84375 0.04807692307692308 0.039663461538461536
0 0.5180288461538461 0.8882211538461539 0.06971153846153846 0.054086538461538464
0 0.39903846153846156 0.9807692307692307 0.11177884615384616 0.036057692307692304
0 0.8810096153846154 0.9603365384615384 0.04326923076923077 0.038461538461538464
0 0.9495192307692307 0.9146634615384616 0.04447115384615385 0.04807692307692308
0 0.9326923076923077 0.8701923076923077 0.038461538461538464 0.038461538461538464
0 0.5024038461538461 0.7163461538461539 0.040865384615384616 0.03365384615384615
0 0.4963942307692308 0.7716346153846154 0.054086538461538464 0.028846153846153848
0 0.07572115384615384 0.9206730769230769 0.030048076923076924 0.036057692307692304
0 0.036057692307692304 0.9591346153846154 0.038461538461538464 0.04807692307692308
0 0.014423076923076924 0.6742788461538461 0.028846153846153848 0.025240384615384616
0 0.03485576923076923 0.7620192307692307 0.06971153846153846 0.07932692307692307
0 0.036057692307692304 0.6237980769230769 0.07091346153846154 0.03125
0 0.10697115384615384 0.5 0.036057692307692304 0.03485576923076923
0 0.078125 0.3545673076923077 0.0625 0.019230769230769232
0 0.08173076923076923 0.36778846153846156 0.04807692307692308 0.027644230769230768
0 0.10817307692307693 0.11778846153846154 0.07932692307692307 0.04326923076923077
0 0.17908653846153846 0.11899038461538461 0.038461538461538464 0.030048076923076924
0 0.038461538461538464 0.8064903846153846 0.046875 0.038461538461538464
0 0.008413461538461538 0.21153846153846154 0.016826923076923076 0.0625
0 0.9387019230769231 0.4987980769230769 0.03245192307692308 0.036057692307692304