0 0.3485576923076923 0.8161057692307693 0.057692307692307696 0.030048076923076924
0 0.30528846153846156 0.25721153846153844 0.046875 0.03365384615384615
0 0.5456730769230769 0.19951923076923078 0.08173076923076923 0.0673076923076923
0 0.6550480769230769 0.1778846153846154 0.06490384615384616 0.028846153846153848
0 0.6454326923076923 0.09975961538461539 0.0889423076923077 0.08774038461538461
0 0.6850961538461539 0.2764423076923077 0.09975961538461539 0.03485576923076923
0 0.8197115384615384 0.33653846153846156 0.10336538461538461 0.028846153846153848
0 0.5492788461538461 0.44471153846153844 0.046875 0.046875
0 0.5829326923076923 0.5204326923076923 0.07451923076923077 0.036057692307692304
0 0.31009615384615385 0.32091346153846156 0.06971153846153846 0.02283653846153846
0 0.15745192307692307 0.328125 0.06009615384615385 0.054086538461538464
0 0.1935096153846154 0.14903846153846154 0.026442307692307692 0.018028846153846152
0 0.2620192307692308 0.14302884615384615 0.028846153846153848 0.052884615384615384
0 0.34975961538461536 0.26802884615384615 0.038461538461538464 0.055288461538461536
0 0.4567307692307692 0.10817307692307693 0.04447115384615385 0.12740384615384615
0 0.5853365384615384 0.025240384615384616 0.06850961538461539 0.04927884615384615
0 0.5228365384615384 0.5793269230769231 0.04326923076923077 0.040865384615384616
0 0.609375 0.6177884615384616 0.08774038461538461 0.07451923076923077
0 0.6009615384615384 0.6947115384615384 0.038461538461538464 0.06009615384615385
0 0.7908653846153846 0.7295673076923077 0.09254807692307693 0.06129807692307692
0 0.5168269230769231 0.7992788461538461 0.04326923076923077 0.046875
0 0.5697115384615384 0.8149038461538461 0.06490384615384616 0.052884615384615384
0 0.6586538461538461 0.8810096153846154 0.09014423076923077 0.04927884615384615
0 0.5745192307692307 0.9543269230769231 0.04927884615384615 0.05048076923076923
0 0.3713942307692308 0.7548076923076923 0.027644230769230768 0.04447115384615385
0 0.27403846153846156 0.8521634615384616 0.046875 0.1045673076923077
0 0.34975961538461536 0.9579326923076923 0.038461538461538464 0.0829326923076923
0 0.2536057692307692 0.515625 0.039663461538461536 0.04447115384615385
0 0.29447115384615385 0.4987980769230769 0.039663461538461536 0.039663461538461536
0 0.6057692307692307 0.5637019230769231 0.042067307692307696 0.025240384615384616
0 0.43990384615384615 0.9915865384615384 0.028846153846153848 0.014423076923076924
0 0.49399038461538464 0.34134615384615385 0.039663461538461536 0.07451923076923077
0 0.32091346153846156 0.5396634615384616 0.03365384615384615 0.05048076923076923
0 0.34615384615384615 0.5637019230769231 0.028846153846153848 0.030048076923076924
0 0.36177884615384615 0.6177884615384616 0.03245192307692308 0.036057692307692304
0 0.39783653846153844 0.6490384615384616 0.042067307692307696 0.04927884615384615