0 0.03125 0.036057692307692304 0.06129807692307692 0.07211538461538461
0 0.40024038461538464 0.13701923076923078 0.17067307692307693 0.08413461538461539
0 0.7271634615384616 0.015625 0.1310096153846154 0.03125
0 0.6971153846153846 0.09975961538461539 0.203125 0.11538461538461539
0 0.9639423076923077 0.13822115384615385 0.06971153846153846 0.1778846153846154
0 0.06490384615384616 0.23557692307692307 0.07932692307692307 0.021634615384615384
0 0.9495192307692307 0.04326923076923077 0.057692307692307696 0.08653846153846154
0 0.4387019230769231 0.33653846153846156 0.055288461538461536 0.15865384615384615
0 0.8846153846153846 0.3125 0.04447115384615385 0.14182692307692307
0 0.8677884615384616 0.4326923076923077 0.025240384615384616 0.07211538461538461
0 0.39302884615384615 0.34375 0.02283653846153846 0.03485576923076923
0 0.038461538461538464 0.5336538461538461 0.07572115384615384 0.09375
0 0.1622596153846154 0.41466346153846156 0.036057692307692304 0.036057692307692304
0 0.16105769230769232 0.5096153846153846 0.10697115384615384 0.09615384615384616
0 0.013221153846153846 0.4483173076923077 0.025240384615384616 0.038461538461538464
0 0.15264423076923078 0.5120192307692307 0.0985576923076923 0.10697115384615384
0 0.22596153846153846 0.5240384615384616 0.06370192307692307 0.0625
0 0.13942307692307693 0.5805288461538461 0.10336538461538461 0.03365384615384615
0 0.7151442307692307 0.75 0.038461538461538464 0.08052884615384616
0 0.5913461538461539 0.6742788461538461 0.030048076923076924 0.09975961538461539
0 0.5745192307692307 0.7367788461538461 0.04927884615384615 0.06009615384615385
0 0.26802884615384615 0.6610576923076923 0.06009615384615385 0.109375
0 0.19471153846153846 0.6694711538461539 0.08052884615384616 0.12259615384615384
0 0.07572115384615384 0.7139423076923077 0.08413461538461539 0.1141826923076923
0 0.6838942307692307 0.6141826923076923 0.04927884615384615 0.10697115384615384
0 0.8173076923076923 0.7079326923076923 0.0889423076923077 0.16466346153846154
0 0.875 0.9675480769230769 0.04447115384615385 0.0625
0 0.9615384615384616 0.9903846153846154 0.038461538461538464 0.018028846153846152
0 0.8725961538461539 0.7836538461538461 0.14543269230769232 0.12740384615384615
0 0.9014423076923077 0.8473557692307693 0.09014423076923077 0.04447115384615385
0 0.6262019230769231 0.875 0.14903846153846154 0.052884615384615384
0 0.43509615384615385 0.8149038461538461 0.16346153846153846 0.06971153846153846
0 0.4074519230769231 0.9182692307692307 0.0625 0.16105769230769232
0 0.2980769230769231 0.9567307692307693 0.051682692307692304 0.08413461538461539
0 0.15384615384615385 0.9711538461538461 0.13701923076923078 0.055288461538461536
0 0.03125 0.9939903846153846 0.03365384615384615 0.010817307692307692
0 0.13581730769230768 0.8798076923076923 0.057692307692307696 0.06370192307692307
0 0.25961538461538464 0.9122596153846154 0.06129807692307692 0.055288461538461536