0 0.6574519230769231 0.59375 0.08653846153846154 0.07572115384615384
0 0.014423076923076924 0.4951923076923077 0.028846153846153848 0.10096153846153846
0 0.90625 0.7019230769230769 0.055288461538461536 0.0829326923076923
0 0.5829326923076923 0.41346153846153844 0.0985576923076923 0.12740384615384615
0 0.8293269230769231 0.27283653846153844 0.06971153846153846 0.109375
0 0.8545673076923077 0.5576923076923077 0.06009615384615385 0.09014423076923077
0 0.78125 0.5757211538461539 0.07091346153846154 0.09735576923076923
0 0.7680288461538461 0.6610576923076923 0.06610576923076923 0.0889423076923077
0 0.9771634615384616 0.7548076923076923 0.04447115384615385 0.0889423076923077
0 0.7572115384615384 0.2692307692307692 0.04807692307692308 0.07451923076923077
0 0.7536057692307693 0.46274038461538464 0.055288461538461536 0.07211538461538461
0 0.8257211538461539 0.04567307692307692 0.07211538461538461 0.06490384615384616