0 0.8822115384615384 0.02283653846153846 0.0733173076923077 0.04447115384615385
0 0.3701923076923077 0.06971153846153846 0.0733173076923077 0.04927884615384615
0 0.14182692307692307 0.13581730769230768 0.07692307692307693 0.06971153846153846
0 0.6225961538461539 0.054086538461538464 0.04927884615384615 0.038461538461538464
0 0.9014423076923077 0.07572115384615384 0.171875 0.057692307692307696
0 0.7235576923076923 0.16105769230769232 0.09495192307692307 0.03365384615384615
0 0.6382211538461539 0.15144230769230768 0.06610576923076923 0.028846153846153848
0 0.6418269230769231 0.4206730769230769 0.06490384615384616 0.03365384615384615
0 0.7199519230769231 0.3942307692307692 0.12620192307692307 0.10096153846153846
0 0.49759615384615385 0.4266826923076923 0.0829326923076923 0.12740384615384615
0 0.39903846153846156 0.40625 0.04326923076923077 0.10817307692307693
0 0.19471153846153846 0.2764423076923077 0.038461538461538464 0.036057692307692304
0 0.234375 0.5012019230769231 0.06971153846153846 0.051682692307692304
0 0.36899038461538464 0.22716346153846154 0.03245192307692308 0.078125
0 0.5360576923076923 0.24519230769230768 0.055288461538461536 0.06129807692307692
0 0.32572115384615385 0.5769230769230769 0.038461538461538464 0.07451923076923077
0 0.90625 0.5733173076923077 0.13942307692307693 0.07211538461538461
0 0.8641826923076923 0.6466346153846154 0.1045673076923077 0.052884615384615384
0 0.828125 0.7055288461538461 0.15625 0.07692307692307693
0 0.9651442307692307 0.6850961538461539 0.06850961538461539 0.08173076923076923
0 0.41346153846153844 0.6634615384615384 0.09134615384615384 0.04807692307692308
0 0.3786057692307692 0.7151442307692307 0.04807692307692308 0.055288461538461536
0 0.038461538461538464 0.7175480769230769 0.07692307692307693 0.04567307692307692
0 0.0985576923076923 0.7536057692307693 0.1310096153846154 0.025240384615384616
0 0.19951923076923078 0.9411057692307693 0.06009615384615385 0.038461538461538464
0 0.3557692307692308 0.9459134615384616 0.03365384615384615 0.10216346153846154
0 0.3954326923076923 0.9675480769230769 0.03365384615384615 0.06370192307692307
0 0.5769230769230769 0.875 0.10697115384615384 0.036057692307692304
0 0.7127403846153846 0.8713942307692307 0.07451923076923077 0.028846153846153848
0 0.8569711538461539 0.9350961538461539 0.13822115384615385 0.07572115384615384
0 0.9050480769230769 0.8990384615384616 0.18870192307692307 0.051682692307692304
0 0.6033653846153846 0.6454326923076923 0.03365384615384615 0.057692307692307696
0 0.5637019230769231 0.5949519230769231 0.04447115384615385 0.054086538461538464
0 0.3858173076923077 0.5072115384615384 0.06009615384615385 0.08774038461538461
0 0.43990384615384615 0.38461538461538464 0.027644230769230768 0.06850961538461539
0 0.8100961538461539 0.013221153846153846 0.042067307692307696 0.025240384615384616
0 0.5420673076923077 0.19831730769230768 0.07572115384615384 0.09254807692307693
0 0.9459134615384616 0.2980769230769231 0.10697115384615384 0.055288461538461536
0 0.4026442307692308 0.25 0.06129807692307692 0.07572115384615384
0 0.3329326923076923 0.44471153846153844 0.02283653846153846 0.040865384615384616
0 0.7451923076923077 0.8762019230769231 0.07211538461538461 0.02283653846153846
0 0.5685096153846154 0.9591346153846154 0.04447115384615385 0.037259615384615384