0 0.7956730769230769 0.09975961538461539 0.05048076923076923 0.04567307692307692
0 0.8377403846153846 0.13942307692307693 0.06490384615384616 0.0673076923076923
0 0.8449519230769231 0.45072115384615385 0.109375 0.09254807692307693
0 0.7163461538461539 0.06850961538461539 0.07572115384615384 0.06971153846153846
0 0.30408653846153844 0.8689903846153846 0.0985576923076923 0.07572115384615384
0 0.16947115384615385 0.953125 0.06490384615384616 0.06610576923076923
0 0.2692307692307692 0.9242788461538461 0.12860576923076922 0.09375
0 0.19831730769230768 0.8942307692307693 0.055288461538461536 0.055288461538461536
0 0.5949519230769231 0.5721153846153846 0.06129807692307692 0.04567307692307692
0 0.8461538461538461 0.5168269230769231 0.09375 0.10697115384615384
0 0.2932692307692308 0.11538461538461539 0.0625 0.057692307692307696
0 0.2439903846153846 0.14302884615384615 0.06009615384615385 0.0733173076923077
0 0.5096153846153846 0.5997596153846154 0.06490384615384616 0.06850961538461539
0 0.6346153846153846 0.7956730769230769 0.11057692307692307 0.09134615384615384
0 0.5504807692307693 0.9711538461538461 0.06850961538461539 0.055288461538461536
0 0.9615384615384616 0.49038461538461536 0.07572115384615384 0.0985576923076923
0 0.6826923076923077 0.21033653846153846 0.11177884615384616 0.09975961538461539
0 0.8401442307692307 0.8822115384615384 0.08052884615384616 0.08774038461538461
0 0.32572115384615385 0.44591346153846156 0.06971153846153846 0.09134615384615384
0 0.11899038461538461 0.9002403846153846 0.08413461538461539 0.06971153846153846
0 0.8858173076923077 0.20793269230769232 0.06490384615384616 0.06971153846153846
0 0.7728365384615384 0.5276442307692307 0.057692307692307696 0.06129807692307692
0 0.6935096153846154 0.8341346153846154 0.08413461538461539 0.0889423076923077
0 0.47475961538461536 0.16826923076923078 0.08052884615384616 0.07692307692307693
0 0.7848557692307693 0.9086538461538461 0.08413461538461539 0.06490384615384616
0 0.9663461538461539 0.29927884615384615 0.06490384615384616 0.06370192307692307
0 0.6742788461538461 0.11177884615384616 0.08173076923076923 0.05889423076923077
0 0.9639423076923077 0.22235576923076922 0.05889423076923077 0.04927884615384615
0 0.25961538461538464 0.5637019230769231 0.0625 0.0625
0 0.6370192307692307 0.5252403846153846 0.11177884615384616 0.09134615384615384
0 0.13822115384615385 0.49278846153846156 0.06370192307692307 0.08052884615384616
0 0.9242788461538461 0.8365384615384616 0.08774038461538461 0.08173076923076923
0 0.6538461538461539 0.41346153846153844 0.06971153846153846 0.07572115384615384
0 0.15625 0.8161057692307693 0.15865384615384615 0.06971153846153846
0 0.8461538461538461 0.953125 0.07572115384615384 0.0673076923076923
0 0.9302884615384616 0.052884615384615384 0.10576923076923077 0.10576923076923077
0 0.8545673076923077 0.27403846153846156 0.0625 0.06850961538461539
0 0.6165865384615384 0.3389423076923077 0.05889423076923077 0.07572115384615384
0 0.19230769230769232 0.4735576923076923 0.06370192307692307 0.06129807692307692