0 0.5528846153846154 0.17427884615384615 0.15865384615384615 0.15504807692307693
0 0.20552884615384615 0.296875 0.125 0.15745192307692307
0 0.5973557692307693 0.6009615384615384 0.16346153846153846 0.09975961538461539
0 0.9447115384615384 0.03245192307692308 0.109375 0.0625
0 0.12259615384615384 0.9254807692307693 0.11298076923076923 0.1466346153846154
0 0.6550480769230769 0.7403846153846154 0.10096153846153846 0.17908653846153846
0 0.7524038461538461 0.8569711538461539 0.17427884615384615 0.22956730769230768
0 0.9170673076923077 0.13822115384615385 0.12379807692307693 0.10096153846153846
0 0.5288461538461539 0.8954326923076923 0.11778846153846154 0.140625
0 0.9675480769230769 0.6706730769230769 0.0625 0.14543269230769232
0 0.3004807692307692 0.49038461538461536 0.17908653846153846 0.11177884615384616
0 0.0733173076923077 0.8545673076923077 0.11057692307692307 0.13942307692307693
0 0.1778846153846154 0.3762019230769231 0.14302884615384615 0.09495192307692307
0 0.5144230769230769 0.9711538461538461 0.11658653846153846 0.052884615384615384
0 0.7884615384615384 0.5168269230769231 0.09134615384615384 0.11778846153846154
0 0.6634615384615384 0.03125 0.11298076923076923 0.06009615384615385
0 0.25 0.8930288461538461 0.12259615384615384 0.1814903846153846
0 0.8413461538461539 0.7199519230769231 0.12980769230769232 0.20432692307692307
0 0.8137019230769231 0.38822115384615385 0.0889423076923077 0.09375
0 0.2536057692307692 0.09375 0.21514423076923078 0.1045673076923077