0 0.9290865384615384 0.4375 0.07932692307692307 0.05889423076923077
0 0.796875 0.9266826923076923 0.0733173076923077 0.038461538461538464
0 0.9134615384615384 0.2764423076923077 0.06850961538461539 0.042067307692307696
0 0.15745192307692307 0.5721153846153846 0.06971153846153846 0.04927884615384615
0 0.3858173076923077 0.375 0.08533653846153846 0.06009615384615385
0 0.7800480769230769 0.3401442307692308 0.07572115384615384 0.0625
0 0.13221153846153846 0.046875 0.07091346153846154 0.04447115384615385
0 0.5192307692307693 0.0625 0.04927884615384615 0.03365384615384615
0 0.39663461538461536 0.7632211538461539 0.055288461538461536 0.04567307692307692
0 0.6490384615384616 0.051682692307692304 0.056490384615384616 0.03365384615384615
0 0.2536057692307692 0.6538461538461539 0.0625 0.08052884615384616
0 0.7680288461538461 0.4338942307692308 0.06971153846153846 0.03365384615384615
0 0.8641826923076923 0.75 0.07211538461538461 0.06009615384615385
0 0.6514423076923077 0.2668269230769231 0.042067307692307696 0.028846153846153848
0 0.7752403846153846 0.7932692307692307 0.06971153846153846 0.052884615384615384
0 0.18870192307692307 0.2920673076923077 0.07451923076923077 0.054086538461538464
0 0.36778846153846156 0.5420673076923077 0.0985576923076923 0.04927884615384615
0 0.8353365384615384 0.23918269230769232 0.08774038461538461 0.06009615384615385
0 0.8197115384615384 0.06971153846153846 0.10096153846153846 0.07211538461538461
0 0.30528846153846156 0.7019230769230769 0.078125 0.07211538461538461
0 0.96875 0.328125 0.06009615384615385 0.04567307692307692
0 0.16706730769230768 0.2439903846153846 0.042067307692307696 0.040865384615384616
0 0.6586538461538461 0.41346153846153844 0.0625 0.056490384615384616
0 0.04447115384615385 0.9567307692307693 0.07572115384615384 0.04447115384615385
0 0.0625 0.8954326923076923 0.07572115384615384 0.052884615384615384
0 0.9699519230769231 0.734375 0.05889423076923077 0.042067307692307696
0 0.45913461538461536 0.8040865384615384 0.09014423076923077 0.06610576923076923
0 0.7572115384615384 0.15625 0.07692307692307693 0.052884615384615384