0 0.3641826923076923 0.2848557692307692 0.04927884615384615 0.04447115384615385
0 0.1935096153846154 0.43149038461538464 0.036057692307692304 0.04447115384615385
0 0.44711538461538464 0.8990384615384616 0.06009615384615385 0.03365384615384615
0 0.013221153846153846 0.06971153846153846 0.026442307692307692 0.052884615384615384
0 0.8413461538461539 0.019230769230769232 0.038461538461538464 0.038461538461538464
0 0.5625 0.9891826923076923 0.038461538461538464 0.018028846153846152
0 0.12620192307692307 0.4735576923076923 0.06129807692307692 0.06009615384615385
0 0.7992788461538461 0.5096153846153846 0.05048076923076923 0.05889423076923077
0 0.5492788461538461 0.8137019230769231 0.052884615384615384 0.036057692307692304
0 0.22115384615384615 0.4795673076923077 0.078125 0.08653846153846154
0 0.6646634615384616 0.9086538461538461 0.055288461538461536 0.06490384615384616
0 0.7680288461538461 0.9819711538461539 0.0625 0.03485576923076923
0 0.34134615384615385 0.25240384615384615 0.04326923076923077 0.07572115384615384
0 0.2800480769230769 0.11177884615384616 0.03485576923076923 0.03245192307692308
0 0.6730769230769231 0.28966346153846156 0.051682692307692304 0.07091346153846154
0 0.23197115384615385 0.30528846153846156 0.04807692307692308 0.06610576923076923
0 0.01201923076923077 0.17908653846153846 0.02403846153846154 0.07692307692307693
0 0.9591346153846154 0.0889423076923077 0.06009615384615385 0.046875
0 0.5925480769230769 0.125 0.051682692307692304 0.06971153846153846
0 0.20793269230769232 0.1502403846153846 0.03365384615384615 0.03365384615384615
0 0.09014423076923077 0.027644230769230768 0.055288461538461536 0.037259615384615384
0 0.9723557692307693 0.8774038461538461 0.04567307692307692 0.04447115384615385
0 0.6117788461538461 0.22355769230769232 0.04326923076923077 0.04567307692307692
0 0.6298076923076923 0.15504807692307693 0.04927884615384615 0.04807692307692308
0 0.39302884615384615 0.10096153846153846 0.04447115384615385 0.057692307692307696
0 0.9879807692307693 0.24759615384615385 0.021634615384615384 0.038461538461538464
0 0.17427884615384615 0.021634615384615384 0.038461538461538464 0.03485576923076923
0 0.29447115384615385 0.17427884615384615 0.06610576923076923 0.04447115384615385
0 0.38341346153846156 0.5637019230769231 0.052884615384615384 0.037259615384615384
0 0.05048076923076923 0.8016826923076923 0.057692307692307696 0.038461538461538464
0 0.9507211538461539 0.7740384615384616 0.08052884615384616 0.04447115384615385
0 0.7704326923076923 0.33653846153846156 0.04927884615384615 0.05889423076923077
0 0.6117788461538461 0.36899038461538464 0.04567307692307692 0.030048076923076924
0 0.921875 0.18629807692307693 0.054086538461538464 0.039663461538461536
0 0.20192307692307693 0.0985576923076923 0.03365384615384615 0.026442307692307692
0 0.6742788461538461 0.8028846153846154 0.036057692307692304 0.03365384615384615
0 0.3737980769230769 0.45552884615384615 0.05048076923076923 0.036057692307692304
0 0.2764423076923077 0.9423076923076923 0.051682692307692304 0.04567307692307692
0 0.03125 0.40384615384615385 0.051682692307692304 0.038461538461538464
0 0.21394230769230768 0.5841346153846154 0.06129807692307692 0.055288461538461536
0 0.3004807692307692 0.7908653846153846 0.04447115384615385 0.04807692307692308
0 0.3317307692307692 0.9350961538461539 0.0733173076923077 0.06850961538461539
0 0.2800480769230769 0.018028846153846152 0.038461538461538464 0.03485576923076923
0 0.4326923076923077 0.5036057692307693 0.07572115384615384 0.04447115384615385
0 0.4543269230769231 0.7836538461538461 0.06370192307692307 0.051682692307692304
0 0.9579326923076923 0.13341346153846154 0.06971153846153846 0.036057692307692304
0 0.734375 0.052884615384615384 0.039663461538461536 0.057692307692307696
0 0.578125 0.9086538461538461 0.039663461538461536 0.038461538461538464
0 0.21754807692307693 0.22596153846153846 0.04447115384615385 0.03365384615384615