0 0.5997596153846154 0.5432692307692307 0.09615384615384616 0.09134615384615384
0 0.04447115384615385 0.04927884615384615 0.04567307692307692 0.08413461538461539
0 0.140625 0.056490384615384616 0.057692307692307696 0.038461538461538464
0 0.18990384615384615 0.16947115384615385 0.04447115384615385 0.11538461538461539
0 0.06129807692307692 0.16947115384615385 0.11658653846153846 0.04326923076923077
0 0.12740384615384615 0.24519230769230768 0.17427884615384615 0.12740384615384615
0 0.027644230769230768 0.21875 0.05048076923076923 0.06370192307692307
0 0.07451923076923077 0.35697115384615385 0.12620192307692307 0.078125
0 0.040865384615384616 0.3954326923076923 0.04447115384615385 0.028846153846153848
0 0.0733173076923077 0.4170673076923077 0.0673076923076923 0.03365384615384615
0 0.028846153846153848 0.41346153846153844 0.020432692307692308 0.021634615384615384
0 0.09375 0.47475961538461536 0.06610576923076923 0.028846153846153848
0 0.036057692307692304 0.47475961538461536 0.04927884615384615 0.02403846153846154
0 0.04447115384615385 0.5012019230769231 0.040865384615384616 0.016826923076923076
0 0.055288461538461536 0.5240384615384616 0.04927884615384615 0.025240384615384616
0 0.20793269230769232 0.453125 0.08533653846153846 0.05889423076923077
0 0.18990384615384615 0.4110576923076923 0.018028846153846152 0.036057692307692304
0 0.27403846153846156 0.390625 0.03125 0.026442307692307692
0 0.14182692307692307 0.625 0.02283653846153846 0.030048076923076924
0 0.2776442307692308 0.5637019230769231 0.06490384615384616 0.026442307692307692
0 0.3173076923076923 0.6298076923076923 0.020432692307692308 0.018028846153846152
0 0.12980769230769232 0.6754807692307693 0.057692307692307696 0.0733173076923077
0 0.052884615384615384 0.6646634615384616 0.055288461538461536 0.030048076923076924
0 0.046875 0.6995192307692307 0.0889423076923077 0.04927884615384615
0 0.10697115384615384 0.734375 0.13221153846153846 0.05048076923076923
0 0.109375 0.7836538461538461 0.12259615384615384 0.03365384615384615
0 0.19230769230769232 0.8365384615384616 0.040865384615384616 0.125
0 0.359375 0.7884615384615384 0.09615384615384616 0.037259615384615384
0 0.03245192307692308 0.9086538461538461 0.06009615384615385 0.0625
0 0.18269230769230768 0.9807692307692307 0.03245192307692308 0.03365384615384615
0 0.27163461538461536 0.9423076923076923 0.028846153846153848 0.039663461538461536
0 0.5264423076923077 0.02283653846153846 0.11778846153846154 0.02403846153846154
0 0.5697115384615384 0.04567307692307692 0.038461538461538464 0.020432692307692308
0 0.5997596153846154 0.06370192307692307 0.09615384615384616 0.07932692307692307
0 0.5492788461538461 0.04927884615384615 0.036057692307692304 0.027644230769230768
0 0.5288461538461539 0.1346153846153846 0.0733173076923077 0.03245192307692308
0 0.7475961538461539 0.021634615384615384 0.03365384615384615 0.042067307692307696
0 0.6959134615384616 0.02283653846153846 0.08653846153846154 0.04447115384615385
0 0.7151442307692307 0.0673076923076923 0.025240384615384616 0.02403846153846154
0 0.703125 0.07211538461538461 0.038461538461538464 0.03365384615384615
0 0.7079326923076923 0.11538461538461539 0.07451923076923077 0.02403846153846154
0 0.6935096153846154 0.1778846153846154 0.055288461538461536 0.08653846153846154
0 0.7307692307692307 0.1935096153846154 0.04807692307692308 0.06610576923076923
0 0.6394230769230769 0.34615384615384615 0.125 0.04447115384615385
0 0.7908653846153846 0.3918269230769231 0.09134615384615384 0.025240384615384616
0 0.8245192307692307 0.41346153846153844 0.028846153846153848 0.028846153846153848
0 0.7259615384615384 0.40625 0.0625 0.036057692307692304
0 0.5072115384615384 0.3389423076923077 0.1466346153846154 0.09254807692307693
0 0.5324519230769231 0.3870192307692308 0.1310096153846154 0.04927884615384615
0 0.5516826923076923 0.2704326923076923 0.08653846153846154 0.11057692307692307
0 0.6574519230769231 0.2668269230769231 0.12740384615384615 0.0889423076923077
0 0.7920673076923077 0.10096153846153846 0.027644230769230768 0.027644230769230768
0 0.8100961538461539 0.16105769230769232 0.021634615384615384 0.04447115384615385
0 0.6177884615384616 0.5024038461538461 0.0673076923076923 0.020432692307692308
0 0.6730769230769231 0.48677884615384615 0.04807692307692308 0.026442307692307692
0 0.7367788461538461 0.47115384615384615 0.038461538461538464 0.056490384615384616
0 0.71875 0.5012019230769231 0.028846153846153848 0.04567307692307692
0 0.7608173076923077 0.53125 0.042067307692307696 0.08413461538461539
0 0.7956730769230769 0.5432692307692307 0.05048076923076923 0.07932692307692307
0 0.6790865384615384 0.578125 0.07572115384615384 0.026442307692307692
0 0.7163461538461539 0.5649038461538461 0.018028846153846152 0.01201923076923077
0 0.6971153846153846 0.6117788461538461 0.05889423076923077 0.055288461538461536
0 0.7439903846153846 0.6358173076923077 0.03365384615384615 0.0625
0 0.8016826923076923 0.6670673076923077 0.06850961538461539 0.055288461538461536
0 0.8401442307692307 0.7139423076923077 0.09375 0.13822115384615385
0 0.8701923076923077 0.7439903846153846 0.02283653846153846 0.04326923076923077
0 0.921875 0.6911057692307693 0.038461538461538464 0.037259615384615384
0 0.9002403846153846 0.7584134615384616 0.039663461538461536 0.07572115384615384
0 0.7980769230769231 0.8569711538461539 0.07211538461538461 0.02403846153846154
0 0.6862980769230769 0.8365384615384616 0.13701923076923078 0.037259615384615384
0 0.6766826923076923 0.9194711538461539 0.11658653846153846 0.07572115384615384
0 0.71875 0.9326923076923077 0.12259615384615384 0.10817307692307693
0 0.5865384615384616 0.9158653846153846 0.06850961538461539 0.040865384615384616
0 0.7848557692307693 0.9471153846153846 0.03365384615384615 0.06490384615384616
0 0.8774038461538461 0.9507211538461539 0.039663461538461536 0.04326923076923077
0 0.9242788461538461 0.8798076923076923 0.03485576923076923 0.0733173076923077
0 0.9555288461538461 0.9254807692307693 0.02403846153846154 0.03485576923076923
0 0.9747596153846154 0.7764423076923077 0.039663461538461536 0.04927884615384615
0 0.9747596153846154 0.8052884615384616 0.039663461538461536 0.03485576923076923
0 0.9675480769230769 0.8389423076923077 0.06129807692307692 0.04807692307692308
0 0.8701923076923077 0.5204326923076923 0.04447115384615385 0.036057692307692304
0 0.8125 0.265625 0.03365384615384615 0.03365384615384615
0 0.8233173076923077 0.2956730769230769 0.07211538461538461 0.027644230769230768
0 0.16706730769230768 0.8173076923076923 0.040865384615384616 0.027644230769230768
0 0.6610576923076923 0.171875 0.02403846153846154 0.03365384615384615
0 0.6899038461538461 0.9014423076923077 0.06971153846153846 0.056490384615384616
0 0.796875 0.13942307692307693 0.02283653846153846 0.021634615384615384
0 0.8725961538461539 0.7091346153846154 0.018028846153846152 0.02403846153846154
0 0.019230769230769232 0.6478365384615384 0.038461538461538464 0.026442307692307692
0 0.8509615384615384 0.13581730769230768 0.051682692307692304 0.10216346153846154
0 0.8617788461538461 0.07932692307692307 0.10216346153846154 0.06490384615384616
0 0.9495192307692307 0.0625 0.06490384615384616 0.06971153846153846
0 0.9471153846153846 0.10216346153846154 0.06490384615384616 0.06610576923076923