0 0.9146634615384616 0.9471153846153846 0.03365384615384615 0.09134615384615384
0 0.4699519230769231 0.25 0.038461538461538464 0.038461538461538464
0 0.23317307692307693 0.6862980769230769 0.040865384615384616 0.06610576923076923
0 0.8942307692307693 0.1778846153846154 0.052884615384615384 0.05889423076923077
0 0.71875 0.7103365384615384 0.0829326923076923 0.11057692307692307
0 0.7175480769230769 0.9507211538461539 0.03485576923076923 0.03365384615384615
0 0.9879807692307693 0.037259615384615384 0.021634615384615384 0.052884615384615384
0 0.5673076923076923 0.01201923076923077 0.11538461538461539 0.02403846153846154
0 0.3629807692307692 0.09975961538461539 0.03245192307692308 0.04326923076923077
0 0.056490384615384616 0.31971153846153844 0.11177884615384616 0.04927884615384615
0 0.42427884615384615 0.24278846153846154 0.04567307692307692 0.10697115384615384
0 0.5961538461538461 0.08533653846153846 0.13221153846153846 0.0625
0 0.07572115384615384 0.046875 0.11899038461538461 0.04447115384615385
0 0.26802884615384615 0.35216346153846156 0.052884615384615384 0.038461538461538464
0 0.8521634615384616 0.23197115384615385 0.10336538461538461 0.08653846153846154
0 0.19951923076923078 0.3173076923076923 0.08533653846153846 0.09134615384615384
0 0.22355769230769232 0.8485576923076923 0.04567307692307692 0.09254807692307693
0 0.7403846153846154 0.7355769230769231 0.0985576923076923 0.06009615384615385
0 0.49759615384615385 0.3473557692307692 0.02403846153846154 0.013221153846153846
0 0.6225961538461539 0.23317307692307693 0.055288461538461536 0.09615384615384616
0 0.8846153846153846 0.5 0.05048076923076923 0.04447115384615385
0 0.13341346153846154 0.5961538461538461 0.07692307692307693 0.07211538461538461
0 0.5132211538461539 0.75 0.06370192307692307 0.1310096153846154
0 0.9050480769230769 0.8689903846153846 0.06009615384615385 0.0625
0 0.8473557692307693 0.703125 0.040865384615384616 0.0829326923076923
0 0.47596153846153844 0.8725961538461539 0.10336538461538461 0.06850961538461539
0 0.10576923076923077 0.8533653846153846 0.06009615384615385 0.055288461538461536
0 0.27524038461538464 0.03125 0.06971153846153846 0.04567307692307692
0 0.7572115384615384 0.20192307692307693 0.04927884615384615 0.040865384615384616
0 0.3473557692307692 0.9615384615384616 0.06971153846153846 0.04326923076923077
0 0.5108173076923077 0.8473557692307693 0.06610576923076923 0.22235576923076922
0 0.38461538461538464 0.53125 0.10697115384615384 0.042067307692307696
0 0.5492788461538461 0.4795673076923077 0.042067307692307696 0.03125
0 0.4879807692307692 0.4206730769230769 0.0889423076923077 0.038461538461538464
0 0.0889423076923077 0.13822115384615385 0.07692307692307693 0.052884615384615384
0 0.030048076923076924 0.8930288461538461 0.06009615384615385 0.11298076923076923
0 0.6682692307692307 0.4951923076923077 0.06490384615384616 0.10697115384615384
0 0.8737980769230769 0.06610576923076923 0.040865384615384616 0.04807692307692308
0 0.9158653846153846 0.3858173076923077 0.06009615384615385 0.039663461538461536
0 0.40865384615384615 0.6358173076923077 0.030048076923076924 0.07451923076923077
0 0.054086538461538464 0.7788461538461539 0.04447115384615385 0.13822115384615385
0 0.49759615384615385 0.13221153846153846 0.05048076923076923 0.06009615384615385
0 0.5600961538461539 0.6586538461538461 0.038461538461538464 0.04447115384615385
0 0.3641826923076923 0.8233173076923077 0.11778846153846154 0.1045673076923077
0 0.9411057692307693 0.6430288461538461 0.10096153846153846 0.12740384615384615
0 0.28125 0.796875 0.09975961538461539 0.08173076923076923
0 0.7920673076923077 0.9290865384615384 0.040865384615384616 0.04807692307692308
0 0.9723557692307693 0.24519230769230768 0.051682692307692304 0.03245192307692308
0 0.8497596153846154 0.5997596153846154 0.08052884615384616 0.08173076923076923
0 0.30528846153846156 0.4567307692307692 0.06971153846153846 0.04326923076923077
0 0.028846153846153848 0.6862980769230769 0.051682692307692304 0.04567307692307692
0 0.953125 0.9362980769230769 0.042067307692307696 0.06490384615384616
0 0.23677884615384615 0.2692307692307692 0.07692307692307693 0.10096153846153846