0 0.08052884615384616 0.019230769230769232 0.06971153846153846 0.03365384615384615
0 0.14182692307692307 0.04326923076923077 0.04927884615384615 0.028846153846153848
0 0.16346153846153846 0.028846153846153848 0.055288461538461536 0.055288461538461536
0 0.25 0.1310096153846154 0.046875 0.042067307692307696
0 0.18389423076923078 0.10817307692307693 0.0625 0.038461538461538464
0 0.14903846153846154 0.08653846153846154 0.05889423076923077 0.04326923076923077
0 0.10096153846153846 0.14423076923076922 0.06009615384615385 0.03125
0 0.03245192307692308 0.16826923076923078 0.06490384615384616 0.038461538461538464
0 0.18028846153846154 0.1935096153846154 0.04447115384615385 0.03125
0 0.13581730769230768 0.18028846153846154 0.07692307692307693 0.037259615384615384
0 0.19591346153846154 0.25600961538461536 0.040865384615384616 0.02283653846153846
0 0.16105769230769232 0.20793269230769232 0.03485576923076923 0.07451923076923077
0 0.15504807692307693 0.23677884615384615 0.04807692307692308 0.07692307692307693
0 0.07692307692307693 0.2403846153846154 0.07572115384615384 0.04447115384615385
0 0.04567307692307692 0.2668269230769231 0.09134615384615384 0.04447115384615385
0 0.3088942307692308 0.25721153846153844 0.055288461538461536 0.046875
0 0.13822115384615385 0.34134615384615385 0.10336538461538461 0.055288461538461536
0 0.026442307692307692 0.36177884615384615 0.052884615384615384 0.03365384615384615
0 0.07932692307692307 0.4254807692307692 0.07091346153846154 0.03245192307692308
0 0.078125 0.44711538461538464 0.08173076923076923 0.03245192307692308
0 0.09975961538461539 0.46153846153846156 0.09014423076923077 0.037259615384615384
0 0.09375 0.4987980769230769 0.07091346153846154 0.04927884615384615
0 0.056490384615384616 0.484375 0.07091346153846154 0.036057692307692304
0 0.027644230769230768 0.4483173076923077 0.055288461538461536 0.039663461538461536
0 0.03365384615384615 0.5060096153846154 0.06490384615384616 0.04807692307692308
0 0.042067307692307696 0.5685096153846154 0.07932692307692307 0.054086538461538464
0 0.02403846153846154 0.6177884615384616 0.04807692307692308 0.04447115384615385
0 0.07692307692307693 0.625 0.06610576923076923 0.05889423076923077
0 0.15865384615384615 0.6358173076923077 0.06971153846153846 0.042067307692307696
0 0.12259615384615384 0.6598557692307693 0.057692307692307696 0.04447115384615385
0 0.09014423076923077 0.7007211538461539 0.06971153846153846 0.04807692307692308
0 0.10096153846153846 0.7331730769230769 0.07572115384615384 0.06971153846153846
0 0.039663461538461536 0.7487980769230769 0.06490384615384616 0.042067307692307696
0 0.15745192307692307 0.78125 0.0733173076923077 0.046875
0 0.09014423076923077 0.7944711538461539 0.08413461538461539 0.046875
0 0.171875 0.84375 0.057692307692307696 0.051682692307692304
0 0.13581730769230768 0.8617788461538461 0.042067307692307696 0.03485576923076923
0 0.15144230769230768 0.8774038461538461 0.038461538461538464 0.04326923076923077
0 0.29927884615384615 0.7043269230769231 0.04326923076923077 0.03365384615384615
0 0.13221153846153846 0.96875 0.11177884615384616 0.04567307692307692
0 0.5120192307692307 0.9915865384615384 0.09735576923076923 0.015625
0 0.5757211538461539 0.890625 0.0985576923076923 0.057692307692307696
0 0.7848557692307693 0.9747596153846154 0.05889423076923077 0.04927884615384615
0 0.8269230769230769 0.8605769230769231 0.04567307692307692 0.06129807692307692
0 0.8545673076923077 0.9411057692307693 0.052884615384615384 0.11658653846153846
0 0.5697115384615384 0.8028846153846154 0.08533653846153846 0.038461538461538464
0 0.6418269230769231 0.7944711538461539 0.06490384615384616 0.0625
0 0.5925480769230769 0.7668269230769231 0.10216346153846154 0.06009615384615385
0 0.6081730769230769 0.7295673076923077 0.11057692307692307 0.06370192307692307
0 0.7007211538461539 0.7536057692307693 0.08173076923076923 0.07451923076923077
0 0.9759615384615384 0.7596153846153846 0.046875 0.051682692307692304
0 0.8076923076923077 0.7355769230769231 0.03245192307692308 0.037259615384615384
0 0.7067307692307693 0.6766826923076923 0.04927884615384615 0.038461538461538464
0 0.65625 0.6802884615384616 0.051682692307692304 0.038461538461538464
0 0.6754807692307693 0.6358173076923077 0.08533653846153846 0.06129807692307692
0 0.8257211538461539 0.5588942307692307 0.040865384615384616 0.030048076923076924
0 0.8257211538461539 0.59375 0.026442307692307692 0.039663461538461536
0 0.8605769230769231 0.5144230769230769 0.036057692307692304 0.03245192307692308
0 0.96875 0.5793269230769231 0.04807692307692308 0.040865384615384616
0 0.9735576923076923 0.640625 0.04326923076923077 0.07572115384615384
0 0.8173076923076923 0.47115384615384615 0.046875 0.0625
0 0.796875 0.4014423076923077 0.03245192307692308 0.03365384615384615
0 0.7752403846153846 0.49038461538461536 0.055288461538461536 0.04326923076923077
0 0.7415865384615384 0.4362980769230769 0.05048076923076923 0.06490384615384616
0 0.7163461538461539 0.4567307692307692 0.038461538461538464 0.038461538461538464
0 0.8617788461538461 0.4254807692307692 0.025240384615384616 0.028846153846153848
0 0.8112980769230769 0.3317307692307692 0.057692307692307696 0.04567307692307692
0 0.8978365384615384 0.34375 0.03125 0.04567307692307692
0 0.9891826923076923 0.265625 0.020432692307692308 0.04447115384615385
0 0.8629807692307693 0.28846153846153844 0.04447115384615385 0.04326923076923077
0 0.8485576923076923 0.25961538461538464 0.036057692307692304 0.036057692307692304
0 0.8112980769230769 0.23798076923076922 0.054086538461538464 0.04447115384615385
0 0.75 0.2860576923076923 0.03365384615384615 0.025240384615384616
0 0.7487980769230769 0.203125 0.038461538461538464 0.036057692307692304
0 0.7944711538461539 0.15745192307692307 0.05889423076923077 0.04447115384615385
0 0.7379807692307693 0.13221153846153846 0.052884615384615384 0.056490384615384616
0 0.6201923076923077 0.16105769230769232 0.055288461538461536 0.06490384615384616
0 0.43990384615384615 0.11298076923076923 0.07572115384615384 0.09134615384615384
0 0.6875 0.018028846153846152 0.055288461538461536 0.036057692307692304
0 0.7716346153846154 0.009615384615384616 0.04927884615384615 0.019230769230769232
0 0.9194711538461539 0.019230769230769232 0.026442307692307692 0.03125
0 0.8725961538461539 0.014423076923076924 0.046875 0.028846153846153848
0 0.8641826923076923 0.042067307692307696 0.055288461538461536 0.06971153846153846
0 0.8064903846153846 0.06009615384615385 0.03485576923076923 0.027644230769230768
0 0.22115384615384615 0.007211538461538462 0.03485576923076923 0.013221153846153846
0 0.19591346153846154 0.9879807692307693 0.057692307692307696 0.02283653846153846
0 0.27403846153846156 0.9879807692307693 0.03365384615384615 0.02283653846153846
0 0.8533653846153846 0.5985576923076923 0.03245192307692308 0.03365384615384615
0 0.8425480769230769 0.7355769230769231 0.036057692307692304 0.038461538461538464