0 0.75 0.8557692307692307 0.07692307692307693 0.08774038461538461
0 0.6850961538461539 0.7319711538461539 0.055288461538461536 0.09615384615384616
0 0.3641826923076923 0.53125 0.038461538461538464 0.09615384615384616
0 0.6069711538461539 0.9627403846153846 0.08653846153846154 0.0733173076923077
0 0.9819711538461539 0.0829326923076923 0.03365384615384615 0.07572115384615384
0 0.9735576923076923 0.5985576923076923 0.04927884615384615 0.0673076923076923
0 0.5216346153846154 0.9555288461538461 0.1141826923076923 0.08653846153846154
0 0.18629807692307693 0.5877403846153846 0.054086538461538464 0.06009615384615385
0 0.08653846153846154 0.6850961538461539 0.05048076923076923 0.08653846153846154
0 0.4567307692307692 0.9170673076923077 0.08052884615384616 0.052884615384615384
0 0.9290865384615384 0.4411057692307692 0.10096153846153846 0.0673076923076923
0 0.31971153846153844 0.390625 0.09735576923076923 0.09615384615384616
0 0.22596153846153846 0.4098557692307692 0.07572115384615384 0.08052884615384616
0 0.16346153846153846 0.5360576923076923 0.06009615384615385 0.06129807692307692
0 0.08653846153846154 0.3870192307692308 0.036057692307692304 0.09975961538461539
0 0.04326923076923077 0.8389423076923077 0.07451923076923077 0.08052884615384616
0 0.8629807692307693 0.3629807692307692 0.038461538461538464 0.040865384615384616
0 0.7307692307692307 0.41586538461538464 0.057692307692307696 0.1141826923076923
0 0.546875 0.38100961538461536 0.042067307692307696 0.06009615384615385
0 0.35096153846153844 0.08413461538461539 0.07211538461538461 0.10096153846153846
0 0.7584134615384616 0.734375 0.037259615384615384 0.08533653846153846
0 0.43509615384615385 0.8353365384615384 0.04447115384615385 0.055288461538461536
0 0.5649038461538461 0.59375 0.04927884615384615 0.054086538461538464
0 0.6274038461538461 0.6201923076923077 0.042067307692307696 0.09615384615384616
0 0.8942307692307693 0.17908653846153846 0.042067307692307696 0.08653846153846154
0 0.5625 0.7716346153846154 0.06610576923076923 0.06610576923076923
0 0.47836538461538464 0.03485576923076923 0.03485576923076923 0.06971153846153846
0 0.11899038461538461 0.25961538461538464 0.14543269230769232 0.1658653846153846
0 0.3737980769230769 0.2091346153846154 0.055288461538461536 0.13221153846153846
0 0.6129807692307693 0.2848557692307692 0.04326923076923077 0.08052884615384616
0 0.25600961538461536 0.6971153846153846 0.07932692307692307 0.0985576923076923
0 0.8605769230769231 0.10576923076923077 0.038461538461538464 0.09375
0 0.45072115384615385 0.46274038461538464 0.04447115384615385 0.07692307692307693
0 0.06610576923076923 0.028846153846153848 0.046875 0.056490384615384616
0 0.7127403846153846 0.1502403846153846 0.04447115384615385 0.08052884615384616
0 0.84375 0.3401442307692308 0.08052884615384616 0.15865384615384615
0 0.1971153846153846 0.7776442307692307 0.05889423076923077 0.06971153846153846
0 0.5048076923076923 0.3173076923076923 0.07091346153846154 0.054086538461538464
0 0.19591346153846154 0.07572115384615384 0.037259615384615384 0.07451923076923077
0 0.8401442307692307 0.9302884615384616 0.04927884615384615 0.09014423076923077
0 0.6105769230769231 0.4723557692307692 0.055288461538461536 0.07932692307692307
0 0.38822115384615385 0.45072115384615385 0.04807692307692308 0.09615384615384616
0 0.7019230769230769 0.8858173076923077 0.036057692307692304 0.06971153846153846
0 0.08653846153846154 0.6923076923076923 0.040865384615384616 0.056490384615384616
0 0.5913461538461539 0.39302884615384615 0.07211538461538461 0.08774038461538461
0 0.0625 0.6057692307692307 0.051682692307692304 0.11538461538461539
0 0.48197115384615385 0.8329326923076923 0.055288461538461536 0.06490384615384616
0 0.4963942307692308 0.1141826923076923 0.040865384615384616 0.12259615384615384
0 0.8629807692307693 0.040865384615384616 0.040865384615384616 0.08173076923076923
0 0.9375 0.5204326923076923 0.042067307692307696 0.0829326923076923
0 0.8918269230769231 0.8076923076923077 0.04567307692307692 0.10697115384615384
0 0.051682692307692304 0.390625 0.038461538461538464 0.09375
0 0.9519230769230769 0.7259615384615384 0.04927884615384615 0.11057692307692307
0 0.9771634615384616 0.65625 0.03365384615384615 0.06850961538461539
0 0.7439903846153846 0.24519230769230768 0.03365384615384615 0.08173076923076923
0 0.17307692307692307 0.8918269230769231 0.07091346153846154 0.06129807692307692
0 0.5600961538461539 0.08774038461538461 0.06370192307692307 0.11658653846153846
0 0.5769230769230769 0.042067307692307696 0.046875 0.08413461538461539
0 0.5480769230769231 0.9783653846153846 0.03125 0.042067307692307696