0 0.7548076923076923 0.6225961538461539 0.06850961538461539 0.07572115384615384
0 0.28846153846153844 0.8617788461538461 0.07091346153846154 0.06971153846153846
0 0.7740384615384616 0.33774038461538464 0.06129807692307692 0.1141826923076923
0 0.12259615384615384 0.06129807692307692 0.1814903846153846 0.10697115384615384
0 0.9471153846153846 0.34975961538461536 0.06370192307692307 0.08052884615384616
0 0.22355769230769232 0.31490384615384615 0.07211538461538461 0.1502403846153846
0 0.9302884615384616 0.4879807692307692 0.0673076923076923 0.06009615384615385
0 0.3545673076923077 0.07572115384615384 0.13942307692307693 0.09375
0 0.4423076923076923 0.18509615384615385 0.11177884615384616 0.08533653846153846
0 0.45552884615384615 0.84375 0.052884615384615384 0.05889423076923077
0 0.32091346153846156 0.6838942307692307 0.078125 0.14182692307692307