0 0.039663461538461536 0.09134615384615384 0.078125 0.10697115384615384
0 0.12259615384615384 0.02283653846153846 0.06009615384615385 0.04447115384615385
0 0.24519230769230768 0.03365384615384615 0.09375 0.052884615384615384
0 0.18389423076923078 0.028846153846153848 0.03485576923076923 0.026442307692307692
0 0.20552884615384615 0.1045673076923077 0.056490384615384616 0.057692307692307696
0 0.23918269230769232 0.15144230769230768 0.057692307692307696 0.039663461538461536
0 0.14783653846153846 0.12259615384615384 0.06009615384615385 0.06490384615384616
0 0.13701923076923078 0.21033653846153846 0.06971153846153846 0.06971153846153846
0 0.20673076923076922 0.22596153846153846 0.038461538461538464 0.042067307692307696
0 0.25240384615384615 0.2692307692307692 0.0733173076923077 0.07451923076923077
0 0.4110576923076923 0.1935096153846154 0.06370192307692307 0.11778846153846154
0 0.6274038461538461 0.009615384615384616 0.06610576923076923 0.018028846153846152
0 0.6995192307692307 0.09615384615384616 0.04807692307692308 0.038461538461538464
0 0.7776442307692307 0.08533653846153846 0.042067307692307696 0.038461538461538464
0 0.8293269230769231 0.08173076923076923 0.057692307692307696 0.07932692307692307
0 0.953125 0.078125 0.07572115384615384 0.06971153846153846
0 0.9435096153846154 0.16105769230769232 0.04326923076923077 0.04927884615384615
0 0.8918269230769231 0.18269230769230768 0.04807692307692308 0.03485576923076923
0 0.9459134615384616 0.23076923076923078 0.04567307692307692 0.04567307692307692
0 0.9471153846153846 0.30408653846153844 0.06971153846153846 0.04807692307692308
0 0.8798076923076923 0.27403846153846156 0.028846153846153848 0.02403846153846154
0 0.8401442307692307 0.2800480769230769 0.08173076923076923 0.09014423076923077
0 0.7860576923076923 0.23677884615384615 0.036057692307692304 0.03125
0 0.703125 0.2283653846153846 0.04447115384615385 0.11177884615384616
0 0.6706730769230769 0.24158653846153846 0.055288461538461536 0.06610576923076923
0 0.7524038461538461 0.3245192307692308 0.027644230769230768 0.02403846153846154
0 0.7692307692307693 0.31009615384615385 0.03125 0.02403846153846154
0 0.6117788461538461 0.2608173076923077 0.06370192307692307 0.03365384615384615
0 0.7800480769230769 0.36538461538461536 0.057692307692307696 0.030048076923076924
0 0.6622596153846154 0.40865384615384615 0.140625 0.08653846153846154
0 0.5252403846153846 0.43028846153846156 0.0673076923076923 0.04447115384615385
0 0.6862980769230769 0.4951923076923077 0.04447115384615385 0.04927884615384615
0 0.8653846153846154 0.4735576923076923 0.056490384615384616 0.06370192307692307
0 0.8641826923076923 0.5396634615384616 0.057692307692307696 0.07091346153846154
0 0.7824519230769231 0.5408653846153846 0.055288461538461536 0.05048076923076923
0 0.6057692307692307 0.5805288461538461 0.040865384615384616 0.036057692307692304
0 0.6598557692307693 0.65625 0.07091346153846154 0.14302884615384615
0 0.7788461538461539 0.6899038461538461 0.13822115384615385 0.038461538461538464
0 0.7367788461538461 0.6358173076923077 0.04447115384615385 0.054086538461538464
0 0.7944711538461539 0.65625 0.056490384615384616 0.02403846153846154
0 0.8689903846153846 0.6634615384615384 0.0673076923076923 0.06971153846153846
0 0.9675480769230769 0.71875 0.056490384615384616 0.057692307692307696
0 0.9086538461538461 0.8100961538461539 0.04807692307692308 0.04326923076923077
0 0.84375 0.8088942307692307 0.0829326923076923 0.054086538461538464
0 0.6923076923076923 0.8401442307692307 0.06971153846153846 0.03245192307692308
0 0.6862980769230769 0.8858173076923077 0.03365384615384615 0.040865384615384616
0 0.8858173076923077 0.8930288461538461 0.055288461538461536 0.055288461538461536
0 0.9579326923076923 0.8521634615384616 0.0673076923076923 0.07572115384615384
0 0.9591346153846154 0.9326923076923077 0.04447115384615385 0.055288461538461536
0 0.8112980769230769 0.9663461538461539 0.056490384615384616 0.06370192307692307
0 0.7175480769230769 0.9711538461538461 0.1141826923076923 0.052884615384615384
0 0.6875 0.9939903846153846 0.09615384615384616 0.010817307692307692
0 0.29927884615384615 0.9723557692307693 0.04807692307692308 0.036057692307692304
0 0.12259615384615384 0.9699519230769231 0.13701923076923078 0.05048076923076923
0 0.10216346153846154 0.8870192307692307 0.08413461538461539 0.046875
0 0.15625 0.8377403846153846 0.054086538461538464 0.036057692307692304
0 0.078125 0.8521634615384616 0.07091346153846154 0.039663461538461536
0 0.028846153846153848 0.8245192307692307 0.054086538461538464 0.04447115384615385
0 0.10817307692307693 0.7776442307692307 0.078125 0.08533653846153846
0 0.056490384615384616 0.7427884615384616 0.06490384615384616 0.038461538461538464
0 0.21033653846153846 0.6502403846153846 0.09495192307692307 0.08533653846153846
0 0.057692307692307696 0.6466346153846154 0.078125 0.06490384615384616
0 0.015625 0.5793269230769231 0.03125 0.030048076923076924
0 0.03365384615384615 0.6201923076923077 0.06610576923076923 0.05048076923076923
0 0.06370192307692307 0.5853365384615384 0.040865384615384616 0.04927884615384615
0 0.12740384615384615 0.6802884615384616 0.040865384615384616 0.06490384615384616
0 0.390625 0.6274038461538461 0.038461538461538464 0.026442307692307692
0 0.21995192307692307 0.5324519230769231 0.0829326923076923 0.06610576923076923
0 0.15504807692307693 0.5048076923076923 0.06971153846153846 0.03245192307692308
0 0.038461538461538464 0.5060096153846154 0.07572115384615384 0.052884615384615384
0 0.12259615384615384 0.40625 0.11298076923076923 0.06971153846153846
0 0.9050480769230769 0.1310096153846154 0.051682692307692304 0.04326923076923077
0 0.22115384615384615 0.3161057692307692 0.05889423076923077 0.0625
0 0.004807692307692308 0.29927884615384615 0.008413461538461538 0.03125
0 0.06129807692307692 0.7728365384615384 0.037259615384615384 0.04567307692307692
0 0.9903846153846154 0.8389423076923077 0.016826923076923076 0.04447115384615385
0 0.9711538461538461 0.5324519230769231 0.04447115384615385 0.06129807692307692
0 0.9927884615384616 0.6165865384615384 0.013221153846153846 0.052884615384615384
0 0.7475961538461539 0.4579326923076923 0.046875 0.04567307692307692
0 0.796875 0.4495192307692308 0.03485576923076923 0.027644230769230768
0 0.9783653846153846 0.44591346153846156 0.039663461538461536 0.06009615384615385
0 0.7139423076923077 0.2932692307692308 0.051682692307692304 0.03365384615384615
0 0.8978365384615384 0.2920673076923077 0.039663461538461536 0.03125
0 0.8401442307692307 0.13341346153846154 0.051682692307692304 0.04567307692307692
0 0.038461538461538464 0.15985576923076922 0.07091346153846154 0.03125
0 0.078125 0.8353365384615384 0.06129807692307692 0.019230769230769232
0 0.23677884615384615 0.9038461538461539 0.04447115384615385 0.03485576923076923
0 0.6754807692307693 0.3245192307692308 0.038461538461538464 0.04807692307692308
0 0.29447115384615385 0.3317307692307692 0.046875 0.020432692307692308
0 0.016826923076923076 0.9879807692307693 0.03365384615384615 0.019230769230769232
0 0.10697115384615384 0.48197115384615385 0.06971153846153846 0.03365384615384615
0 0.17668269230769232 0.15144230769230768 0.06129807692307692 0.0733173076923077