0 0.8677884615384616 0.1502403846153846 0.040865384615384616 0.05048076923076923
0 0.5913461538461539 0.04326923076923077 0.05889423076923077 0.054086538461538464
0 0.5360576923076923 0.11057692307692307 0.046875 0.03365384615384615
0 0.45552884615384615 0.13822115384615385 0.04447115384615385 0.06850961538461539
0 0.5841346153846154 0.23317307692307693 0.04807692307692308 0.056490384615384616
0 0.4807692307692308 0.3112980769230769 0.04927884615384615 0.05048076923076923
0 0.5192307692307693 0.35336538461538464 0.04927884615384615 0.052884615384615384
0 0.6875 0.32091346153846156 0.04567307692307692 0.04447115384615385
0 0.8329326923076923 0.30408653846153844 0.038461538461538464 0.039663461538461536
0 0.9735576923076923 0.2824519230769231 0.051682692307692304 0.09134615384615384
0 0.38221153846153844 0.37259615384615385 0.04927884615384615 0.06971153846153846
0 0.43149038461538464 0.4963942307692308 0.051682692307692304 0.05048076923076923
0 0.5673076923076923 0.4375 0.06971153846153846 0.05889423076923077
0 0.6694711538461539 0.3762019230769231 0.04807692307692308 0.04927884615384615
0 0.6935096153846154 0.4266826923076923 0.07572115384615384 0.09975961538461539
0 0.7524038461538461 0.4014423076923077 0.038461538461538464 0.07451923076923077
0 0.9783653846153846 0.4014423076923077 0.042067307692307696 0.03365384615384615
0 0.9242788461538461 0.42788461538461536 0.03485576923076923 0.036057692307692304
0 0.8677884615384616 0.421875 0.055288461538461536 0.04807692307692308
0 0.9086538461538461 0.546875 0.028846153846153848 0.04447115384615385
0 0.9699519230769231 0.5637019230769231 0.05889423076923077 0.07451923076923077
0 0.8161057692307693 0.6033653846153846 0.03125 0.04927884615384615
0 0.7764423076923077 0.5985576923076923 0.04927884615384615 0.08533653846153846
0 0.6730769230769231 0.5925480769230769 0.038461538461538464 0.04567307692307692
0 0.5252403846153846 0.625 0.040865384615384616 0.04447115384615385
0 0.31009615384615385 0.625 0.12379807692307693 0.09615384615384616
0 0.953125 0.8221153846153846 0.04447115384615385 0.04447115384615385
0 0.9663461538461539 0.8990384615384616 0.06129807692307692 0.0625
0 0.8076923076923077 0.8641826923076923 0.03245192307692308 0.04447115384615385
0 0.7836538461538461 0.9290865384615384 0.037259615384615384 0.04447115384615385
0 0.6105769230769231 0.9651442307692307 0.07211538461538461 0.05048076923076923
0 0.5961538461538461 0.8882211538461539 0.036057692307692304 0.038461538461538464
0 0.40024038461538464 0.9302884615384616 0.037259615384615384 0.04567307692307692
0 0.39903846153846156 0.8701923076923077 0.042067307692307696 0.038461538461538464
0 0.4387019230769231 0.8990384615384616 0.037259615384615384 0.052884615384615384
0 0.6610576923076923 0.8689903846153846 0.057692307692307696 0.051682692307692304
0 0.6887019230769231 0.7536057692307693 0.046875 0.05048076923076923
0 0.609375 0.7331730769230769 0.04567307692307692 0.054086538461538464
0 0.5432692307692307 0.7331730769230769 0.06129807692307692 0.04567307692307692
0 0.33052884615384615 0.9050480769230769 0.03485576923076923 0.04326923076923077
0 0.25721153846153844 0.8918269230769231 0.039663461538461536 0.07091346153846154
0 0.22956730769230768 0.8413461538461539 0.0733173076923077 0.055288461538461536
0 0.19110576923076922 0.9375 0.04567307692307692 0.09495192307692307
0 0.1045673076923077 0.9723557692307693 0.054086538461538464 0.052884615384615384
0 0.2620192307692308 0.7463942307692307 0.07932692307692307 0.03365384615384615
0 0.2127403846153846 0.6983173076923077 0.056490384615384616 0.055288461538461536
0 0.06971153846153846 0.6442307692307693 0.042067307692307696 0.03125
0 0.04567307692307692 0.6947115384615384 0.078125 0.038461538461538464
0 0.04927884615384615 0.5024038461538461 0.09735576923076923 0.05048076923076923
0 0.06850961538461539 0.4579326923076923 0.0889423076923077 0.040865384615384616
0 0.09254807692307693 0.4230769230769231 0.05048076923076923 0.030048076923076924
0 0.09014423076923077 0.3954326923076923 0.07451923076923077 0.051682692307692304
0 0.013221153846153846 0.37740384615384615 0.026442307692307692 0.037259615384615384
0 0.3004807692307692 0.43509615384615385 0.078125 0.06490384615384616
0 0.2403846153846154 0.3088942307692308 0.06490384615384616 0.04447115384615385
0 0.1622596153846154 0.29086538461538464 0.04447115384615385 0.04326923076923077
0 0.3125 0.19591346153846154 0.03365384615384615 0.038461538461538464
0 0.265625 0.16947115384615385 0.05048076923076923 0.0625
0 0.042067307692307696 0.1502403846153846 0.07572115384615384 0.03485576923076923
0 0.9146634615384616 0.46634615384615385 0.038461538461538464 0.040865384615384616
0 0.7764423076923077 0.11538461538461539 0.055288461538461536 0.054086538461538464
0 0.7608173076923077 0.90625 0.030048076923076924 0.03125