0 0.8930288461538461 0.11899038461538461 0.08173076923076923 0.06009615384615385
0 0.7259615384615384 0.0985576923076923 0.10096153846153846 0.046875
0 0.6646634615384616 0.13942307692307693 0.05048076923076923 0.05048076923076923
0 0.5192307692307693 0.10697115384615384 0.038461538461538464 0.037259615384615384
0 0.5769230769230769 0.26322115384615385 0.03125 0.056490384615384616
0 0.39663461538461536 0.21514423076923078 0.07451923076923077 0.12740384615384615
0 0.47596153846153844 0.1971153846153846 0.057692307692307696 0.04927884615384615
0 0.47115384615384615 0.2704326923076923 0.038461538461538464 0.055288461538461536
0 0.4735576923076923 0.4050480769230769 0.04927884615384615 0.046875
0 0.4567307692307692 0.53125 0.05889423076923077 0.05048076923076923
0 0.6430288461538461 0.5817307692307693 0.052884615384615384 0.05048076923076923
0 0.8569711538461539 0.5048076923076923 0.04447115384615385 0.026442307692307692
0 0.7752403846153846 0.6694711538461539 0.06009615384615385 0.0625
0 0.9639423076923077 0.7451923076923077 0.06971153846153846 0.056490384615384616
0 0.7896634615384616 0.7391826923076923 0.04807692307692308 0.052884615384615384
0 0.8509615384615384 0.8269230769230769 0.0625 0.09975961538461539
0 0.6778846153846154 0.7632211538461539 0.06490384615384616 0.09615384615384616
0 0.6237980769230769 0.9158653846153846 0.04447115384615385 0.06610576923076923
0 0.6670673076923077 0.9338942307692307 0.042067307692307696 0.08653846153846154
0 0.3112980769230769 0.8918269230769231 0.040865384615384616 0.08052884615384616
0 0.25 0.9375 0.09134615384615384 0.12379807692307693
0 0.20072115384615385 0.9399038461538461 0.055288461538461536 0.08173076923076923
0 0.04807692307692308 0.9819711538461539 0.04447115384615385 0.03365384615384615
0 0.030048076923076924 0.9026442307692307 0.06009615384615385 0.04927884615384615
0 0.10697115384615384 0.7307692307692307 0.06971153846153846 0.0625
0 0.22716346153846154 0.671875 0.040865384615384616 0.03125
0 0.04567307692307692 0.8461538461538461 0.040865384615384616 0.046875
0 0.2608173076923077 0.49278846153846156 0.04447115384615385 0.06971153846153846
0 0.038461538461538464 0.3641826923076923 0.0625 0.07932692307692307
0 0.109375 0.32572115384615385 0.057692307692307696 0.056490384615384616
0 0.12980769230769232 0.28365384615384615 0.04447115384615385 0.06490384615384616
0 0.6141826923076923 0.3389423076923077 0.1141826923076923 0.055288461538461536
0 0.7067307692307693 0.2512019230769231 0.03365384615384615 0.04927884615384615
0 0.7908653846153846 0.2620192307692308 0.17668269230769232 0.10697115384615384
0 0.8149038461538461 0.2956730769230769 0.055288461538461536 0.03125
0 0.953125 0.25841346153846156 0.09134615384615384 0.06971153846153846
0 0.07572115384615384 0.12139423076923077 0.07451923076923077 0.06009615384615385
0 0.8413461538461539 0.7728365384615384 0.03245192307692308 0.038461538461538464
0 0.47596153846153844 0.9891826923076923 0.03245192307692308 0.020432692307692308