0 0.25 0.3713942307692308 0.0889423076923077 0.06009615384615385
0 0.7992788461538461 0.7632211538461539 0.06971153846153846 0.10817307692307693
0 0.9711538461538461 0.3870192307692308 0.056490384615384616 0.09134615384615384
0 0.0673076923076923 0.12980769230769232 0.13341346153846154 0.08653846153846154
0 0.25721153846153844 0.19230769230769232 0.07091346153846154 0.07692307692307693
0 0.17548076923076922 0.21995192307692307 0.06971153846153846 0.055288461538461536
0 0.3269230769230769 0.9711538461538461 0.09014423076923077 0.056490384615384616
0 0.8942307692307693 0.49158653846153844 0.056490384615384616 0.06490384615384616
0 0.17067307692307693 0.29447115384615385 0.08413461538461539 0.056490384615384616
0 0.6141826923076923 0.9651442307692307 0.08052884615384616 0.06850961538461539
0 0.8978365384615384 0.2848557692307692 0.06129807692307692 0.07572115384615384
0 0.4483173076923077 0.5180288461538461 0.08052884615384616 0.078125
0 0.019230769230769232 0.7704326923076923 0.038461538461538464 0.07572115384615384
0 0.921875 0.6430288461538461 0.06129807692307692 0.07572115384615384
0 0.17668269230769232 0.953125 0.11658653846153846 0.07572115384615384
0 0.07932692307692307 0.8774038461538461 0.12740384615384615 0.08653846153846154
0 0.7163461538461539 0.9795673076923077 0.0733173076923077 0.038461538461538464
0 0.3137019230769231 0.33533653846153844 0.07572115384615384 0.0829326923076923
0 0.2536057692307692 0.6346153846153846 0.11778846153846154 0.08774038461538461
0 0.7560096153846154 0.12139423076923077 0.0673076923076923 0.06370192307692307
0 0.6850961538461539 0.18509615384615385 0.07211538461538461 0.0733173076923077
0 0.8425480769230769 0.5673076923076923 0.07932692307692307 0.0673076923076923
0 0.7908653846153846 0.3605769230769231 0.078125 0.07692307692307693
0 0.09134615384615384 0.5805288461538461 0.12740384615384615 0.0733173076923077
0 0.21394230769230768 0.39663461538461536 0.09254807692307693 0.125
0 0.5108173076923077 0.9723557692307693 0.10096153846153846 0.054086538461538464
0 0.6189903846153846 0.32211538461538464 0.08052884615384616 0.039663461538461536
0 0.9014423076923077 0.9086538461538461 0.07572115384615384 0.07692307692307693
0 0.4387019230769231 0.07692307692307693 0.0829326923076923 0.0733173076923077
0 0.09975961538461539 0.4567307692307692 0.12139423076923077 0.06490384615384616
0 0.7668269230769231 0.21394230769230768 0.0733173076923077 0.0673076923076923
0 0.5973557692307693 0.29927884615384615 0.09134615384615384 0.07572115384615384
0 0.6814903846153846 0.036057692307692304 0.0829326923076923 0.07211538461538461
0 0.7860576923076923 0.6766826923076923 0.0829326923076923 0.051682692307692304
0 0.2776442307692308 0.6983173076923077 0.09735576923076923 0.0733173076923077
0 0.5288461538461539 0.04447115384615385 0.08774038461538461 0.07572115384615384
0 0.9266826923076923 0.7463942307692307 0.06009615384615385 0.07932692307692307