0 0.5649038461538461 0.7824519230769231 0.04927884615384615 0.036057692307692304
0 0.6790865384615384 0.8774038461538461 0.06850961538461539 0.0733173076923077
0 0.2776442307692308 0.30408653846153844 0.06971153846153846 0.04447115384615385
0 0.6682692307692307 0.5012019230769231 0.03485576923076923 0.07091346153846154
0 0.7115384615384616 0.37740384615384615 0.03125 0.04326923076923077
0 0.234375 0.6310096153846154 0.0829326923076923 0.038461538461538464
0 0.12379807692307693 0.7151442307692307 0.09134615384615384 0.07211538461538461
0 0.040865384615384616 0.4891826923076923 0.08173076923076923 0.04927884615384615
0 0.5877403846153846 0.0625 0.0673076923076923 0.07211538461538461
0 0.640625 0.6538461538461539 0.06370192307692307 0.04927884615384615
0 0.5829326923076923 0.9194711538461539 0.08052884615384616 0.08653846153846154
0 0.7223557692307693 0.7355769230769231 0.09134615384615384 0.04807692307692308
0 0.29086538461538464 0.20432692307692307 0.09495192307692307 0.057692307692307696
0 0.5709134615384616 0.5649038461538461 0.051682692307692304 0.08533653846153846
0 0.6850961538461539 0.021634615384615384 0.04807692307692308 0.04326923076923077
0 0.04447115384615385 0.37259615384615385 0.0889423076923077 0.04567307692307692
0 0.28365384615384615 0.030048076923076924 0.046875 0.06009615384615385
0 0.11658653846153846 0.12740384615384615 0.0829326923076923 0.08653846153846154
0 0.20072115384615385 0.5504807692307693 0.078125 0.028846153846153848
0 0.9735576923076923 0.06850961538461539 0.04927884615384615 0.09975961538461539
0 0.040865384615384616 0.890625 0.026442307692307692 0.055288461538461536
0 0.5072115384615384 0.125 0.055288461538461536 0.04567307692307692
0 0.9411057692307693 0.20072115384615385 0.06370192307692307 0.12860576923076922
0 0.27524038461538464 0.4014423076923077 0.07451923076923077 0.1346153846153846
0 0.17548076923076922 0.35096153846153844 0.06971153846153846 0.08052884615384616
0 0.13942307692307693 0.8016826923076923 0.09615384615384616 0.04927884615384615
0 0.7596153846153846 0.3894230769230769 0.06129807692307692 0.08173076923076923
0 0.6442307692307693 0.7524038461538461 0.0673076923076923 0.051682692307692304
0 0.6634615384615384 0.04447115384615385 0.06009615384615385 0.07932692307692307
0 0.14423076923076922 0.18990384615384615 0.13221153846153846 0.05048076923076923
0 0.9555288461538461 0.546875 0.04567307692307692 0.07692307692307693
0 0.5721153846153846 0.14543269230769232 0.07572115384615384 0.0733173076923077
0 0.43990384615384615 0.9819711538461539 0.037259615384615384 0.03485576923076923
0 0.29447115384615385 0.6862980769230769 0.09735576923076923 0.057692307692307696
0 0.016826923076923076 0.8016826923076923 0.03365384615384615 0.051682692307692304
0 0.037259615384615384 0.12259615384615384 0.07211538461538461 0.05889423076923077
0 0.03365384615384615 0.4423076923076923 0.0673076923076923 0.039663461538461536
0 0.24879807692307693 0.16105769230769232 0.06610576923076923 0.06490384615384616
0 0.04807692307692308 0.7620192307692307 0.078125 0.040865384615384616
0 0.45552884615384615 0.6045673076923077 0.09014423076923077 0.09615384615384616
0 0.890625 0.4206730769230769 0.039663461538461536 0.07932692307692307
0 0.9194711538461539 0.5588942307692307 0.07572115384615384 0.06490384615384616
0 0.5 0.44591346153846156 0.06129807692307692 0.046875
0 0.703125 0.31009615384615385 0.04447115384615385 0.09134615384615384
0 0.19831730769230768 0.9675480769230769 0.13942307692307693 0.038461538461538464
0 0.9278846153846154 0.9747596153846154 0.0625 0.04927884615384615
0 0.15384615384615385 0.7788461538461539 0.07091346153846154 0.03365384615384615
0 0.6790865384615384 0.6622596153846154 0.06850961538461539 0.0733173076923077
0 0.10336538461538461 0.7463942307692307 0.055288461538461536 0.027644230769230768
0 0.953125 0.8521634615384616 0.09134615384615384 0.037259615384615384
0 0.9290865384615384 0.9555288461538461 0.04447115384615385 0.06850961538461539
0 0.9050480769230769 0.3088942307692308 0.09975961538461539 0.14182692307692307
0 0.1141826923076923 0.24759615384615385 0.12259615384615384 0.10096153846153846
0 0.671875 0.40625 0.054086538461538464 0.0673076923076923
0 0.4387019230769231 0.7764423076923077 0.08653846153846154 0.04326923076923077
0 0.9002403846153846 0.11177884615384616 0.025240384615384616 0.02403846153846154
0 0.8161057692307693 0.7391826923076923 0.07932692307692307 0.06490384615384616
0 0.21514423076923078 0.2127403846153846 0.06370192307692307 0.08052884615384616
0 0.25721153846153844 0.8028846153846154 0.11778846153846154 0.08653846153846154
0 0.6959134615384616 0.8016826923076923 0.08653846153846154 0.036057692307692304
0 0.359375 0.4362980769230769 0.07211538461538461 0.06370192307692307
0 0.3713942307692308 0.49038461538461536 0.06971153846153846 0.10096153846153846
0 0.40384615384615385 0.10336538461538461 0.04927884615384615 0.054086538461538464
0 0.1045673076923077 0.921875 0.0673076923076923 0.05048076923076923
0 0.14302884615384615 0.8990384615384616 0.11177884615384616 0.0733173076923077
0 0.7956730769230769 0.16346153846153846 0.07932692307692307 0.0625
0 0.9567307692307693 0.4326923076923077 0.08413461538461539 0.06009615384615385
0 0.07572115384615384 0.37740384615384615 0.09495192307692307 0.04447115384615385
0 0.953125 0.8834134615384616 0.04447115384615385 0.06610576923076923
0 0.025240384615384616 0.2548076923076923 0.04927884615384615 0.056490384615384616
0 0.578125 0.3329326923076923 0.06490384615384616 0.10096153846153846
0 0.24759615384615385 0.5492788461538461 0.06129807692307692 0.1201923076923077
0 0.3173076923076923 0.15384615384615385 0.0889423076923077 0.04927884615384615
0 0.9266826923076923 0.7463942307692307 0.057692307692307696 0.055288461538461536
0 0.8725961538461539 0.42788461538461536 0.040865384615384616 0.08052884615384616
0 0.5685096153846154 0.49278846153846156 0.037259615384615384 0.028846153846153848
0 0.2283653846153846 0.7235576923076923 0.15985576923076922 0.057692307692307696
0 0.6550480769230769 0.8233173076923077 0.0625 0.037259615384615384
0 0.055288461538461536 0.8269230769230769 0.05889423076923077 0.021634615384615384
0 0.8149038461538461 0.9122596153846154 0.07211538461538461 0.06850961538461539
0 0.2920673076923077 0.5228365384615384 0.06370192307692307 0.109375
0 0.7860576923076923 0.47115384615384615 0.027644230769230768 0.06610576923076923
0 0.08653846153846154 0.43028846153846156 0.09375 0.038461538461538464
0 0.07692307692307693 0.9603365384615384 0.038461538461538464 0.07692307692307693
0 0.5276442307692307 0.31850961538461536 0.05889423076923077 0.07451923076923077
0 0.7644230769230769 0.09495192307692307 0.051682692307692304 0.057692307692307696
0 0.6935096153846154 0.9362980769230769 0.04927884615384615 0.057692307692307696
0 0.11899038461538461 0.3557692307692308 0.06971153846153846 0.042067307692307696
0 0.140625 0.03365384615384615 0.06490384615384616 0.04326923076923077
0 0.5456730769230769 0.6298076923076923 0.04447115384615385 0.06490384615384616
0 0.8954326923076923 0.19110576923076922 0.0673076923076923 0.06610576923076923