0 0.328125 0.8954326923076923 0.1045673076923077 0.06370192307692307
0 0.3473557692307692 0.2512019230769231 0.07572115384615384 0.039663461538461536
0 0.2439903846153846 0.1875 0.040865384615384616 0.04567307692307692
0 0.4675480769230769 0.02403846153846154 0.18509615384615385 0.046875
0 0.10096153846153846 0.09014423076923077 0.05048076923076923 0.057692307692307696
0 0.4423076923076923 0.49158653846153844 0.04927884615384615 0.078125
0 0.08774038461538461 0.8557692307692307 0.0625 0.08653846153846154
0 0.9555288461538461 0.24278846153846154 0.08653846153846154 0.05048076923076923
0 0.27283653846153844 0.7536057692307693 0.06490384615384616 0.05048076923076923
0 0.734375 0.7439903846153846 0.06971153846153846 0.03245192307692308
0 0.11778846153846154 0.4375 0.08533653846153846 0.039663461538461536
0 0.5973557692307693 0.31971153846153844 0.06129807692307692 0.08774038461538461
0 0.6802884615384616 0.9495192307692307 0.08052884615384616 0.06129807692307692
0 0.9519230769230769 0.14302884615384615 0.09375 0.04447115384615385
0 0.1935096153846154 0.2439903846153846 0.04567307692307692 0.028846153846153848
0 0.15745192307692307 0.03485576923076923 0.06370192307692307 0.039663461538461536
0 0.0673076923076923 0.3701923076923077 0.054086538461538464 0.040865384615384616
0 0.18509615384615385 0.5384615384615384 0.0829326923076923 0.06490384615384616
0 0.7584134615384616 0.7283653846153846 0.0673076923076923 0.027644230769230768
0 0.7980769230769231 0.7007211538461539 0.08413461538461539 0.04807692307692308
0 0.2860576923076923 0.4254807692307692 0.06129807692307692 0.06009615384615385
0 0.05889423076923077 0.9711538461538461 0.052884615384615384 0.052884615384615384