0 0.6598557692307693 0.15865384615384615 0.14302884615384615 0.055288461538461536
0 0.3786057692307692 0.04447115384615385 0.07932692307692307 0.08774038461538461
0 0.9711538461538461 0.9651442307692307 0.055288461538461536 0.06850961538461539
0 0.5985576923076923 0.5384615384615384 0.11057692307692307 0.1466346153846154
0 0.5528846153846154 0.8918269230769231 0.08413461538461539 0.13942307692307693
0 0.36538461538461536 0.96875 0.08533653846153846 0.06129807692307692
0 0.28125 0.4987980769230769 0.12980769230769232 0.09975961538461539
0 0.734375 0.5769230769230769 0.1045673076923077 0.11057692307692307
0 0.2668269230769231 0.9242788461538461 0.09615384615384616 0.13822115384615385
0 0.02403846153846154 0.34615384615384615 0.04326923076923077 0.055288461538461536
0 0.06971153846153846 0.06850961538461539 0.13822115384615385 0.1346153846153846
0 0.5576923076923077 0.038461538461538464 0.07211538461538461 0.07572115384615384
0 0.203125 0.03125 0.06009615384615385 0.06129807692307692
0 0.7211538461538461 0.390625 0.24278846153846154 0.15504807692307693
0 0.1045673076923077 0.18509615384615385 0.10576923076923077 0.1346153846153846
0 0.9627403846153846 0.9038461538461539 0.06490384615384616 0.09735576923076923
0 0.03485576923076923 0.19831730769230768 0.06971153846153846 0.15144230769230768
0 0.30649038461538464 0.5973557692307693 0.09375 0.1346153846153846
0 0.6454326923076923 0.6478365384615384 0.19831730769230768 0.10216346153846154
0 0.26802884615384615 0.7295673076923077 0.1141826923076923 0.15384615384615385
0 0.7259615384615384 0.6971153846153846 0.16706730769230768 0.09134615384615384
0 0.8449519230769231 0.07572115384615384 0.17427884615384615 0.1502403846153846
0 0.9447115384615384 0.6466346153846154 0.109375 0.15264423076923078
0 0.5444711538461539 0.9579326923076923 0.16947115384615385 0.0829326923076923
0 0.53125 0.21634615384615385 0.1201923076923077 0.12740384615384615