0 0.8052884615384616 0.9675480769230769 0.057692307692307696 0.03125
0 0.6454326923076923 0.13581730769230768 0.037259615384615384 0.037259615384615384
0 0.8798076923076923 0.1045673076923077 0.06009615384615385 0.03245192307692308
0 0.6322115384615384 0.23557692307692307 0.051682692307692304 0.025240384615384616
0 0.3485576923076923 0.18509615384615385 0.021634615384615384 0.06009615384615385
0 0.6995192307692307 0.02283653846153846 0.04326923076923077 0.04567307692307692
0 0.7355769230769231 0.01201923076923077 0.036057692307692304 0.02283653846153846
0 0.8076923076923077 0.007211538461538462 0.05048076923076923 0.013221153846153846
0 0.8076923076923077 0.13822115384615385 0.03365384615384615 0.021634615384615384
0 0.40384615384615385 0.09975961538461539 0.02403846153846154 0.027644230769230768
0 0.4735576923076923 0.008413461538461538 0.04807692307692308 0.016826923076923076
0 0.7391826923076923 0.19110576923076922 0.06009615384615385 0.013221153846153846
0 0.6850961538461539 0.33653846153846156 0.04447115384615385 0.06971153846153846
0 0.7379807692307693 0.34134615384615385 0.04927884615384615 0.018028846153846152
0 0.8028846153846154 0.29086538461538464 0.08173076923076923 0.046875
0 0.9098557692307693 0.5084134615384616 0.03485576923076923 0.04447115384615385
0 0.8257211538461539 0.5757211538461539 0.09134615384615384 0.054086538461538464
0 0.7704326923076923 0.6262019230769231 0.07091346153846154 0.07572115384615384
0 0.6802884615384616 0.6382211538461539 0.038461538461538464 0.05889423076923077
0 0.9399038461538461 0.7211538461538461 0.09615384615384616 0.07692307692307693
0 0.6935096153846154 0.7259615384615384 0.06971153846153846 0.038461538461538464
0 0.6225961538461539 0.6045673076923077 0.03125 0.06370192307692307
0 0.5288461538461539 0.3641826923076923 0.07932692307692307 0.051682692307692304
0 0.4639423076923077 0.2512019230769231 0.038461538461538464 0.06129807692307692
0 0.3425480769230769 0.35216346153846156 0.056490384615384616 0.02403846153846154
0 0.43149038461538464 0.25 0.021634615384615384 0.04447115384615385
0 0.4098557692307692 0.640625 0.04927884615384615 0.08774038461538461
0 0.2127403846153846 0.5649038461538461 0.05889423076923077 0.052884615384615384
0 0.4182692307692308 0.5709134615384616 0.02283653846153846 0.04927884615384615
0 0.40625 0.3173076923076923 0.04447115384615385 0.02283653846153846
0 0.6430288461538461 0.4110576923076923 0.03365384615384615 0.02283653846153846
0 0.609375 0.7259615384615384 0.018028846153846152 0.03365384615384615
0 0.6694711538461539 0.6875 0.04567307692307692 0.026442307692307692
0 0.6141826923076923 0.640625 0.018028846153846152 0.037259615384615384
0 0.5444711538461539 0.796875 0.04807692307692308 0.02403846153846154
0 0.7139423076923077 0.6730769230769231 0.028846153846153848 0.040865384615384616
0 0.32211538461538464 0.7752403846153846 0.038461538461538464 0.08052884615384616
0 0.6454326923076923 0.921875 0.06370192307692307 0.04567307692307692
0 0.7415865384615384 0.8485576923076923 0.03125 0.055288461538461536
0 0.5444711538461539 0.9146634615384616 0.028846153846153848 0.042067307692307696
0 0.4891826923076923 0.9435096153846154 0.028846153846153848 0.026442307692307692
0 0.40384615384615385 0.8677884615384616 0.018028846153846152 0.036057692307692304
0 0.46875 0.90625 0.02403846153846154 0.02283653846153846
0 0.6526442307692307 0.7728365384615384 0.03485576923076923 0.04927884615384615
0 0.40384615384615385 0.9711538461538461 0.040865384615384616 0.03485576923076923
0 0.45072115384615385 0.9891826923076923 0.03485576923076923 0.020432692307692308
0 0.8798076923076923 0.765625 0.057692307692307696 0.08173076923076923
0 0.4074519230769231 0.890625 0.020432692307692308 0.03485576923076923