0 0.1875 0.09375 0.08413461538461539 0.16466346153846154
0 0.6165865384615384 0.4795673076923077 0.12620192307692307 0.07692307692307693
0 0.7584134615384616 0.8629807692307693 0.13701923076923078 0.109375
0 0.038461538461538464 0.39302884615384615 0.07572115384615384 0.140625
0 0.5 0.20673076923076922 0.14182692307692307 0.13221153846153846
0 0.46153846153846156 0.7067307692307693 0.17307692307692307 0.16346153846153846
0 0.8365384615384616 0.8185096153846154 0.10096153846153846 0.09615384615384616
0 0.46634615384615385 0.6346153846153846 0.09615384615384616 0.08173076923076923
0 0.15384615384615385 0.234375 0.13701923076923078 0.22355769230769232
0 0.10336538461538461 0.3798076923076923 0.0889423076923077 0.0673076923076923
0 0.8365384615384616 0.7367788461538461 0.06009615384615385 0.08653846153846154
0 0.12620192307692307 0.8653846153846154 0.11899038461538461 0.140625
0 0.7764423076923077 0.1622596153846154 0.09495192307692307 0.18028846153846154
0 0.31009615384615385 0.16826923076923078 0.06850961538461539 0.16706730769230768
0 0.036057692307692304 0.11778846153846154 0.07211538461538461 0.07572115384615384
0 0.9555288461538461 0.22355769230769232 0.056490384615384616 0.06129807692307692
0 0.90625 0.8954326923076923 0.09615384615384616 0.12980769230769232
0 0.8389423076923077 0.2608173076923077 0.13942307692307693 0.22956730769230768
0 0.6947115384615384 0.3894230769230769 0.12379807692307693 0.109375
0 0.7139423076923077 0.6382211538461539 0.07932692307692307 0.0889423076923077
0 0.609375 0.25600961538461536 0.09254807692307693 0.08653846153846154
0 0.7548076923076923 0.30408653846153844 0.0673076923076923 0.09254807692307693
0 0.046875 0.23076923076923078 0.09134615384615384 0.08653846153846154
0 0.9759615384615384 0.7596153846153846 0.04567307692307692 0.21514423076923078
0 0.08774038461538461 0.03245192307692308 0.04567307692307692 0.06490384615384616
0 0.24278846153846154 0.7992788461538461 0.04447115384615385 0.13341346153846154
0 0.8665865384615384 0.9711538461538461 0.08774038461538461 0.056490384615384616
0 0.4891826923076923 0.49038461538461536 0.0829326923076923 0.10576923076923077
0 0.052884615384615384 0.828125 0.0829326923076923 0.09735576923076923
0 0.6766826923076923 0.6670673076923077 0.10336538461538461 0.14783653846153846
0 0.04326923076923077 0.8473557692307693 0.08653846153846154 0.09615384615384616
0 0.1466346153846154 0.9735576923076923 0.15865384615384615 0.05048076923076923
0 0.31971153846153844 0.26802884615384615 0.12620192307692307 0.19230769230769232
0 0.125 0.08774038461538461 0.07211538461538461 0.17548076923076922
0 0.19110576923076922 0.6430288461538461 0.10096153846153846 0.13221153846153846
0 0.6694711538461539 0.7379807692307693 0.14182692307692307 0.109375
0 0.5024038461538461 0.02283653846153846 0.055288461538461536 0.04567307692307692
0 0.21634615384615385 0.78125 0.14302884615384615 0.07572115384615384
0 0.6165865384615384 0.41346153846153844 0.056490384615384616 0.07692307692307693
0 0.7139423076923077 0.8088942307692307 0.14783653846153846 0.09254807692307693
0 0.2403846153846154 0.06129807692307692 0.1814903846153846 0.12259615384615384