0 0.8894230769230769 0.06009615384615385 0.19471153846153846 0.11899038461538461
0 0.9759615384615384 0.6682692307692307 0.04447115384615385 0.039663461538461536
0 0.5360576923076923 0.3088942307692308 0.16346153846153846 0.03485576923076923
0 0.6274038461538461 0.5072115384615384 0.08173076923076923 0.026442307692307692
0 0.2668269230769231 0.7199519230769231 0.10817307692307693 0.03125
0 0.34375 0.921875 0.17668269230769232 0.15384615384615385
0 0.3894230769230769 0.04447115384615385 0.08413461538461539 0.08052884615384616
0 0.6213942307692307 0.7620192307692307 0.15144230769230768 0.030048076923076924
0 0.055288461538461536 0.015625 0.11057692307692307 0.030048076923076924
0 0.5661057692307693 0.45913461538461536 0.12379807692307693 0.03245192307692308
0 0.26322115384615385 0.47596153846153844 0.17427884615384615 0.037259615384615384
0 0.2920673076923077 0.18509615384615385 0.14302884615384615 0.056490384615384616
0 0.84375 0.8629807692307693 0.1502403846153846 0.038461538461538464
0 0.0625 0.7680288461538461 0.04927884615384615 0.12259615384615384
0 0.07091346153846154 0.953125 0.13822115384615385 0.055288461538461536
0 0.9759615384615384 0.9651442307692307 0.04447115384615385 0.03125
0 0.6033653846153846 0.10096153846153846 0.09615384615384616 0.07692307692307693
0 0.96875 0.5264423076923077 0.06009615384615385 0.04927884615384615
0 0.28725961538461536 0.06490384615384616 0.08052884615384616 0.078125
0 0.3641826923076923 0.2620192307692308 0.1875 0.0889423076923077
0 0.640625 0.06850961538461539 0.055288461538461536 0.08413461538461539
0 0.703125 0.6189903846153846 0.19230769230769232 0.06370192307692307
0 0.7331730769230769 0.06009615384615385 0.16346153846153846 0.07211538461538461
0 0.3954326923076923 0.14182692307692307 0.06009615384615385 0.040865384615384616
0 0.020432692307692308 0.7259615384615384 0.040865384615384616 0.07692307692307693
0 0.23557692307692307 0.39783653846153844 0.03245192307692308 0.0625
0 0.04447115384615385 0.5264423076923077 0.0889423076923077 0.040865384615384616
0 0.5757211538461539 0.8545673076923077 0.1346153846153846 0.06129807692307692
0 0.19591346153846154 0.359375 0.06009615384615385 0.04447115384615385
0 0.375 0.15745192307692307 0.1141826923076923 0.05889423076923077
0 0.046875 0.6045673076923077 0.09254807692307693 0.07211538461538461
0 0.8822115384615384 0.7860576923076923 0.11177884615384616 0.036057692307692304
0 0.0625 0.375 0.12259615384615384 0.08653846153846154
0 0.3389423076923077 0.8161057692307693 0.09615384615384616 0.03125
0 0.3112980769230769 0.39302884615384615 0.109375 0.15985576923076922
0 0.6454326923076923 0.4891826923076923 0.15865384615384615 0.039663461538461536
0 0.8473557692307693 0.9134615384615384 0.0733173076923077 0.08052884615384616
0 0.234375 0.078125 0.11538461538461539 0.11778846153846154
0 0.4362980769230769 0.8100961538461539 0.08052884615384616 0.04927884615384615
0 0.7295673076923077 0.8497596153846154 0.0829326923076923 0.056490384615384616
0 0.22956730769230768 0.5829326923076923 0.07692307692307693 0.027644230769230768
0 0.4206730769230769 0.7055288461538461 0.23317307692307693 0.13701923076923078
0 0.390625 0.5288461538461539 0.10576923076923077 0.03365384615384615
0 0.08653846153846154 0.09495192307692307 0.11298076923076923 0.06370192307692307
0 0.8689903846153846 0.7415865384615384 0.19471153846153846 0.04567307692307692
0 0.5709134615384616 0.18389423076923078 0.08413461538461539 0.05889423076923077
0 0.5444711538461539 0.4831730769230769 0.10216346153846154 0.04326923076923077
0 0.9435096153846154 0.3425480769230769 0.11057692307692307 0.0889423076923077
0 0.08052884615384616 0.8569711538461539 0.12259615384615384 0.03365384615384615
0 0.53125 0.921875 0.11778846153846154 0.06850961538461539
0 0.25841346153846156 0.1935096153846154 0.06490384615384616 0.030048076923076924
0 0.96875 0.8942307692307693 0.06009615384615385 0.028846153846153848
0 0.38221153846153844 0.5793269230769231 0.1778846153846154 0.05048076923076923
0 0.15745192307692307 0.5552884615384616 0.08653846153846154 0.04447115384615385
0 0.5817307692307693 0.5913461538461539 0.04807692307692308 0.038461538461538464
0 0.05889423076923077 0.22596153846153846 0.11778846153846154 0.040865384615384616
0 0.18028846153846154 0.7307692307692307 0.17427884615384615 0.13822115384615385
0 0.5865384615384616 0.25841346153846156 0.08774038461538461 0.07572115384615384
0 0.7259615384615384 0.5853365384615384 0.19110576923076922 0.12620192307692307
0 0.31971153846153844 0.8774038461538461 0.14302884615384615 0.042067307692307696
0 0.7524038461538461 0.008413461538461538 0.08173076923076923 0.016826923076923076
0 0.6490384615384616 0.9170673076923077 0.04807692307692308 0.030048076923076924
0 0.17067307692307693 0.47115384615384615 0.13942307692307693 0.09375
0 0.06490384615384616 0.46634615384615385 0.08653846153846154 0.05048076923076923
0 0.9615384615384616 0.4879807692307692 0.07451923076923077 0.036057692307692304
0 0.15384615384615385 0.7908653846153846 0.06850961538461539 0.036057692307692304
0 0.9675480769230769 0.9314903846153846 0.0625 0.06971153846153846
0 0.2920673076923077 0.02403846153846154 0.12740384615384615 0.04326923076923077
0 0.7944711538461539 0.9675480769230769 0.11298076923076923 0.03125
0 0.1346153846153846 0.8293269230769231 0.07572115384615384 0.06610576923076923
0 0.4362980769230769 0.11298076923076923 0.05889423076923077 0.08052884615384616
0 0.3762019230769231 0.49759615384615385 0.08413461538461539 0.04447115384615385
0 0.9651442307692307 0.25 0.0673076923076923 0.04567307692307692