0 0.052884615384615384 0.15985576923076922 0.08052884615384616 0.09375
0 0.96875 0.3076923076923077 0.06009615384615385 0.09254807692307693
0 0.7127403846153846 0.3245192307692308 0.057692307692307696 0.11057692307692307
0 0.5204326923076923 0.41947115384615385 0.06129807692307692 0.06971153846153846
0 0.03125 0.5600961538461539 0.05889423076923077 0.09254807692307693
0 0.9639423076923077 0.38341346153846156 0.06971153846153846 0.0625
0 0.390625 0.7451923076923077 0.0733173076923077 0.09615384615384616
0 0.6274038461538461 0.6610576923076923 0.09495192307692307 0.08533653846153846
0 0.9170673076923077 0.41466346153846156 0.07572115384615384 0.0829326923076923
0 0.32572115384615385 0.5060096153846154 0.06610576923076923 0.06009615384615385
0 0.7884615384615384 0.9471153846153846 0.06850961538461539 0.08052884615384616
0 0.5612980769230769 0.5841346153846154 0.05048076923076923 0.06370192307692307
0 0.7127403846153846 0.4951923076923077 0.08052884615384616 0.10096153846153846
0 0.8173076923076923 0.09495192307692307 0.0673076923076923 0.055288461538461536
0 0.5733173076923077 0.6490384615384616 0.06850961538461539 0.078125
0 0.7956730769230769 0.5072115384615384 0.08774038461538461 0.07572115384615384
0 0.9447115384615384 0.7007211538461539 0.07091346153846154 0.0673076923076923
0 0.7091346153846154 0.04447115384615385 0.08052884615384616 0.06971153846153846
0 0.3701923076923077 0.46033653846153844 0.08653846153846154 0.040865384615384616
0 0.5793269230769231 0.5168269230769231 0.09134615384615384 0.06370192307692307
0 0.8918269230769231 0.2439903846153846 0.109375 0.10576923076923077
0 0.046875 0.6298076923076923 0.09375 0.10096153846153846
0 0.5697115384615384 0.9735576923076923 0.09014423076923077 0.051682692307692304
0 0.46274038461538464 0.4375 0.08052884615384616 0.0673076923076923
0 0.9038461538461539 0.8653846153846154 0.10697115384615384 0.078125
0 0.6766826923076923 0.41466346153846156 0.0889423076923077 0.05048076923076923
0 0.46153846153846156 0.49399038461538464 0.06610576923076923 0.07572115384615384
0 0.21754807692307693 0.5709134615384616 0.052884615384615384 0.06009615384615385
0 0.27283653846153844 0.6923076923076923 0.08413461538461539 0.06490384615384616
0 0.7223557692307693 0.14903846153846154 0.09375 0.07572115384615384
0 0.38221153846153844 0.6009615384615384 0.06971153846153846 0.0673076923076923
0 0.046875 0.9375 0.0673076923076923 0.06850961538461539
0 0.46875 0.6586538461538461 0.08413461538461539 0.0673076923076923
0 0.8197115384615384 0.6370192307692307 0.06610576923076923 0.078125
0 0.31490384615384615 0.5552884615384616 0.0985576923076923 0.06129807692307692
0 0.9495192307692307 0.6334134615384616 0.08052884615384616 0.06971153846153846
0 0.03125 0.10096153846153846 0.06009615384615385 0.08173076923076923
0 0.15264423076923078 0.2860576923076923 0.0889423076923077 0.06971153846153846
0 0.27884615384615385 0.6081730769230769 0.08653846153846154 0.057692307692307696
0 0.6610576923076923 0.47836538461538464 0.055288461538461536 0.055288461538461536
0 0.16105769230769232 0.5769230769230769 0.0733173076923077 0.06971153846153846
0 0.6574519230769231 0.9783653846153846 0.08653846153846154 0.042067307692307696
0 0.984375 0.6526442307692307 0.028846153846153848 0.07692307692307693
0 0.7764423076923077 0.7740384615384616 0.109375 0.10336538461538461
0 0.375 0.9711538461538461 0.06971153846153846 0.055288461538461536
0 0.3161057692307692 0.1814903846153846 0.07451923076923077 0.08052884615384616
0 0.12139423076923077 0.9819711538461539 0.10096153846153846 0.03485576923076923
0 0.6274038461538461 0.057692307692307696 0.06850961538461539 0.10096153846153846
0 0.11538461538461539 0.7295673076923077 0.07932692307692307 0.0985576923076923
0 0.19471153846153846 0.37740384615384615 0.09495192307692307 0.052884615384615384
0 0.8689903846153846 0.921875 0.07091346153846154 0.08052884615384616