0 0.9795673076923077 0.18509615384615385 0.038461538461538464 0.06610576923076923
0 0.9795673076923077 0.24759615384615385 0.038461538461538464 0.04927884615384615
0 0.9819711538461539 0.3245192307692308 0.03485576923076923 0.04447115384615385
0 0.9338942307692307 0.16346153846153846 0.08413461538461539 0.0733173076923077
0 0.8641826923076923 0.125 0.06850961538461539 0.1141826923076923
0 0.8377403846153846 0.1622596153846154 0.10216346153846154 0.03485576923076923
0 0.8173076923076923 0.1875 0.06009615384615385 0.1141826923076923
0 0.8485576923076923 0.29447115384615385 0.0733173076923077 0.02403846153846154
0 0.7548076923076923 0.08052884615384616 0.02403846153846154 0.04326923076923077
0 0.640625 0.09134615384615384 0.07572115384615384 0.03365384615384615
0 0.7620192307692307 0.15985576923076922 0.04447115384615385 0.04567307692307692
0 0.7067307692307693 0.15504807692307693 0.027644230769230768 0.06009615384615385
0 0.5661057692307693 0.09254807692307693 0.06850961538461539 0.12980769230769232
0 0.5901442307692307 0.18509615384615385 0.06490384615384616 0.040865384615384616
0 0.7872596153846154 0.2536057692307692 0.07692307692307693 0.06009615384615385
0 0.7716346153846154 0.30408653846153844 0.06971153846153846 0.037259615384615384
0 0.7175480769230769 0.23677884615384615 0.055288461538461536 0.06971153846153846
0 0.6850961538461539 0.22355769230769232 0.021634615384615384 0.08413461538461539
0 0.6225961538461539 0.25 0.09975961538461539 0.042067307692307696
0 0.5204326923076923 0.20072115384615385 0.042067307692307696 0.06971153846153846
0 0.48197115384615385 0.16346153846153846 0.03125 0.056490384615384616
0 0.47836538461538464 0.10336538461538461 0.055288461538461536 0.10697115384615384
0 0.43028846153846156 0.078125 0.030048076923076924 0.12980769230769232
0 0.4026442307692308 0.10697115384615384 0.03365384615384615 0.07451923076923077
0 0.4014423076923077 0.17067307692307693 0.1141826923076923 0.11899038461538461
0 0.3317307692307692 0.17908653846153846 0.14302884615384615 0.10096153846153846
0 0.2704326923076923 0.16706730769230768 0.13942307692307693 0.09615384615384616
0 0.18990384615384615 0.171875 0.125 0.12139423076923077
0 0.055288461538461536 0.15144230769230768 0.04567307692307692 0.13221153846153846
0 0.328125 0.3798076923076923 0.06370192307692307 0.026442307692307692
0 0.39903846153846156 0.35697115384615385 0.040865384615384616 0.04567307692307692
0 0.47115384615384615 0.41466346153846156 0.04326923076923077 0.06490384615384616
0 0.578125 0.39663461538461536 0.07091346153846154 0.026442307692307692
0 0.5600961538461539 0.2980769230769231 0.0889423076923077 0.052884615384615384
0 0.5564903846153846 0.3449519230769231 0.04326923076923077 0.04326923076923077
0 0.640625 0.3485576923076923 0.12259615384615384 0.02283653846153846
0 0.6358173076923077 0.3713942307692308 0.06490384615384616 0.02403846153846154
0 0.6911057692307693 0.3954326923076923 0.06850961538461539 0.04326923076923077
0 0.6033653846153846 0.2980769230769231 0.02283653846153846 0.038461538461538464
0 0.7524038461538461 0.40024038461538464 0.03125 0.038461538461538464
0 0.6694711538461539 0.3269230769230769 0.04447115384615385 0.03365384615384615
0 0.8461538461538461 0.43509615384615385 0.06971153846153846 0.019230769230769232
0 0.9050480769230769 0.4338942307692308 0.037259615384615384 0.08173076923076923
0 0.35336538461538464 0.49038461538461536 0.025240384615384616 0.10216346153846154
0 0.9951923076923077 0.8605769230769231 0.007211538461538462 0.04807692307692308
0 0.9891826923076923 0.8064903846153846 0.019230769230769232 0.027644230769230768
0 0.9735576923076923 0.6887019230769231 0.026442307692307692 0.04927884615384615
0 0.9411057692307693 0.6826923076923077 0.039663461538461536 0.04807692307692308
0 0.8305288461538461 0.7920673076923077 0.04567307692307692 0.055288461538461536
0 0.8052884615384616 0.7379807692307693 0.04567307692307692 0.10216346153846154
0 0.9651442307692307 0.6129807692307693 0.06850961538461539 0.06129807692307692
0 0.9278846153846154 0.6141826923076923 0.04927884615384615 0.055288461538461536
0 0.9014423076923077 0.6009615384615384 0.055288461538461536 0.06971153846153846
0 0.8076923076923077 0.5901442307692307 0.04927884615384615 0.12620192307692307
0 0.7584134615384616 0.5540865384615384 0.03245192307692308 0.027644230769230768
0 0.7668269230769231 0.6021634615384616 0.036057692307692304 0.038461538461538464
0 0.7259615384615384 0.6081730769230769 0.04447115384615385 0.056490384615384616
0 0.7415865384615384 0.7451923076923077 0.04927884615384615 0.026442307692307692
0 0.671875 0.6189903846153846 0.02283653846153846 0.056490384615384616
0 0.6610576923076923 0.5600961538461539 0.057692307692307696 0.09375
0 0.625 0.5600961538461539 0.04807692307692308 0.13701923076923078
0 0.6009615384615384 0.5576923076923077 0.037259615384615384 0.13341346153846154
0 0.5420673076923077 0.59375 0.10697115384615384 0.0673076923076923
0 0.49038461538461536 0.6394230769230769 0.04447115384615385 0.1045673076923077
0 0.4411057692307692 0.5757211538461539 0.055288461538461536 0.0985576923076923
0 0.4230769230769231 0.6538461538461539 0.06490384615384616 0.07091346153846154
0 0.5060096153846154 0.7680288461538461 0.052884615384615384 0.04927884615384615
0 0.4375 0.7596153846153846 0.051682692307692304 0.028846153846153848
0 0.38100961538461536 0.7427884615384616 0.06009615384615385 0.039663461538461536
0 0.4014423076923077 0.7139423076923077 0.036057692307692304 0.038461538461538464
0 0.35697115384615385 0.6935096153846154 0.09735576923076923 0.04447115384615385
0 0.3870192307692308 0.5829326923076923 0.10817307692307693 0.021634615384615384
0 0.3425480769230769 0.6322115384615384 0.09615384615384616 0.06850961538461539
0 0.28846153846153844 0.6117788461538461 0.04927884615384615 0.056490384615384616
0 0.2620192307692308 0.7319711538461539 0.10216346153846154 0.051682692307692304
0 0.22956730769230768 0.6141826923076923 0.07091346153846154 0.0673076923076923
0 0.15384615384615385 0.6466346153846154 0.09254807692307693 0.026442307692307692
0 0.140625 0.5625 0.055288461538461536 0.0625
0 0.05048076923076923 0.5552884615384616 0.040865384615384616 0.040865384615384616
0 0.05889423076923077 0.6069711538461539 0.054086538461538464 0.04447115384615385
0 0.09615384615384616 0.5709134615384616 0.028846153846153848 0.06490384615384616
0 0.14903846153846154 0.703125 0.04927884615384615 0.03245192307692308
0 0.07451923076923077 0.6850961538461539 0.11177884615384616 0.05889423076923077
0 0.109375 0.7572115384615384 0.06129807692307692 0.026442307692307692
0 0.042067307692307696 0.8233173076923077 0.030048076923076924 0.046875
0 0.12980769230769232 0.8425480769230769 0.06490384615384616 0.0829326923076923
0 0.13341346153846154 0.8810096153846154 0.056490384615384616 0.07211538461538461
0 0.0733173076923077 0.9362980769230769 0.07692307692307693 0.08052884615384616
0 0.2620192307692308 0.8221153846153846 0.12139423076923077 0.09134615384615384
0 0.3088942307692308 0.84375 0.10336538461538461 0.09254807692307693
0 0.18870192307692307 0.9651442307692307 0.08052884615384616 0.040865384615384616
0 0.25 0.9639423076923077 0.03365384615384615 0.030048076923076924
0 0.3485576923076923 0.9615384615384616 0.04927884615384615 0.037259615384615384
0 0.42427884615384615 0.9591346153846154 0.07572115384615384 0.04447115384615385
0 0.6358173076923077 0.8305288461538461 0.0889423076923077 0.04447115384615385
0 0.5600961538461539 0.7884615384615384 0.04927884615384615 0.027644230769230768
0 0.7644230769230769 0.47836538461538464 0.018028846153846152 0.03125
0 0.78125 0.7920673076923077 0.03485576923076923 0.008413461538461538
0 0.6983173076923077 0.7572115384615384 0.02403846153846154 0.019230769230769232
0 0.30528846153846156 0.9711538461538461 0.02403846153846154 0.025240384615384616
0 0.09134615384615384 0.7463942307692307 0.04326923076923077 0.020432692307692308
0 0.9579326923076923 0.6177884615384616 0.039663461538461536 0.07572115384615384
0 0.8545673076923077 0.35336538461538464 0.02283653846153846 0.039663461538461536
0 0.8954326923076923 0.7283653846153846 0.03365384615384615 0.06850961538461539
0 0.9146634615384616 0.7367788461538461 0.038461538461538464 0.019230769230769232
0 0.8822115384615384 0.7548076923076923 0.026442307692307692 0.04326923076923077
0 0.8461538461538461 0.04326923076923077 0.015625 0.016826923076923076
0 0.5721153846153846 0.16826923076923078 0.038461538461538464 0.08052884615384616
0 0.5949519230769231 0.4519230769230769 0.03365384615384615 0.057692307692307696
0 0.6923076923076923 0.8173076923076923 0.036057692307692304 0.030048076923076924
0 0.2800480769230769 0.0733173076923077 0.09134615384615384 0.02403846153846154
0 0.2800480769230769 0.054086538461538464 0.04447115384615385 0.016826923076923076
0 0.09495192307692307 0.9158653846153846 0.07451923076923077 0.027644230769230768