0 0.030048076923076924 0.01201923076923077 0.03125 0.02403846153846154
0 0.34615384615384615 0.010817307692307692 0.06009615384615385 0.021634615384615384
0 0.35697115384615385 0.05048076923076923 0.0625 0.06009615384615385
0 0.07692307692307693 0.09495192307692307 0.08653846153846154 0.08173076923076923
0 0.171875 0.08052884615384616 0.04927884615384615 0.036057692307692304
0 0.6742788461538461 0.042067307692307696 0.06009615384615385 0.038461538461538464
0 0.8473557692307693 0.03485576923076923 0.03365384615384615 0.04326923076923077
0 0.24879807692307693 0.1045673076923077 0.037259615384615384 0.04567307692307692
0 0.49158653846153844 0.140625 0.057692307692307696 0.06129807692307692
0 0.5432692307692307 0.11658653846153846 0.03485576923076923 0.037259615384615384
0 0.1778846153846154 0.20072115384615385 0.057692307692307696 0.04447115384615385
0 0.23677884615384615 0.265625 0.06370192307692307 0.04326923076923077
0 0.390625 0.12740384615384615 0.04447115384615385 0.046875
0 0.5288461538461539 0.020432692307692308 0.037259615384615384 0.026442307692307692
0 0.5024038461538461 0.038461538461538464 0.04447115384615385 0.03365384615384615
0 0.7608173076923077 0.06850961538461539 0.06490384615384616 0.04447115384615385
0 0.6021634615384616 0.1045673076923077 0.04447115384615385 0.055288461538461536
0 0.3173076923076923 0.15865384615384615 0.040865384615384616 0.06129807692307692
0 0.36778846153846156 0.20432692307692307 0.039663461538461536 0.04807692307692308
0 0.3233173076923077 0.27884615384615385 0.04927884615384615 0.06850961538461539
0 0.5913461538461539 0.18028846153846154 0.040865384615384616 0.046875
0 0.8233173076923077 0.16346153846153846 0.03485576923076923 0.03365384615384615
0 0.578125 0.234375 0.036057692307692304 0.03365384615384615
0 0.09254807692307693 0.2704326923076923 0.038461538461538464 0.030048076923076924
0 0.025240384615384616 0.30649038461538464 0.05048076923076923 0.04807692307692308
0 0.014423076923076924 0.3401442307692308 0.028846153846153848 0.036057692307692304
0 0.8822115384615384 0.2620192307692308 0.06009615384615385 0.056490384615384616
0 0.875 0.31971153846153844 0.04927884615384615 0.05889423076923077
0 0.5865384615384616 0.33653846153846156 0.042067307692307696 0.042067307692307696
0 0.9735576923076923 0.3701923076923077 0.04927884615384615 0.03245192307692308
0 0.8161057692307693 0.3581730769230769 0.038461538461538464 0.03245192307692308
0 0.8076923076923077 0.4110576923076923 0.056490384615384616 0.04326923076923077
0 0.890625 0.4807692307692308 0.039663461538461536 0.04326923076923077
0 0.5060096153846154 0.484375 0.025240384615384616 0.028846153846153848
0 0.15865384615384615 0.47475961538461536 0.04807692307692308 0.046875
0 0.18028846153846154 0.5264423076923077 0.03485576923076923 0.036057692307692304
0 0.125 0.5360576923076923 0.04447115384615385 0.04807692307692308
0 0.1141826923076923 0.6382211538461539 0.07572115384615384 0.038461538461538464
0 0.2920673076923077 0.5697115384615384 0.04447115384615385 0.03365384615384615
0 0.6201923076923077 0.4266826923076923 0.0673076923076923 0.07091346153846154
0 0.7127403846153846 0.4375 0.06490384615384616 0.06610576923076923
0 0.6478365384615384 0.46033653846153844 0.036057692307692304 0.038461538461538464
0 0.5084134615384616 0.6009615384615384 0.07572115384615384 0.04447115384615385
0 0.4362980769230769 0.6153846153846154 0.03485576923076923 0.03365384615384615
0 0.9735576923076923 0.6225961538461539 0.04927884615384615 0.056490384615384616
0 0.2403846153846154 0.7524038461538461 0.056490384615384616 0.06009615384615385
0 0.08052884615384616 0.7211538461538461 0.04567307692307692 0.056490384615384616
0 0.3137019230769231 0.7536057692307693 0.04447115384615385 0.052884615384615384
0 0.38461538461538464 0.7379807692307693 0.036057692307692304 0.055288461538461536
0 0.7475961538461539 0.6947115384615384 0.019230769230769232 0.027644230769230768
0 0.5685096153846154 0.8076923076923077 0.06490384615384616 0.09134615384615384
0 0.5733173076923077 0.8617788461538461 0.04927884615384615 0.046875
0 0.6550480769230769 0.8401442307692307 0.046875 0.06971153846153846
0 0.703125 0.8389423076923077 0.039663461538461536 0.06009615384615385
0 0.7932692307692307 0.8425480769230769 0.10096153846153846 0.11899038461538461
0 0.9603365384615384 0.8822115384615384 0.0733173076923077 0.06370192307692307
0 0.3269230769230769 0.8894230769230769 0.07572115384615384 0.0733173076923077
0 0.41346153846153844 0.90625 0.051682692307692304 0.042067307692307696
0 0.3641826923076923 0.9074519230769231 0.03245192307692308 0.07572115384615384
0 0.16105769230769232 0.9242788461538461 0.06610576923076923 0.07692307692307693
0 0.04927884615384615 0.9603365384615384 0.07211538461538461 0.07572115384615384
0 0.10216346153846154 0.9795673076923077 0.04807692307692308 0.039663461538461536
0 0.2920673076923077 0.9663461538461539 0.036057692307692304 0.04447115384615385
0 0.23677884615384615 0.96875 0.09014423076923077 0.030048076923076924
0 0.5913461538461539 0.9519230769230769 0.046875 0.04447115384615385
0 0.7475961538461539 0.9483173076923077 0.056490384615384616 0.09495192307692307
0 0.6923076923076923 0.9891826923076923 0.036057692307692304 0.020432692307692308
0 0.8966346153846154 0.17427884615384615 0.025240384615384616 0.018028846153846152