0 0.018028846153846152 0.0625 0.03365384615384615 0.057692307692307696
0 0.20072115384615385 0.0889423076923077 0.055288461538461536 0.04807692307692308
0 0.2920673076923077 0.02403846153846154 0.06610576923076923 0.04807692307692308
0 0.36538461538461536 0.12740384615384615 0.0985576923076923 0.046875
0 0.4338942307692308 0.19471153846153846 0.1346153846153846 0.0985576923076923
0 0.04326923076923077 0.2860576923076923 0.0625 0.054086538461538464
0 0.11057692307692307 0.3581730769230769 0.07572115384615384 0.13341346153846154
0 0.10576923076923077 0.43509615384615385 0.038461538461538464 0.02403846153846154
0 0.21394230769230768 0.4411057692307692 0.09495192307692307 0.039663461538461536
0 0.27524038461538464 0.4987980769230769 0.06490384615384616 0.03365384615384615
0 0.2620192307692308 0.5685096153846154 0.10096153846153846 0.06129807692307692
0 0.11177884615384616 0.5372596153846154 0.10336538461538461 0.038461538461538464
0 0.4891826923076923 0.45072115384615385 0.09134615384615384 0.02403846153846154
0 0.5072115384615384 0.5072115384615384 0.2247596153846154 0.04447115384615385
0 0.45913461538461536 0.5745192307692307 0.07932692307692307 0.046875
0 0.4375 0.6370192307692307 0.1622596153846154 0.06490384615384616
0 0.3942307692307692 0.7283653846153846 0.11298076923076923 0.051682692307692304
0 0.24278846153846154 0.71875 0.046875 0.057692307692307696
0 0.08533653846153846 0.6370192307692307 0.09495192307692307 0.06490384615384616
0 0.09134615384615384 0.7259615384615384 0.08173076923076923 0.06009615384615385
0 0.11057692307692307 0.8052884615384616 0.08052884615384616 0.04447115384615385
0 0.5348557692307693 0.8846153846153846 0.19951923076923078 0.04326923076923077
0 0.13341346153846154 0.9459134615384616 0.04447115384615385 0.039663461538461536
0 0.27884615384615385 0.9759615384615384 0.06370192307692307 0.04447115384615385
0 0.5625 0.12980769230769232 0.12379807692307693 0.07932692307692307
0 0.40625 0.3557692307692308 0.12259615384615384 0.03245192307692308
0 0.3088942307692308 0.6490384615384616 0.055288461538461536 0.03245192307692308
0 0.06370192307692307 0.8858173076923077 0.028846153846153848 0.020432692307692308