0 0.34615384615384615 0.9615384615384616 0.10216346153846154 0.07211538461538461
0 0.1814903846153846 0.4423076923076923 0.11177884615384616 0.09134615384615384
0 0.08653846153846154 0.0985576923076923 0.09735576923076923 0.09975961538461539
0 0.11298076923076923 0.02403846153846154 0.13701923076923078 0.046875
0 0.3293269230769231 0.8257211538461539 0.15625 0.15745192307692307
0 0.04927884615384615 0.3485576923076923 0.09495192307692307 0.08533653846153846
0 0.25841346153846156 0.03125 0.12259615384615384 0.06129807692307692
0 0.042067307692307696 0.028846153846153848 0.05048076923076923 0.056490384615384616
0 0.6971153846153846 0.7776442307692307 0.055288461538461536 0.06009615384615385
0 0.4963942307692308 0.8305288461538461 0.07572115384615384 0.08052884615384616
0 0.6334134615384616 0.4567307692307692 0.11298076923076923 0.12740384615384615
0 0.03125 0.39903846153846156 0.06129807692307692 0.055288461538461536
0 0.028846153846153848 0.2692307692307692 0.055288461538461536 0.07451923076923077