0 0.3016826923076923 0.5985576923076923 0.052884615384615384 0.036057692307692304
0 0.15985576923076922 0.9326923076923077 0.06490384615384616 0.04447115384615385
0 0.8798076923076923 0.421875 0.15985576923076922 0.08533653846153846
0 0.39663461538461536 0.5204326923076923 0.10817307692307693 0.07572115384615384
0 0.40625 0.1141826923076923 0.055288461538461536 0.04326923076923077
0 0.9711538461538461 0.6165865384615384 0.055288461538461536 0.052884615384615384
0 0.2764423076923077 0.055288461538461536 0.039663461538461536 0.040865384615384616
0 0.33413461538461536 0.6646634615384616 0.03365384615384615 0.04447115384615385
0 0.484375 0.0829326923076923 0.0625 0.030048076923076924
0 0.15504807692307693 0.6923076923076923 0.038461538461538464 0.04567307692307692
0 0.35216346153846156 0.4855769230769231 0.07932692307692307 0.0625
0 0.28846153846153844 0.16947115384615385 0.04447115384615385 0.038461538461538464
0 0.5817307692307693 0.3125 0.08653846153846154 0.06490384615384616
0 0.6899038461538461 0.5120192307692307 0.06971153846153846 0.05889423076923077
0 0.3473557692307692 0.8918269230769231 0.038461538461538464 0.04927884615384615
0 0.5709134615384616 0.07091346153846154 0.04927884615384615 0.046875
0 0.8125 0.7223557692307693 0.11778846153846154 0.06009615384615385
0 0.040865384615384616 0.7548076923076923 0.042067307692307696 0.05048076923076923
0 0.9399038461538461 0.28365384615384615 0.09975961538461539 0.08052884615384616
0 0.6069711538461539 0.4326923076923077 0.07572115384615384 0.04567307692307692
0 0.05048076923076923 0.046875 0.09134615384615384 0.06490384615384616
0 0.31971153846153844 0.3954326923076923 0.07211538461538461 0.04807692307692308
0 0.09254807692307693 0.16706730769230768 0.08173076923076923 0.052884615384615384
0 0.2824519230769231 0.7235576923076923 0.04927884615384615 0.038461538461538464