0 0.4963942307692308 0.8076923076923077 0.15264423076923078 0.09254807692307693
0 0.25240384615384615 0.6538461538461539 0.17548076923076922 0.11538461538461539
0 0.39302884615384615 0.7427884615384616 0.13221153846153846 0.12259615384615384
0 0.6658653846153846 0.9350961538461539 0.07692307692307693 0.06009615384615385
0 0.8641826923076923 0.34134615384615385 0.09495192307692307 0.14423076923076922
0 0.028846153846153848 0.057692307692307696 0.056490384615384616 0.06490384615384616
0 0.9146634615384616 0.640625 0.13942307692307693 0.08173076923076923
0 0.08653846153846154 0.9459134615384616 0.14302884615384615 0.08653846153846154
0 0.30649038461538464 0.03365384615384615 0.09254807692307693 0.0673076923076923
0 0.22956730769230768 0.24278846153846154 0.04447115384615385 0.04326923076923077
0 0.6382211538461539 0.6634615384615384 0.0733173076923077 0.08774038461538461
0 0.03365384615384615 0.5709134615384616 0.0673076923076923 0.09615384615384616
0 0.19831730769230768 0.3112980769230769 0.09014423076923077 0.0829326923076923
0 0.3233173076923077 0.5336538461538461 0.12259615384615384 0.171875
0 0.9471153846153846 0.30408653846153844 0.09495192307692307 0.09495192307692307
0 0.22596153846153846 0.8365384615384616 0.14783653846153846 0.10576923076923077
0 0.453125 0.5673076923076923 0.08052884615384616 0.08653846153846154
0 0.4110576923076923 0.15384615384615385 0.10216346153846154 0.0625
0 0.9759615384615384 0.16826923076923078 0.046875 0.10817307692307693
0 0.6802884615384616 0.6983173076923077 0.08173076923076923 0.07211538461538461
0 0.06490384615384616 0.49038461538461536 0.109375 0.12259615384615384
0 0.07211538461538461 0.5649038461538461 0.08052884615384616 0.09735576923076923
0 0.453125 0.125 0.046875 0.04567307692307692
0 0.3786057692307692 0.8004807692307693 0.0829326923076923 0.12259615384615384
0 0.7512019230769231 0.890625 0.13221153846153846 0.10216346153846154
0 0.5444711538461539 0.9699519230769231 0.08052884615384616 0.057692307692307696
0 0.15985576923076922 0.8846153846153846 0.06009615384615385 0.09975961538461539
0 0.4483173076923077 0.96875 0.0829326923076923 0.06009615384615385
0 0.7740384615384616 0.09375 0.08052884615384616 0.14783653846153846
0 0.9411057692307693 0.5 0.11177884615384616 0.08533653846153846
0 0.6322115384615384 0.3245192307692308 0.11057692307692307 0.06009615384615385
0 0.052884615384615384 0.7680288461538461 0.0673076923076923 0.0829326923076923
0 0.07692307692307693 0.06490384615384616 0.07572115384615384 0.125
0 0.9375 0.8930288461538461 0.12379807692307693 0.08653846153846154
0 0.5552884615384616 0.1310096153846154 0.11538461538461539 0.171875
0 0.8846153846153846 0.1622596153846154 0.09975961538461539 0.09615384615384616
0 0.0985576923076923 0.6334134615384616 0.09254807692307693 0.0673076923076923
0 0.11899038461538461 0.11177884615384616 0.09014423076923077 0.11538461538461539
0 0.4807692307692308 0.4567307692307692 0.0625 0.057692307692307696
0 0.1141826923076923 0.3870192307692308 0.06490384615384616 0.06009615384615385
0 0.47475961538461536 0.020432692307692308 0.08052884615384616 0.037259615384615384
0 0.6586538461538461 0.9759615384615384 0.12379807692307693 0.04447115384615385
0 0.037259615384615384 0.8605769230769231 0.03485576923076923 0.04927884615384615
0 0.5913461538461539 0.5420673076923077 0.1875 0.1201923076923077
0 0.9627403846153846 0.7487980769230769 0.07211538461538461 0.06850961538461539
0 0.8125 0.33052884615384615 0.09495192307692307 0.07211538461538461
0 0.17067307692307693 0.4110576923076923 0.06490384615384616 0.057692307692307696
0 0.3245192307692308 0.8990384615384616 0.06490384615384616 0.06971153846153846
0 0.6442307692307693 0.7475961538461539 0.140625 0.14302884615384615
0 0.23197115384615385 0.90625 0.11057692307692307 0.0829326923076923
0 0.2512019230769231 0.03365384615384615 0.15264423076923078 0.0673076923076923
0 0.8197115384615384 0.28365384615384615 0.11057692307692307 0.09735576923076923
0 0.9338942307692307 0.3641826923076923 0.12980769230769232 0.14302884615384615