0 0.26802884615384615 0.02403846153846154 0.0625 0.04807692307692308
0 0.3401442307692308 0.375 0.051682692307692304 0.08052884615384616
0 0.9350961538461539 0.9759615384615384 0.04927884615384615 0.04447115384615385
0 0.5456730769230769 0.0733173076923077 0.056490384615384616 0.1045673076923077
0 0.39302884615384615 0.0625 0.04927884615384615 0.055288461538461536
0 0.45072115384615385 0.35096153846153844 0.0625 0.09615384615384616
0 0.3004807692307692 0.49399038461538464 0.08052884615384616 0.07932692307692307
0 0.5552884615384616 0.3125 0.06610576923076923 0.06129807692307692
0 0.671875 0.40384615384615385 0.05048076923076923 0.057692307692307696
0 0.5012019230769231 0.6466346153846154 0.05889423076923077 0.07572115384615384
0 0.5072115384615384 0.5841346153846154 0.05048076923076923 0.07211538461538461
0 0.4543269230769231 0.40384615384615385 0.06971153846153846 0.06490384615384616
0 0.4206730769230769 0.030048076923076924 0.03485576923076923 0.06009615384615385
0 0.5132211538461539 0.7091346153846154 0.051682692307692304 0.05048076923076923
0 0.23076923076923078 0.7788461538461539 0.04326923076923077 0.03485576923076923
0 0.35096153846153844 0.6262019230769231 0.06009615384615385 0.08052884615384616
0 0.2692307692307692 0.703125 0.10096153846153846 0.08533653846153846
0 0.6802884615384616 0.6033653846153846 0.07211538461538461 0.08774038461538461
0 0.9759615384615384 0.09014423076923077 0.046875 0.09134615384615384
0 0.14783653846153846 0.296875 0.04927884615384615 0.06490384615384616
0 0.22716346153846154 0.4026442307692308 0.05889423076923077 0.07211538461538461
0 0.3269230769230769 0.20673076923076922 0.07572115384615384 0.08413461538461539
0 0.17548076923076922 0.09615384615384616 0.07572115384615384 0.09615384615384616
0 0.15745192307692307 0.3894230769230769 0.0829326923076923 0.05889423076923077
0 0.7992788461538461 0.6502403846153846 0.08413461538461539 0.078125
0 0.6670673076923077 0.2608173076923077 0.05889423076923077 0.055288461538461536
0 0.6189903846153846 0.6502403846153846 0.04567307692307692 0.06490384615384616
0 0.40865384615384615 0.2668269230769231 0.07572115384615384 0.06129807692307692
0 0.09254807692307693 0.796875 0.06009615384615385 0.0733173076923077
0 0.38822115384615385 0.5576923076923077 0.06490384615384616 0.08413461538461539
0 0.9639423076923077 0.6045673076923077 0.04927884615384615 0.06370192307692307
0 0.6394230769230769 0.4098557692307692 0.042067307692307696 0.04567307692307692
0 0.6875 0.18269230769230768 0.04807692307692308 0.08653846153846154
0 0.5612980769230769 0.38100961538461536 0.08173076923076923 0.09134615384615384
0 0.28846153846153844 0.3076923076923077 0.06850961538461539 0.09134615384615384
0 0.3701923076923077 0.08052884615384616 0.13221153846153846 0.11298076923076923
0 0.7980769230769231 0.3737980769230769 0.046875 0.07932692307692307
0 0.875 0.054086538461538464 0.055288461538461536 0.09735576923076923
0 0.9435096153846154 0.125 0.051682692307692304 0.0889423076923077
0 0.8052884615384616 0.16105769230769232 0.07572115384615384 0.0985576923076923
0 0.796875 0.030048076923076924 0.052884615384615384 0.06009615384615385
0 0.02283653846153846 0.5144230769230769 0.04567307692307692 0.07451923076923077
0 0.8365384615384616 0.6189903846153846 0.10216346153846154 0.06490384615384616
0 0.12139423076923077 0.5877403846153846 0.06971153846153846 0.10096153846153846
0 0.13942307692307693 0.5384615384615384 0.07932692307692307 0.06971153846153846
0 0.15985576923076922 0.6995192307692307 0.08052884615384616 0.051682692307692304
0 0.5949519230769231 0.44711538461538464 0.06971153846153846 0.04567307692307692
0 0.016826923076923076 0.36778846153846156 0.03365384615384615 0.04927884615384615
0 0.20192307692307693 0.046875 0.08052884615384616 0.08533653846153846
0 0.037259615384615384 0.33653846153846156 0.07451923076923077 0.08173076923076923
0 0.26322115384615385 0.78125 0.06490384615384616 0.06850961538461539
0 0.8966346153846154 0.4326923076923077 0.06490384615384616 0.057692307692307696
0 0.7572115384615384 0.15264423076923078 0.06610576923076923 0.13822115384615385
0 0.1141826923076923 0.04326923076923077 0.07451923076923077 0.07692307692307693
0 0.6947115384615384 0.7536057692307693 0.05048076923076923 0.0733173076923077
0 0.234375 0.6346153846153846 0.06971153846153846 0.05889423076923077