0 0.47836538461538464 0.5625 0.03485576923076923 0.038461538461538464
0 0.4110576923076923 0.5252403846153846 0.030048076923076924 0.04927884615384615
0 0.8197115384615384 0.5360576923076923 0.02403846153846154 0.04447115384615385
0 0.20192307692307693 0.26322115384615385 0.037259615384615384 0.028846153846153848
0 0.09014423076923077 0.34975961538461536 0.04807692307692308 0.03245192307692308
0 0.1814903846153846 0.3425480769230769 0.042067307692307696 0.03485576923076923
0 0.17067307692307693 0.6286057692307693 0.046875 0.03485576923076923
0 0.234375 0.5925480769230769 0.046875 0.040865384615384616
0 0.38822115384615385 0.38100961538461536 0.038461538461538464 0.028846153846153848
0 0.38341346153846156 0.3233173076923077 0.0733173076923077 0.026442307692307692
0 0.09134615384615384 0.6586538461538461 0.04447115384615385 0.02403846153846154
0 0.10697115384615384 0.5889423076923077 0.03485576923076923 0.02403846153846154
0 0.5348557692307693 0.6754807692307693 0.028846153846153848 0.019230769230769232
0 0.41947115384615385 0.15865384615384615 0.03365384615384615 0.027644230769230768
0 0.44591346153846156 0.20552884615384615 0.027644230769230768 0.02283653846153846
0 0.5877403846153846 0.08774038461538461 0.03365384615384615 0.038461538461538464
0 0.8449519230769231 0.265625 0.026442307692307692 0.02283653846153846
0 0.765625 0.28846153846153844 0.020432692307692308 0.03365384615384615
0 0.7836538461538461 0.3245192307692308 0.025240384615384616 0.02283653846153846
0 0.8810096153846154 0.23197115384615385 0.025240384615384616 0.025240384615384616
0 0.18028846153846154 0.29927884615384615 0.03485576923076923 0.02403846153846154
0 0.06850961538461539 0.21394230769230768 0.028846153846153848 0.018028846153846152
0 0.59375 0.6442307692307693 0.039663461538461536 0.021634615384615384
0 0.734375 0.65625 0.028846153846153848 0.02283653846153846
0 0.4326923076923077 0.6442307692307693 0.037259615384615384 0.021634615384615384
0 0.3389423076923077 0.6923076923076923 0.03365384615384615 0.019230769230769232
0 0.4831730769230769 0.7451923076923077 0.038461538461538464 0.030048076923076924
0 0.5649038461538461 0.6875 0.02283653846153846 0.016826923076923076
0 0.7848557692307693 0.6971153846153846 0.04447115384615385 0.018028846153846152
0 0.9110576923076923 0.7127403846153846 0.018028846153846152 0.018028846153846152
0 0.8353365384615384 0.6971153846153846 0.021634615384615384 0.016826923076923076
0 0.14182692307692307 0.796875 0.038461538461538464 0.020432692307692308
0 0.1045673076923077 0.78125 0.054086538461538464 0.052884615384615384
0 0.5396634615384616 0.953125 0.04447115384615385 0.02403846153846154
0 0.7487980769230769 0.9435096153846154 0.021634615384615384 0.03245192307692308
0 0.8713942307692307 0.8233173076923077 0.026442307692307692 0.03125
0 0.46875 0.36899038461538464 0.02403846153846154 0.020432692307692308
0 0.3858173076923077 0.3449519230769231 0.052884615384615384 0.02403846153846154
0 0.3713942307692308 0.359375 0.051682692307692304 0.02403846153846154
0 0.24519230769230768 0.5372596153846154 0.07451923076923077 0.0733173076923077
0 0.16466346153846154 0.25600961538461536 0.039663461538461536 0.030048076923076924
0 0.39903846153846156 0.2512019230769231 0.018028846153846152 0.036057692307692304
0 0.6682692307692307 0.859375 0.028846153846153848 0.06009615384615385
0 0.5540865384615384 0.8076923076923077 0.11057692307692307 0.07572115384615384
0 0.7764423076923077 0.8016826923076923 0.04447115384615385 0.028846153846153848
0 0.5180288461538461 0.359375 0.021634615384615384 0.02403846153846154
0 0.33413461538461536 0.19110576923076922 0.013221153846153846 0.030048076923076924
0 0.7680288461538461 0.40024038461538464 0.019230769230769232 0.020432692307692308
0 0.6382211538461539 0.42427884615384615 0.018028846153846152 0.016826923076923076
0 0.8701923076923077 0.2824519230769231 0.020432692307692308 0.021634615384615384
0 0.953125 0.6478365384615384 0.03485576923076923 0.018028846153846152