0 0.3942307692307692 0.9747596153846154 0.08052884615384616 0.04326923076923077
0 0.7211538461538461 0.43990384615384615 0.06009615384615385 0.09134615384615384
0 0.09134615384615384 0.3581730769230769 0.125 0.1141826923076923
0 0.96875 0.2091346153846154 0.054086538461538464 0.0673076923076923
0 0.9711538461538461 0.35336538461538464 0.055288461538461536 0.056490384615384616
0 0.33533653846153844 0.20072115384615385 0.056490384615384616 0.07211538461538461
0 0.6766826923076923 0.5673076923076923 0.056490384615384616 0.055288461538461536
0 0.765625 0.3112980769230769 0.11658653846153846 0.056490384615384616
0 0.038461538461538464 0.29447115384615385 0.038461538461538464 0.0889423076923077
0 0.16706730769230768 0.5024038461538461 0.07692307692307693 0.09615384615384616
0 0.02283653846153846 0.38822115384615385 0.04567307692307692 0.11538461538461539
0 0.37740384615384615 0.34615384615384615 0.11899038461538461 0.06971153846153846
0 0.8774038461538461 0.9459134615384616 0.12259615384615384 0.038461538461538464
0 0.15865384615384615 0.5637019230769231 0.052884615384615384 0.06971153846153846
0 0.5564903846153846 0.12620192307692307 0.07091346153846154 0.08533653846153846
0 0.3737980769230769 0.18509615384615385 0.07572115384615384 0.08052884615384616
0 0.6923076923076923 0.38100961538461536 0.13822115384615385 0.07091346153846154
0 0.15504807692307693 0.8641826923076923 0.13942307692307693 0.08653846153846154
0 0.5877403846153846 0.39903846153846156 0.06850961538461539 0.051682692307692304
0 0.5600961538461539 0.4579326923076923 0.052884615384615384 0.036057692307692304
0 0.3473557692307692 0.9038461538461539 0.10216346153846154 0.078125
0 0.96875 0.25 0.051682692307692304 0.056490384615384616
0 0.018028846153846152 0.4807692307692308 0.03485576923076923 0.08653846153846154
0 0.7752403846153846 0.45913461538461536 0.057692307692307696 0.06971153846153846
0 0.7920673076923077 0.2860576923076923 0.08653846153846154 0.10096153846153846
0 0.33653846153846156 0.04447115384615385 0.11778846153846154 0.0889423076923077
0 0.24519230769230768 0.36778846153846156 0.07572115384615384 0.056490384615384616
0 0.8125 0.9759615384615384 0.08533653846153846 0.04447115384615385
0 0.03485576923076923 0.7668269230769231 0.06971153846153846 0.04927884615384615
0 0.5492788461538461 0.22355769230769232 0.07572115384615384 0.109375
0 0.5757211538461539 0.27884615384615385 0.08052884615384616 0.09134615384615384
0 0.5564903846153846 0.8125 0.109375 0.07451923076923077
0 0.4362980769230769 0.3485576923076923 0.09495192307692307 0.057692307692307696
0 0.6514423076923077 0.9399038461538461 0.06370192307692307 0.05048076923076923
0 0.9242788461538461 0.8245192307692307 0.07572115384615384 0.07211538461538461
0 0.44711538461538464 0.4855769230769231 0.07572115384615384 0.1045673076923077
0 0.8942307692307693 0.3713942307692308 0.0625 0.06009615384615385
0 0.32211538461538464 0.9711538461538461 0.11899038461538461 0.04927884615384615
0 0.921875 0.1875 0.08533653846153846 0.09134615384615384
0 0.8233173076923077 0.7800480769230769 0.0733173076923077 0.04927884615384615
0 0.2247596153846154 0.7247596153846154 0.125 0.04927884615384615
0 0.3942307692307692 0.5096153846153846 0.06971153846153846 0.057692307692307696
0 0.18870192307692307 0.45552884615384615 0.08173076923076923 0.06370192307692307
0 0.9098557692307693 0.2956730769230769 0.07692307692307693 0.0733173076923077
0 0.20432692307692307 0.7451923076923077 0.07091346153846154 0.03485576923076923
0 0.9651442307692307 0.49278846153846156 0.06850961538461539 0.12259615384615384
0 0.030048076923076924 0.09975961538461539 0.06009615384615385 0.11298076923076923
0 0.5048076923076923 0.36177884615384615 0.06370192307692307 0.06370192307692307
0 0.8016826923076923 0.44471153846153844 0.09735576923076923 0.08533653846153846
0 0.765625 0.8786057692307693 0.051682692307692304 0.07211538461538461
0 0.9242788461538461 0.9134615384615384 0.10336538461538461 0.1045673076923077
0 0.5480769230769231 0.4170673076923077 0.04567307692307692 0.04567307692307692
0 0.8689903846153846 0.8125 0.08413461538461539 0.07572115384615384
0 0.5685096153846154 0.16346153846153846 0.1141826923076923 0.06971153846153846
0 0.04927884615384615 0.45913461538461536 0.056490384615384616 0.05889423076923077
0 0.5889423076923077 0.09735576923076923 0.07572115384615384 0.10216346153846154
0 0.6358173076923077 0.8653846153846154 0.04927884615384615 0.09615384615384616
0 0.7079326923076923 0.8245192307692307 0.0625 0.051682692307692304
0 0.5504807692307693 0.3485576923076923 0.07572115384615384 0.06009615384615385