0 0.3173076923076923 0.37259615384615385 0.0673076923076923 0.0733173076923077
0 0.33533653846153844 0.23918269230769232 0.0733173076923077 0.06971153846153846
0 0.04807692307692308 0.3449519230769231 0.09615384615384616 0.06129807692307692
0 0.33653846153846156 0.078125 0.08173076923076923 0.11658653846153846
0 0.7824519230769231 0.6514423076923077 0.11899038461538461 0.1141826923076923
0 0.6237980769230769 0.4014423076923077 0.08653846153846154 0.10336538461538461
0 0.5540865384615384 0.71875 0.11899038461538461 0.1346153846153846
0 0.9471153846153846 0.7980769230769231 0.07572115384615384 0.08774038461538461
0 0.8245192307692307 0.7355769230769231 0.07692307692307693 0.07572115384615384
0 0.6009615384615384 0.9819711538461539 0.0733173076923077 0.03365384615384615
0 0.7007211538461539 0.9350961538461539 0.10697115384615384 0.09975961538461539
0 0.013221153846153846 0.7475961538461539 0.026442307692307692 0.12139423076923077
0 0.4206730769230769 0.11177884615384616 0.07932692307692307 0.10216346153846154
0 0.8149038461538461 0.9603365384615384 0.1466346153846154 0.0733173076923077
0 0.90625 0.2692307692307692 0.08413461538461539 0.07572115384615384
0 0.14182692307692307 0.7836538461538461 0.09495192307692307 0.08653846153846154
0 0.4182692307692308 0.75 0.08173076923076923 0.08052884615384616
0 0.5432692307692307 0.84375 0.109375 0.09495192307692307
0 0.47836538461538464 0.08413461538461539 0.0889423076923077 0.11177884615384616
0 0.9567307692307693 0.1935096153846154 0.08413461538461539 0.10216346153846154
0 0.8834134615384616 0.9050480769230769 0.052884615384615384 0.08653846153846154
0 0.23317307692307693 0.3786057692307692 0.0889423076923077 0.07211538461538461
0 0.3389423076923077 0.31009615384615385 0.0733173076923077 0.06971153846153846
0 0.4254807692307692 0.6141826923076923 0.09134615384615384 0.06971153846153846
0 0.47596153846153844 0.9879807692307693 0.0625 0.019230769230769232
0 0.7163461538461539 0.5805288461538461 0.0829326923076923 0.11778846153846154
0 0.38221153846153844 0.9711538461538461 0.0889423076923077 0.055288461538461536
0 0.14903846153846154 0.6574519230769231 0.10817307692307693 0.09254807692307693
0 0.9639423076923077 0.0625 0.07091346153846154 0.06850961538461539
0 0.7259615384615384 0.33413461538461536 0.07572115384615384 0.10096153846153846
0 0.20192307692307693 0.3112980769230769 0.09615384615384616 0.09254807692307693
0 0.5060096153846154 0.11658653846153846 0.08413461538461539 0.06009615384615385
0 0.53125 0.5264423076923077 0.09134615384615384 0.09375
0 0.28966346153846156 0.7259615384615384 0.0625 0.09134615384615384
0 0.2920673076923077 0.9326923076923077 0.0733173076923077 0.09495192307692307
0 0.6141826923076923 0.5348557692307693 0.07572115384615384 0.08413461538461539