0 0.8930288461538461 0.9783653846153846 0.05889423076923077 0.042067307692307696
0 0.8713942307692307 0.9206730769230769 0.04807692307692308 0.056490384615384616
0 0.8052884615384616 0.9819711538461539 0.07572115384615384 0.03485576923076923
0 0.6778846153846154 0.9879807692307693 0.038461538461538464 0.021634615384615384
0 0.7427884615384616 0.9362980769230769 0.03125 0.037259615384615384
0 0.7091346153846154 0.8473557692307693 0.042067307692307696 0.03485576923076923
0 0.6117788461538461 0.9567307692307693 0.038461538461538464 0.04326923076923077
0 0.39903846153846156 0.9783653846153846 0.05889423076923077 0.042067307692307696
0 0.5204326923076923 0.953125 0.04447115384615385 0.06971153846153846
0 0.47115384615384615 0.9495192307692307 0.08173076923076923 0.06490384615384616
0 0.6502403846153846 0.8858173076923077 0.055288461538461536 0.10697115384615384
0 0.5649038461538461 0.8425480769230769 0.06610576923076923 0.08413461538461539
0 0.46274038461538464 0.8413461538461539 0.05889423076923077 0.06610576923076923
0 0.734375 0.6971153846153846 0.036057692307692304 0.08413461538461539
0 0.6887019230769231 0.6899038461538461 0.04447115384615385 0.07572115384615384
0 0.7271634615384616 0.6478365384615384 0.040865384615384616 0.06009615384615385
0 0.49759615384615385 0.6971153846153846 0.10096153846153846 0.055288461538461536
0 0.7860576923076923 0.47836538461538464 0.030048076923076924 0.02403846153846154
0 0.7596153846153846 0.5132211538461539 0.030048076923076924 0.052884615384615384
0 0.8257211538461539 0.4423076923076923 0.04326923076923077 0.05048076923076923
0 0.8834134615384616 0.3942307692307692 0.06971153846153846 0.07091346153846154
0 0.8449519230769231 0.4170673076923077 0.051682692307692304 0.055288461538461536
0 0.8293269230769231 0.38461538461538464 0.04447115384615385 0.036057692307692304
0 0.7836538461538461 0.35096153846153844 0.055288461538461536 0.06129807692307692
0 0.8533653846153846 0.3161057692307692 0.05048076923076923 0.042067307692307696
0 0.7572115384615384 0.29927884615384615 0.042067307692307696 0.04447115384615385
0 0.8305288461538461 0.25841346153846156 0.09615384615384616 0.04447115384615385
0 0.8064903846153846 0.171875 0.04326923076923077 0.052884615384615384
0 0.7716346153846154 0.17427884615384615 0.036057692307692304 0.06850961538461539
0 0.6850961538461539 0.15865384615384615 0.038461538461538464 0.052884615384615384
0 0.6682692307692307 0.0985576923076923 0.04326923076923077 0.07572115384615384
0 0.7608173076923077 0.046875 0.03245192307692308 0.04447115384615385
0 0.953125 0.020432692307692308 0.07572115384615384 0.040865384615384616
0 0.02283653846153846 0.9086538461538461 0.04567307692307692 0.038461538461538464
0 0.019230769230769232 0.8161057692307693 0.038461538461538464 0.0889423076923077
0 0.020432692307692308 0.8725961538461539 0.040865384615384616 0.06009615384615385
0 0.18629807692307693 0.8713942307692307 0.036057692307692304 0.07451923076923077
0 0.24519230769230768 0.8509615384615384 0.036057692307692304 0.0673076923076923
0 0.18990384615384615 0.8100961538461539 0.05889423076923077 0.037259615384615384
0 0.009615384615384616 0.7331730769230769 0.018028846153846152 0.038461538461538464
0 0.08774038461538461 0.6634615384615384 0.0829326923076923 0.03485576923076923
0 0.39663461538461536 0.4495192307692308 0.07211538461538461 0.07572115384615384
0 0.3918269230769231 0.3737980769230769 0.08774038461538461 0.05889423076923077
0 0.16826923076923078 0.4387019230769231 0.0673076923076923 0.10336538461538461
0 0.12259615384615384 0.4723557692307692 0.04447115384615385 0.06971153846153846
0 0.08173076923076923 0.4987980769230769 0.057692307692307696 0.06971153846153846
0 0.07091346153846154 0.45072115384615385 0.04326923076923077 0.04567307692307692
0 0.1201923076923077 0.3954326923076923 0.05048076923076923 0.036057692307692304
0 0.09014423076923077 0.328125 0.04447115384615385 0.09134615384615384
0 0.47836538461538464 0.10096153846153846 0.06850961538461539 0.046875
0 0.4326923076923077 0.040865384615384616 0.125 0.055288461538461536
0 0.06009615384615385 0.03245192307692308 0.08173076923076923 0.06490384615384616
0 0.13341346153846154 0.08653846153846154 0.038461538461538464 0.036057692307692304
0 0.08774038461538461 0.009615384615384616 0.03125 0.019230769230769232
0 0.05889423076923077 0.9747596153846154 0.046875 0.04807692307692308
0 0.6442307692307693 0.07211538461538461 0.038461538461538464 0.08533653846153846