0 0.1658653846153846 0.5721153846153846 0.051682692307692304 0.04927884615384615
0 0.5757211538461539 0.6838942307692307 0.11658653846153846 0.06370192307692307
0 0.43149038461538464 0.12620192307692307 0.10096153846153846 0.0829326923076923
0 0.036057692307692304 0.9134615384615384 0.07091346153846154 0.0733173076923077
0 0.10336538461538461 0.4699519230769231 0.08052884615384616 0.08052884615384616
0 0.20793269230769232 0.46875 0.0673076923076923 0.08653846153846154
0 0.953125 0.5060096153846154 0.09134615384615384 0.08653846153846154
0 0.08653846153846154 0.23317307692307693 0.11057692307692307 0.0985576923076923
0 0.78125 0.9627403846153846 0.15504807692307693 0.07211538461538461
0 0.5516826923076923 0.28125 0.11538461538461539 0.08052884615384616
0 0.5384615384615384 0.7800480769230769 0.13581730769230768 0.10096153846153846
0 0.4735576923076923 0.24879807692307693 0.07692307692307693 0.10216346153846154
0 0.20673076923076922 0.8257211538461539 0.08533653846153846 0.06971153846153846
0 0.8305288461538461 0.030048076923076924 0.12740384615384615 0.06009615384615385
0 0.5600961538461539 0.6262019230769231 0.06850961538461539 0.051682692307692304
0 0.8473557692307693 0.8317307692307693 0.03245192307692308 0.03485576923076923
0 0.5625 0.3942307692307692 0.10817307692307693 0.09495192307692307
0 0.7079326923076923 0.20552884615384615 0.10817307692307693 0.109375
0 0.08052884615384616 0.0889423076923077 0.109375 0.11177884615384616
0 0.1971153846153846 0.036057692307692304 0.09014423076923077 0.07091346153846154
0 0.9735576923076923 0.39663461538461536 0.04927884615384615 0.11778846153846154
0 0.24759615384615385 0.5997596153846154 0.08052884615384616 0.1141826923076923
0 0.71875 0.7836538461538461 0.09375 0.14903846153846154
0 0.3894230769230769 0.3485576923076923 0.15865384615384615 0.0829326923076923
0 0.3137019230769231 0.9723557692307693 0.1466346153846154 0.052884615384615384
0 0.4110576923076923 0.7896634615384616 0.09615384615384616 0.08413461538461539
0 0.23076923076923078 0.2127403846153846 0.10697115384615384 0.09495192307692307
0 0.9350961538461539 0.9591346153846154 0.11177884615384616 0.05048076923076923
0 0.9543269230769231 0.039663461538461536 0.08653846153846154 0.07932692307692307