0 0.10576923076923077 0.17427884615384615 0.09254807692307693 0.09735576923076923
0 0.6262019230769231 0.35697115384615385 0.055288461538461536 0.11538461538461539
0 0.051682692307692304 0.41947115384615385 0.07572115384615384 0.06971153846153846
0 0.171875 0.41947115384615385 0.1141826923076923 0.171875
0 0.359375 0.014423076923076924 0.07572115384615384 0.028846153846153848
0 0.6875 0.7764423076923077 0.06129807692307692 0.06490384615384616
0 0.4423076923076923 0.8485576923076923 0.11538461538461539 0.13581730769230768
0 0.42427884615384615 0.5528846153846154 0.12740384615384615 0.08052884615384616
0 0.671875 0.8942307692307693 0.07572115384615384 0.09615384615384616
0 0.45072115384615385 0.7019230769230769 0.08774038461538461 0.11057692307692307
0 0.6947115384615384 0.03365384615384615 0.0673076923076923 0.0673076923076923
0 0.8052884615384616 0.5372596153846154 0.16105769230769232 0.08774038461538461
0 0.17548076923076922 0.4110576923076923 0.09134615384615384 0.2091346153846154
0 0.6165865384615384 0.9038461538461539 0.0985576923076923 0.08413461538461539
0 0.7536057692307693 0.028846153846153848 0.21153846153846154 0.052884615384615384
0 0.9002403846153846 0.013221153846153846 0.14903846153846154 0.025240384615384616
0 0.9555288461538461 0.3125 0.078125 0.055288461538461536
0 0.9110576923076923 0.6394230769230769 0.0829326923076923 0.08052884615384616
0 0.09014423076923077 0.7427884615384616 0.052884615384615384 0.15144230769230768
0 0.7944711538461539 0.20673076923076922 0.07572115384615384 0.10576923076923077
0 0.09375 0.37740384615384615 0.07692307692307693 0.09615384615384616
0 0.054086538461538464 0.7427884615384616 0.08774038461538461 0.15865384615384615
0 0.9170673076923077 0.3329326923076923 0.06490384615384616 0.0673076923076923
0 0.5168269230769231 0.7391826923076923 0.06850961538461539 0.07572115384615384
0 0.36899038461538464 0.45913461538461536 0.12259615384615384 0.12860576923076922
0 0.5060096153846154 0.9555288461538461 0.10697115384615384 0.08774038461538461
0 0.6754807692307693 0.5552884615384616 0.10697115384615384 0.14903846153846154
0 0.7427884615384616 0.8329326923076923 0.06490384615384616 0.06490384615384616
0 0.8701923076923077 0.06009615384615385 0.09254807692307693 0.07091346153846154
0 0.6394230769230769 0.6875 0.06129807692307692 0.08653846153846154
0 0.46875 0.41466346153846156 0.055288461538461536 0.12259615384615384
0 0.578125 0.625 0.1141826923076923 0.13701923076923078
0 0.016826923076923076 0.7860576923076923 0.03365384615384615 0.06009615384615385
0 0.014423076923076924 0.9495192307692307 0.028846153846153848 0.0985576923076923
0 0.04447115384615385 0.4951923076923077 0.06610576923076923 0.07091346153846154
0 0.4423076923076923 0.09495192307692307 0.06490384615384616 0.057692307692307696
0 0.2764423076923077 0.5384615384615384 0.1141826923076923 0.054086538461538464
0 0.10096153846153846 0.8966346153846154 0.09735576923076923 0.11057692307692307
0 0.7764423076923077 0.5625 0.13822115384615385 0.140625