0 0.27884615384615385 0.9603365384615384 0.052884615384615384 0.06850961538461539
0 0.9254807692307693 0.7091346153846154 0.06971153846153846 0.055288461538461536
0 0.4891826923076923 0.5492788461538461 0.07572115384615384 0.06610576923076923
0 0.25 0.027644230769230768 0.0673076923076923 0.055288461538461536
0 0.6346153846153846 0.5600961538461539 0.08533653846153846 0.08173076923076923
0 0.07091346153846154 0.7932692307692307 0.11177884615384616 0.06610576923076923
0 0.36778846153846156 0.7259615384615384 0.052884615384615384 0.06370192307692307
0 0.21754807692307693 0.5552884615384616 0.07572115384615384 0.0829326923076923
0 0.5444711538461539 0.71875 0.11778846153846154 0.06490384615384616
0 0.12740384615384615 0.8245192307692307 0.055288461538461536 0.06009615384615385
0 0.8509615384615384 0.7007211538461539 0.08533653846153846 0.06129807692307692
0 0.08533653846153846 0.11177884615384616 0.07091346153846154 0.09735576923076923
0 0.14543269230769232 0.3112980769230769 0.09615384615384616 0.06971153846153846
0 0.7944711538461539 0.0625 0.07572115384615384 0.06490384615384616
0 0.20673076923076922 0.10096153846153846 0.06610576923076923 0.07211538461538461
0 0.3870192307692308 0.4326923076923077 0.07211538461538461 0.09134615384615384
0 0.8942307692307693 0.09495192307692307 0.06490384615384616 0.05889423076923077
0 0.15865384615384615 0.609375 0.08774038461538461 0.056490384615384616
0 0.4375 0.8377403846153846 0.1045673076923077 0.07211538461538461
0 0.9699519230769231 0.24639423076923078 0.057692307692307696 0.06009615384615385
0 0.6430288461538461 0.7776442307692307 0.07451923076923077 0.06490384615384616
0 0.040865384615384616 0.2776442307692308 0.07932692307692307 0.06129807692307692
0 0.71875 0.12379807692307693 0.09975961538461539 0.07211538461538461
0 0.5721153846153846 0.28365384615384615 0.07091346153846154 0.07211538461538461
0 0.3389423076923077 0.9603365384615384 0.055288461538461536 0.078125
0 0.0829326923076923 0.8954326923076923 0.06490384615384616 0.08413461538461539
0 0.7115384615384616 0.45552884615384615 0.07211538461538461 0.09134615384615384
0 0.08052884615384616 0.6634615384615384 0.08052884615384616 0.0625
0 0.6370192307692307 0.7175480769230769 0.06850961538461539 0.06009615384615385
0 0.9699519230769231 0.12860576923076922 0.057692307692307696 0.09014423076923077
0 0.014423076923076924 0.4675480769230769 0.028846153846153848 0.0673076923076923
0 0.7800480769230769 0.8233173076923077 0.06850961538461539 0.06009615384615385
0 0.3293269230769231 0.8173076923076923 0.055288461538461536 0.06370192307692307
0 0.7127403846153846 0.8401442307692307 0.055288461538461536 0.0625
0 0.39302884615384615 0.10336538461538461 0.078125 0.06129807692307692
0 0.3557692307692308 0.5733173076923077 0.09254807692307693 0.1141826923076923
0 0.7944711538461539 0.9579326923076923 0.06610576923076923 0.0829326923076923
0 0.8365384615384616 0.8677884615384616 0.06850961538461539 0.0625
0 0.9206730769230769 0.03125 0.09134615384615384 0.06129807692307692
0 0.45072115384615385 0.5997596153846154 0.0829326923076923 0.06971153846153846
0 0.8305288461538461 0.765625 0.06129807692307692 0.054086538461538464