0 0.36778846153846156 0.02283653846153846 0.09615384615384616 0.04567307692307692
0 0.23197115384615385 0.019230769230769232 0.10697115384615384 0.038461538461538464
0 0.17668269230769232 0.7920673076923077 0.11298076923076923 0.03245192307692308
0 0.9447115384615384 0.6117788461538461 0.06850961538461539 0.06610576923076923
0 0.328125 0.1875 0.18629807692307693 0.14182692307692307
0 0.12860576923076922 0.4639423076923077 0.06610576923076923 0.055288461538461536
0 0.10697115384615384 0.8858173076923077 0.15384615384615385 0.11538461538461539
0 0.028846153846153848 0.8689903846153846 0.056490384615384616 0.0733173076923077
0 0.33413461538461536 0.4495192307692308 0.07451923076923077 0.038461538461538464
0 0.30288461538461536 0.8040865384615384 0.17908653846153846 0.07451923076923077
0 0.8930288461538461 0.6069711538461539 0.13221153846153846 0.09615384615384616
0 0.052884615384615384 0.9663461538461539 0.10336538461538461 0.0625
0 0.6862980769230769 0.8353365384615384 0.10216346153846154 0.038461538461538464
0 0.6021634615384616 0.34375 0.07572115384615384 0.0733173076923077
0 0.7908653846153846 0.41586538461538464 0.14182692307692307 0.0889423076923077
0 0.7596153846153846 0.7367788461538461 0.14302884615384615 0.040865384615384616
0 0.8894230769230769 0.0733173076923077 0.07572115384615384 0.06370192307692307
0 0.49399038461538464 0.028846153846153848 0.11538461538461539 0.056490384615384616
0 0.7427884615384616 0.6105769230769231 0.10096153846153846 0.0889423076923077
0 0.038461538461538464 0.1466346153846154 0.07692307692307693 0.040865384615384616
0 0.5036057692307693 0.6706730769230769 0.09134615384615384 0.08173076923076923
0 0.6814903846153846 0.09375 0.09014423076923077 0.07091346153846154
0 0.6009615384615384 0.2704326923076923 0.1346153846153846 0.09495192307692307
0 0.2704326923076923 0.7103365384615384 0.09254807692307693 0.09735576923076923
0 0.40865384615384615 0.6598557692307693 0.09615384615384616 0.052884615384615384
0 0.0733173076923077 0.453125 0.09495192307692307 0.08413461538461539
0 0.9170673076923077 0.3942307692307692 0.09254807692307693 0.055288461538461536
0 0.8293269230769231 0.7007211538461539 0.2283653846153846 0.06370192307692307
0 0.8365384615384616 0.8545673076923077 0.15384615384615385 0.054086538461538464
0 0.19230769230769232 0.3329326923076923 0.15384615384615385 0.05889423076923077
0 0.039663461538461536 0.3269230769230769 0.07572115384615384 0.040865384615384616
0 0.8954326923076923 0.12980769230769232 0.07932692307692307 0.18870192307692307
0 0.38341346153846156 0.5456730769230769 0.1346153846153846 0.06610576923076923
0 0.8125 0.7956730769230769 0.1346153846153846 0.046875
0 0.43990384615384615 0.71875 0.07932692307692307 0.036057692307692304
0 0.4807692307692308 0.43990384615384615 0.171875 0.0829326923076923
0 0.9435096153846154 0.7944711538461539 0.11057692307692307 0.07091346153846154
0 0.04447115384615385 0.7536057692307693 0.08653846153846154 0.08052884615384616
0 0.5697115384615384 0.29086538461538464 0.08653846153846154 0.06971153846153846
0 0.22235576923076922 0.054086538461538464 0.17908653846153846 0.038461538461538464
0 0.8245192307692307 0.765625 0.14423076923076922 0.04447115384615385
0 0.9555288461538461 0.8786057692307693 0.08653846153846154 0.05889423076923077
0 0.051682692307692304 0.49399038461538464 0.10336538461538461 0.028846153846153848
0 0.5540865384615384 0.18990384615384615 0.078125 0.0985576923076923
0 0.24278846153846154 0.8377403846153846 0.15625 0.057692307692307696
0 0.19230769230769232 0.41466346153846156 0.12860576923076922 0.039663461538461536
0 0.7163461538461539 0.7884615384615384 0.09975961538461539 0.04927884615384615
0 0.04927884615384615 0.5276442307692307 0.09735576923076923 0.038461538461538464
0 0.9831730769230769 0.37259615384615385 0.03125 0.040865384615384616
0 0.43990384615384615 0.030048076923076924 0.0625 0.06009615384615385
0 0.40865384615384615 0.37740384615384615 0.10096153846153846 0.0733173076923077
0 0.8930288461538461 0.3293269230769231 0.12860576923076922 0.07451923076923077
0 0.15625 0.109375 0.1201923076923077 0.06610576923076923
0 0.5853365384615384 0.7788461538461539 0.1045673076923077 0.05048076923076923