0 0.3737980769230769 0.34375 0.1875 0.16105769230769232
0 0.9867788461538461 0.013221153846153846 0.021634615384615384 0.02283653846153846
0 0.17548076923076922 0.3137019230769231 0.09735576923076923 0.13581730769230768
0 0.47475961538461536 0.7560096153846154 0.036057692307692304 0.06370192307692307
0 0.34134615384615385 0.6069711538461539 0.08774038461538461 0.17548076923076922
0 0.9579326923076923 0.018028846153846152 0.038461538461538464 0.03485576923076923
0 0.6826923076923077 0.04326923076923077 0.0673076923076923 0.08653846153846154
0 0.6298076923076923 0.8401442307692307 0.06850961538461539 0.04447115384615385
0 0.7776442307692307 0.39783653846153844 0.16105769230769232 0.1778846153846154
0 0.6201923076923077 0.5108173076923077 0.0625 0.12379807692307693
0 0.7079326923076923 0.9771634615384616 0.12259615384615384 0.04326923076923077
0 0.4254807692307692 0.16346153846153846 0.07211538461538461 0.3269230769230769
0 0.4375 0.7007211538461539 0.08653846153846154 0.13701923076923078
0 0.25721153846153844 0.08774038461538461 0.1201923076923077 0.15985576923076922
0 0.9831730769230769 0.40625 0.03245192307692308 0.09615384615384616
0 0.6947115384615384 0.22596153846153846 0.11057692307692307 0.10096153846153846
0 0.125 0.19230769230769232 0.09254807692307693 0.25721153846153844
0 0.02283653846153846 0.36899038461538464 0.04567307692307692 0.09014423076923077
0 0.5829326923076923 0.8401442307692307 0.09134615384615384 0.1310096153846154
0 0.796875 0.5673076923076923 0.08653846153846154 0.09254807692307693
0 0.5432692307692307 0.33533653846153844 0.06490384615384616 0.0829326923076923
0 0.8798076923076923 0.14903846153846154 0.2283653846153846 0.08052884615384616
0 0.5252403846153846 0.15745192307692307 0.17067307692307693 0.31490384615384615
0 0.4519230769230769 0.5252403846153846 0.09134615384615384 0.14903846153846154
0 0.11177884615384616 0.4338942307692308 0.09735576923076923 0.22716346153846154
0 0.7391826923076923 0.5817307692307693 0.13581730769230768 0.10096153846153846
0 0.18028846153846154 0.07692307692307693 0.0625 0.15384615384615385
0 0.06971153846153846 0.7367788461538461 0.10096153846153846 0.10697115384615384
0 0.5204326923076923 0.5973557692307693 0.07932692307692307 0.1971153846153846
0 0.32211538461538464 0.9399038461538461 0.125 0.08173076923076923
0 0.9302884615384616 0.359375 0.13341346153846154 0.18990384615384615