0 0.3918269230769231 0.051682692307692304 0.028846153846153848 0.10216346153846154
0 0.47475961538461536 0.0673076923076923 0.02283653846153846 0.040865384615384616
0 0.5 0.18028846153846154 0.03245192307692308 0.055288461538461536
0 0.42788461538461536 0.16706730769230768 0.02403846153846154 0.0625
0 0.7211538461538461 0.12740384615384615 0.056490384615384616 0.08413461538461539
0 0.6730769230769231 0.20192307692307693 0.052884615384615384 0.14302884615384615
0 0.7403846153846154 0.3125 0.07091346153846154 0.04447115384615385
0 0.6923076923076923 0.4579326923076923 0.07451923076923077 0.03485576923076923
0 0.6430288461538461 0.4543269230769231 0.06610576923076923 0.06971153846153846
0 0.5060096153846154 0.6141826923076923 0.02403846153846154 0.036057692307692304
0 0.484375 0.8822115384615384 0.07572115384615384 0.11298076923076923
0 0.25240384615384615 0.9050480769230769 0.06009615384615385 0.04807692307692308
0 0.21875 0.859375 0.038461538461538464 0.09014423076923077
0 0.20432692307692307 0.7283653846153846 0.030048076923076924 0.025240384615384616
0 0.28125 0.5444711538461539 0.020432692307692308 0.03365384615384615
0 0.23197115384615385 0.5360576923076923 0.028846153846153848 0.02403846153846154
0 0.07692307692307693 0.47475961538461536 0.06971153846153846 0.04927884615384615
0 0.3245192307692308 0.30408653846153844 0.026442307692307692 0.05048076923076923
0 0.2824519230769231 0.32211538461538464 0.026442307692307692 0.030048076923076924
0 0.4362980769230769 0.3894230769230769 0.03485576923076923 0.06490384615384616
0 0.48677884615384615 0.42427884615384615 0.046875 0.06971153846153846
0 0.5673076923076923 0.5024038461538461 0.046875 0.046875
0 0.5360576923076923 0.003605769230769231 0.02403846153846154 0.007211538461538462
0 0.7139423076923077 0.9326923076923077 0.06490384615384616 0.0829326923076923
0 0.5288461538461539 0.953125 0.0673076923076923 0.05889423076923077
0 0.35336538461538464 0.4735576923076923 0.03245192307692308 0.06009615384615385
0 0.5757211538461539 0.29927884615384615 0.03245192307692308 0.040865384615384616
0 0.33052884615384615 0.21875 0.028846153846153848 0.057692307692307696
0 0.5096153846153846 0.004807692307692308 0.016826923076923076 0.009615384615384616
0 0.35216346153846156 0.36658653846153844 0.04567307692307692 0.04927884615384615
0 0.38100961538461536 0.16105769230769232 0.04927884615384615 0.054086538461538464
0 0.4098557692307692 0.9867788461538461 0.03485576923076923 0.02403846153846154
0 0.47716346153846156 0.4987980769230769 0.054086538461538464 0.036057692307692304
0 0.29927884615384615 0.1045673076923077 0.037259615384615384 0.026442307692307692
0 0.1778846153846154 0.6875 0.057692307692307696 0.04927884615384615
0 0.16706730769230768 0.47596153846153844 0.057692307692307696 0.046875
0 0.3713942307692308 0.6586538461538461 0.03125 0.028846153846153848
0 0.5204326923076923 0.6983173076923077 0.05048076923076923 0.037259615384615384
0 0.2692307692307692 0.7848557692307693 0.038461538461538464 0.03245192307692308
0 0.515625 0.10697115384615384 0.028846153846153848 0.028846153846153848