0 0.7680288461538461 0.3269230769230769 0.3076923076923077 0.07572115384615384
0 0.7331730769230769 0.2848557692307692 0.12259615384615384 0.2704326923076923
0 0.08173076923076923 0.16105769230769232 0.16346153846153846 0.11057692307692307
0 0.19951923076923078 0.06370192307692307 0.08052884615384616 0.052884615384615384
0 0.9639423076923077 0.7475961538461539 0.06971153846153846 0.07091346153846154
0 0.5985576923076923 0.3954326923076923 0.2824519230769231 0.057692307692307696
0 0.25841346153846156 0.5432692307692307 0.20192307692307693 0.0673076923076923
0 0.5216346153846154 0.5889423076923077 0.06971153846153846 0.11057692307692307
0 0.140625 0.11177884615384616 0.18509615384615385 0.22355769230769232
0 0.9603365384615384 0.13701923076923078 0.057692307692307696 0.0625
0 0.109375 0.7716346153846154 0.10576923076923077 0.06490384615384616
0 0.9651442307692307 0.6814903846153846 0.0673076923076923 0.0733173076923077
0 0.7151442307692307 0.10576923076923077 0.20192307692307693 0.055288461538461536
0 0.9134615384615384 0.8040865384615384 0.171875 0.07451923076923077
0 0.34615384615384615 0.8653846153846154 0.19230769230769232 0.12259615384615384
0 0.03365384615384615 0.7788461538461539 0.0673076923076923 0.07211538461538461
0 0.8822115384615384 0.5805288461538461 0.08533653846153846 0.25721153846153844
0 0.05048076923076923 0.26802884615384615 0.10096153846153846 0.09735576923076923
0 0.9170673076923077 0.8762019230769231 0.16346153846153846 0.06129807692307692
0 0.6610576923076923 0.6165865384615384 0.07211538461538461 0.23197115384615385
0 0.6923076923076923 0.9663461538461539 0.0985576923076923 0.06610576923076923
0 0.6802884615384616 0.6526442307692307 0.09375 0.056490384615384616
0 0.8653846153846154 0.3798076923076923 0.26322115384615385 0.08533653846153846
0 0.37259615384615385 0.4735576923076923 0.10697115384615384 0.06971153846153846
0 0.5384615384615384 0.9423076923076923 0.055288461538461536 0.11177884615384616
0 0.5288461538461539 0.025240384615384616 0.12980769230769232 0.05048076923076923
0 0.11177884615384616 0.039663461538461536 0.07572115384615384 0.07932692307692307
0 0.18629807692307693 0.9663461538461539 0.07091346153846154 0.0625
0 0.6838942307692307 0.07451923076923077 0.09975961538461539 0.078125
0 0.6189903846153846 0.05048076923076923 0.10697115384615384 0.10096153846153846
0 0.4050480769230769 0.44471153846153844 0.042067307692307696 0.10096153846153846
0 0.8028846153846154 0.030048076923076924 0.20673076923076922 0.06009615384615385
0 0.05889423076923077 0.24278846153846154 0.11778846153846154 0.0625
0 0.3425480769230769 0.9182692307692307 0.18028846153846154 0.1622596153846154
0 0.8473557692307693 0.2824519230769231 0.18990384615384615 0.06009615384615385
0 0.09495192307692307 0.6454326923076923 0.18990384615384615 0.14903846153846154
0 0.33774038461538464 0.16346153846153846 0.09735576923076923 0.125
0 0.671875 0.8822115384615384 0.19951923076923078 0.16466346153846154
0 0.34615384615384615 0.38822115384615385 0.08173076923076923 0.0625
0 0.46033653846153844 0.734375 0.04447115384615385 0.10096153846153846
0 0.8557692307692307 0.9447115384615384 0.22115384615384615 0.109375
0 0.44350961538461536 0.640625 0.20673076923076922 0.13822115384615385
0 0.7307692307692307 0.7920673076923077 0.0673076923076923 0.09975961538461539
0 0.5709134615384616 0.06971153846153846 0.08653846153846154 0.08413461538461539
0 0.27524038461538464 0.5 0.20072115384615385 0.07572115384615384
0 0.25841346153846156 0.34134615384615385 0.07692307692307693 0.052884615384615384
0 0.6334134615384616 0.421875 0.20192307692307693 0.14423076923076922
0 0.018028846153846152 0.9230769230769231 0.03485576923076923 0.06850961538461539
0 0.578125 0.31490384615384615 0.11177884615384616 0.18990384615384615