0 0.17067307692307693 0.9495192307692307 0.06850961538461539 0.038461538461538464
0 0.34615384615384615 0.8990384615384616 0.040865384615384616 0.03365384615384615
0 0.4026442307692308 0.9579326923076923 0.027644230769230768 0.021634615384615384
0 0.6983173076923077 0.9459134615384616 0.02403846153846154 0.020432692307692308
0 0.9122596153846154 0.8233173076923077 0.05889423076923077 0.0889423076923077
0 0.9399038461538461 0.7536057692307693 0.013221153846153846 0.03365384615384615
0 0.8822115384615384 0.7067307692307693 0.05889423076923077 0.04326923076923077
0 0.9302884615384616 0.7079326923076923 0.03365384615384615 0.04927884615384615
0 0.875 0.7608173076923077 0.09495192307692307 0.06129807692307692
0 0.8125 0.8112980769230769 0.036057692307692304 0.055288461538461536
0 0.8100961538461539 0.7644230769230769 0.028846153846153848 0.06490384615384616
0 0.7788461538461539 0.7572115384615384 0.036057692307692304 0.07211538461538461
0 0.7668269230769231 0.6382211538461539 0.046875 0.038461538461538464
0 0.7199519230769231 0.8052884615384616 0.03485576923076923 0.025240384615384616
0 0.6850961538461539 0.8461538461538461 0.051682692307692304 0.052884615384615384
0 0.6694711538461539 0.7271634615384616 0.052884615384615384 0.03365384615384615
0 0.6959134615384616 0.6538461538461539 0.02403846153846154 0.07932692307692307
0 0.6382211538461539 0.6370192307692307 0.04927884615384615 0.027644230769230768
0 0.5673076923076923 0.7199519230769231 0.03245192307692308 0.03245192307692308
0 0.5552884615384616 0.6213942307692307 0.04927884615384615 0.020432692307692308
0 0.5865384615384616 0.6766826923076923 0.038461538461538464 0.018028846153846152
0 0.5564903846153846 0.6802884615384616 0.056490384615384616 0.055288461538461536
0 0.42908653846153844 0.8365384615384616 0.040865384615384616 0.07211538461538461
0 0.5216346153846154 0.7283653846153846 0.03125 0.02403846153846154
0 0.46875 0.6826923076923077 0.021634615384615384 0.018028846153846152
0 0.46274038461538464 0.71875 0.06971153846153846 0.038461538461538464
0 0.421875 0.7524038461538461 0.04447115384615385 0.018028846153846152
0 0.38100961538461536 0.7379807692307693 0.026442307692307692 0.026442307692307692
0 0.3629807692307692 0.7055288461538461 0.02403846153846154 0.020432692307692308
0 0.3425480769230769 0.6586538461538461 0.020432692307692308 0.018028846153846152
0 0.2956730769230769 0.5877403846153846 0.030048076923076924 0.027644230769230768
0 0.2764423076923077 0.609375 0.02283653846153846 0.02403846153846154
0 0.21394230769230768 0.6298076923076923 0.018028846153846152 0.030048076923076924
0 0.18389423076923078 0.6081730769230769 0.039663461538461536 0.054086538461538464
0 0.2764423076923077 0.6947115384615384 0.018028846153846152 0.03365384615384615
0 0.3125 0.7536057692307693 0.05889423076923077 0.039663461538461536
0 0.2536057692307692 0.7163461538461539 0.055288461538461536 0.0625
0 0.22596153846153846 0.75 0.040865384615384616 0.03125
0 0.25240384615384615 0.7896634615384616 0.028846153846153848 0.04807692307692308
0 0.21394230769230768 0.8173076923076923 0.04807692307692308 0.10336538461538461
0 0.1875 0.765625 0.02403846153846154 0.039663461538461536
0 0.16826923076923078 0.7163461538461539 0.028846153846153848 0.06009615384615385
0 0.10336538461538461 0.7704326923076923 0.04326923076923077 0.0673076923076923
0 0.06370192307692307 0.7524038461538461 0.016826923076923076 0.02403846153846154
0 0.11538461538461539 0.7139423076923077 0.02403846153846154 0.03365384615384615
0 0.08173076923076923 0.6742788461538461 0.02403846153846154 0.025240384615384616
0 0.055288461538461536 0.38822115384615385 0.028846153846153848 0.03365384615384615
0 0.0625 0.36177884615384615 0.042067307692307696 0.028846153846153848
0 0.05889423076923077 0.3112980769230769 0.0625 0.019230769230769232
0 0.07091346153846154 0.203125 0.03365384615384615 0.056490384615384616
0 0.06129807692307692 0.234375 0.028846153846153848 0.04807692307692308
0 0.054086538461538464 0.27884615384615385 0.036057692307692304 0.025240384615384616
0 0.12980769230769232 0.40865384615384615 0.030048076923076924 0.09014423076923077
0 0.09615384615384616 0.31971153846153844 0.030048076923076924 0.03365384615384615
0 0.18269230769230768 0.3641826923076923 0.028846153846153848 0.04927884615384615
0 0.18509615384615385 0.29447115384615385 0.040865384615384616 0.02403846153846154
0 0.18990384615384615 0.25240384615384615 0.028846153846153848 0.026442307692307692
0 0.24639423076923078 0.3329326923076923 0.051682692307692304 0.03485576923076923
0 0.3076923076923077 0.34615384615384615 0.02403846153846154 0.027644230769230768
0 0.2608173076923077 0.23918269230769232 0.036057692307692304 0.02283653846153846
0 0.3233173076923077 0.296875 0.03365384615384615 0.06009615384615385
0 0.296875 0.23557692307692307 0.02283653846153846 0.06971153846153846
0 0.3245192307692308 0.18629807692307693 0.020432692307692308 0.0625
0 0.3713942307692308 0.24759615384615385 0.0673076923076923 0.07091346153846154
0 0.4206730769230769 0.2920673076923077 0.02283653846153846 0.030048076923076924
0 0.4543269230769231 0.32211538461538464 0.03245192307692308 0.019230769230769232
0 0.45552884615384615 0.21394230769230768 0.051682692307692304 0.039663461538461536
0 0.5048076923076923 0.20793269230769232 0.04927884615384615 0.06370192307692307
0 0.4987980769230769 0.25721153846153844 0.054086538461538464 0.02403846153846154
0 0.5733173076923077 0.20793269230769232 0.042067307692307696 0.07692307692307693
0 0.5588942307692307 0.25600961538461536 0.016826923076923076 0.013221153846153846
0 0.5564903846153846 0.3629807692307692 0.03365384615384615 0.02283653846153846
0 0.59375 0.3173076923076923 0.027644230769230768 0.036057692307692304
0 0.6045673076923077 0.27884615384615385 0.036057692307692304 0.039663461538461536
0 0.6358173076923077 0.3137019230769231 0.038461538461538464 0.02403846153846154
0 0.6742788461538461 0.32572115384615385 0.046875 0.04567307692307692
0 0.6887019230769231 0.28365384615384615 0.038461538461538464 0.028846153846153848
0 0.7259615384615384 0.359375 0.05048076923076923 0.03365384615384615
0 0.8137019230769231 0.34975961538461536 0.02403846153846154 0.020432692307692308
0 0.859375 0.375 0.06490384615384616 0.06009615384615385
0 0.8762019230769231 0.32572115384615385 0.06009615384615385 0.02283653846153846
0 0.8725961538461539 0.28365384615384615 0.021634615384615384 0.04927884615384615
0 0.9182692307692307 0.2644230769230769 0.020432692307692308 0.057692307692307696
0 0.9314903846153846 0.34375 0.038461538461538464 0.046875
0 0.8028846153846154 0.27884615384615385 0.038461538461538464 0.018028846153846152
0 0.8245192307692307 0.25961538461538464 0.038461538461538464 0.013221153846153846
0 0.828125 0.22596153846153846 0.06610576923076923 0.038461538461538464
0 0.7836538461538461 0.17307692307692307 0.10096153846153846 0.013221153846153846
0 0.6490384615384616 0.18269230769230768 0.055288461538461536 0.07091346153846154
0 0.7451923076923077 0.1971153846153846 0.026442307692307692 0.0625
0 0.6322115384615384 0.016826923076923076 0.03365384615384615 0.03365384615384615
0 0.16346153846153846 0.11538461538461539 0.025240384615384616 0.10096153846153846
0 0.3762019230769231 0.014423076923076924 0.038461538461538464 0.028846153846153848
0 0.4026442307692308 0.015625 0.036057692307692304 0.028846153846153848
0 0.7596153846153846 0.23798076923076922 0.030048076923076924 0.036057692307692304
0 0.6478365384615384 0.25600961538461536 0.04447115384615385 0.03245192307692308
0 0.5576923076923077 0.2860576923076923 0.030048076923076924 0.03365384615384615
0 0.9026442307692307 0.5576923076923077 0.07572115384615384 0.06490384615384616
0 0.9014423076923077 0.01201923076923077 0.038461538461538464 0.02403846153846154
0 0.7920673076923077 0.19831730769230768 0.02283653846153846 0.040865384615384616
0 0.7764423076923077 0.09014423076923077 0.020432692307692308 0.03485576923076923
0 0.3293269230769231 0.3485576923076923 0.055288461538461536 0.040865384615384616
0 0.4735576923076923 0.4375 0.06610576923076923 0.037259615384615384
0 0.5192307692307693 0.7151442307692307 0.014423076923076924 0.019230769230769232