0 0.6394230769230769 0.48197115384615385 0.040865384615384616 0.027644230769230768
0 0.8569711538461539 0.09375 0.07572115384615384 0.038461538461538464
0 0.859375 0.051682692307692304 0.04447115384615385 0.04326923076923077
0 0.7836538461538461 0.06009615384615385 0.03365384615384615 0.040865384615384616
0 0.7451923076923077 0.07932692307692307 0.028846153846153848 0.037259615384615384
0 0.609375 0.06129807692307692 0.03485576923076923 0.06490384615384616
0 0.5697115384615384 0.2127403846153846 0.07572115384615384 0.08052884615384616
0 0.5793269230769231 0.25 0.11298076923076923 0.10096153846153846
0 0.5805288461538461 0.3701923076923077 0.13341346153846154 0.11177884615384616
0 0.31009615384615385 0.3701923076923077 0.16826923076923078 0.0829326923076923
0 0.4579326923076923 0.6394230769230769 0.08052884615384616 0.06971153846153846
0 0.3581730769230769 0.625 0.09495192307692307 0.08533653846153846
0 0.35096153846153844 0.6875 0.06009615384615385 0.057692307692307696
0 0.41586538461538464 0.8413461538461539 0.03365384615384615 0.038461538461538464
0 0.4423076923076923 0.7956730769230769 0.0829326923076923 0.05048076923076923
0 0.6574519230769231 0.8461538461538461 0.04807692307692308 0.040865384615384616
0 0.7199519230769231 0.8629807692307693 0.06009615384615385 0.04567307692307692
0 0.3557692307692308 0.9399038461538461 0.040865384615384616 0.08052884615384616
0 0.5012019230769231 0.9699519230769231 0.04447115384615385 0.030048076923076924
0 0.4567307692307692 0.8930288461538461 0.055288461538461536 0.03485576923076923
0 0.5096153846153846 0.9326923076923077 0.13942307692307693 0.04807692307692308
0 0.05889423076923077 0.8942307692307693 0.06009615384615385 0.03125
0 0.06129807692307692 0.8088942307692307 0.038461538461538464 0.028846153846153848
0 0.25 0.8533653846153846 0.039663461538461536 0.040865384615384616
0 0.2920673076923077 0.8641826923076923 0.0985576923076923 0.06490384615384616
0 0.0985576923076923 0.46274038461538464 0.0673076923076923 0.04447115384615385
0 0.026442307692307692 0.4338942307692308 0.052884615384615384 0.07932692307692307
0 0.12139423076923077 0.22355769230769232 0.046875 0.13822115384615385
0 0.11778846153846154 0.028846153846153848 0.04927884615384615 0.055288461538461536
0 0.28846153846153844 0.06850961538461539 0.04567307692307692 0.06610576923076923
0 0.5697115384615384 0.9831730769230769 0.11298076923076923 0.03245192307692308
0 0.5552884615384616 0.12139423076923077 0.06850961538461539 0.036057692307692304
0 0.2127403846153846 0.9014423076923077 0.0829326923076923 0.057692307692307696
0 0.2920673076923077 0.9122596153846154 0.019230769230769232 0.018028846153846152
0 0.28365384615384615 0.8365384615384616 0.03365384615384615 0.02403846153846154
0 0.6802884615384616 0.8173076923076923 0.037259615384615384 0.036057692307692304
0 0.23076923076923078 0.04927884615384615 0.06490384615384616 0.06850961538461539
0 0.25240384615384615 0.009615384615384616 0.052884615384615384 0.019230769230769232