0 0.8293269230769231 0.08774038461538461 0.037259615384615384 0.030048076923076924
0 0.8401442307692307 0.23317307692307693 0.046875 0.03365384615384615
0 0.71875 0.13581730769230768 0.030048076923076924 0.040865384615384616
0 0.5961538461538461 0.15384615384615385 0.028846153846153848 0.038461538461538464
0 0.5913461538461539 0.23677884615384615 0.03365384615384615 0.057692307692307696
0 0.45552884615384615 0.16346153846153846 0.039663461538461536 0.026442307692307692
0 0.30408653846153844 0.24519230769230768 0.036057692307692304 0.02283653846153846
0 0.234375 0.25 0.08052884615384616 0.06009615384615385
0 0.13341346153846154 0.24158653846153846 0.04567307692307692 0.03365384615384615
0 0.14783653846153846 0.06490384615384616 0.04927884615384615 0.040865384615384616
0 0.375 0.06971153846153846 0.052884615384615384 0.0625
0 0.33774038461538464 0.028846153846153848 0.04326923076923077 0.055288461538461536
0 0.9771634615384616 0.7692307692307693 0.04326923076923077 0.055288461538461536
0 0.9879807692307693 0.8629807692307693 0.02283653846153846 0.04447115384615385
0 0.9375 0.9170673076923077 0.037259615384615384 0.038461538461538464
0 0.8112980769230769 0.8990384615384616 0.038461538461538464 0.04567307692307692
0 0.8401442307692307 0.765625 0.039663461538461536 0.027644230769230768
0 0.6262019230769231 0.9555288461538461 0.036057692307692304 0.04927884615384615
0 0.5973557692307693 0.8040865384615384 0.028846153846153848 0.039663461538461536
0 0.41586538461538464 0.7139423076923077 0.04807692307692308 0.036057692307692304
0 0.4338942307692308 0.8677884615384616 0.04567307692307692 0.04927884615384615
0 0.39903846153846156 0.9134615384615384 0.08413461538461539 0.037259615384615384
0 0.28365384615384615 0.7932692307692307 0.0625 0.04927884615384615
0 0.24158653846153846 0.9483173076923077 0.046875 0.0625
0 0.042067307692307696 0.9074519230769231 0.08413461538461539 0.040865384615384616
0 0.10096153846153846 0.8209134615384616 0.05889423076923077 0.03245192307692308
0 0.018028846153846152 0.7271634615384616 0.036057692307692304 0.054086538461538464