0 0.5745192307692307 0.037259615384615384 0.09975961538461539 0.07451923076923077
0 0.6442307692307693 0.7896634615384616 0.10576923076923077 0.07211538461538461
0 0.31971153846153844 0.33413461538461536 0.08173076923076923 0.05889423076923077
0 0.42908653846153844 0.7680288461538461 0.08653846153846154 0.051682692307692304
0 0.20552884615384615 0.7644230769230769 0.09615384615384616 0.0625
0 0.5132211538461539 0.03245192307692308 0.0625 0.06490384615384616
0 0.0829326923076923 0.9555288461538461 0.09615384615384616 0.0625
0 0.22956730769230768 0.11177884615384616 0.054086538461538464 0.07451923076923077
0 0.026442307692307692 0.8521634615384616 0.04927884615384615 0.12259615384615384
0 0.9711538461538461 0.9098557692307693 0.055288461538461536 0.08052884615384616
0 0.9086538461538461 0.9471153846153846 0.05889423076923077 0.06009615384615385
0 0.6117788461538461 0.7572115384615384 0.08173076923076923 0.07692307692307693
0 0.8858173076923077 0.5360576923076923 0.07932692307692307 0.06009615384615385
0 0.2848557692307692 0.12379807692307693 0.06370192307692307 0.08533653846153846
0 0.8533653846153846 0.39783653846153844 0.07572115384615384 0.06490384615384616
0 0.38822115384615385 0.6081730769230769 0.0673076923076923 0.06370192307692307
0 0.45552884615384615 0.42788461538461536 0.125 0.056490384615384616
0 0.9855769230769231 0.515625 0.027644230769230768 0.09975961538461539
0 0.6286057692307693 0.9735576923076923 0.08533653846153846 0.04927884615384615
0 0.9278846153846154 0.41466346153846156 0.054086538461538464 0.06490384615384616
0 0.15384615384615385 0.9591346153846154 0.057692307692307696 0.07211538461538461
0 0.7211538461538461 0.4483173076923077 0.07211538461538461 0.056490384615384616
0 0.21634615384615385 0.030048076923076924 0.07692307692307693 0.06009615384615385
0 0.48197115384615385 0.8088942307692307 0.078125 0.038461538461538464
0 0.2247596153846154 0.49399038461538464 0.05889423076923077 0.07692307692307693
0 0.5180288461538461 0.7668269230769231 0.09014423076923077 0.0625
0 0.7536057692307693 0.40625 0.052884615384615384 0.039663461538461536
0 0.8052884615384616 0.22355769230769232 0.05889423076923077 0.06850961538461539
0 0.734375 0.3245192307692308 0.06971153846153846 0.07572115384615384
0 0.5132211538461539 0.36778846153846156 0.1045673076923077 0.056490384615384616
0 0.9591346153846154 0.8425480769230769 0.0733173076923077 0.06610576923076923
0 0.0889423076923077 0.43990384615384615 0.09375 0.078125
0 0.6177884615384616 0.8617788461538461 0.09615384615384616 0.06009615384615385
0 0.9819711538461539 0.7884615384615384 0.03485576923076923 0.0673076923076923
0 0.29086538461538464 0.27524038461538464 0.08653846153846154 0.06971153846153846
0 0.06490384615384616 0.8461538461538461 0.0625 0.0733173076923077
0 0.7884615384615384 0.9447115384615384 0.06850961538461539 0.06610576923076923
0 0.6310096153846154 0.7103365384615384 0.13221153846153846 0.06009615384615385
0 0.5516826923076923 0.26802884615384615 0.0829326923076923 0.056490384615384616
0 0.7331730769230769 0.9603365384615384 0.054086538461538464 0.07692307692307693
0 0.109375 0.125 0.07211538461538461 0.07692307692307693
0 0.71875 0.5985576923076923 0.08052884615384616 0.1141826923076923
0 0.03125 0.3762019230769231 0.055288461538461536 0.06370192307692307
0 0.5336538461538461 0.20432692307692307 0.07692307692307693 0.054086538461538464
0 0.8545673076923077 0.5889423076923077 0.06129807692307692 0.057692307692307696
0 0.8894230769230769 0.19951923076923078 0.07572115384615384 0.06971153846153846
0 0.6730769230769231 0.6862980769230769 0.07091346153846154 0.06009615384615385