0 0.18028846153846154 0.3076923076923077 0.10576923076923077 0.052884615384615384
0 0.45552884615384615 0.22716346153846154 0.14182692307692307 0.06490384615384616
0 0.4423076923076923 0.9326923076923077 0.11658653846153846 0.08774038461538461
0 0.8858173076923077 0.6141826923076923 0.11778846153846154 0.10697115384615384
0 0.3641826923076923 0.14182692307692307 0.0889423076923077 0.08052884615384616
0 0.6947115384615384 0.6670673076923077 0.11057692307692307 0.10697115384615384
0 0.15625 0.9110576923076923 0.09134615384615384 0.06370192307692307
0 0.31971153846153844 0.8197115384615384 0.056490384615384616 0.09375
0 0.17548076923076922 0.16466346153846154 0.109375 0.04927884615384615
0 0.8605769230769231 0.9639423076923077 0.06009615384615385 0.06971153846153846
0 0.4483173076923077 0.9663461538461539 0.08413461538461539 0.0625
0 0.34615384615384615 0.7079326923076923 0.07451923076923077 0.14302884615384615
0 0.3557692307692308 0.4098557692307692 0.06129807692307692 0.06610576923076923
0 0.6634615384615384 0.4170673076923077 0.09735576923076923 0.13581730769230768
0 0.7319711538461539 0.5841346153846154 0.10336538461538461 0.10096153846153846
0 0.13221153846153846 0.7331730769230769 0.09134615384615384 0.0625
0 0.056490384615384616 0.8125 0.11298076923076923 0.09615384615384616
0 0.41466346153846156 0.7307692307692307 0.11298076923076923 0.09735576923076923
0 0.5829326923076923 0.15865384615384615 0.140625 0.1778846153846154
0 0.7920673076923077 0.31850961538461536 0.054086538461538464 0.09975961538461539
0 0.12740384615384615 0.7716346153846154 0.06610576923076923 0.05048076923076923
0 0.7235576923076923 0.39903846153846156 0.09495192307692307 0.13341346153846154
0 0.2439903846153846 0.14903846153846154 0.11778846153846154 0.054086538461538464
0 0.19230769230769232 0.4579326923076923 0.23197115384615385 0.0733173076923077
0 0.8257211538461539 0.08052884615384616 0.06850961538461539 0.10576923076923077