0 0.0625 0.10817307692307693 0.12379807692307693 0.11538461538461539
0 0.021634615384615384 0.01201923076923077 0.04326923076923077 0.02403846153846154
0 0.34134615384615385 0.016826923076923076 0.055288461538461536 0.03365384615384615
0 0.4375 0.010817307692307692 0.06490384615384616 0.020432692307692308
0 0.4891826923076923 0.08173076923076923 0.02403846153846154 0.06009615384615385
0 0.6322115384615384 0.06610576923076923 0.04447115384615385 0.04567307692307692
0 0.8810096153846154 0.07932692307692307 0.038461538461538464 0.036057692307692304
0 0.6514423076923077 0.019230769230769232 0.03365384615384615 0.038461538461538464
0 0.7259615384615384 0.11538461538461539 0.09134615384615384 0.06971153846153846
0 0.9411057692307693 0.026442307692307692 0.06490384615384616 0.052884615384615384
0 0.8990384615384616 0.21394230769230768 0.055288461538461536 0.06370192307692307
0 0.9362980769230769 0.21875 0.04447115384615385 0.036057692307692304
0 0.8317307692307693 0.23197115384615385 0.038461538461538464 0.03485576923076923
0 0.9735576923076923 0.21514423076923078 0.04927884615384615 0.03485576923076923
0 0.9903846153846154 0.25841346153846156 0.016826923076923076 0.030048076923076924
0 0.8112980769230769 0.33413461538461536 0.15865384615384615 0.046875
0 0.9639423076923077 0.4567307692307692 0.06850961538461539 0.0625
0 0.9759615384615384 0.5252403846153846 0.046875 0.04447115384615385
0 0.8016826923076923 0.3894230769230769 0.03485576923076923 0.02403846153846154
0 0.7776442307692307 0.48677884615384615 0.03245192307692308 0.039663461538461536
0 0.7259615384615384 0.5060096153846154 0.039663461538461536 0.037259615384615384
0 0.6959134615384616 0.7355769230769231 0.04927884615384615 0.07091346153846154
0 0.8725961538461539 0.7415865384615384 0.05048076923076923 0.0673076923076923
0 0.8569711538461539 0.6754807692307693 0.052884615384615384 0.038461538461538464
0 0.765625 0.6658653846153846 0.10096153846153846 0.04807692307692308
0 0.6490384615384616 0.6706730769230769 0.055288461538461536 0.04927884615384615
0 0.8545673076923077 0.8425480769230769 0.046875 0.040865384615384616
0 0.9110576923076923 0.8629807692307693 0.08653846153846154 0.14182692307692307
0 0.9483173076923077 0.7632211538461539 0.038461538461538464 0.06850961538461539
0 0.9302884615384616 0.7151442307692307 0.08413461538461539 0.06850961538461539
0 0.9807692307692307 0.7391826923076923 0.03245192307692308 0.07091346153846154
0 0.7223557692307693 0.9867788461538461 0.06129807692307692 0.02403846153846154
0 0.7163461538461539 0.90625 0.04447115384615385 0.051682692307692304
0 0.6358173076923077 0.9783653846153846 0.05048076923076923 0.040865384615384616
0 0.5865384615384616 0.9795673076923077 0.030048076923076924 0.039663461538461536
0 0.6141826923076923 0.8822115384615384 0.03365384615384615 0.05889423076923077
0 0.46033653846153844 0.9194711538461539 0.038461538461538464 0.03125
0 0.4879807692307692 0.8461538461538461 0.038461538461538464 0.04927884615384615
0 0.4519230769230769 0.7560096153846154 0.03245192307692308 0.04927884615384615
0 0.4855769230769231 0.8149038461538461 0.06370192307692307 0.06009615384615385
0 0.4423076923076923 0.859375 0.054086538461538464 0.055288461538461536
0 0.4170673076923077 0.7860576923076923 0.06971153846153846 0.10096153846153846
0 0.4891826923076923 0.6887019230769231 0.04927884615384615 0.07932692307692307
0 0.3317307692307692 0.9074519230769231 0.03125 0.038461538461538464
0 0.3557692307692308 0.8954326923076923 0.04807692307692308 0.039663461538461536
0 0.2860576923076923 0.7704326923076923 0.02283653846153846 0.04447115384615385
0 0.25961538461538464 0.7992788461538461 0.056490384615384616 0.05889423076923077
0 0.3389423076923077 0.8449519230769231 0.0733173076923077 0.06009615384615385
0 0.16947115384615385 0.9423076923076923 0.06490384615384616 0.11177884615384616
0 0.13701923076923078 0.9567307692307693 0.02403846153846154 0.04447115384615385
0 0.04326923076923077 0.8990384615384616 0.03245192307692308 0.04447115384615385
0 0.06009615384615385 0.953125 0.10697115384615384 0.07211538461538461
0 0.027644230769230768 0.8473557692307693 0.054086538461538464 0.06490384615384616
0 0.20793269230769232 0.7247596153846154 0.036057692307692304 0.026442307692307692
0 0.17668269230769232 0.734375 0.03365384615384615 0.051682692307692304
0 0.015625 0.6742788461538461 0.030048076923076924 0.052884615384615384
0 0.06009615384615385 0.6694711538461539 0.06009615384615385 0.03485576923076923
0 0.13221153846153846 0.6346153846153846 0.04927884615384615 0.042067307692307696
0 0.16706730769230768 0.6334134615384616 0.04927884615384615 0.055288461538461536
0 0.33052884615384615 0.49278846153846156 0.027644230769230768 0.04567307692307692
0 0.2800480769230769 0.4855769230769231 0.04927884615384615 0.046875
0 0.49399038461538464 0.5276442307692307 0.17548076923076922 0.06129807692307692
0 0.609375 0.5709134615384616 0.054086538461538464 0.04927884615384615
0 0.4567307692307692 0.39903846153846156 0.039663461538461536 0.025240384615384616
0 0.0889423076923077 0.4206730769230769 0.027644230769230768 0.055288461538461536
0 0.20793269230769232 0.3762019230769231 0.05889423076923077 0.037259615384615384
0 0.19110576923076922 0.33413461538461536 0.039663461538461536 0.046875
0 0.12620192307692307 0.3088942307692308 0.04927884615384615 0.03485576923076923
0 0.4110576923076923 0.3389423076923077 0.036057692307692304 0.051682692307692304
0 0.3125 0.2848557692307692 0.026442307692307692 0.018028846153846152
0 0.27884615384615385 0.21634615384615385 0.03365384615384615 0.027644230769230768
0 0.5949519230769231 0.2800480769230769 0.037259615384615384 0.04447115384615385
0 0.796875 0.3605769230769231 0.0733173076923077 0.021634615384615384
0 0.9411057692307693 0.34134615384615385 0.055288461538461536 0.04447115384615385
0 0.019230769230769232 0.09375 0.038461538461538464 0.10697115384615384
0 0.054086538461538464 0.9026442307692307 0.02403846153846154 0.038461538461538464
0 0.2704326923076923 0.7644230769230769 0.018028846153846152 0.021634615384615384
0 0.16706730769230768 0.33533653846153844 0.019230769230769232 0.027644230769230768
0 0.9939903846153846 0.36778846153846156 0.009615384615384616 0.025240384615384616
0 0.039663461538461536 0.8341346153846154 0.030048076923076924 0.07572115384615384
0 0.02403846153846154 0.9206730769230769 0.021634615384615384 0.078125