0 0.9158653846153846 0.5516826923076923 0.08533653846153846 0.06610576923076923
0 0.9350961538461539 0.3870192307692308 0.09134615384615384 0.10576923076923077
0 0.9230769230769231 0.8377403846153846 0.125 0.038461538461538464
0 0.7223557692307693 0.421875 0.13341346153846154 0.08653846153846154
0 0.9831730769230769 0.7872596153846154 0.03125 0.04927884615384615
0 0.5252403846153846 0.27403846153846156 0.06850961538461539 0.055288461538461536
0 0.6598557692307693 0.16466346153846154 0.12740384615384615 0.11658653846153846
0 0.2956730769230769 0.6370192307692307 0.08533653846153846 0.125
0 0.1502403846153846 0.6141826923076923 0.2091346153846154 0.07572115384615384
0 0.6682692307692307 0.42427884615384615 0.06971153846153846 0.05889423076923077
0 0.057692307692307696 0.6862980769230769 0.11538461538461539 0.15985576923076922
0 0.46033653846153844 0.17067307692307693 0.06971153846153846 0.07692307692307693
0 0.43509615384615385 0.8930288461538461 0.11298076923076923 0.03485576923076923
0 0.31850961538461536 0.38221153846153844 0.07451923076923077 0.08413461538461539
0 0.5144230769230769 0.5805288461538461 0.05048076923076923 0.021634615384615384
0 0.23798076923076922 0.75 0.09615384615384616 0.09134615384615384
0 0.3629807692307692 0.5697115384615384 0.14543269230769232 0.06850961538461539
0 0.4098557692307692 0.31971153846153844 0.07091346153846154 0.06490384615384616
0 0.984375 0.49278846153846156 0.030048076923076924 0.04567307692307692
0 0.4639423076923077 0.265625 0.06490384615384616 0.09735576923076923
0 0.328125 0.9002403846153846 0.14543269230769232 0.04927884615384615
0 0.5108173076923077 0.4362980769230769 0.09495192307692307 0.0733173076923077
0 0.0985576923076923 0.8329326923076923 0.14543269230769232 0.15384615384615385
0 0.7776442307692307 0.1201923076923077 0.06971153846153846 0.171875
0 0.06009615384615385 0.038461538461538464 0.1201923076923077 0.07692307692307693
0 0.5168269230769231 0.08413461538461539 0.10096153846153846 0.16706730769230768
0 0.36658653846153844 0.6201923076923077 0.11899038461538461 0.051682692307692304
0 0.8569711538461539 0.8305288461538461 0.109375 0.07091346153846154
0 0.09735576923076923 0.39903846153846156 0.078125 0.08533653846153846
0 0.9134615384615384 0.7247596153846154 0.16947115384615385 0.08052884615384616
0 0.7824519230769231 0.5180288461538461 0.057692307692307696 0.08653846153846154
0 0.12379807692307693 0.8149038461538461 0.078125 0.13221153846153846
0 0.7884615384615384 0.7536057692307693 0.13822115384615385 0.09375
0 0.27403846153846156 0.35336538461538464 0.15745192307692307 0.055288461538461536
0 0.18509615384615385 0.10216346153846154 0.15264423076923078 0.09975961538461539