0 0.30408653846153844 0.5348557692307693 0.10697115384615384 0.12740384615384615
0 0.3425480769230769 0.9182692307692307 0.09735576923076923 0.09615384615384616
0 0.47115384615384615 0.042067307692307696 0.09134615384615384 0.0829326923076923
0 0.32211538461538464 0.8197115384615384 0.09134615384615384 0.10336538461538461
0 0.5673076923076923 0.29086538461538464 0.11057692307692307 0.0673076923076923
0 0.7920673076923077 0.9699519230769231 0.078125 0.057692307692307696
0 0.020432692307692308 0.7283653846153846 0.039663461538461536 0.1310096153846154
0 0.6322115384615384 0.7283653846153846 0.0829326923076923 0.11177884615384616
0 0.8882211538461539 0.8834134615384616 0.07692307692307693 0.10336538461538461
0 0.5985576923076923 0.9735576923076923 0.13221153846153846 0.04927884615384615
0 0.5985576923076923 0.8413461538461539 0.04447115384615385 0.055288461538461536
0 0.2403846153846154 0.9507211538461539 0.11538461538461539 0.09735576923076923
0 0.15745192307692307 0.7560096153846154 0.10336538461538461 0.125
0 0.3112980769230769 0.31971153846153844 0.0889423076923077 0.07091346153846154
0 0.109375 0.6730769230769231 0.07091346153846154 0.05889423076923077
0 0.9543269230769231 0.8629807692307693 0.09014423076923077 0.08173076923076923
0 0.3016826923076923 0.39663461538461536 0.09975961538461539 0.0829326923076923
0 0.3713942307692308 0.19471153846153846 0.12860576923076922 0.14903846153846154
0 0.7043269230769231 0.47475961538461536 0.078125 0.0829326923076923
0 0.07932692307692307 0.015625 0.08052884615384616 0.030048076923076924
0 0.4483173076923077 0.36177884615384615 0.07692307692307693 0.0673076923076923
0 0.051682692307692304 0.3125 0.09134615384615384 0.10216346153846154
0 0.9170673076923077 0.7548076923076923 0.08052884615384616 0.0829326923076923
0 0.14302884615384615 0.4963942307692308 0.12139423076923077 0.10697115384615384
0 0.2644230769230769 0.06490384615384616 0.14302884615384615 0.12860576923076922
0 0.3161057692307692 0.6117788461538461 0.14783653846153846 0.10216346153846154
0 0.8605769230769231 0.328125 0.10576923076923077 0.078125
0 0.7403846153846154 0.7896634615384616 0.1201923076923077 0.10697115384615384
0 0.3858173076923077 0.7451923076923077 0.10817307692307693 0.06490384615384616
0 0.16346153846153846 0.15625 0.09134615384615384 0.09375