0 0.484375 0.8401442307692307 0.06370192307692307 0.07572115384615384
0 0.5769230769230769 0.9290865384615384 0.109375 0.06850961538461539
0 0.9471153846153846 0.6177884615384616 0.09134615384615384 0.08173076923076923
0 0.35697115384615385 0.9723557692307693 0.08653846153846154 0.054086538461538464
0 0.9086538461538461 0.06009615384615385 0.18028846153846154 0.06009615384615385
0 0.48197115384615385 0.171875 0.08413461538461539 0.04326923076923077
0 0.2704326923076923 0.8882211538461539 0.07572115384615384 0.09975961538461539
0 0.34615384615384615 0.21995192307692307 0.07932692307692307 0.054086538461538464
0 0.46875 0.21153846153846154 0.04807692307692308 0.0625
0 0.1141826923076923 0.8569711538461539 0.06971153846153846 0.0673076923076923
0 0.5504807692307693 0.04326923076923077 0.06009615384615385 0.0733173076923077
0 0.7115384615384616 0.11658653846153846 0.10697115384615384 0.13341346153846154
0 0.9447115384615384 0.11298076923076923 0.10697115384615384 0.07451923076923077
0 0.9326923076923077 0.8497596153846154 0.0733173076923077 0.06009615384615385
0 0.37259615384615385 0.078125 0.08413461538461539 0.07692307692307693
0 0.31850961538461536 0.7415865384615384 0.1141826923076923 0.0829326923076923
0 0.125 0.5204326923076923 0.09134615384615384 0.07572115384615384
0 0.53125 0.36177884615384615 0.07692307692307693 0.055288461538461536
0 0.7548076923076923 0.8413461538461539 0.0733173076923077 0.0625
0 0.7451923076923077 0.9591346153846154 0.09615384615384616 0.0673076923076923
0 0.9110576923076923 0.02283653846153846 0.07211538461538461 0.04567307692307692
0 0.24519230769230768 0.71875 0.13221153846153846 0.06610576923076923
0 0.26322115384615385 0.4098557692307692 0.08052884615384616 0.056490384615384616
0 0.5516826923076923 0.7235576923076923 0.06971153846153846 0.09615384615384616
0 0.9411057692307693 0.3858173076923077 0.11658653846153846 0.0673076923076923
0 0.40384615384615385 0.9519230769230769 0.14302884615384615 0.09495192307692307
0 0.10697115384615384 0.328125 0.06971153846153846 0.06610576923076923
0 0.5817307692307693 0.8545673076923077 0.07572115384615384 0.06490384615384616
0 0.4423076923076923 0.9170673076923077 0.078125 0.04807692307692308
0 0.27884615384615385 0.328125 0.09134615384615384 0.06009615384615385
0 0.4254807692307692 0.6790865384615384 0.09134615384615384 0.057692307692307696
0 0.20793269230769232 0.4831730769230769 0.06971153846153846 0.07572115384615384
0 0.4735576923076923 0.7680288461538461 0.08653846153846154 0.07572115384615384
0 0.046875 0.2860576923076923 0.06490384615384616 0.06009615384615385
0 0.06490384615384616 0.6875 0.09975961538461539 0.08533653846153846
0 0.546875 0.27884615384615385 0.09495192307692307 0.0625
0 0.051682692307692304 0.9711538461538461 0.10336538461538461 0.055288461538461536
0 0.8389423076923077 0.2800480769230769 0.051682692307692304 0.10216346153846154
0 0.8497596153846154 0.12980769230769232 0.14423076923076922 0.06971153846153846
0 0.02283653846153846 0.7295673076923077 0.04447115384615385 0.08052884615384616
0 0.7355769230769231 0.6790865384615384 0.12139423076923077 0.09134615384615384
0 0.8930288461538461 0.7872596153846154 0.11778846153846154 0.08052884615384616
0 0.24519230769230768 0.2439903846153846 0.09735576923076923 0.06610576923076923
0 0.21153846153846154 0.3762019230769231 0.08413461538461539 0.07451923076923077
0 0.10697115384615384 0.7752403846153846 0.08774038461538461 0.07091346153846154
0 0.4338942307692308 0.5228365384615384 0.05889423076923077 0.07572115384615384
0 0.30288461538461536 0.484375 0.06129807692307692 0.08774038461538461
0 0.38221153846153844 0.4423076923076923 0.10096153846153846 0.0625
0 0.8810096153846154 0.8930288461538461 0.078125 0.08774038461538461
0 0.040865384615384616 0.20432692307692307 0.055288461538461536 0.051682692307692304
0 0.19951923076923078 0.8990384615384616 0.08774038461538461 0.08413461538461539
0 0.051682692307692304 0.3701923076923077 0.08052884615384616 0.055288461538461536