0 0.39663461538461536 0.47475961538461536 0.10096153846153846 0.07932692307692307
0 0.07451923076923077 0.6430288461538461 0.14903846153846154 0.08413461538461539
0 0.14903846153846154 0.17307692307692307 0.08653846153846154 0.22235576923076922
0 0.8810096153846154 0.4170673076923077 0.11899038461538461 0.1310096153846154
0 0.27884615384615385 0.9699519230769231 0.08533653846153846 0.057692307692307696
0 0.35697115384615385 0.38341346153846156 0.056490384615384616 0.0625
0 0.04326923076923077 0.7764423076923077 0.08653846153846154 0.052884615384615384
0 0.9819711538461539 0.7139423076923077 0.03365384615384615 0.11778846153846154
0 0.7560096153846154 0.5829326923076923 0.07091346153846154 0.06490384615384616
0 0.23317307692307693 0.7115384615384616 0.07692307692307693 0.06370192307692307
0 0.05889423076923077 0.5 0.11778846153846154 0.14423076923076922
0 0.7175480769230769 0.4375 0.057692307692307696 0.056490384615384616
0 0.3112980769230769 0.4206730769230769 0.14302884615384615 0.07572115384615384
0 0.055288461538461536 0.36177884615384615 0.11057692307692307 0.140625
0 0.9507211538461539 0.7704326923076923 0.06490384615384616 0.140625
0 0.6081730769230769 0.6141826923076923 0.0625 0.0733173076923077
0 0.36538461538461536 0.47596153846153844 0.13341346153846154 0.16105769230769232
0 0.8233173076923077 0.9447115384615384 0.054086538461538464 0.055288461538461536
0 0.609375 0.7944711538461539 0.06850961538461539 0.056490384615384616
0 0.41947115384615385 0.703125 0.03365384615384615 0.038461538461538464
0 0.5384615384615384 0.7139423076923077 0.06850961538461539 0.07091346153846154
0 0.046875 0.71875 0.09134615384615384 0.09254807692307693
0 0.3942307692307692 0.7007211538461539 0.04447115384615385 0.04447115384615385
0 0.7163461538461539 0.8521634615384616 0.078125 0.06971153846153846
0 0.6802884615384616 0.24519230769230768 0.11658653846153846 0.18509615384615385
0 0.24158653846153846 0.39903846153846156 0.06850961538461539 0.13221153846153846
0 0.3137019230769231 0.625 0.054086538461538464 0.042067307692307696
0 0.7524038461538461 0.8990384615384616 0.08052884615384616 0.08052884615384616
0 0.4951923076923077 0.9759615384615384 0.07572115384615384 0.046875
0 0.7764423076923077 0.43990384615384615 0.054086538461538464 0.109375
0 0.5841346153846154 0.4831730769230769 0.055288461538461536 0.04326923076923077
0 0.4855769230769231 0.5757211538461539 0.08774038461538461 0.10336538461538461
0 0.15504807692307693 0.41346153846153844 0.11778846153846154 0.11177884615384616
0 0.6586538461538461 0.39302884615384615 0.11538461538461539 0.078125
0 0.13822115384615385 0.8942307692307693 0.06610576923076923 0.1045673076923077
0 0.5721153846153846 0.8978365384615384 0.07211538461538461 0.07091346153846154
0 0.3401442307692308 0.6658653846153846 0.07572115384615384 0.0985576923076923
0 0.14423076923076922 0.9026442307692307 0.10697115384615384 0.04326923076923077
0 0.47836538461538464 0.7680288461538461 0.0829326923076923 0.14543269230769232
0 0.2620192307692308 0.7548076923076923 0.1141826923076923 0.06009615384615385
0 0.5757211538461539 0.43028846153846156 0.06850961538461539 0.11298076923076923