0 0.4375 0.2283653846153846 0.09134615384615384 0.0673076923076923
0 0.7211538461538461 0.15504807692307693 0.037259615384615384 0.13822115384615385
0 0.7572115384615384 0.5697115384615384 0.11899038461538461 0.07211538461538461
0 0.9050480769230769 0.9447115384615384 0.042067307692307696 0.06610576923076923
0 0.040865384615384616 0.84375 0.08052884615384616 0.028846153846153848
0 0.41346153846153844 0.9543269230769231 0.07211538461538461 0.08653846153846154
0 0.6610576923076923 0.14182692307692307 0.04326923076923077 0.1141826923076923
0 0.5492788461538461 0.8701923076923077 0.08653846153846154 0.08653846153846154
0 0.7415865384615384 0.7848557692307693 0.11899038461538461 0.08774038461538461
0 0.15865384615384615 0.3641826923076923 0.05048076923076923 0.056490384615384616
0 0.48197115384615385 0.7836538461538461 0.0733173076923077 0.06129807692307692
0 0.3125 0.671875 0.07572115384615384 0.055288461538461536
0 0.9290865384615384 0.46274038461538464 0.11778846153846154 0.056490384615384616
0 0.8954326923076923 0.3954326923076923 0.0889423076923077 0.10817307692307693
0 0.4050480769230769 0.8245192307692307 0.055288461538461536 0.08653846153846154
0 0.036057692307692304 0.30408653846153844 0.07211538461538461 0.11177884615384616
0 0.625 0.2548076923076923 0.09134615384615384 0.06129807692307692
0 0.39903846153846156 0.6370192307692307 0.06490384615384616 0.06129807692307692
0 0.21634615384615385 0.6442307692307693 0.09615384615384616 0.04326923076923077
0 0.6610576923076923 0.7319711538461539 0.04567307692307692 0.0733173076923077
0 0.16466346153846154 0.46634615384615385 0.1201923076923077 0.06971153846153846
0 0.8413461538461539 0.11658653846153846 0.05889423076923077 0.10336538461538461
0 0.234375 0.484375 0.04447115384615385 0.07572115384615384
0 0.16105769230769232 0.1658653846153846 0.2403846153846154 0.15264423076923078
0 0.39302884615384615 0.3858173076923077 0.038461538461538464 0.18629807692307693
0 0.38341346153846156 0.8882211538461539 0.10096153846153846 0.08653846153846154
0 0.8665865384615384 0.30649038461538464 0.0673076923076923 0.12740384615384615
0 0.7764423076923077 0.6754807692307693 0.16466346153846154 0.10096153846153846
0 0.8016826923076923 0.8701923076923077 0.08413461538461539 0.07091346153846154
0 0.28846153846153844 0.5060096153846154 0.06971153846153846 0.046875
0 0.5817307692307693 0.9663461538461539 0.11538461538461539 0.055288461538461536
0 0.5444711538461539 0.7391826923076923 0.125 0.04807692307692308
0 0.8004807692307693 0.25240384615384615 0.06009615384615385 0.16105769230769232
0 0.9783653846153846 0.5276442307692307 0.040865384615384616 0.055288461538461536
0 0.5228365384615384 0.23076923076923078 0.08052884615384616 0.09615384615384616
0 0.15985576923076922 0.296875 0.09735576923076923 0.08052884615384616
0 0.49278846153846156 0.11298076923076923 0.05889423076923077 0.10096153846153846
0 0.07451923076923077 0.4879807692307692 0.10817307692307693 0.02403846153846154
0 0.8461538461538461 0.046875 0.03365384615384615 0.09375
0 0.8016826923076923 0.1622596153846154 0.0985576923076923 0.06610576923076923
0 0.03365384615384615 0.41346153846153844 0.0673076923076923 0.08052884615384616
0 0.38341346153846156 0.6033653846153846 0.09615384615384616 0.04326923076923077
0 0.9158653846153846 0.10576923076923077 0.04807692307692308 0.09134615384615384
0 0.5985576923076923 0.12620192307692307 0.03365384615384615 0.0889423076923077
0 0.36658653846153844 0.9519230769230769 0.038461538461538464 0.09375
0 0.9098557692307693 0.051682692307692304 0.0673076923076923 0.10216346153846154
0 0.30408653846153844 0.78125 0.10576923076923077 0.09254807692307693
0 0.009615384615384616 0.5685096153846154 0.019230769230769232 0.036057692307692304
0 0.796875 0.41586538461538464 0.06009615384615385 0.016826923076923076
0 0.6021634615384616 0.125 0.055288461538461536 0.1201923076923077
0 0.039663461538461536 0.18389423076923078 0.07932692307692307 0.06009615384615385
0 0.0625 0.038461538461538464 0.03245192307692308 0.07692307692307693
0 0.06610576923076923 0.6430288461538461 0.109375 0.08653846153846154
0 0.78125 0.6322115384615384 0.109375 0.07572115384615384
0 0.8822115384615384 0.5288461538461539 0.1622596153846154 0.04807692307692308
0 0.9711538461538461 0.6574519230769231 0.052884615384615384 0.057692307692307696
0 0.1778846153846154 0.9326923076923077 0.08052884615384616 0.13221153846153846
0 0.765625 0.5096153846153846 0.09495192307692307 0.051682692307692304
0 0.34615384615384615 0.7920673076923077 0.109375 0.0889423076923077
0 0.039663461538461536 0.23918269230769232 0.07572115384615384 0.03365384615384615
0 0.0985576923076923 0.8016826923076923 0.0673076923076923 0.05889423076923077
0 0.6586538461538461 0.025240384615384616 0.17548076923076922 0.05048076923076923
0 0.2764423076923077 0.9771634615384616 0.06490384615384616 0.040865384615384616
0 0.6274038461538461 0.23076923076923078 0.16466346153846154 0.028846153846153848
0 0.025240384615384616 0.5048076923076923 0.05048076923076923 0.038461538461538464
0 0.49399038461538464 0.8882211538461539 0.10576923076923077 0.055288461538461536
0 0.3173076923076923 0.29927884615384615 0.06129807692307692 0.09134615384615384
0 0.31490384615384615 0.5841346153846154 0.07572115384615384 0.06009615384615385
0 0.22115384615384615 0.8461538461538461 0.03485576923076923 0.18990384615384615
0 0.0829326923076923 0.9110576923076923 0.09134615384615384 0.10817307692307693
0 0.030048076923076924 0.14182692307692307 0.06009615384615385 0.025240384615384616
0 0.6778846153846154 0.5721153846153846 0.04927884615384615 0.06009615384615385
0 0.5588942307692307 0.5817307692307693 0.027644230769230768 0.06490384615384616
0 0.17548076923076922 0.4182692307692308 0.06971153846153846 0.03125
0 0.7728365384615384 0.2764423076923077 0.046875 0.06971153846153846
0 0.7764423076923077 0.7379807692307693 0.06129807692307692 0.028846153846153848