0 0.9302884615384616 0.17908653846153846 0.07932692307692307 0.09134615384615384
0 0.9447115384615384 0.23317307692307693 0.09134615384615384 0.056490384615384616
0 0.75 0.19110576923076922 0.13822115384615385 0.0673076923076923
0 0.671875 0.04326923076923077 0.06490384615384616 0.06490384615384616
0 0.5288461538461539 0.11057692307692307 0.06009615384615385 0.04447115384615385
0 0.6622596153846154 0.16947115384615385 0.07572115384615384 0.037259615384615384
0 0.5637019230769231 0.24158653846153846 0.12139423076923077 0.09134615384615384
0 0.18389423076923078 0.3173076923076923 0.11899038461538461 0.09735576923076923
0 0.49038461538461536 0.41225961538461536 0.18870192307692307 0.056490384615384616
0 0.5649038461538461 0.5817307692307693 0.17427884615384615 0.09615384615384616
0 0.6105769230769231 0.48677884615384615 0.14903846153846154 0.1502403846153846
0 0.8112980769230769 0.48677884615384615 0.22115384615384615 0.0625
0 0.7788461538461539 0.6045673076923077 0.11177884615384616 0.039663461538461536
0 0.9050480769230769 0.6346153846153846 0.07932692307692307 0.038461538461538464
0 0.7860576923076923 0.7199519230769231 0.08774038461538461 0.06009615384615385
0 0.9567307692307693 0.8894230769230769 0.06610576923076923 0.040865384615384616
0 0.796875 0.9459134615384616 0.07692307692307693 0.09615384615384616
0 0.5204326923076923 0.8497596153846154 0.08533653846153846 0.06370192307692307
0 0.6117788461538461 0.953125 0.09254807692307693 0.08533653846153846
0 0.19951923076923078 0.8317307692307693 0.15865384615384615 0.08173076923076923
0 0.20552884615384615 0.640625 0.1502403846153846 0.1466346153846154
0 0.12379807692307693 0.6670673076923077 0.10697115384615384 0.07692307692307693
0 0.13341346153846154 0.609375 0.13701923076923078 0.037259615384615384
0 0.07692307692307693 0.14302884615384615 0.06850961538461539 0.12259615384615384
0 0.4795673076923077 0.052884615384615384 0.04447115384615385 0.042067307692307696
0 0.8088942307692307 0.09735576923076923 0.08413461538461539 0.04567307692307692
0 0.47475961538461536 0.9098557692307693 0.08173076923076923 0.11778846153846154
0 0.9242788461538461 0.5817307692307693 0.06971153846153846 0.0625
0 0.6887019230769231 0.7331730769230769 0.06490384615384616 0.06370192307692307
0 0.5096153846153846 0.21634615384615385 0.05889423076923077 0.09014423076923077
0 0.8966346153846154 0.29086538461538464 0.042067307692307696 0.04807692307692308
0 0.3605769230769231 0.4254807692307692 0.05889423076923077 0.0673076923076923
0 0.08052884615384616 0.07572115384615384 0.028846153846153848 0.06009615384615385
0 0.06850961538461539 0.7824519230769231 0.08774038461538461 0.07091346153846154
0 0.8762019230769231 0.8497596153846154 0.0625 0.042067307692307696
0 0.8798076923076923 0.78125 0.05889423076923077 0.04807692307692308