0 0.9639423076923077 0.03365384615384615 0.06971153846153846 0.05048076923076923
0 0.9110576923076923 0.020432692307692308 0.12740384615384615 0.039663461538461536
0 0.8882211538461539 0.21634615384615385 0.1310096153846154 0.08653846153846154
0 0.765625 0.47115384615384615 0.0985576923076923 0.056490384615384616
0 0.8762019230769231 0.13221153846153846 0.14783653846153846 0.09495192307692307
0 0.7079326923076923 0.14903846153846154 0.08533653846153846 0.056490384615384616
0 0.6995192307692307 0.06129807692307692 0.09375 0.0625
0 0.8725961538461539 0.5216346153846154 0.08653846153846154 0.04807692307692308
0 0.9543269230769231 0.7524038461538461 0.0889423076923077 0.05048076923076923
0 0.9194711538461539 0.28365384615384615 0.12980769230769232 0.08052884615384616
0 0.8028846153846154 0.019230769230769232 0.07211538461538461 0.038461538461538464
0 0.7800480769230769 0.5480769230769231 0.09615384615384616 0.03485576923076923
0 0.9555288461538461 0.6141826923076923 0.08653846153846154 0.04927884615384615
0 0.8545673076923077 0.36778846153846156 0.13822115384615385 0.046875
0 0.8185096153846154 0.41225961538461536 0.11778846153846154 0.04326923076923077