0 0.5024038461538461 0.10817307692307693 0.10336538461538461 0.08413461538461539
0 0.9639423076923077 0.6923076923076923 0.06971153846153846 0.1141826923076923
0 0.7860576923076923 0.5817307692307693 0.09735576923076923 0.11298076923076923
0 0.23918269230769232 0.1658653846153846 0.09375 0.08774038461538461
0 0.8942307692307693 0.9735576923076923 0.09495192307692307 0.04927884615384615
0 0.5132211538461539 0.7055288461538461 0.06971153846153846 0.10576923076923077
0 0.8389423076923077 0.21995192307692307 0.07091346153846154 0.06850961538461539
0 0.4170673076923077 0.28846153846153844 0.08413461538461539 0.057692307692307696
0 0.055288461538461536 0.5264423076923077 0.057692307692307696 0.04807692307692308
0 0.7752403846153846 0.7259615384615384 0.08413461538461539 0.08653846153846154
0 0.8966346153846154 0.2668269230769231 0.06850961538461539 0.08653846153846154
0 0.49158653846153844 0.6129807692307693 0.11899038461538461 0.11899038461538461
0 0.7295673076923077 0.6370192307692307 0.055288461538461536 0.08413461538461539
0 0.44471153846153844 0.21394230769230768 0.125 0.09375
0 0.44591346153846156 0.6586538461538461 0.04567307692307692 0.05889423076923077
0 0.5216346153846154 0.9399038461538461 0.11658653846153846 0.11899038461538461
0 0.3233173076923077 0.18028846153846154 0.07572115384615384 0.08774038461538461
0 0.8040865384615384 0.18509615384615385 0.051682692307692304 0.07572115384615384
0 0.6838942307692307 0.765625 0.09254807692307693 0.06850961538461539
0 0.8725961538461539 0.0985576923076923 0.0733173076923077 0.14302884615384615
0 0.5637019230769231 0.7860576923076923 0.055288461538461536 0.06009615384615385