0 0.4699519230769231 0.5384615384615384 0.08413461538461539 0.18028846153846154
0 0.6802884615384616 0.8810096153846154 0.15625 0.1466346153846154
0 0.7764423076923077 0.2536057692307692 0.11658653846153846 0.09495192307692307
0 0.10697115384615384 0.5949519230769231 0.18028846153846154 0.12980769230769232
0 0.9543269230769231 0.3137019230769231 0.0889423076923077 0.07091346153846154
0 0.28365384615384615 0.37259615384615385 0.21514423076923078 0.11778846153846154
0 0.16466346153846154 0.43990384615384615 0.06490384615384616 0.08173076923076923
0 0.17908653846153846 0.08413461538461539 0.10096153846153846 0.16706730769230768
0 0.921875 0.9314903846153846 0.12740384615384615 0.11298076923076923
0 0.8605769230769231 0.5877403846153846 0.11057692307692307 0.11658653846153846
0 0.8088942307692307 0.6490384615384616 0.09254807692307693 0.07692307692307693
0 0.04807692307692308 0.6947115384615384 0.09615384615384616 0.11538461538461539
0 0.7115384615384616 0.7956730769230769 0.10697115384615384 0.10096153846153846
0 0.9399038461538461 0.04447115384615385 0.08052884615384616 0.0889423076923077
0 0.19471153846153846 0.7692307692307693 0.09254807692307693 0.08533653846153846
0 0.2764423076923077 0.22235576923076922 0.10216346153846154 0.09975961538461539
0 0.28365384615384615 0.5576923076923077 0.15144230769230768 0.09495192307692307
0 0.5973557692307693 0.36778846153846156 0.0733173076923077 0.09375
0 0.8125 0.7355769230769231 0.08533653846153846 0.06850961538461539
0 0.04567307692307692 0.028846153846153848 0.09134615384615384 0.056490384615384616
0 0.53125 0.7427884615384616 0.07932692307692307 0.09975961538461539
0 0.2536057692307692 0.8449519230769231 0.07932692307692307 0.078125
0 0.09134615384615384 0.9411057692307693 0.11899038461538461 0.11538461538461539
0 0.02403846153846154 0.1201923076923077 0.046875 0.08774038461538461
0 0.8305288461538461 0.9543269230769231 0.09975961538461539 0.08533653846153846
0 0.27163461538461536 0.025240384615384616 0.07572115384615384 0.04567307692307692
0 0.7067307692307693 0.6875 0.10336538461538461 0.06370192307692307
0 0.5889423076923077 0.8978365384615384 0.09975961538461539 0.10096153846153846
0 0.3088942307692308 0.7019230769230769 0.12139423076923077 0.10576923076923077
0 0.7127403846153846 0.45552884615384615 0.11177884615384616 0.11057692307692307