0 0.171875 0.04326923076923077 0.04927884615384615 0.08653846153846154
0 0.9867788461538461 0.02403846153846154 0.02403846153846154 0.037259615384615384
0 0.8257211538461539 0.056490384615384616 0.037259615384615384 0.04927884615384615
0 0.6706730769230769 0.036057692307692304 0.051682692307692304 0.06971153846153846
0 0.6911057692307693 0.16105769230769232 0.028846153846153848 0.03365384615384615
0 0.6682692307692307 0.15865384615384615 0.020432692307692308 0.038461538461538464
0 0.6430288461538461 0.1141826923076923 0.04927884615384615 0.06009615384615385
0 0.49038461538461536 0.013221153846153846 0.030048076923076924 0.025240384615384616
0 0.22596153846153846 0.009615384615384616 0.028846153846153848 0.019230769230769232
0 0.04927884615384615 0.20192307692307693 0.04927884615384615 0.04927884615384615
0 0.265625 0.28846153846153844 0.051682692307692304 0.09735576923076923
0 0.4483173076923077 0.3245192307692308 0.054086538461538464 0.039663461538461536
0 0.41947115384615385 0.28846153846153844 0.027644230769230768 0.025240384615384616
0 0.5360576923076923 0.1971153846153846 0.03365384615384615 0.040865384615384616
0 0.5649038461538461 0.24639423076923078 0.028846153846153848 0.051682692307692304
0 0.6947115384615384 0.3173076923076923 0.06490384615384616 0.039663461538461536
0 0.5841346153846154 0.3605769230769231 0.025240384615384616 0.02403846153846154
0 0.6923076923076923 0.3401442307692308 0.02283653846153846 0.021634615384615384
0 0.9110576923076923 0.2283653846153846 0.09254807692307693 0.039663461538461536
0 0.8918269230769231 0.2848557692307692 0.07091346153846154 0.028846153846153848
0 0.8413461538461539 0.3016826923076923 0.055288461538461536 0.03365384615384615
0 0.8978365384615384 0.34375 0.02283653846153846 0.04447115384615385
0 0.8701923076923077 0.41346153846153844 0.037259615384615384 0.037259615384615384
0 0.9170673076923077 0.4206730769230769 0.038461538461538464 0.04567307692307692
0 0.9579326923076923 0.46274038461538464 0.025240384615384616 0.016826923076923076
0 0.8545673076923077 0.4579326923076923 0.021634615384615384 0.04447115384615385
0 0.6322115384615384 0.4206730769230769 0.04927884615384615 0.06370192307692307
0 0.671875 0.45552884615384615 0.04447115384615385 0.03125
0 0.7319711538461539 0.46875 0.07932692307692307 0.04567307692307692
0 0.7439903846153846 0.5108173076923077 0.04927884615384615 0.036057692307692304
0 0.6129807692307693 0.46875 0.05048076923076923 0.04807692307692308
0 0.6959134615384616 0.5649038461538461 0.05889423076923077 0.055288461538461536
0 0.7800480769230769 0.5324519230769231 0.04447115384615385 0.028846153846153848
0 0.8365384615384616 0.6033653846153846 0.07572115384615384 0.03485576923076923
0 0.8882211538461539 0.6322115384615384 0.04326923076923077 0.02403846153846154
0 0.8966346153846154 0.5192307692307693 0.03485576923076923 0.03245192307692308
0 0.828125 0.640625 0.042067307692307696 0.036057692307692304
0 0.9086538461538461 0.6742788461538461 0.13581730769230768 0.056490384615384616
0 0.9519230769230769 0.7151442307692307 0.06129807692307692 0.051682692307692304
0 0.9879807692307693 0.78125 0.021634615384615384 0.040865384615384616
0 0.7944711538461539 0.7391826923076923 0.051682692307692304 0.0625
0 0.7475961538461539 0.8257211538461539 0.07572115384615384 0.038461538461538464
0 0.9326923076923077 0.8822115384615384 0.039663461538461536 0.06850961538461539
0 0.9927884615384616 0.8882211538461539 0.013221153846153846 0.04447115384615385
0 0.9879807692307693 0.9543269230769231 0.021634615384615384 0.08052884615384616
0 0.9651442307692307 0.9831730769230769 0.046875 0.03125
0 0.921875 0.9771634615384616 0.0673076923076923 0.04447115384615385
0 0.7596153846153846 0.9747596153846154 0.03365384615384615 0.04927884615384615
0 0.5853365384615384 0.9747596153846154 0.06490384615384616 0.04567307692307692
0 0.5204326923076923 0.7944711538461539 0.036057692307692304 0.028846153846153848
0 0.4387019230769231 0.9867788461538461 0.03125 0.02403846153846154
0 0.4014423076923077 0.9507211538461539 0.05048076923076923 0.04326923076923077
0 0.19831730769230768 0.9855769230769231 0.06490384615384616 0.027644230769230768
0 0.12259615384615384 0.9819711538461539 0.05048076923076923 0.03365384615384615
0 0.265625 0.9146634615384616 0.04447115384615385 0.04447115384615385
0 0.3004807692307692 0.7463942307692307 0.054086538461538464 0.06490384615384616
0 0.23197115384615385 0.7103365384615384 0.038461538461538464 0.030048076923076924
0 0.007211538461538462 0.7415865384615384 0.014423076923076924 0.05048076923076923
0 0.019230769230769232 0.6538461538461539 0.038461538461538464 0.055288461538461536
0 0.0829326923076923 0.6466346153846154 0.038461538461538464 0.03365384615384615
0 0.23677884615384615 0.6105769230769231 0.051682692307692304 0.037259615384615384
0 0.3473557692307692 0.6165865384615384 0.028846153846153848 0.03125
0 0.31971153846153844 0.6358173076923077 0.057692307692307696 0.04567307692307692
0 0.42427884615384615 0.6346153846153846 0.06129807692307692 0.07572115384615384
0 0.15865384615384615 0.5576923076923077 0.038461538461538464 0.039663461538461536
0 0.04447115384615385 0.5132211538461539 0.05048076923076923 0.038461538461538464
0 0.1346153846153846 0.421875 0.06009615384615385 0.057692307692307696
0 0.16947115384615385 0.3918269230769231 0.04447115384615385 0.039663461538461536
0 0.0625 0.40625 0.04567307692307692 0.03365384615384615
0 0.026442307692307692 0.35336538461538464 0.036057692307692304 0.04807692307692308
0 0.29447115384615385 0.3713942307692308 0.07572115384615384 0.019230769230769232
0 0.7439903846153846 0.004807692307692308 0.03365384615384615 0.009615384615384616
0 0.484375 0.9002403846153846 0.013221153846153846 0.014423076923076924
0 0.6454326923076923 0.09615384615384616 0.025240384615384616 0.03365384615384615
0 0.006009615384615385 0.49759615384615385 0.01201923076923077 0.028846153846153848