0 0.31971153846153844 0.020432692307692308 0.038461538461538464 0.039663461538461536
0 0.48677884615384615 0.018028846153846152 0.04447115384615385 0.036057692307692304
0 0.43149038461538464 0.07451923076923077 0.046875 0.04567307692307692
0 0.5168269230769231 0.08774038461538461 0.054086538461538464 0.04927884615384615
0 0.5853365384615384 0.057692307692307696 0.03125 0.04326923076923077
0 0.5240384615384616 0.1310096153846154 0.06009615384615385 0.037259615384615384
0 0.5180288461538461 0.3161057692307692 0.04927884615384615 0.04447115384615385
0 0.7043269230769231 0.25 0.15384615384615385 0.04927884615384615
0 0.8341346153846154 0.24519230769230768 0.030048076923076924 0.038461538461538464
0 0.2668269230769231 0.12620192307692307 0.055288461538461536 0.056490384615384616
0 0.24278846153846154 0.18269230769230768 0.05048076923076923 0.04447115384615385
0 0.11658653846153846 0.140625 0.040865384615384616 0.028846153846153848
0 0.11658653846153846 0.16466346153846154 0.08413461538461539 0.05048076923076923
0 0.15264423076923078 0.21514423076923078 0.04326923076923077 0.040865384615384616
0 0.21634615384615385 0.26322115384615385 0.027644230769230768 0.037259615384615384
0 0.3112980769230769 0.33052884615384615 0.037259615384615384 0.04447115384615385
0 0.30528846153846156 0.38822115384615385 0.06370192307692307 0.055288461538461536
0 0.35336538461538464 0.34975961538461536 0.038461538461538464 0.052884615384615384
0 0.2644230769230769 0.43990384615384615 0.07211538461538461 0.046875
0 0.03365384615384615 0.5012019230769231 0.05889423076923077 0.054086538461538464
0 0.08052884615384616 0.4987980769230769 0.04807692307692308 0.04927884615384615
0 0.35096153846153844 0.46153846153846156 0.027644230769230768 0.038461538461538464
0 0.203125 0.6802884615384616 0.038461538461538464 0.055288461538461536
0 0.21634615384615385 0.7367788461538461 0.03365384615384615 0.06490384615384616
0 0.17908653846153846 0.9182692307692307 0.07211538461538461 0.12860576923076922
0 0.3641826923076923 0.9170673076923077 0.03365384615384615 0.037259615384615384
0 0.44350961538461536 0.8834134615384616 0.03125 0.04927884615384615
0 0.4831730769230769 0.7692307692307693 0.07091346153846154 0.055288461538461536
0 0.5372596153846154 0.7896634615384616 0.040865384615384616 0.056490384615384616
0 0.6117788461538461 0.8076923076923077 0.05889423076923077 0.15384615384615385
0 0.7163461538461539 0.9326923076923077 0.046875 0.04447115384615385
0 0.7776442307692307 0.9411057692307693 0.036057692307692304 0.0625
0 0.7451923076923077 0.7728365384615384 0.03365384615384615 0.04927884615384615
0 0.4483173076923077 0.9639423076923077 0.07091346153846154 0.07091346153846154
0 0.9759615384615384 0.9194711538461539 0.046875 0.06129807692307692
0 0.9723557692307693 0.8665865384615384 0.052884615384615384 0.042067307692307696
0 0.953125 0.8221153846153846 0.06490384615384616 0.06009615384615385
0 0.9855769230769231 0.7788461538461539 0.026442307692307692 0.06850961538461539
0 0.8605769230769231 0.6334134615384616 0.03485576923076923 0.04447115384615385
0 0.9903846153846154 0.47836538461538464 0.018028846153846152 0.09975961538461539
0 0.4855769230769231 0.6514423076923077 0.04567307692307692 0.04927884615384615
0 0.4831730769230769 0.6947115384615384 0.04807692307692308 0.040865384615384616
0 0.5060096153846154 0.5805288461538461 0.04807692307692308 0.040865384615384616
0 0.5552884615384616 0.47115384615384615 0.05048076923076923 0.04326923076923077
0 0.6153846153846154 0.5600961538461539 0.04447115384615385 0.09615384615384616
0 0.38461538461538464 0.5733173076923077 0.05048076923076923 0.06009615384615385
0 0.38822115384615385 0.4807692307692308 0.046875 0.06129807692307692
0 0.4543269230769231 0.5180288461538461 0.06490384615384616 0.04567307692307692
0 0.6045673076923077 0.15264423076923078 0.021634615384615384 0.026442307692307692
0 0.8209134615384616 0.29447115384615385 0.028846153846153848 0.025240384615384616
0 0.8389423076923077 0.018028846153846152 0.0673076923076923 0.03365384615384615
0 0.5841346153846154 0.5673076923076923 0.03365384615384615 0.056490384615384616
0 0.23677884615384615 0.6117788461538461 0.042067307692307696 0.056490384615384616
0 0.11778846153846154 0.1045673076923077 0.04567307692307692 0.020432692307692308