0 0.2776442307692308 0.5264423076923077 0.11899038461538461 0.08173076923076923
0 0.30649038461538464 0.1045673076923077 0.14543269230769232 0.18028846153846154
0 0.9110576923076923 0.9411057692307693 0.13942307692307693 0.11538461538461539
0 0.1346153846153846 0.22956730769230768 0.08413461538461539 0.07932692307692307
0 0.4987980769230769 0.21875 0.12379807692307693 0.08653846153846154
0 0.04807692307692308 0.9507211538461539 0.09615384615384616 0.09735576923076923
0 0.9567307692307693 0.4050480769230769 0.08533653846153846 0.11177884615384616
0 0.9603365384615384 0.9290865384615384 0.06971153846153846 0.11177884615384616
0 0.30528846153846156 0.8100961538461539 0.06610576923076923 0.13221153846153846
0 0.5300480769230769 0.4855769230769231 0.07451923076923077 0.09615384615384616
0 0.35697115384615385 0.40865384615384615 0.06009615384615385 0.11899038461538461
0 0.125 0.8641826923076923 0.14423076923076922 0.16826923076923078
0 0.1971153846153846 0.08774038461538461 0.171875 0.07572115384615384
0 0.7680288461538461 0.14903846153846154 0.10096153846153846 0.2439903846153846
0 0.4951923076923077 0.8798076923076923 0.16105769230769232 0.14543269230769232
0 0.2920673076923077 0.5649038461538461 0.07692307692307693 0.04447115384615385
0 0.625 0.9783653846153846 0.109375 0.040865384615384616
0 0.016826923076923076 0.07932692307692307 0.03365384615384615 0.10096153846153846
0 0.09495192307692307 0.35096153846153844 0.18990384615384615 0.109375
0 0.38461538461538464 0.5564903846153846 0.12860576923076922 0.0673076923076923
0 0.5697115384615384 0.3701923076923077 0.1814903846153846 0.11778846153846154
0 0.42788461538461536 0.16826923076923078 0.14903846153846154 0.21153846153846154
0 0.7740384615384616 0.5997596153846154 0.0733173076923077 0.16826923076923078
0 0.890625 0.8353365384615384 0.21514423076923078 0.13581730769230768
0 0.7716346153846154 0.3233173076923077 0.06129807692307692 0.09975961538461539
0 0.6141826923076923 0.05048076923076923 0.078125 0.07091346153846154