0 0.5769230769230769 0.6923076923076923 0.06850961538461539 0.11298076923076923
0 0.6790865384615384 0.8701923076923077 0.08173076923076923 0.13822115384615385
0 0.34375 0.6370192307692307 0.12259615384615384 0.08413461538461539
0 0.22355769230769232 0.8341346153846154 0.10096153846153846 0.1502403846153846
0 0.2283653846153846 0.9326923076923077 0.14903846153846154 0.13341346153846154
0 0.6742788461538461 0.6923076923076923 0.08533653846153846 0.08413461538461539
0 0.8040865384615384 0.6899038461538461 0.06129807692307692 0.055288461538461536
0 0.5360576923076923 0.17427884615384615 0.09134615384615384 0.12259615384615384
0 0.1935096153846154 0.10096153846153846 0.0673076923076923 0.0733173076923077
0 0.06009615384615385 0.6105769230769231 0.07451923076923077 0.08173076923076923
0 0.6971153846153846 0.7608173076923077 0.15384615384615385 0.11899038461538461
0 0.6382211538461539 0.5925480769230769 0.109375 0.07091346153846154
0 0.8497596153846154 0.21875 0.15384615384615385 0.08052884615384616
0 0.22115384615384615 0.31850961538461536 0.16947115384615385 0.10096153846153846
0 0.12980769230769232 0.703125 0.10096153846153846 0.06370192307692307
0 0.5396634615384616 0.7584134615384616 0.07692307692307693 0.06490384615384616
0 0.7524038461538461 0.21875 0.08052884615384616 0.08052884615384616
0 0.6742788461538461 0.46875 0.078125 0.0673076923076923
0 0.41586538461538464 0.19110576923076922 0.18990384615384615 0.0985576923076923
0 0.04567307692307692 0.5901442307692307 0.09134615384615384 0.12740384615384615
0 0.3629807692307692 0.24158653846153846 0.09495192307692307 0.08052884615384616
0 0.9074519230769231 0.06490384615384616 0.13221153846153846 0.06009615384615385
0 0.7211538461538461 0.515625 0.10096153846153846 0.14903846153846154
0 0.35336538461538464 0.7151442307692307 0.09134615384615384 0.09375
0 0.12259615384615384 0.5072115384615384 0.09375 0.09134615384615384
0 0.20072115384615385 0.3954326923076923 0.13221153846153846 0.0889423076923077
0 0.4338942307692308 0.4567307692307692 0.06490384615384616 0.14302884615384615