0 0.5961538461538461 0.9663461538461539 0.05889423076923077 0.04567307692307692
0 0.5516826923076923 0.6670673076923077 0.0625 0.038461538461538464
0 0.3233173076923077 0.33413461538461536 0.0829326923076923 0.08052884615384616
0 0.6418269230769231 0.5913461538461539 0.0625 0.04447115384615385
0 0.9423076923076923 0.6430288461538461 0.04927884615384615 0.06370192307692307
0 0.05048076923076923 0.9735576923076923 0.05889423076923077 0.025240384615384616
0 0.3798076923076923 0.5552884615384616 0.056490384615384616 0.038461538461538464
0 0.8064903846153846 0.09615384615384616 0.078125 0.06009615384615385
0 0.40625 0.3545673076923077 0.054086538461538464 0.04927884615384615
0 0.019230769230769232 0.7223557692307693 0.038461538461538464 0.03125
0 0.4675480769230769 0.13822115384615385 0.06490384615384616 0.04927884615384615
0 0.9615384615384616 0.13221153846153846 0.07451923076923077 0.078125
0 0.6790865384615384 0.9615384615384616 0.056490384615384616 0.07451923076923077
0 0.5757211538461539 0.7524038461538461 0.10096153846153846 0.06610576923076923
0 0.9014423076923077 0.9579326923076923 0.06490384615384616 0.06971153846153846
0 0.9675480769230769 0.22355769230769232 0.0625 0.06370192307692307
0 0.6610576923076923 0.4639423076923077 0.06370192307692307 0.06129807692307692
0 0.12740384615384615 0.6177884615384616 0.11658653846153846 0.05048076923076923
0 0.65625 0.6550480769230769 0.08653846153846154 0.055288461538461536
0 0.12740384615384615 0.5853365384615384 0.055288461538461536 0.036057692307692304
0 0.7680288461538461 0.5444711538461539 0.07932692307692307 0.06971153846153846
0 0.5853365384615384 0.09735576923076923 0.1201923076923077 0.04567307692307692
0 0.15745192307692307 0.8197115384615384 0.12740384615384615 0.08774038461538461
0 0.390625 0.04927884615384615 0.09254807692307693 0.06850961538461539
0 0.7512019230769231 0.052884615384615384 0.08173076923076923 0.09975961538461539
0 0.2247596153846154 0.28365384615384615 0.11538461538461539 0.06850961538461539
0 0.07692307692307693 0.03485576923076923 0.0625 0.06610576923076923
0 0.1310096153846154 0.6670673076923077 0.078125 0.042067307692307696
0 0.4651442307692308 0.84375 0.09975961538461539 0.10817307692307693
0 0.5600961538461539 0.05889423076923077 0.11538461538461539 0.055288461538461536
0 0.6826923076923077 0.41346153846153844 0.06129807692307692 0.056490384615384616
0 0.9435096153846154 0.03485576923076923 0.10216346153846154 0.057692307692307696
0 0.8341346153846154 0.9471153846153846 0.05889423076923077 0.04447115384615385
0 0.7608173076923077 0.9459134615384616 0.11538461538461539 0.10697115384615384
0 0.26802884615384615 0.5709134615384616 0.037259615384615384 0.08052884615384616
0 0.47475961538461536 0.9795673076923077 0.04567307692307692 0.039663461538461536
0 0.07692307692307693 0.7067307692307693 0.0829326923076923 0.06971153846153846
0 0.7596153846153846 0.1935096153846154 0.056490384615384616 0.05889423076923077
0 0.5600961538461539 0.36899038461538464 0.057692307692307696 0.05048076923076923
0 0.5132211538461539 0.2548076923076923 0.04927884615384615 0.056490384615384616
0 0.6358173076923077 0.5625 0.055288461538461536 0.039663461538461536
0 0.234375 0.5444711538461539 0.04447115384615385 0.039663461538461536
0 0.71875 0.9326923076923077 0.052884615384615384 0.03245192307692308
0 0.2920673076923077 0.6334134615384616 0.10697115384615384 0.055288461538461536
0 0.17668269230769232 0.12379807692307693 0.057692307692307696 0.03485576923076923
0 0.3233173076923077 0.055288461538461536 0.08052884615384616 0.04447115384615385
0 0.8257211538461539 0.375 0.07451923076923077 0.0733173076923077
0 0.6358173076923077 0.5276442307692307 0.06490384615384616 0.04567307692307692
0 0.16706730769230768 0.055288461538461536 0.13942307692307693 0.07932692307692307
0 0.7548076923076923 0.6598557692307693 0.06490384615384616 0.052884615384615384
0 0.06129807692307692 0.9182692307692307 0.06850961538461539 0.04447115384615385
0 0.03485576923076923 0.9603365384615384 0.06971153846153846 0.039663461538461536