0 0.44471153846153844 0.1502403846153846 0.06490384615384616 0.06490384615384616
0 0.8461538461538461 0.31490384615384615 0.06971153846153846 0.07932692307692307
0 0.7223557692307693 0.140625 0.08774038461538461 0.09495192307692307
0 0.8425480769230769 0.11298076923076923 0.06009615384615385 0.07451923076923077
0 0.9387019230769231 0.4014423076923077 0.06009615384615385 0.052884615384615384
0 0.7872596153846154 0.4495192307692308 0.06009615384615385 0.06490384615384616
0 0.7692307692307693 0.7307692307692307 0.06009615384615385 0.06490384615384616
0 0.96875 0.6274038461538461 0.06129807692307692 0.06009615384615385
0 0.703125 0.8365384615384616 0.07211538461538461 0.06971153846153846
0 0.7463942307692307 0.2668269230769231 0.06370192307692307 0.06610576923076923
0 0.9651442307692307 0.6850961538461539 0.0673076923076923 0.056490384615384616
0 0.9723557692307693 0.35216346153846156 0.054086538461538464 0.0625
0 0.5997596153846154 0.11538461538461539 0.06971153846153846 0.055288461538461536
0 0.578125 0.75 0.08653846153846154 0.0733173076923077
0 0.5456730769230769 0.8629807692307693 0.054086538461538464 0.04807692307692308
0 0.96875 0.4951923076923077 0.06009615384615385 0.07451923076923077
0 0.5925480769230769 0.7956730769230769 0.07211538461538461 0.055288461538461536
0 0.703125 0.4014423076923077 0.07451923076923077 0.08052884615384616
0 0.8233173076923077 0.8942307692307693 0.07091346153846154 0.06490384615384616
0 0.8461538461538461 0.7151442307692307 0.08774038461538461 0.057692307692307696
0 0.890625 0.8629807692307693 0.07091346153846154 0.05889423076923077
0 0.41346153846153844 0.5492788461538461 0.056490384615384616 0.06490384615384616
0 0.5336538461538461 0.6129807692307693 0.055288461538461536 0.054086538461538464
0 0.6045673076923077 0.23197115384615385 0.05889423076923077 0.055288461538461536
0 0.3762019230769231 0.22716346153846154 0.06971153846153846 0.03365384615384615
0 0.9098557692307693 0.5444711538461539 0.09014423076923077 0.057692307692307696
0 0.49278846153846156 0.8605769230769231 0.07451923076923077 0.052884615384615384
0 0.96875 0.9375 0.06009615384615385 0.07451923076923077
0 0.7235576923076923 0.19110576923076922 0.06490384615384616 0.10096153846153846
0 0.8786057692307693 0.4699519230769231 0.08413461538461539 0.04447115384615385
0 0.4567307692307692 0.28725961538461536 0.08653846153846154 0.06370192307692307