0 0.7451923076923077 0.43509615384615385 0.06009615384615385 0.05889423076923077
0 0.8990384615384616 0.3701923076923077 0.04927884615384615 0.07932692307692307
0 0.4206730769230769 0.49278846153846156 0.06009615384615385 0.06490384615384616
0 0.38822115384615385 0.25841346153846156 0.038461538461538464 0.04447115384615385
0 0.9206730769230769 0.12620192307692307 0.057692307692307696 0.0673076923076923
0 0.3389423076923077 0.453125 0.0829326923076923 0.078125
0 0.8149038461538461 0.15865384615384615 0.14302884615384615 0.06610576923076923
0 0.203125 0.5060096153846154 0.03365384615384615 0.040865384615384616
0 0.8377403846153846 0.21394230769230768 0.04927884615384615 0.06009615384615385
0 0.8725961538461539 0.48677884615384615 0.056490384615384616 0.06610576923076923
0 0.34975961538461536 0.030048076923076924 0.07451923076923077 0.06009615384615385
0 0.48197115384615385 0.13221153846153846 0.04807692307692308 0.06009615384615385
0 0.45072115384615385 0.33413461538461536 0.06850961538461539 0.08533653846153846
0 0.31490384615384615 0.2920673076923077 0.038461538461538464 0.07572115384615384
0 0.030048076923076924 0.0985576923076923 0.054086538461538464 0.078125
0 0.17548076923076922 0.7451923076923077 0.04447115384615385 0.04447115384615385
0 0.9278846153846154 0.7331730769230769 0.0673076923076923 0.10817307692307693
0 0.953125 0.90625 0.06610576923076923 0.06370192307692307
0 0.8329326923076923 0.8641826923076923 0.06610576923076923 0.07211538461538461
0 0.23197115384615385 0.40384615384615385 0.04927884615384615 0.06490384615384616
0 0.2403846153846154 0.6322115384615384 0.05048076923076923 0.055288461538461536
0 0.9579326923076923 0.5072115384615384 0.07692307692307693 0.08173076923076923
0 0.11778846153846154 0.06490384615384616 0.06129807692307692 0.07211538461538461
0 0.22716346153846154 0.29927884615384615 0.06610576923076923 0.0829326923076923