0 0.30528846153846156 0.4735576923076923 0.051682692307692304 0.03125
0 0.07692307692307693 0.984375 0.09975961538461539 0.028846153846153848
0 0.7223557692307693 0.7355769230769231 0.171875 0.06129807692307692
0 0.9026442307692307 0.12860576923076922 0.19230769230769232 0.08173076923076923
0 0.28725961538461536 0.3894230769230769 0.11778846153846154 0.055288461538461536
0 0.7007211538461539 0.6430288461538461 0.08173076923076923 0.05889423076923077
0 0.8990384615384616 0.49038461538461536 0.07451923076923077 0.09615384615384616
0 0.59375 0.36899038461538464 0.10096153846153846 0.08533653846153846
0 0.35216346153846156 0.953125 0.13701923076923078 0.056490384615384616
0 0.3137019230769231 0.020432692307692308 0.09134615384615384 0.039663461538461536
0 0.04807692307692308 0.7151442307692307 0.09615384615384616 0.07451923076923077
0 0.7596153846153846 0.0829326923076923 0.0829326923076923 0.0733173076923077
0 0.859375 0.042067307692307696 0.051682692307692304 0.036057692307692304
0 0.4807692307692308 0.040865384615384616 0.0673076923076923 0.05048076923076923
0 0.48197115384615385 0.4326923076923077 0.04447115384615385 0.05889423076923077
0 0.6610576923076923 0.6262019230769231 0.06129807692307692 0.07451923076923077
0 0.5985576923076923 0.953125 0.109375 0.06370192307692307
0 0.5360576923076923 0.26802884615384615 0.09615384615384616 0.06009615384615385
0 0.5673076923076923 0.8846153846153846 0.057692307692307696 0.02403846153846154
0 0.24879807692307693 0.8894230769230769 0.15865384615384615 0.19951923076923078
0 0.3125 0.22716346153846154 0.078125 0.04447115384615385
0 0.8377403846153846 0.3317307692307692 0.10697115384615384 0.09735576923076923
0 0.6634615384615384 0.42908653846153844 0.052884615384615384 0.05889423076923077
0 0.6105769230769231 0.5420673076923077 0.0733173076923077 0.06971153846153846
0 0.17908653846153846 0.7788461538461539 0.0625 0.08653846153846154
0 0.052884615384615384 0.4266826923076923 0.1045673076923077 0.07572115384615384
0 0.9170673076923077 0.6153846153846154 0.04807692307692308 0.09254807692307693
0 0.3954326923076923 0.5913461538461539 0.08052884615384616 0.046875
0 0.039663461538461536 0.06129807692307692 0.06850961538461539 0.039663461538461536
0 0.2692307692307692 0.27884615384615385 0.07932692307692307 0.06850961538461539
0 0.375 0.3786057692307692 0.1201923076923077 0.040865384615384616
0 0.8485576923076923 0.2692307692307692 0.06850961538461539 0.040865384615384616
0 0.13822115384615385 0.7632211538461539 0.07091346153846154 0.055288461538461536
0 0.390625 0.6069711538461539 0.06850961538461539 0.03245192307692308
0 0.9110576923076923 0.9783653846153846 0.0985576923076923 0.040865384615384616
0 0.15504807692307693 0.3425480769230769 0.10697115384615384 0.055288461538461536
0 0.1346153846153846 0.6766826923076923 0.055288461538461536 0.06129807692307692
0 0.9411057692307693 0.6322115384615384 0.038461538461538464 0.08653846153846154
0 0.6490384615384616 0.0829326923076923 0.13822115384615385 0.0673076923076923
0 0.04567307692307692 0.5492788461538461 0.09134615384615384 0.05048076923076923
0 0.47716346153846156 0.9663461538461539 0.1346153846153846 0.06009615384615385
0 0.24519230769230768 0.5264423076923077 0.10697115384615384 0.07211538461538461
0 0.9663461538461539 0.984375 0.06009615384615385 0.030048076923076924
0 0.15625 0.7271634615384616 0.042067307692307696 0.027644230769230768
0 0.13341346153846154 0.2704326923076923 0.046875 0.07692307692307693
0 0.09735576923076923 0.18389423076923078 0.08413461538461539 0.08774038461538461
0 0.40625 0.14302884615384615 0.08052884615384616 0.06009615384615385
0 0.9639423076923077 0.6117788461538461 0.07091346153846154 0.05889423076923077
0 0.9807692307692307 0.171875 0.036057692307692304 0.06971153846153846
0 0.13581730769230768 0.03365384615384615 0.13221153846153846 0.0673076923076923
0 0.21514423076923078 0.32572115384615385 0.19110576923076922 0.055288461538461536
0 0.8173076923076923 0.9459134615384616 0.10096153846153846 0.07211538461538461
0 0.20192307692307693 0.6586538461538461 0.08052884615384616 0.07211538461538461
0 0.5168269230769231 0.3605769230769231 0.08413461538461539 0.040865384615384616
0 0.5024038461538461 0.07692307692307693 0.22716346153846154 0.09254807692307693
0 0.23918269230769232 0.4170673076923077 0.1141826923076923 0.051682692307692304
0 0.20072115384615385 0.38221153846153844 0.10697115384615384 0.04447115384615385
0 0.640625 0.46033653846153844 0.16706730769230768 0.0625
0 0.7512019230769231 0.3713942307692308 0.14903846153846154 0.06850961538461539
0 0.12379807692307693 0.5841346153846154 0.18028846153846154 0.07572115384615384
0 0.06129807692307692 0.9483173076923077 0.12259615384615384 0.055288461538461536
0 0.8365384615384616 0.3449519230769231 0.12860576923076922 0.0733173076923077
0 0.5132211538461539 0.8377403846153846 0.18028846153846154 0.07091346153846154
0 0.9350961538461539 0.16466346153846154 0.04447115384615385 0.06971153846153846
0 0.7115384615384616 0.20432692307692307 0.0829326923076923 0.04447115384615385
0 0.14302884615384615 0.8329326923076923 0.2091346153846154 0.08052884615384616
0 0.09375 0.08774038461538461 0.13822115384615385 0.04927884615384615
0 0.25 0.45552884615384615 0.09254807692307693 0.04447115384615385
0 0.375 0.46153846153846156 0.055288461538461536 0.08774038461538461
0 0.24879807692307693 0.0985576923076923 0.14783653846153846 0.0985576923076923
0 0.39903846153846156 0.6730769230769231 0.16346153846153846 0.052884615384615384
0 0.6310096153846154 0.5853365384615384 0.06971153846153846 0.037259615384615384
0 0.030048076923076924 0.47596153846153844 0.06009615384615385 0.08052884615384616