0 0.18028846153846154 0.13822115384615385 0.055288461538461536 0.07451923076923077
0 0.6586538461538461 0.9170673076923077 0.06490384615384616 0.08653846153846154
0 0.8870192307692307 0.3173076923076923 0.052884615384615384 0.07211538461538461
0 0.4807692307692308 0.8725961538461539 0.057692307692307696 0.08653846153846154
0 0.7704326923076923 0.17427884615384615 0.11057692307692307 0.09014423076923077
0 0.8990384615384616 0.19831730769230768 0.09134615384615384 0.06971153846153846
0 0.49759615384615385 0.7764423076923077 0.0625 0.051682692307692304
0 0.057692307692307696 0.84375 0.09375 0.10216346153846154
0 0.22596153846153846 0.8137019230769231 0.055288461538461536 0.06490384615384616
0 0.3557692307692308 0.7692307692307693 0.08533653846153846 0.056490384615384616
0 0.8605769230769231 0.8834134615384616 0.09495192307692307 0.07451923076923077
0 0.12620192307692307 0.12740384615384615 0.06129807692307692 0.10576923076923077
0 0.6875 0.8401442307692307 0.054086538461538464 0.07572115384615384
0 0.49278846153846156 0.71875 0.07211538461538461 0.0673076923076923
0 0.15625 0.6899038461538461 0.056490384615384616 0.06009615384615385
0 0.32572115384615385 0.8329326923076923 0.0625 0.0733173076923077
0 0.9447115384615384 0.9423076923076923 0.08052884615384616 0.08653846153846154
0 0.8533653846153846 0.8028846153846154 0.11177884615384616 0.06490384615384616
0 0.026442307692307692 0.7007211538461539 0.051682692307692304 0.08653846153846154
0 0.9314903846153846 0.10697115384615384 0.06009615384615385 0.06009615384615385
0 0.4891826923076923 0.9014423076923077 0.09495192307692307 0.12740384615384615
0 0.6454326923076923 0.8064903846153846 0.0673076923076923 0.07572115384615384
0 0.4483173076923077 0.3293269230769231 0.08173076923076923 0.07572115384615384
0 0.4014423076923077 0.71875 0.057692307692307696 0.06610576923076923
0 0.9326923076923077 0.6237980769230769 0.1045673076923077 0.12980769230769232
0 0.9302884615384616 0.8497596153846154 0.0673076923076923 0.07932692307692307
0 0.2283653846153846 0.6802884615384616 0.1141826923076923 0.08413461538461539
0 0.36658653846153844 0.41466346153846156 0.08173076923076923 0.09375
0 0.33653846153846156 0.055288461538461536 0.10576923076923077 0.0625
0 0.051682692307692304 0.33774038461538464 0.10216346153846154 0.06971153846153846
0 0.5420673076923077 0.6466346153846154 0.08533653846153846 0.05889423076923077
0 0.515625 0.23557692307692307 0.10697115384615384 0.06850961538461539
0 0.9663461538461539 0.3389423076923077 0.06490384615384616 0.06129807692307692
0 0.5264423076923077 0.8317307692307693 0.06490384615384616 0.0673076923076923
0 0.8413461538461539 0.7319711538461539 0.08653846153846154 0.05889423076923077
0 0.7427884615384616 0.8016826923076923 0.09615384615384616 0.09134615384615384
0 0.8028846153846154 0.5528846153846154 0.0733173076923077 0.06971153846153846
0 0.5901442307692307 0.7055288461538461 0.07932692307692307 0.11177884615384616
0 0.10817307692307693 0.46153846153846156 0.09615384615384616 0.11899038461538461
0 0.8533653846153846 0.23677884615384615 0.078125 0.05048076923076923
0 0.5360576923076923 0.3942307692307692 0.09615384615384616 0.0625
0 0.3329326923076923 0.31971153846153844 0.09615384615384616 0.08052884615384616