0 0.484375 0.6322115384615384 0.09254807692307693 0.0673076923076923
0 0.3473557692307692 0.9675480769230769 0.07572115384615384 0.06009615384615385
0 0.33052884615384615 0.7451923076923077 0.10576923076923077 0.09615384615384616
0 0.5252403846153846 0.9711538461538461 0.11778846153846154 0.054086538461538464
0 0.5108173076923077 0.27884615384615385 0.07211538461538461 0.08653846153846154
0 0.3858173076923077 0.10697115384615384 0.1141826923076923 0.08533653846153846
0 0.3245192307692308 0.5961538461538461 0.06610576923076923 0.06490384615384616
0 0.4519230769230769 0.4362980769230769 0.08052884615384616 0.09014423076923077
0 0.5997596153846154 0.8870192307692307 0.12259615384615384 0.1310096153846154
0 0.6165865384615384 0.7884615384615384 0.13942307692307693 0.09735576923076923
0 0.46875 0.9567307692307693 0.08653846153846154 0.08052884615384616
0 0.45913461538461536 0.14182692307692307 0.09134615384615384 0.08173076923076923
0 0.9290865384615384 0.38221153846153844 0.13942307692307693 0.08774038461538461
0 0.1141826923076923 0.5384615384615384 0.07692307692307693 0.11899038461538461
0 0.6430288461538461 0.28846153846153844 0.22355769230769232 0.08533653846153846
0 0.2668269230769231 0.609375 0.08413461538461539 0.15625
0 0.5396634615384616 0.6959134615384616 0.09975961538461539 0.09495192307692307
0 0.6923076923076923 0.4170673076923077 0.08052884615384616 0.10817307692307693
0 0.9603365384615384 0.04807692307692308 0.06370192307692307 0.09615384615384616
0 0.7271634615384616 0.45552884615384615 0.054086538461538464 0.08052884615384616
0 0.8798076923076923 0.10336538461538461 0.07091346153846154 0.1466346153846154
0 0.9759615384615384 0.14182692307692307 0.046875 0.06971153846153846
0 0.5889423076923077 0.38341346153846156 0.11778846153846154 0.15384615384615385
0 0.04447115384615385 0.7055288461538461 0.08774038461538461 0.07572115384615384
0 0.6514423076923077 0.042067307692307696 0.08052884615384616 0.07211538461538461
0 0.21634615384615385 0.18509615384615385 0.11899038461538461 0.08533653846153846
0 0.12860576923076922 0.43990384615384615 0.13221153846153846 0.11177884615384616