0 0.2764423076923077 0.38221153846153844 0.0829326923076923 0.038461538461538464
0 0.9278846153846154 0.5925480769230769 0.06370192307692307 0.057692307692307696
0 0.5072115384615384 0.14903846153846154 0.06850961538461539 0.036057692307692304
0 0.21634615384615385 0.234375 0.0889423076923077 0.06490384615384616
0 0.7091346153846154 0.6754807692307693 0.06610576923076923 0.037259615384615384
0 0.25 0.8509615384615384 0.07572115384615384 0.09254807692307693
0 0.5805288461538461 0.5865384615384616 0.06009615384615385 0.051682692307692304
0 0.46274038461538464 0.453125 0.06129807692307692 0.04447115384615385
0 0.4639423076923077 0.038461538461538464 0.06490384615384616 0.025240384615384616
0 0.3473557692307692 0.0889423076923077 0.06370192307692307 0.09615384615384616
0 0.5889423076923077 0.08774038461538461 0.04807692307692308 0.055288461538461536
0 0.20432692307692307 0.6454326923076923 0.10096153846153846 0.04807692307692308
0 0.3858173076923077 0.46634615384615385 0.09254807692307693 0.06490384615384616
0 0.13701923076923078 0.028846153846153848 0.05889423076923077 0.055288461538461536
0 0.6478365384615384 0.09975961538461539 0.06610576923076923 0.04927884615384615
0 0.07572115384615384 0.609375 0.08052884615384616 0.07091346153846154
0 0.9735576923076923 0.28966346153846156 0.03245192307692308 0.06490384615384616
0 0.5865384615384616 0.7043269230769231 0.07572115384615384 0.04807692307692308
0 0.5877403846153846 0.36778846153846156 0.042067307692307696 0.046875
0 0.4326923076923077 0.9242788461538461 0.054086538461538464 0.03485576923076923
0 0.203125 0.9170673076923077 0.08052884615384616 0.054086538461538464
0 0.234375 0.4387019230769231 0.057692307692307696 0.039663461538461536
0 0.5973557692307693 0.4951923076923077 0.04567307692307692 0.051682692307692304
0 0.046875 0.9471153846153846 0.055288461538461536 0.02283653846153846
0 0.13221153846153846 0.5805288461538461 0.09975961538461539 0.0829326923076923
0 0.9206730769230769 0.9663461538461539 0.04447115384615385 0.04927884615384615
0 0.038461538461538464 0.43028846153846156 0.07572115384615384 0.040865384615384616
0 0.5360576923076923 0.26322115384615385 0.11778846153846154 0.09014423076923077
0 0.6442307692307693 0.7055288461538461 0.046875 0.03365384615384615
0 0.35096153846153844 0.6237980769230769 0.078125 0.057692307692307696
0 0.43028846153846156 0.1045673076923077 0.09014423076923077 0.0673076923076923
0 0.46033653846153844 0.17067307692307693 0.09134615384615384 0.04927884615384615
0 0.7115384615384616 0.5697115384615384 0.08052884615384616 0.078125
0 0.9735576923076923 0.5396634615384616 0.04927884615384615 0.07692307692307693
0 0.09975961538461539 0.9735576923076923 0.10697115384615384 0.04447115384615385
0 0.6610576923076923 0.027644230769230768 0.05048076923076923 0.052884615384615384
0 0.6298076923076923 0.9555288461538461 0.055288461538461536 0.0625
0 0.3473557692307692 0.30528846153846156 0.055288461538461536 0.08052884615384616
0 0.3137019230769231 0.5697115384615384 0.10697115384615384 0.07572115384615384
0 0.75 0.22235576923076922 0.06009615384615385 0.10216346153846154
0 0.7740384615384616 0.39783653846153844 0.046875 0.06009615384615385
0 0.3605769230769231 0.8389423076923077 0.09615384615384616 0.06490384615384616
0 0.7319711538461539 0.6201923076923077 0.04447115384615385 0.10096153846153846
0 0.8473557692307693 0.9423076923076923 0.039663461538461536 0.042067307692307696
0 0.08774038461538461 0.6778846153846154 0.07572115384615384 0.038461538461538464
0 0.40625 0.7512019230769231 0.07091346153846154 0.038461538461538464
0 0.8966346153846154 0.6923076923076923 0.04447115384615385 0.03365384615384615
0 0.8449519230769231 0.04567307692307692 0.07211538461538461 0.07572115384615384
0 0.4338942307692308 0.5697115384615384 0.09134615384615384 0.06370192307692307
0 0.7848557692307693 0.7103365384615384 0.055288461538461536 0.07451923076923077
0 0.11177884615384616 0.10336538461538461 0.09615384615384616 0.056490384615384616
0 0.8653846153846154 0.10697115384615384 0.03365384615384615 0.03365384615384615
0 0.953125 0.3389423076923077 0.0889423076923077 0.08653846153846154
0 0.703125 0.31971153846153844 0.04927884615384615 0.05889423076923077
0 0.2091346153846154 0.9867788461538461 0.10216346153846154 0.02403846153846154
0 0.037259615384615384 0.03245192307692308 0.07211538461538461 0.04927884615384615
0 0.22235576923076922 0.9555288461538461 0.09375 0.04927884615384615
0 0.953125 0.5552884615384616 0.06370192307692307 0.06009615384615385
0 0.2608173076923077 0.042067307692307696 0.07572115384615384 0.07692307692307693
0 0.20793269230769232 0.7439903846153846 0.08052884615384616 0.03365384615384615
0 0.9783653846153846 0.7307692307692307 0.03245192307692308 0.038461538461538464
0 0.5264423076923077 0.9867788461538461 0.046875 0.02403846153846154
0 0.8533653846153846 0.7319711538461539 0.04927884615384615 0.06370192307692307
0 0.8774038461538461 0.8653846153846154 0.046875 0.0673076923076923
0 0.5901442307692307 0.5588942307692307 0.09615384615384616 0.09495192307692307
0 0.1346153846153846 0.515625 0.054086538461538464 0.06971153846153846
0 0.12259615384615384 0.5504807692307693 0.038461538461538464 0.038461538461538464
0 0.027644230769230768 0.39783653846153844 0.055288461538461536 0.03485576923076923
0 0.5540865384615384 0.9375 0.109375 0.06490384615384616
0 0.5564903846153846 0.4963942307692308 0.07451923076923077 0.046875
0 0.5432692307692307 0.35216346153846156 0.04927884615384615 0.057692307692307696
0 0.8052884615384616 0.5216346153846154 0.06009615384615385 0.07572115384615384
0 0.7379807692307693 0.07091346153846154 0.06971153846153846 0.09615384615384616
0 0.22716346153846154 0.29927884615384615 0.10096153846153846 0.055288461538461536
0 0.4483173076923077 0.06850961538461539 0.07091346153846154 0.04567307692307692
0 0.8016826923076923 0.22355769230769232 0.02403846153846154 0.028846153846153848