0 0.051682692307692304 0.8653846153846154 0.09375 0.21394230769230768
0 0.7043269230769231 0.6802884615384616 0.08533653846153846 0.08052884615384616
0 0.765625 0.34975961538461536 0.11177884615384616 0.1346153846153846
0 0.49759615384615385 0.625 0.1045673076923077 0.06009615384615385
0 0.24278846153846154 0.609375 0.15264423076923078 0.13701923076923078
0 0.24158653846153846 0.8028846153846154 0.055288461538461536 0.08533653846153846
0 0.9483173076923077 0.9519230769230769 0.10216346153846154 0.07572115384615384
0 0.8725961538461539 0.7235576923076923 0.057692307692307696 0.06009615384615385
0 0.640625 0.07692307692307693 0.16466346153846154 0.08173076923076923
0 0.5276442307692307 0.7692307692307693 0.055288461538461536 0.09975961538461539
0 0.6454326923076923 0.5168269230769231 0.12379807692307693 0.08533653846153846
0 0.765625 0.16466346153846154 0.051682692307692304 0.05048076923076923
0 0.8088942307692307 0.7151442307692307 0.09254807692307693 0.06971153846153846
0 0.9266826923076923 0.11177884615384616 0.054086538461538464 0.057692307692307696
0 0.8870192307692307 0.4014423076923077 0.07211538461538461 0.09014423076923077
0 0.31971153846153844 0.042067307692307696 0.08413461538461539 0.078125
0 0.390625 0.9110576923076923 0.0889423076923077 0.07091346153846154
0 0.05048076923076923 0.21995192307692307 0.0985576923076923 0.10697115384615384
0 0.38822115384615385 0.17427884615384615 0.125 0.06850961538461539
0 0.3701923076923077 0.5300480769230769 0.057692307692307696 0.05889423076923077
0 0.8305288461538461 0.8545673076923077 0.09615384615384616 0.09254807692307693
0 0.4326923076923077 0.7271634615384616 0.08052884615384616 0.06610576923076923
0 0.546875 0.8677884615384616 0.06009615384615385 0.06850961538461539
0 0.828125 0.640625 0.0673076923076923 0.09375
0 0.2620192307692308 0.5264423076923077 0.078125 0.0733173076923077
0 0.7139423076923077 0.78125 0.14302884615384615 0.11538461538461539
0 0.46153846153846156 0.7704326923076923 0.08653846153846154 0.08774038461538461
0 0.48197115384615385 0.5288461538461539 0.07451923076923077 0.10096153846153846
0 0.24519230769230768 0.9411057692307693 0.20192307692307693 0.11658653846153846
0 0.7872596153846154 0.037259615384615384 0.046875 0.0625
0 0.17548076923076922 0.12860576923076922 0.07091346153846154 0.125
0 0.609375 0.30408653846153844 0.07692307692307693 0.07692307692307693
0 0.27403846153846156 0.15985576923076922 0.078125 0.0829326923076923
0 0.9783653846153846 0.4639423076923077 0.040865384615384616 0.04326923076923077
0 0.7199519230769231 0.609375 0.11177884615384616 0.0733173076923077
0 0.09254807692307693 0.5168269230769231 0.06971153846153846 0.054086538461538464