0 0.2860576923076923 0.7331730769230769 0.1201923076923077 0.06610576923076923
0 0.04326923076923077 0.19951923076923078 0.08653846153846154 0.03365384615384615
0 0.28725961538461536 0.8774038461538461 0.046875 0.07451923076923077
0 0.9579326923076923 0.6105769230769231 0.08173076923076923 0.054086538461538464
0 0.6322115384615384 0.3329326923076923 0.08052884615384616 0.0733173076923077
0 0.1141826923076923 0.7403846153846154 0.19230769230769232 0.11778846153846154
0 0.7451923076923077 0.5084134615384616 0.05048076923076923 0.042067307692307696
0 0.1141826923076923 0.2980769230769231 0.13581730769230768 0.06490384615384616
0 0.2247596153846154 0.13221153846153846 0.23317307692307693 0.07932692307692307
0 0.47115384615384615 0.8197115384615384 0.027644230769230768 0.08413461538461539
0 0.3076923076923077 0.40865384615384615 0.11177884615384616 0.04927884615384615
0 0.4362980769230769 0.5084134615384616 0.10576923076923077 0.03485576923076923
0 0.7271634615384616 0.009615384615384616 0.06009615384615385 0.019230769230769232
0 0.9615384615384616 0.9194711538461539 0.07451923076923077 0.04447115384615385
0 0.29927884615384615 0.6802884615384616 0.08173076923076923 0.038461538461538464
0 0.23677884615384615 0.7884615384615384 0.125 0.06009615384615385
0 0.9591346153846154 0.24519230769230768 0.07932692307692307 0.042067307692307696
0 0.040865384615384616 0.38100961538461536 0.08052884615384616 0.125
0 0.26802884615384615 0.9819711538461539 0.1045673076923077 0.03365384615384615
0 0.3125 0.6454326923076923 0.11177884615384616 0.03365384615384615
0 0.8004807692307693 0.7331730769230769 0.14543269230769232 0.056490384615384616
0 0.9086538461538461 0.13581730769230768 0.125 0.06009615384615385
0 0.26322115384615385 0.3605769230769231 0.10697115384615384 0.06129807692307692
0 0.5504807692307693 0.9735576923076923 0.1141826923076923 0.03365384615384615
0 0.4831730769230769 0.9375 0.051682692307692304 0.038461538461538464
0 0.4483173076923077 0.8461538461538461 0.04807692307692308 0.07572115384615384
0 0.5564903846153846 0.4699519230769231 0.13221153846153846 0.06850961538461539
0 0.9290865384615384 0.20793269230769232 0.140625 0.0829326923076923
0 0.10096153846153846 0.5757211538461539 0.09495192307692307 0.11177884615384616
0 0.9627403846153846 0.9050480769230769 0.052884615384615384 0.030048076923076924
0 0.9663461538461539 0.5829326923076923 0.06490384615384616 0.026442307692307692
0 0.16947115384615385 0.040865384615384616 0.1141826923076923 0.04927884615384615
0 0.3713942307692308 0.45072115384615385 0.109375 0.07091346153846154
0 0.71875 0.53125 0.17668269230769232 0.09495192307692307
0 0.22115384615384615 0.28725961538461536 0.12860576923076922 0.06850961538461539
0 0.9387019230769231 0.8774038461538461 0.10216346153846154 0.04567307692307692
0 0.7175480769230769 0.7259615384615384 0.05889423076923077 0.06971153846153846
0 0.9495192307692307 0.7512019230769231 0.06490384615384616 0.036057692307692304
0 0.5973557692307693 0.010817307692307692 0.09615384615384616 0.021634615384615384
0 0.6634615384615384 0.6274038461538461 0.09615384615384616 0.025240384615384616
0 0.6009615384615384 0.2247596153846154 0.06129807692307692 0.09134615384615384
0 0.6213942307692307 0.026442307692307692 0.10216346153846154 0.038461538461538464
0 0.6526442307692307 0.5901442307692307 0.13581730769230768 0.054086538461538464
0 0.34134615384615385 0.7920673076923077 0.12860576923076922 0.042067307692307696
0 0.9326923076923077 0.8040865384615384 0.06490384615384616 0.051682692307692304
0 0.7920673076923077 0.44471153846153844 0.04927884615384615 0.055288461538461536
0 0.08173076923076923 0.9711538461538461 0.125 0.056490384615384616
0 0.4639423076923077 0.4855769230769231 0.09254807692307693 0.036057692307692304
0 0.890625 0.2704326923076923 0.06129807692307692 0.07572115384615384
0 0.7043269230769231 0.39783653846153844 0.09134615384615384 0.0733173076923077
0 0.0829326923076923 0.8653846153846154 0.14783653846153846 0.04567307692307692
0 0.7584134615384616 0.9014423076923077 0.054086538461538464 0.040865384615384616
0 0.19110576923076922 0.2536057692307692 0.16826923076923078 0.037259615384615384
0 0.7091346153846154 0.3701923076923077 0.0889423076923077 0.04447115384615385
0 0.27283653846153844 0.021634615384615384 0.08173076923076923 0.036057692307692304
0 0.8185096153846154 0.7944711538461539 0.0889423076923077 0.04927884615384615
0 0.6778846153846154 0.5600961538461539 0.06971153846153846 0.04447115384615385
0 0.9807692307692307 0.34615384615384615 0.036057692307692304 0.140625
0 0.2283653846153846 0.21514423076923078 0.07091346153846154 0.046875
0 0.43990384615384615 0.11899038461538461 0.14423076923076922 0.10817307692307693
0 0.9783653846153846 0.5649038461538461 0.042067307692307696 0.03365384615384615
0 0.8365384615384616 0.042067307692307696 0.09134615384615384 0.0829326923076923
0 0.15144230769230768 0.7055288461538461 0.10096153846153846 0.05889423076923077
0 0.016826923076923076 0.8966346153846154 0.03365384615384615 0.052884615384615384
0 0.8233173076923077 0.5432692307692307 0.040865384615384616 0.06009615384615385
0 0.038461538461538464 0.14903846153846154 0.07692307692307693 0.057692307692307696
0 0.9663461538461539 0.78125 0.04927884615384615 0.039663461538461536
0 0.5576923076923077 0.5 0.06850961538461539 0.042067307692307696
0 0.19471153846153846 0.6490384615384616 0.04567307692307692 0.08653846153846154
0 0.6766826923076923 0.375 0.13942307692307693 0.11658653846153846
0 0.026442307692307692 0.6237980769230769 0.052884615384615384 0.03245192307692308
0 0.5925480769230769 0.9603365384615384 0.06009615384615385 0.028846153846153848
0 0.30528846153846156 0.4411057692307692 0.1778846153846154 0.04927884615384615