0 0.2512019230769231 0.6526442307692307 0.11658653846153846 0.13221153846153846
0 0.3161057692307692 0.8305288461538461 0.07451923076923077 0.056490384615384616
0 0.7512019230769231 0.6947115384615384 0.06009615384615385 0.04927884615384615
0 0.96875 0.7644230769230769 0.056490384615384616 0.07451923076923077
0 0.9086538461538461 0.9771634615384616 0.04447115384615385 0.038461538461538464
0 0.009615384615384616 0.6742788461538461 0.019230769230769232 0.06490384615384616
0 0.4326923076923077 0.02283653846153846 0.08653846153846154 0.04567307692307692
0 0.16346153846153846 0.9663461538461539 0.09254807692307693 0.06490384615384616
0 0.038461538461538464 0.7740384615384616 0.046875 0.03365384615384615
0 0.8341346153846154 0.34375 0.08533653846153846 0.07451923076923077
0 0.875 0.5336538461538461 0.04447115384615385 0.046875
0 0.8569711538461539 0.8629807692307693 0.051682692307692304 0.04326923076923077
0 0.7788461538461539 0.3016826923076923 0.09014423076923077 0.07451923076923077
0 0.2848557692307692 0.46875 0.06129807692307692 0.030048076923076924
0 0.6694711538461539 0.31009615384615385 0.06370192307692307 0.04927884615384615
0 0.390625 0.6586538461538461 0.15504807692307693 0.09014423076923077
0 0.20192307692307693 0.05889423076923077 0.04326923076923077 0.03365384615384615
0 0.9495192307692307 0.3557692307692308 0.040865384615384616 0.09975961538461539
0 0.9014423076923077 0.22115384615384615 0.13581730769230768 0.16826923076923078
0 0.8954326923076923 0.7451923076923077 0.054086538461538464 0.06610576923076923
0 0.6322115384615384 0.25240384615384615 0.06850961538461539 0.052884615384615384
0 0.04807692307692308 0.9615384615384616 0.09615384615384616 0.07451923076923077
0 0.828125 0.953125 0.06971153846153846 0.09134615384615384
0 0.9447115384615384 0.12860576923076922 0.055288461538461536 0.2439903846153846
0 0.32091346153846156 0.06610576923076923 0.06009615384615385 0.13221153846153846
0 0.7920673076923077 0.515625 0.06610576923076923 0.07211538461538461
0 0.052884615384615384 0.7980769230769231 0.038461538461538464 0.06610576923076923
0 0.13221153846153846 0.016826923076923076 0.07211538461538461 0.03365384615384615
0 0.7848557692307693 0.5817307692307693 0.05048076923076923 0.0673076923076923
0 0.8930288461538461 0.21033653846153846 0.06009615384615385 0.17427884615384615
0 0.796875 0.8689903846153846 0.056490384615384616 0.0673076923076923
0 0.9399038461538461 0.6526442307692307 0.052884615384615384 0.055288461538461536