0 0.2620192307692308 0.8641826923076923 0.013221153846153846 0.042067307692307696
0 0.71875 0.8305288461538461 0.07572115384615384 0.06129807692307692
0 0.1141826923076923 0.7295673076923077 0.057692307692307696 0.06370192307692307
0 0.1502403846153846 0.65625 0.06370192307692307 0.014423076923076924
0 0.14783653846153846 0.6189903846153846 0.05048076923076923 0.02283653846153846
0 0.11298076923076923 0.6262019230769231 0.03365384615384615 0.008413461538461538
0 0.15865384615384615 0.25600961538461536 0.03365384615384615 0.0625
0 0.15264423076923078 0.37740384615384615 0.040865384615384616 0.042067307692307696
0 0.3125 0.421875 0.055288461538461536 0.06370192307692307
0 0.41225961538461536 0.4375 0.03365384615384615 0.036057692307692304
0 0.5625 0.3858173076923077 0.02403846153846154 0.016826923076923076
0 0.7704326923076923 0.25961538461538464 0.046875 0.10096153846153846
0 0.5985576923076923 0.2548076923076923 0.016826923076923076 0.028846153846153848
0 0.8798076923076923 0.6634615384615384 0.02283653846153846 0.028846153846153848
0 0.078125 0.36538461538461536 0.02403846153846154 0.03485576923076923
0 0.06009615384615385 0.37259615384615385 0.014423076923076924 0.025240384615384616
0 0.734375 0.7211538461538461 0.02403846153846154 0.02403846153846154
0 0.7019230769230769 0.640625 0.016826923076923076 0.028846153846153848