0 0.5204326923076923 0.9266826923076923 0.11298076923076923 0.10817307692307693
0 0.8353365384615384 0.8581730769230769 0.125 0.11177884615384616
0 0.953125 0.7475961538461539 0.08052884615384616 0.0733173076923077
0 0.9651442307692307 0.5 0.0673076923076923 0.06610576923076923
0 0.5661057692307693 0.7235576923076923 0.0985576923076923 0.07091346153846154
0 0.8882211538461539 0.27524038461538464 0.09975961538461539 0.0985576923076923
0 0.9134615384615384 0.5877403846153846 0.08413461538461539 0.10817307692307693
0 0.48197115384615385 0.4110576923076923 0.16346153846153846 0.15625
0 0.8930288461538461 0.18028846153846154 0.09375 0.09375
0 0.2824519230769231 0.039663461538461536 0.140625 0.0673076923076923
0 0.8161057692307693 0.640625 0.13221153846153846 0.09375
0 0.20793269230769232 0.5913461538461539 0.14543269230769232 0.06490384615384616
0 0.9879807692307693 0.1310096153846154 0.021634615384615384 0.0673076923076923
0 0.4266826923076923 0.06129807692307692 0.09735576923076923 0.06971153846153846
0 0.7151442307692307 0.06490384615384616 0.06971153846153846 0.055288461538461536
0 0.17668269230769232 0.6225961538461539 0.07932692307692307 0.12139423076923077
0 0.5757211538461539 0.9735576923076923 0.13822115384615385 0.04927884615384615
0 0.6586538461538461 0.0889423076923077 0.05889423076923077 0.0733173076923077
0 0.9855769230769231 0.27884615384615385 0.027644230769230768 0.07932692307692307
0 0.11177884615384616 0.3641826923076923 0.12259615384615384 0.09495192307692307
0 0.703125 0.8762019230769231 0.10697115384615384 0.078125
0 0.8786057692307693 0.7451923076923077 0.09735576923076923 0.06490384615384616
0 0.2548076923076923 0.5384615384615384 0.08774038461538461 0.06850961538461539
0 0.8641826923076923 0.6117788461538461 0.08653846153846154 0.08173076923076923
0 0.8076923076923077 0.026442307692307692 0.0625 0.052884615384615384
0 0.8209134615384616 0.1045673076923077 0.0985576923076923 0.0673076923076923
0 0.07692307692307693 0.21153846153846154 0.1346153846153846 0.2247596153846154
0 0.5576923076923077 0.6237980769230769 0.07572115384615384 0.08653846153846154
0 0.04447115384615385 0.4326923076923077 0.0889423076923077 0.05889423076923077
0 0.5745192307692307 0.1814903846153846 0.11538461538461539 0.08052884615384616