0 0.12139423076923077 0.12980769230769232 0.057692307692307696 0.08052884615384616
0 0.7103365384615384 0.11298076923076923 0.06009615384615385 0.055288461538461536
0 0.2848557692307692 0.11298076923076923 0.055288461538461536 0.06490384615384616
0 0.19831730769230768 0.09134615384615384 0.04927884615384615 0.08052884615384616
0 0.18028846153846154 0.24519230769230768 0.04927884615384615 0.06129807692307692
0 0.30288461538461536 0.3425480769230769 0.04447115384615385 0.051682692307692304
0 0.8990384615384616 0.9026442307692307 0.051682692307692304 0.03365384615384615
0 0.27884615384615385 0.22355769230769232 0.046875 0.052884615384615384
0 0.12379807692307693 0.39663461538461536 0.0625 0.052884615384615384
0 0.3233173076923077 0.5913461538461539 0.06009615384615385 0.05889423076923077
0 0.31850961538461536 0.5060096153846154 0.06370192307692307 0.054086538461538464
0 0.18269230769230768 0.32091346153846156 0.046875 0.051682692307692304
0 0.953125 0.16105769230769232 0.06490384615384616 0.07692307692307693
0 0.12740384615384615 0.24519230769230768 0.06490384615384616 0.06370192307692307
0 0.026442307692307692 0.056490384615384616 0.04567307692307692 0.03365384615384615
0 0.3605769230769231 0.26802884615384615 0.06370192307692307 0.06490384615384616
0 0.39663461538461536 0.234375 0.05048076923076923 0.07091346153846154
0 0.1935096153846154 0.15865384615384615 0.04447115384615385 0.0625
0 0.9483173076923077 0.0829326923076923 0.0889423076923077 0.07692307692307693
0 0.20072115384615385 0.859375 0.04927884615384615 0.040865384615384616
0 0.7800480769230769 0.1971153846153846 0.037259615384615384 0.07211538461538461
0 0.17427884615384615 0.546875 0.04447115384615385 0.038461538461538464
0 0.0829326923076923 0.21875 0.06490384615384616 0.055288461538461536
0 0.8617788461538461 0.3173076923076923 0.09014423076923077 0.06490384615384616
0 0.9447115384615384 0.5528846153846154 0.08774038461538461 0.052884615384615384
0 0.8858173076923077 0.47475961538461536 0.0733173076923077 0.05889423076923077
0 0.8822115384615384 0.7079326923076923 0.055288461538461536 0.039663461538461536
0 0.35697115384615385 0.09134615384615384 0.04447115384615385 0.07211538461538461
0 0.10336538461538461 0.5673076923076923 0.08653846153846154 0.12379807692307693
0 0.8137019230769231 0.10697115384615384 0.06129807692307692 0.08052884615384616
0 0.051682692307692304 0.09134615384615384 0.06129807692307692 0.05889423076923077
0 0.11298076923076923 0.8930288461538461 0.04567307692307692 0.04927884615384615
0 0.2980769230769231 0.025240384615384616 0.04927884615384615 0.04927884615384615
0 0.6706730769230769 0.2091346153846154 0.056490384615384616 0.05048076923076923
0 0.03365384615384615 0.9819711538461539 0.06610576923076923 0.03245192307692308
0 0.296875 0.27163461538461536 0.04447115384615385 0.055288461538461536
0 0.05048076923076923 0.7800480769230769 0.0673076923076923 0.057692307692307696
0 0.9146634615384616 0.038461538461538464 0.052884615384615384 0.07572115384615384
0 0.3004807692307692 0.8353365384615384 0.06971153846153846 0.056490384615384616
0 0.2536057692307692 0.9759615384615384 0.07572115384615384 0.04447115384615385