0 0.8365384615384616 0.9675480769230769 0.07451923076923077 0.0625
0 0.7415865384615384 0.04567307692307692 0.07091346153846154 0.08052884615384616
0 0.7608173076923077 0.7608173076923077 0.16947115384615385 0.09615384615384616
0 0.05048076923076923 0.46153846153846156 0.0985576923076923 0.18509615384615385
0 0.1346153846153846 0.42788461538461536 0.0673076923076923 0.11778846153846154
0 0.48197115384615385 0.5300480769230769 0.2283653846153846 0.11538461538461539
0 0.9471153846153846 0.6694711538461539 0.10336538461538461 0.07572115384615384
0 0.078125 0.17307692307692307 0.15384615384615385 0.06370192307692307
0 0.20793269230769232 0.5757211538461539 0.078125 0.17548076923076922
0 0.36658653846153844 0.4483173076923077 0.0985576923076923 0.10697115384615384
0 0.484375 0.8112980769230769 0.07091346153846154 0.09615384615384616
0 0.8689903846153846 0.78125 0.20432692307692307 0.0889423076923077
0 0.9591346153846154 0.0673076923076923 0.08052884615384616 0.04927884615384615
0 0.8617788461538461 0.4266826923076923 0.2247596153846154 0.13822115384615385
0 0.9507211538461539 0.9495192307692307 0.08052884615384616 0.09975961538461539
0 0.7548076923076923 0.46033653846153844 0.109375 0.07091346153846154
0 0.29086538461538464 0.5 0.052884615384615384 0.13341346153846154
0 0.46875 0.6274038461538461 0.06370192307692307 0.11778846153846154
0 0.3112980769230769 0.04447115384615385 0.08653846153846154 0.06009615384615385
0 0.8425480769230769 0.9002403846153846 0.08653846153846154 0.05048076923076923
0 0.22596153846153846 0.84375 0.1935096153846154 0.06490384615384616
0 0.2644230769230769 0.31009615384615385 0.17427884615384615 0.1935096153846154
0 0.20793269230769232 0.7139423076923077 0.14182692307692307 0.08052884615384616
0 0.6550480769230769 0.4375 0.14182692307692307 0.11658653846153846
0 0.9699519230769231 0.4026442307692308 0.057692307692307696 0.06850961538461539
0 0.04807692307692308 0.9615384615384616 0.08052884615384616 0.07572115384615384