0 0.20793269230769232 0.5564903846153846 0.11298076923076923 0.07451923076923077
0 0.31850961538461536 0.42908653846153844 0.11298076923076923 0.09014423076923077
0 0.5865384615384616 0.45913461538461536 0.06971153846153846 0.06971153846153846
0 0.5865384615384616 0.6490384615384616 0.07932692307692307 0.07451923076923077
0 0.6538461538461539 0.5733173076923077 0.07091346153846154 0.0733173076923077
0 0.7163461538461539 0.19471153846153846 0.10697115384615384 0.12139423076923077
0 0.4206730769230769 0.35336538461538464 0.07451923076923077 0.07692307692307693
0 0.9723557692307693 0.515625 0.052884615384615384 0.06370192307692307
0 0.02283653846153846 0.5048076923076923 0.04567307692307692 0.08653846153846154
0 0.5456730769230769 0.5288461538461539 0.0985576923076923 0.08173076923076923
0 0.23677884615384615 0.040865384615384616 0.09375 0.08173076923076923
0 0.17668269230769232 0.4266826923076923 0.08774038461538461 0.08774038461538461
0 0.5769230769230769 0.9783653846153846 0.06971153846153846 0.040865384615384616
0 0.9074519230769231 0.4375 0.055288461538461536 0.06129807692307692
0 0.5420673076923077 0.23798076923076922 0.057692307692307696 0.05889423076923077
0 0.8569711538461539 0.5372596153846154 0.07572115384615384 0.08653846153846154
0 0.7596153846153846 0.04447115384615385 0.10697115384615384 0.0889423076923077
0 0.12259615384615384 0.24759615384615385 0.09014423076923077 0.0829326923076923
0 0.109375 0.9675480769230769 0.05048076923076923 0.055288461538461536
0 0.7463942307692307 0.5697115384615384 0.10817307692307693 0.0889423076923077
0 0.45913461538461536 0.8461538461538461 0.08173076923076923 0.078125
0 0.5564903846153846 0.5637019230769231 0.07572115384615384 0.07692307692307693
0 0.7475961538461539 0.5024038461538461 0.04567307692307692 0.039663461538461536
0 0.5444711538461539 0.34134615384615385 0.11177884615384616 0.078125
0 0.6766826923076923 0.6850961538461539 0.07091346153846154 0.08413461538461539
0 0.42427884615384615 0.48677884615384615 0.06971153846153846 0.06850961538461539
0 0.7896634615384616 0.3786057692307692 0.06129807692307692 0.0733173076923077
0 0.5540865384615384 0.054086538461538464 0.09134615384615384 0.051682692307692304
0 0.3016826923076923 0.020432692307692308 0.0829326923076923 0.040865384615384616