0 0.3918269230769231 0.05048076923076923 0.09615384615384616 0.09615384615384616
0 0.17427884615384615 0.5588942307692307 0.08774038461538461 0.09735576923076923
0 0.296875 0.054086538461538464 0.1045673076923077 0.10697115384615384
0 0.056490384615384616 0.5276442307692307 0.09375 0.0733173076923077
0 0.020432692307692308 0.7283653846153846 0.040865384615384616 0.11778846153846154
0 0.9266826923076923 0.5444711538461539 0.125 0.07572115384615384
0 0.04567307692307692 0.45913461538461536 0.09134615384615384 0.057692307692307696
0 0.9194711538461539 0.21394230769230768 0.12980769230769232 0.06370192307692307
0 0.31009615384615385 0.7884615384615384 0.10697115384615384 0.09254807692307693
0 0.8990384615384616 0.5240384615384616 0.10216346153846154 0.06370192307692307
0 0.2536057692307692 0.6430288461538461 0.08653846153846154 0.0889423076923077
0 0.26802884615384615 0.7223557692307693 0.06009615384615385 0.055288461538461536
0 0.6346153846153846 0.18870192307692307 0.054086538461538464 0.11899038461538461
0 0.9278846153846154 0.6790865384615384 0.12620192307692307 0.0733173076923077
0 0.042067307692307696 0.34615384615384615 0.0829326923076923 0.11177884615384616
0 0.8954326923076923 0.9783653846153846 0.0889423076923077 0.040865384615384616
0 0.6081730769230769 0.24278846153846154 0.0673076923076923 0.11778846153846154
0 0.5853365384615384 0.40865384615384615 0.12259615384615384 0.09134615384615384
0 0.14302884615384615 0.8653846153846154 0.11658653846153846 0.10817307692307693
0 0.6213942307692307 0.9807692307692307 0.09615384615384616 0.036057692307692304
0 0.6274038461538461 0.5396634615384616 0.08653846153846154 0.09375
0 0.9543269230769231 0.43509615384615385 0.09014423076923077 0.10697115384615384
0 0.20432692307692307 0.9387019230769231 0.12139423076923077 0.11658653846153846
0 0.23317307692307693 0.22956730769230768 0.14423076923076922 0.04927884615384615
0 0.7764423076923077 0.8401442307692307 0.11778846153846154 0.11658653846153846
0 0.24158653846153846 0.027644230769230768 0.06610576923076923 0.054086538461538464
0 0.8197115384615384 0.46153846153846156 0.10697115384615384 0.10817307692307693
0 0.5889423076923077 0.6742788461538461 0.15985576923076922 0.08774038461538461
0 0.6935096153846154 0.19230769230769232 0.0985576923076923 0.1045673076923077
0 0.7920673076923077 0.051682692307692304 0.11177884615384616 0.10336538461538461