0 0.7980769230769231 0.34375 0.057692307692307696 0.06129807692307692
0 0.5192307692307693 0.7680288461538461 0.051682692307692304 0.055288461538461536
0 0.828125 0.8581730769230769 0.07451923076923077 0.05048076923076923
0 0.7331730769230769 0.30408653846153844 0.054086538461538464 0.0829326923076923
0 0.421875 0.2848557692307692 0.055288461538461536 0.04807692307692308
0 0.53125 0.671875 0.04447115384615385 0.06009615384615385
0 0.38341346153846156 0.7403846153846154 0.038461538461538464 0.07572115384615384
0 0.5516826923076923 0.5576923076923077 0.055288461538461536 0.0733173076923077
0 0.5588942307692307 0.22235576923076922 0.04927884615384615 0.06009615384615385
0 0.5949519230769231 0.12379807692307693 0.057692307692307696 0.055288461538461536
0 0.359375 0.9747596153846154 0.057692307692307696 0.04927884615384615
0 0.4855769230769231 0.33052884615384615 0.056490384615384616 0.052884615384615384
0 0.390625 0.8545673076923077 0.06009615384615385 0.06009615384615385
0 0.7788461538461539 0.08533653846153846 0.08533653846153846 0.04807692307692308
0 0.9038461538461539 0.056490384615384616 0.07572115384615384 0.06850961538461539
0 0.6899038461538461 0.5673076923076923 0.06490384615384616 0.051682692307692304
0 0.7247596153846154 0.6298076923076923 0.057692307692307696 0.07451923076923077
0 0.3701923076923077 0.016826923076923076 0.08653846153846154 0.03365384615384615
0 0.4735576923076923 0.4483173076923077 0.056490384615384616 0.06129807692307692
0 0.47716346153846156 0.8617788461538461 0.042067307692307696 0.10697115384615384