0 0.34134615384615385 0.6526442307692307 0.10336538461538461 0.19591346153846154
0 0.4639423076923077 0.10336538461538461 0.12620192307692307 0.20192307692307693
0 0.21875 0.9579326923076923 0.13341346153846154 0.08052884615384616
0 0.20072115384615385 0.3329326923076923 0.08173076923076923 0.08653846153846154
0 0.12860576923076922 0.7211538461538461 0.18269230769230768 0.10697115384615384
0 0.08173076923076923 0.10336538461538461 0.16346153846153846 0.1658653846153846
0 0.04567307692307692 0.22956730769230768 0.09134615384615384 0.10096153846153846
0 0.6802884615384616 0.5709134615384616 0.10697115384615384 0.16466346153846154
0 0.7307692307692307 0.06610576923076923 0.21634615384615385 0.13221153846153846
0 0.171875 0.11298076923076923 0.1346153846153846 0.19591346153846154
0 0.9110576923076923 0.9002403846153846 0.0829326923076923 0.1971153846153846
0 0.9495192307692307 0.27403846153846156 0.09975961538461539 0.12259615384615384
0 0.5348557692307693 0.3798076923076923 0.16947115384615385 0.08653846153846154
0 0.6274038461538461 0.6430288461538461 0.10576923076923077 0.09735576923076923
0 0.4387019230769231 0.6850961538461539 0.09375 0.08413461538461539
0 0.25 0.9194711538461539 0.16947115384615385 0.09375
0 0.8533653846153846 0.34375 0.13822115384615385 0.0829326923076923
0 0.9338942307692307 0.40625 0.1310096153846154 0.10817307692307693
0 0.7572115384615384 0.9639423076923077 0.2764423076923077 0.07091346153846154
0 0.7319711538461539 0.5420673076923077 0.078125 0.15865384615384615
0 0.8016826923076923 0.6706730769230769 0.15504807692307693 0.22355769230769232