0 0.22596153846153846 0.020432692307692308 0.1778846153846154 0.038461538461538464
0 0.875 0.6117788461538461 0.055288461538461536 0.0829326923076923
0 0.5504807692307693 0.1466346153846154 0.08413461538461539 0.09134615384615384
0 0.9447115384615384 0.8701923076923077 0.10697115384615384 0.08533653846153846
0 0.04927884615384615 0.34615384615384615 0.09615384615384616 0.0889423076923077
0 0.24759615384615385 0.051682692307692304 0.06490384615384616 0.04807692307692308
0 0.028846153846153848 0.5721153846153846 0.057692307692307696 0.08052884615384616
0 0.4014423076923077 0.25 0.06009615384615385 0.12259615384615384
0 0.9098557692307693 0.6442307692307693 0.07091346153846154 0.07451923076923077
0 0.4951923076923077 0.8329326923076923 0.11778846153846154 0.06971153846153846
0 0.4723557692307692 0.4230769230769231 0.109375 0.06971153846153846
0 0.42427884615384615 0.4338942307692308 0.04927884615384615 0.06370192307692307
0 0.4495192307692308 0.265625 0.0625 0.08653846153846154
0 0.17908653846153846 0.8052884615384616 0.11057692307692307 0.11658653846153846
0 0.5348557692307693 0.9026442307692307 0.08052884615384616 0.09375
0 0.9603365384615384 0.7223557692307693 0.07692307692307693 0.14302884615384615
0 0.6983173076923077 0.03365384615384615 0.06490384615384616 0.0673076923076923
0 0.9314903846153846 0.36177884615384615 0.05048076923076923 0.056490384615384616
0 0.9134615384615384 0.5048076923076923 0.06850961538461539 0.0889423076923077
0 0.42427884615384615 0.028846153846153848 0.19831730769230768 0.055288461538461536
0 0.8569711538461539 0.4987980769230769 0.08533653846153846 0.0889423076923077
0 0.1141826923076923 0.44591346153846156 0.09375 0.08533653846153846
0 0.3401442307692308 0.38221153846153844 0.06129807692307692 0.08413461538461539
0 0.5264423076923077 0.08173076923076923 0.08173076923076923 0.06129807692307692
0 0.30528846153846156 0.5252403846153846 0.08533653846153846 0.0889423076923077
0 0.9759615384615384 0.16706730769230768 0.04567307692307692 0.11778846153846154
0 0.5901442307692307 0.6971153846153846 0.125 0.28846153846153844
0 0.3870192307692308 0.07091346153846154 0.07451923076923077 0.06490384615384616
0 0.7632211538461539 0.49158653846153844 0.10697115384615384 0.0733173076923077
0 0.9735576923076923 0.5360576923076923 0.04927884615384615 0.21394230769230768
0 0.27403846153846156 0.2848557692307692 0.11177884615384616 0.14423076923076922
0 0.9615384615384616 0.04807692307692308 0.05048076923076923 0.09495192307692307
0 0.9567307692307693 0.5600961538461539 0.054086538461538464 0.052884615384615384