0 0.21153846153846154 0.29447115384615385 0.12139423076923077 0.08774038461538461
0 0.0985576923076923 0.24278846153846154 0.1310096153846154 0.08052884615384616
0 0.8317307692307693 0.71875 0.13341346153846154 0.057692307692307696
0 0.19230769230769232 0.9375 0.055288461538461536 0.055288461538461536
0 0.84375 0.14182692307692307 0.3112980769230769 0.08533653846153846
0 0.47115384615384615 0.36538461538461536 0.13221153846153846 0.09254807692307693
0 0.6358173076923077 0.5913461538461539 0.057692307692307696 0.040865384615384616
0 0.38822115384615385 0.7872596153846154 0.09134615384615384 0.22596153846153846
0 0.7307692307692307 0.9038461538461539 0.14903846153846154 0.18990384615384615
0 0.7067307692307693 0.23197115384615385 0.08173076923076923 0.056490384615384616
0 0.6069711538461539 0.6742788461538461 0.13341346153846154 0.1045673076923077
0 0.08653846153846154 0.9771634615384616 0.09375 0.04326923076923077
0 0.9471153846153846 0.6225961538461539 0.09975961538461539 0.08052884615384616
0 0.013221153846153846 0.8257211538461539 0.025240384615384616 0.09375
0 0.8798076923076923 0.44350961538461536 0.06490384615384616 0.10817307692307693
0 0.3233173076923077 0.28846153846153844 0.109375 0.051682692307692304
0 0.09375 0.12980769230769232 0.06850961538461539 0.06971153846153846
0 0.5444711538461539 0.1814903846153846 0.07211538461538461 0.09134615384615384
0 0.23557692307692307 0.9759615384615384 0.08653846153846154 0.04447115384615385
0 0.36899038461538464 0.9314903846153846 0.06490384615384616 0.08653846153846154
0 0.6670673076923077 0.10697115384615384 0.12379807692307693 0.06009615384615385
0 0.03245192307692308 0.41947115384615385 0.06490384615384616 0.06490384615384616
0 0.859375 0.9435096153846154 0.08052884615384616 0.1045673076923077
0 0.7980769230769231 0.22716346153846154 0.09254807692307693 0.06009615384615385
0 0.5444711538461539 0.8737980769230769 0.08052884615384616 0.23197115384615385
0 0.47596153846153844 0.08413461538461539 0.09375 0.0733173076923077
0 0.24519230769230768 0.8353365384615384 0.0829326923076923 0.09014423076923077
0 0.9855769230769231 0.78125 0.026442307692307692 0.12980769230769232
0 0.9699519230769231 0.18269230769230768 0.05889423076923077 0.055288461538461536
0 0.1778846153846154 0.057692307692307696 0.078125 0.11538461538461539
0 0.9795673076923077 0.26322115384615385 0.038461538461538464 0.08052884615384616
0 0.21514423076923078 0.5432692307692307 0.1201923076923077 0.07211538461538461
0 0.9242788461538461 0.8617788461538461 0.14423076923076922 0.10576923076923077
0 0.5132211538461539 0.26802884615384615 0.056490384615384616 0.05048076923076923
0 0.036057692307692304 0.5408653846153846 0.06971153846153846 0.055288461538461536
0 0.6382211538461539 0.4254807692307692 0.171875 0.1201923076923077
0 0.328125 0.051682692307692304 0.0733173076923077 0.06971153846153846
0 0.8882211538461539 0.7427884615384616 0.056490384615384616 0.05889423076923077
0 0.4423076923076923 0.9819711538461539 0.055288461538461536 0.03365384615384615
0 0.28365384615384615 0.41947115384615385 0.24278846153846154 0.09134615384615384
0 0.34375 0.13581730769230768 0.12740384615384615 0.06490384615384616
0 0.7391826923076923 0.33533653846153844 0.0673076923076923 0.0673076923076923
0 0.6045673076923077 0.21995192307692307 0.0985576923076923 0.04447115384615385