0 0.31490384615384615 0.019230769230769232 0.125 0.038461538461538464
0 0.8653846153846154 0.453125 0.0733173076923077 0.07211538461538461
0 0.47836538461538464 0.6334134615384616 0.09735576923076923 0.08653846153846154
0 0.7235576923076923 0.5108173076923077 0.12259615384615384 0.052884615384615384
0 0.6802884615384616 0.15504807692307693 0.09134615384615384 0.06490384615384616
0 0.038461538461538464 0.4182692307692308 0.05889423076923077 0.06610576923076923
0 0.6286057692307693 0.5324519230769231 0.09254807692307693 0.06971153846153846
0 0.6754807692307693 0.037259615384615384 0.08774038461538461 0.07451923076923077
0 0.671875 0.7596153846153846 0.12259615384615384 0.06971153846153846
0 0.1201923076923077 0.171875 0.09254807692307693 0.09014423076923077
0 0.4675480769230769 0.4182692307692308 0.07572115384615384 0.06971153846153846
0 0.0625 0.49399038461538464 0.057692307692307696 0.057692307692307696
0 0.7704326923076923 0.2403846153846154 0.08774038461538461 0.08653846153846154
0 0.25961538461538464 0.140625 0.1201923076923077 0.0673076923076923
0 0.13221153846153846 0.3870192307692308 0.056490384615384616 0.06009615384615385
0 0.7848557692307693 0.39302884615384615 0.09495192307692307 0.07692307692307693
0 0.27163461538461536 0.7331730769230769 0.11057692307692307 0.09735576923076923
0 0.2848557692307692 0.4735576923076923 0.08653846153846154 0.08413461538461539
0 0.4891826923076923 0.4807692307692308 0.09014423076923077 0.0625
0 0.5144230769230769 0.7055288461538461 0.09975961538461539 0.07211538461538461
0 0.2800480769230769 0.22596153846153846 0.11057692307692307 0.09254807692307693
0 0.6911057692307693 0.46033653846153844 0.0829326923076923 0.0673076923076923
0 0.4699519230769231 0.20192307692307693 0.125 0.06971153846153846
0 0.15384615384615385 0.7740384615384616 0.0625 0.078125
0 0.5120192307692307 0.2956730769230769 0.07572115384615384 0.0673076923076923
0 0.18870192307692307 0.3125 0.08774038461538461 0.0673076923076923
0 0.0829326923076923 0.036057692307692304 0.06490384615384616 0.06129807692307692
0 0.6875 0.5649038461538461 0.11057692307692307 0.06971153846153846
0 0.36177884615384615 0.07451923076923077 0.08052884615384616 0.08052884615384616
0 0.5180288461538461 0.14423076923076922 0.0829326923076923 0.06971153846153846