0 0.14423076923076922 0.8822115384615384 0.04447115384615385 0.09014423076923077
0 0.055288461538461536 0.9579326923076923 0.04447115384615385 0.039663461538461536
0 0.6201923076923077 0.765625 0.06009615384615385 0.09254807692307693
0 0.40625 0.5889423076923077 0.051682692307692304 0.05889423076923077
0 0.3918269230769231 0.5973557692307693 0.02403846153846154 0.015625
0 0.35697115384615385 0.5733173076923077 0.038461538461538464 0.03365384615384615
0 0.03125 0.49278846153846156 0.0625 0.11899038461538461
0 0.5 0.49759615384615385 0.04807692307692308 0.028846153846153848
0 0.578125 0.46153846153846156 0.038461538461538464 0.02283653846153846
0 0.6610576923076923 0.45072115384615385 0.08653846153846154 0.04567307692307692
0 0.8485576923076923 0.5456730769230769 0.042067307692307696 0.037259615384615384
0 0.8798076923076923 0.6442307692307693 0.09615384615384616 0.05048076923076923
0 0.8497596153846154 0.6923076923076923 0.0889423076923077 0.09615384615384616
0 0.8449519230769231 0.8257211538461539 0.08413461538461539 0.11177884615384616
0 0.8173076923076923 0.7608173076923077 0.028846153846153848 0.051682692307692304
0 0.7391826923076923 0.5985576923076923 0.07572115384615384 0.03365384615384615
0 0.6947115384615384 0.5733173076923077 0.03365384615384615 0.018028846153846152
0 0.8677884615384616 0.5072115384615384 0.08653846153846154 0.018028846153846152
0 0.8798076923076923 0.42908653846153844 0.056490384615384616 0.04447115384615385
0 0.8509615384615384 0.45913461538461536 0.05048076923076923 0.03365384615384615
0 0.8978365384615384 0.390625 0.013221153846153846 0.02403846153846154
0 0.8581730769230769 0.3161057692307692 0.078125 0.06009615384615385
0 0.7992788461538461 0.10096153846153846 0.1622596153846154 0.10697115384615384
0 0.20552884615384615 0.1502403846153846 0.05889423076923077 0.171875
0 0.5036057692307693 0.125 0.042067307692307696 0.06129807692307692
0 0.36778846153846156 0.2956730769230769 0.09735576923076923 0.05889423076923077
0 0.24519230769230768 0.3545673076923077 0.042067307692307696 0.055288461538461536
0 0.16346153846153846 0.4230769230769231 0.021634615384615384 0.019230769230769232
0 0.09134615384615384 0.4074519230769231 0.021634615384615384 0.018028846153846152
0 0.7355769230769231 0.24278846153846154 0.04567307692307692 0.04447115384615385
0 0.6923076923076923 0.3088942307692308 0.020432692307692308 0.03365384615384615
0 0.6574519230769231 0.3112980769230769 0.02403846153846154 0.05048076923076923
0 0.7572115384615384 0.3076923076923077 0.03365384615384615 0.027644230769230768
0 0.6201923076923077 0.18629807692307693 0.03485576923076923 0.02403846153846154
0 0.8076923076923077 0.19110576923076922 0.06971153846153846 0.039663461538461536
0 0.7512019230769231 0.21514423076923078 0.03485576923076923 0.04567307692307692
0 0.8461538461538461 0.2776442307692308 0.02403846153846154 0.03365384615384615
0 0.8617788461538461 0.26322115384615385 0.028846153846153848 0.028846153846153848
0 0.43509615384615385 0.027644230769230768 0.021634615384615384 0.013221153846153846
0 0.5288461538461539 0.3605769230769231 0.03485576923076923 0.025240384615384616
0 0.5180288461538461 0.5300480769230769 0.03485576923076923 0.015625