0 0.21754807692307693 0.36177884615384615 0.0985576923076923 0.17427884615384615
0 0.8125 0.4050480769230769 0.1141826923076923 0.07572115384615384
0 0.16706730769230768 0.0889423076923077 0.11778846153846154 0.12139423076923077
0 0.7584134615384616 0.5757211538461539 0.09975961538461539 0.16346153846153846
0 0.12860576923076922 0.9855769230769231 0.07451923076923077 0.027644230769230768
0 0.3545673076923077 0.9819711538461539 0.09254807692307693 0.03485576923076923
0 0.9471153846153846 0.703125 0.1045673076923077 0.109375
0 0.8509615384615384 0.7235576923076923 0.14302884615384615 0.08653846153846154
0 0.453125 0.8966346153846154 0.15625 0.10697115384615384
0 0.6646634615384616 0.8112980769230769 0.10216346153846154 0.08173076923076923
0 0.6370192307692307 0.6201923076923077 0.07932692307692307 0.06009615384615385
0 0.04807692307692308 0.4014423076923077 0.06009615384615385 0.109375
0 0.9555288461538461 0.27283653846153844 0.08653846153846154 0.15625
0 0.6899038461538461 0.6766826923076923 0.0985576923076923 0.09375
0 0.47115384615384615 0.9362980769230769 0.09134615384615384 0.12379807692307693
0 0.052884615384615384 0.8233173076923077 0.046875 0.036057692307692304
0 0.07692307692307693 0.18028846153846154 0.15384615384615385 0.09615384615384616
0 0.2548076923076923 0.29447115384615385 0.12379807692307693 0.125
0 0.23317307692307693 0.5348557692307693 0.1045673076923077 0.10096153846153846
0 0.15144230769230768 0.7403846153846154 0.10576923076923077 0.15865384615384615
0 0.04326923076923077 0.04927884615384615 0.08653846153846154 0.09735576923076923
0 0.039663461538461536 0.2608173076923077 0.07932692307692307 0.10817307692307693
0 0.5552884615384616 0.6875 0.13221153846153846 0.1141826923076923
0 0.3125 0.6322115384615384 0.09134615384615384 0.08653846153846154