0 0.4483173076923077 0.21875 0.12740384615384615 0.15504807692307693
0 0.8533653846153846 0.07451923076923077 0.13822115384615385 0.06490384615384616
0 0.5264423076923077 0.9783653846153846 0.051682692307692304 0.040865384615384616
0 0.9050480769230769 0.6971153846153846 0.06490384615384616 0.08052884615384616
0 0.7524038461538461 0.41586538461538464 0.08173076923076923 0.11778846153846154
0 0.4483173076923077 0.9014423076923077 0.11778846153846154 0.1201923076923077
0 0.32572115384615385 0.7007211538461539 0.09134615384615384 0.06610576923076923
0 0.8197115384615384 0.6382211538461539 0.08533653846153846 0.07692307692307693
0 0.7211538461538461 0.7896634615384616 0.09014423076923077 0.10096153846153846
0 0.18990384615384615 0.9723557692307693 0.06490384615384616 0.052884615384615384
0 0.8810096153846154 0.7644230769230769 0.1971153846153846 0.16466346153846154
0 0.43990384615384615 0.5853365384615384 0.18990384615384615 0.11177884615384616
0 0.026442307692307692 0.6322115384615384 0.04927884615384615 0.0625
0 0.11057692307692307 0.12980769230769232 0.15384615384615385 0.1346153846153846
0 0.6850961538461539 0.35096153846153844 0.09014423076923077 0.12259615384615384
0 0.4519230769230769 0.0889423076923077 0.09014423076923077 0.12259615384615384
0 0.4266826923076923 0.4891826923076923 0.125 0.08052884615384616
0 0.109375 0.9747596153846154 0.0829326923076923 0.04807692307692308
0 0.6490384615384616 0.9158653846153846 0.16826923076923078 0.14783653846153846
0 0.046875 0.4014423076923077 0.08052884615384616 0.08653846153846154
0 0.5769230769230769 0.1875 0.08533653846153846 0.10216346153846154
0 0.9795673076923077 0.9579326923076923 0.039663461538461536 0.05048076923076923
0 0.7608173076923077 0.625 0.11298076923076923 0.09134615384615384
0 0.5216346153846154 0.04807692307692308 0.1141826923076923 0.08653846153846154
0 0.03245192307692308 0.02403846153846154 0.0625 0.04447115384615385
0 0.7860576923076923 0.17427884615384615 0.07211538461538461 0.06009615384615385
0 0.33052884615384615 0.2620192307692308 0.07692307692307693 0.08533653846153846
0 0.9362980769230769 0.037259615384615384 0.12259615384615384 0.07451923076923077
0 0.7668269230769231 0.109375 0.11057692307692307 0.06971153846153846
0 0.6153846153846154 0.5841346153846154 0.0829326923076923 0.09495192307692307
0 0.08413461538461539 0.6033653846153846 0.07572115384615384 0.13221153846153846
0 0.7439903846153846 0.3088942307692308 0.057692307692307696 0.052884615384615384
0 0.12860576923076922 0.5733173076923077 0.09254807692307693 0.06850961538461539
0 0.25 0.19110576923076922 0.16466346153846154 0.14783653846153846
0 0.9471153846153846 0.44471153846153844 0.1045673076923077 0.10096153846153846
0 0.7788461538461539 0.06850961538461539 0.08052884615384616 0.07211538461538461
0 0.35096153846153844 0.9711538461538461 0.0733173076923077 0.056490384615384616
0 0.5096153846153846 0.5132211538461539 0.21514423076923078 0.09735576923076923
0 0.46274038461538464 0.9639423076923077 0.05048076923076923 0.06971153846153846
0 0.3112980769230769 0.42427884615384615 0.078125 0.17668269230769232
0 0.59375 0.33413461538461536 0.0829326923076923 0.06971153846153846
0 0.5432692307692307 0.6682692307692307 0.07211538461538461 0.0673076923076923
0 0.6826923076923077 0.8846153846153846 0.08653846153846154 0.10576923076923077
0 0.8209134615384616 0.9507211538461539 0.13221153846153846 0.09615384615384616
0 0.7704326923076923 0.9519230769230769 0.10096153846153846 0.09495192307692307
0 0.10336538461538461 0.9399038461538461 0.09735576923076923 0.09014423076923077
0 0.02403846153846154 0.5552884615384616 0.04326923076923077 0.078125
0 0.12259615384615384 0.27524038461538464 0.140625 0.11177884615384616
0 0.5913461538461539 0.7295673076923077 0.06971153846153846 0.09615384615384616
0 0.671875 0.7680288461538461 0.06490384615384616 0.0829326923076923
0 0.08653846153846154 0.7331730769230769 0.11778846153846154 0.0673076923076923
0 0.6875 0.24158653846153846 0.18509615384615385 0.07572115384615384
0 0.12259615384615384 0.6574519230769231 0.09014423076923077 0.10576923076923077