0 0.484375 0.5072115384615384 0.026442307692307692 0.021634615384615384
0 0.0625 0.6550480769230769 0.054086538461538464 0.03485576923076923
0 0.38341346153846156 0.7680288461538461 0.04447115384615385 0.06129807692307692
0 0.5240384615384616 0.9819711538461539 0.040865384615384616 0.03365384615384615
0 0.036057692307692304 0.8617788461538461 0.07091346153846154 0.055288461538461536
0 0.12620192307692307 0.5805288461538461 0.046875 0.04447115384615385
0 0.4795673076923077 0.3894230769230769 0.051682692307692304 0.042067307692307696
0 0.9110576923076923 0.5576923076923077 0.030048076923076924 0.027644230769230768
0 0.5288461538461539 0.6899038461538461 0.03365384615384615 0.1141826923076923
0 0.5456730769230769 0.4206730769230769 0.03125 0.028846153846153848
0 0.016826923076923076 0.6622596153846154 0.03365384615384615 0.030048076923076924
0 0.49278846153846156 0.019230769230769232 0.04807692307692308 0.038461538461538464
0 0.9783653846153846 0.9038461538461539 0.040865384615384616 0.06370192307692307
0 0.9158653846153846 0.125 0.09615384615384616 0.04807692307692308
0 0.9831730769230769 0.19230769230769232 0.03125 0.046875
0 0.3389423076923077 0.6875 0.07451923076923077 0.06009615384615385
0 0.8689903846153846 0.9759615384615384 0.05048076923076923 0.04567307692307692
0 0.42427884615384615 0.7980769230769231 0.04807692307692308 0.06610576923076923
0 0.039663461538461536 0.04927884615384615 0.07451923076923077 0.09735576923076923
0 0.9158653846153846 0.9447115384615384 0.04567307692307692 0.09735576923076923
0 0.390625 0.016826923076923076 0.04927884615384615 0.03365384615384615
0 0.12620192307692307 0.5192307692307693 0.056490384615384616 0.038461538461538464
0 0.018028846153846152 0.4651442307692308 0.03485576923076923 0.03365384615384615
0 0.3713942307692308 0.5420673076923077 0.054086538461538464 0.036057692307692304
0 0.9074519230769231 0.5913461538461539 0.028846153846153848 0.06009615384615385
0 0.3870192307692308 0.7091346153846154 0.11778846153846154 0.04326923076923077
0 0.03365384615384615 0.3401442307692308 0.0673076923076923 0.036057692307692304
0 0.9423076923076923 0.18028846153846154 0.04807692307692308 0.038461538461538464
0 0.9399038461538461 0.014423076923076924 0.04927884615384615 0.028846153846153848
0 0.9795673076923077 0.625 0.038461538461538464 0.06009615384615385
0 0.2127403846153846 0.042067307692307696 0.040865384615384616 0.055288461538461536
0 0.39783653846153844 0.7740384615384616 0.051682692307692304 0.06490384615384616
0 0.7211538461538461 0.055288461538461536 0.020432692307692308 0.03365384615384615
0 0.01201923076923077 0.25600961538461536 0.02403846153846154 0.036057692307692304
0 0.9338942307692307 0.8461538461538461 0.06129807692307692 0.06370192307692307
0 0.4387019230769231 0.16706730769230768 0.03365384615384615 0.03365384615384615
0 0.15384615384615385 0.6153846153846154 0.05048076923076923 0.04567307692307692
0 0.5793269230769231 0.010817307692307692 0.03245192307692308 0.021634615384615384
0 0.3641826923076923 0.7319711538461539 0.06129807692307692 0.03245192307692308
0 0.44711538461538464 0.9735576923076923 0.04326923076923077 0.03365384615384615
0 0.3425480769230769 0.48677884615384615 0.07451923076923077 0.04326923076923077
0 0.8858173076923077 0.8293269230769231 0.06370192307692307 0.051682692307692304
0 0.9242788461538461 0.36177884615384615 0.08533653846153846 0.037259615384615384
0 0.04326923076923077 0.4110576923076923 0.08653846153846154 0.03365384615384615
0 0.5240384615384616 0.953125 0.042067307692307696 0.05889423076923077
0 0.8353365384615384 0.6033653846153846 0.038461538461538464 0.027644230769230768
0 0.8173076923076923 0.015625 0.026442307692307692 0.030048076923076924
0 0.02283653846153846 0.5697115384615384 0.04567307692307692 0.027644230769230768
0 0.9939903846153846 0.008413461538461538 0.009615384615384616 0.016826923076923076
0 0.4495192307692308 0.02403846153846154 0.06009615384615385 0.04807692307692308
0 0.09134615384615384 0.5997596153846154 0.028846153846153848 0.039663461538461536
0 0.8990384615384616 0.5204326923076923 0.027644230769230768 0.028846153846153848
0 0.40865384615384615 0.38221153846153844 0.08774038461538461 0.04807692307692308
0 0.39903846153846156 0.4807692307692308 0.040865384615384616 0.06610576923076923
0 0.09014423076923077 0.4831730769230769 0.07211538461538461 0.07091346153846154
0 0.4206730769230769 0.31009615384615385 0.056490384615384616 0.03245192307692308
0 0.5745192307692307 0.9927884615384616 0.027644230769230768 0.013221153846153846
0 0.36538461538461536 0.30649038461538464 0.055288461538461536 0.038461538461538464
0 0.4699519230769231 0.5697115384615384 0.03485576923076923 0.03365384615384615
0 0.31971153846153844 0.8076923076923077 0.09014423076923077 0.057692307692307696
0 0.040865384615384616 0.7908653846153846 0.08052884615384616 0.0733173076923077
0 0.48197115384615385 0.9723557692307693 0.040865384615384616 0.052884615384615384
0 0.9603365384615384 0.9375 0.06850961538461539 0.11177884615384616
0 0.3786057692307692 0.6442307692307693 0.12980769230769232 0.0673076923076923
0 0.3233173076923077 0.45072115384615385 0.15625 0.055288461538461536
0 0.875 0.5528846153846154 0.04567307692307692 0.051682692307692304
0 0.27524038461538464 0.5264423076923077 0.08653846153846154 0.03485576923076923
0 0.016826923076923076 0.2764423076923077 0.03365384615384615 0.03245192307692308
0 0.36658653846153844 0.5697115384615384 0.0673076923076923 0.05889423076923077
0 0.4543269230769231 0.890625 0.057692307692307696 0.042067307692307696
0 0.8725961538461539 0.37259615384615385 0.04567307692307692 0.03125
0 0.9567307692307693 0.1875 0.0733173076923077 0.055288461538461536
0 0.4266826923076923 0.26322115384615385 0.08653846153846154 0.03245192307692308
0 0.1346153846153846 0.6346153846153846 0.03365384615384615 0.036057692307692304
0 0.040865384615384616 0.08052884615384616 0.08173076923076923 0.08413461538461539
0 0.016826923076923076 0.5252403846153846 0.03365384615384615 0.036057692307692304
0 0.8389423076923077 0.6959134615384616 0.037259615384615384 0.07692307692307693
0 0.4170673076923077 0.013221153846153846 0.04927884615384615 0.025240384615384616
0 0.4230769230769231 0.671875 0.06971153846153846 0.08052884615384616
0 0.9086538461538461 0.7704326923076923 0.054086538461538464 0.07932692307692307
0 0.27403846153846156 0.6394230769230769 0.15144230769230768 0.11298076923076923
0 0.9134615384615384 0.6141826923076923 0.06850961538461539 0.038461538461538464
0 0.9110576923076923 0.021634615384615384 0.03365384615384615 0.04326923076923077
0 0.43509615384615385 0.8810096153846154 0.03125 0.028846153846153848
0 0.8822115384615384 0.14903846153846154 0.04567307692307692 0.08173076923076923
0 0.7836538461538461 0.04567307692307692 0.038461538461538464 0.04447115384615385
0 0.4411057692307692 0.9879807692307693 0.04927884615384615 0.02283653846153846
0 0.4519230769230769 0.2764423076923077 0.07692307692307693 0.028846153846153848
0 0.9447115384615384 0.5144230769230769 0.056490384615384616 0.07091346153846154
0 0.04326923076923077 0.8401442307692307 0.08052884615384616 0.052884615384615384
0 0.8329326923076923 0.04927884615384615 0.038461538461538464 0.03485576923076923
0 0.32211538461538464 0.5456730769230769 0.078125 0.04927884615384615
0 0.056490384615384616 0.5576923076923077 0.11298076923076923 0.03365384615384615
0 0.9399038461538461 0.08533653846153846 0.10336538461538461 0.04927884615384615
0 0.9302884615384616 0.4050480769230769 0.028846153846153848 0.06129807692307692
0 0.1141826923076923 0.36658653846153844 0.0733173076923077 0.03365384615384615
0 0.9735576923076923 0.8605769230769231 0.04927884615384615 0.057692307692307696
0 0.8617788461538461 0.7163461538461539 0.04326923076923077 0.08052884615384616
0 0.96875 0.5528846153846154 0.055288461538461536 0.042067307692307696
0 0.9663461538461539 0.7019230769230769 0.0625 0.03245192307692308
0 0.8641826923076923 0.5072115384615384 0.04927884615384615 0.055288461538461536
0 0.037259615384615384 0.37740384615384615 0.07451923076923077 0.052884615384615384
0 0.9711538461538461 0.765625 0.055288461538461536 0.06850961538461539
0 0.32572115384615385 0.03365384615384615 0.04927884615384615 0.055288461538461536
0 0.8521634615384616 0.12259615384615384 0.040865384615384616 0.06490384615384616
0 0.42427884615384615 0.5612980769230769 0.04567307692307692 0.06370192307692307
0 0.38100961538461536 0.421875 0.06971153846153846 0.026442307692307692
0 0.9158653846153846 0.18629807692307693 0.036057692307692304 0.0625
0 0.03485576923076923 0.6274038461538461 0.06971153846153846 0.03485576923076923
0 0.46033653846153844 0.45552884615384615 0.06490384615384616 0.056490384615384616
0 0.4639423076923077 0.2980769230769231 0.026442307692307692 0.030048076923076924
0 0.5625 0.6887019230769231 0.08052884615384616 0.0625
0 0.984375 0.04927884615384615 0.030048076923076924 0.06009615384615385
0 0.5757211538461539 0.9014423076923077 0.03365384615384615 0.026442307692307692
0 0.5384615384615384 0.18028846153846154 0.06490384615384616 0.052884615384615384
0 0.8052884615384616 0.3762019230769231 0.04447115384615385 0.028846153846153848
0 0.3605769230769231 0.65625 0.109375 0.02283653846153846
0 0.4795673076923077 0.7319711538461539 0.038461538461538464 0.037259615384615384
0 0.02283653846153846 0.09495192307692307 0.04567307692307692 0.05048076923076923
0 0.9002403846153846 0.265625 0.04326923076923077 0.038461538461538464
0 0.8762019230769231 0.8521634615384616 0.039663461538461536 0.06610576923076923
0 0.140625 0.859375 0.07451923076923077 0.06370192307692307
0 0.4338942307692308 0.11177884615384616 0.036057692307692304 0.08052884615384616
0 0.8425480769230769 0.22596153846153846 0.03365384615384615 0.055288461538461536
0 0.016826923076923076 0.12259615384615384 0.03365384615384615 0.038461538461538464
0 0.8713942307692307 0.9110576923076923 0.06971153846153846 0.07211538461538461