0 0.8076923076923077 0.5492788461538461 0.0985576923076923 0.028846153846153848
0 0.7055288461538461 0.7055288461538461 0.056490384615384616 0.028846153846153848
0 0.40024038461538464 0.015625 0.04927884615384615 0.030048076923076924
0 0.43149038461538464 0.29927884615384615 0.07211538461538461 0.054086538461538464
0 0.30408653846153844 0.9074519230769231 0.09495192307692307 0.040865384615384616
0 0.1346153846153846 0.4423076923076923 0.09134615384615384 0.0673076923076923
0 0.20793269230769232 0.5336538461538461 0.051682692307692304 0.04927884615384615
0 0.3858173076923077 0.9375 0.07572115384615384 0.04807692307692308
0 0.8954326923076923 0.6334134615384616 0.10096153846153846 0.036057692307692304
0 0.7740384615384616 0.35216346153846156 0.07211538461538461 0.0625
0 0.49158653846153844 0.9194711538461539 0.11298076923076923 0.03125
0 0.7800480769230769 0.22596153846153846 0.10216346153846154 0.03365384615384615
0 0.8076923076923077 0.6045673076923077 0.06129807692307692 0.036057692307692304
0 0.9639423076923077 0.10096153846153846 0.06971153846153846 0.03485576923076923
0 0.3425480769230769 0.7980769230769231 0.10216346153846154 0.028846153846153848
0 0.15625 0.06009615384615385 0.07572115384615384 0.046875
0 0.2824519230769231 0.3233173076923077 0.06490384615384616 0.10096153846153846
0 0.24519230769230768 0.8076923076923077 0.07091346153846154 0.02283653846153846
0 0.33533653846153844 0.9411057692307693 0.06610576923076923 0.030048076923076924
0 0.5324519230769231 0.3798076923076923 0.10096153846153846 0.042067307692307696
0 0.453125 0.9074519230769231 0.09375 0.02403846153846154
0 0.46875 0.8112980769230769 0.07932692307692307 0.036057692307692304
0 0.04326923076923077 0.3449519230769231 0.07091346153846154 0.04447115384615385
0 0.5829326923076923 0.5576923076923077 0.06129807692307692 0.03365384615384615
0 0.7379807692307693 0.9579326923076923 0.08653846153846154 0.08052884615384616
0 0.2848557692307692 0.5444711538461539 0.1045673076923077 0.03125
0 0.7836538461538461 0.8930288461538461 0.06490384615384616 0.04807692307692308
0 0.6971153846153846 0.14543269230769232 0.06971153846153846 0.04927884615384615
0 0.8100961538461539 0.28125 0.07572115384615384 0.042067307692307696
0 0.10817307692307693 0.7548076923076923 0.09495192307692307 0.037259615384615384
0 0.0733173076923077 0.09134615384615384 0.13822115384615385 0.040865384615384616
0 0.7235576923076923 0.3954326923076923 0.06490384615384616 0.04807692307692308
0 0.12860576923076922 0.17427884615384615 0.09615384615384616 0.042067307692307696
0 0.7331730769230769 0.18028846153846154 0.07692307692307693 0.04447115384615385
0 0.9110576923076923 0.08413461538461539 0.07932692307692307 0.06490384615384616
0 0.9639423076923077 0.6442307692307693 0.05048076923076923 0.021634615384615384
0 0.7944711538461539 0.921875 0.0889423076923077 0.020432692307692308
0 0.7475961538461539 0.5913461538461539 0.08052884615384616 0.04447115384615385
0 0.03365384615384615 0.8197115384615384 0.06490384615384616 0.037259615384615384
0 0.1310096153846154 0.5024038461538461 0.06971153846153846 0.03485576923076923
0 0.10096153846153846 0.5276442307692307 0.05048076923076923 0.027644230769230768
0 0.6658653846153846 0.09254807692307693 0.10216346153846154 0.03485576923076923
0 0.36658653846153844 0.0889423076923077 0.11538461538461539 0.05889423076923077
0 0.040865384615384616 0.6141826923076923 0.08173076923076923 0.038461538461538464
0 0.22235576923076922 0.5949519230769231 0.09134615384615384 0.04927884615384615
0 0.2644230769230769 0.25600961538461536 0.08052884615384616 0.028846153846153848
0 0.12980769230769232 0.8149038461538461 0.10336538461538461 0.037259615384615384
0 0.20072115384615385 0.9723557692307693 0.08774038461538461 0.030048076923076924
0 0.30528846153846156 0.46875 0.0625 0.04326923076923077
0 0.6430288461538461 0.12740384615384615 0.07572115384615384 0.026442307692307692
0 0.48197115384615385 0.8581730769230769 0.07211538461538461 0.028846153846153848
0 0.6334134615384616 0.5697115384615384 0.0625 0.02403846153846154
0 0.9783653846153846 0.5108173076923077 0.040865384615384616 0.03365384615384615
0 0.49278846153846156 0.8798076923076923 0.055288461538461536 0.038461538461538464
0 0.9519230769230769 0.9519230769230769 0.06129807692307692 0.026442307692307692
0 0.29927884615384615 0.5084134615384616 0.078125 0.036057692307692304
0 0.8497596153846154 0.16346153846153846 0.06971153846153846 0.038461538461538464
0 0.4795673076923077 0.039663461538461536 0.08774038461538461 0.04567307692307692
0 0.5336538461538461 0.15144230769230768 0.037259615384615384 0.06370192307692307
0 0.7283653846153846 0.6358173076923077 0.04927884615384615 0.028846153846153848
0 0.5 0.4543269230769231 0.054086538461538464 0.038461538461538464
0 0.8689903846153846 0.26322115384615385 0.1045673076923077 0.05889423076923077
0 0.4495192307692308 0.4795673076923077 0.046875 0.04447115384615385
0 0.4855769230769231 0.515625 0.0733173076923077 0.036057692307692304
0 0.2824519230769231 0.7728365384615384 0.07572115384615384 0.027644230769230768
0 0.03125 0.2824519230769231 0.06129807692307692 0.037259615384615384
0 0.5336538461538461 0.7163461538461539 0.07211538461538461 0.040865384615384616
0 0.039663461538461536 0.6862980769230769 0.07572115384615384 0.03245192307692308
0 0.5552884615384616 0.08653846153846154 0.09014423076923077 0.06850961538461539
0 0.08774038461538461 0.2668269230769231 0.07572115384615384 0.055288461538461536
0 0.6899038461538461 0.5360576923076923 0.10576923076923077 0.03245192307692308
0 0.1814903846153846 0.42427884615384615 0.07572115384615384 0.046875
0 0.20072115384615385 0.3737980769230769 0.08774038461538461 0.04447115384615385
0 0.5204326923076923 0.640625 0.16346153846153846 0.038461538461538464
0 0.3641826923076923 0.02403846153846154 0.0889423076923077 0.04807692307692308
0 0.4266826923076923 0.8605769230769231 0.055288461538461536 0.04927884615384615
0 0.9735576923076923 0.5564903846153846 0.051682692307692304 0.030048076923076924
0 0.14903846153846154 0.984375 0.039663461538461536 0.028846153846153848
0 0.9302884615384616 0.5564903846153846 0.06850961538461539 0.038461538461538464
0 0.08774038461538461 0.6418269230769231 0.08653846153846154 0.03485576923076923
0 0.3629807692307692 0.46875 0.08653846153846154 0.039663461538461536