0 0.7920673076923077 0.2127403846153846 0.0673076923076923 0.06009615384615385
0 0.8485576923076923 0.8125 0.0673076923076923 0.06490384615384616
0 0.8581730769230769 0.2848557692307692 0.09975961538461539 0.09495192307692307
0 0.7295673076923077 0.7043269230769231 0.06370192307692307 0.10096153846153846
0 0.9110576923076923 0.07091346153846154 0.06971153846153846 0.09014423076923077
0 0.6358173076923077 0.8449519230769231 0.07091346153846154 0.1346153846153846
0 0.4891826923076923 0.24639423076923078 0.06009615384615385 0.06490384615384616
0 0.9254807692307693 0.6838942307692307 0.13581730769230768 0.09014423076923077
0 0.9603365384615384 0.14302884615384615 0.07692307692307693 0.10576923076923077
0 0.8305288461538461 0.9591346153846154 0.08774038461538461 0.07932692307692307
0 0.8329326923076923 0.14903846153846154 0.13942307692307693 0.08173076923076923
0 0.22355769230769232 0.4230769230769231 0.07572115384615384 0.1141826923076923
0 0.7427884615384616 0.328125 0.08653846153846154 0.07572115384615384
0 0.8762019230769231 0.5048076923076923 0.07692307692307693 0.08052884615384616
0 0.32572115384615385 0.5168269230769231 0.0889423076923077 0.11538461538461539
0 0.7271634615384616 0.8365384615384616 0.07932692307692307 0.11177884615384616
0 0.9819711538461539 0.5024038461538461 0.03365384615384615 0.06370192307692307
0 0.02403846153846154 0.8954326923076923 0.04807692307692308 0.055288461538461536
0 0.4026442307692308 0.30649038461538464 0.06971153846153846 0.07091346153846154
0 0.1310096153846154 0.20072115384615385 0.13942307692307693 0.10576923076923077
0 0.53125 0.1814903846153846 0.06971153846153846 0.12980769230769232
0 0.21875 0.23918269230769232 0.08533653846153846 0.0673076923076923
0 0.34975961538461536 0.35697115384615385 0.11177884615384616 0.09134615384615384
0 0.5673076923076923 0.46634615384615385 0.06490384615384616 0.06610576923076923
0 0.8449519230769231 0.9579326923076923 0.04807692307692308 0.055288461538461536
0 0.09375 0.39783653846153844 0.0625 0.055288461538461536
0 0.6887019230769231 0.4074519230769231 0.078125 0.09975961538461539
0 0.35216346153846156 0.19831730769230768 0.10697115384615384 0.13822115384615385
0 0.38461538461538464 0.4795673076923077 0.07091346153846154 0.07572115384615384
0 0.453125 0.31490384615384615 0.06490384615384616 0.06490384615384616
0 0.9759615384615384 0.3425480769230769 0.04567307692307692 0.078125
0 0.05889423076923077 0.6081730769230769 0.11778846153846154 0.09495192307692307
0 0.04927884615384615 0.046875 0.09134615384615384 0.0889423076923077
0 0.7668269230769231 0.9495192307692307 0.08052884615384616 0.07572115384615384
0 0.5144230769230769 0.6550480769230769 0.07091346153846154 0.1201923076923077
0 0.2608173076923077 0.9591346153846154 0.09495192307692307 0.07932692307692307
0 0.5504807692307693 0.9314903846153846 0.05048076923076923 0.06370192307692307
0 0.9783653846153846 0.9038461538461539 0.042067307692307696 0.11899038461538461
0 0.28365384615384615 0.5661057692307693 0.13822115384615385 0.14543269230769232
0 0.453125 0.421875 0.08052884615384616 0.078125
0 0.2247596153846154 0.7355769230769231 0.10697115384615384 0.06850961538461539
0 0.5456730769230769 0.6225961538461539 0.05048076923076923 0.05889423076923077
0 0.5300480769230769 0.9711538461538461 0.09014423076923077 0.055288461538461536
0 0.23918269230769232 0.2980769230769231 0.08052884615384616 0.078125
0 0.9615384615384616 0.06971153846153846 0.06009615384615385 0.08653846153846154
0 0.5168269230769231 0.8413461538461539 0.08413461538461539 0.0889423076923077