0 0.06971153846153846 0.36778846153846156 0.056490384615384616 0.03245192307692308
0 0.03125 0.35096153846153844 0.015625 0.020432692307692308
0 0.030048076923076924 0.3858173076923077 0.06009615384615385 0.08413461538461539
0 0.025240384615384616 0.31009615384615385 0.04567307692307692 0.055288461538461536
0 0.09014423076923077 0.27163461538461536 0.10336538461538461 0.020432692307692308
0 0.1310096153846154 0.3557692307692308 0.0625 0.027644230769230768
0 0.15384615384615385 0.31971153846153844 0.03485576923076923 0.04326923076923077
0 0.18509615384615385 0.35697115384615385 0.04447115384615385 0.057692307692307696
0 0.04927884615384615 0.3954326923076923 0.02403846153846154 0.018028846153846152
0 0.15865384615384615 0.3918269230769231 0.08052884615384616 0.020432692307692308
0 0.12860576923076922 0.42427884615384615 0.052884615384615384 0.038461538461538464
0 0.057692307692307696 0.5649038461538461 0.030048076923076924 0.0625
0 0.03365384615384615 0.5793269230769231 0.03245192307692308 0.12740384615384615
0 0.015625 0.625 0.030048076923076924 0.04927884615384615
0 0.10576923076923077 0.5144230769230769 0.027644230769230768 0.057692307692307696
0 0.09735576923076923 0.5540865384615384 0.036057692307692304 0.026442307692307692
0 0.0985576923076923 0.5949519230769231 0.02403846153846154 0.054086538461538464
0 0.04567307692307692 0.7139423076923077 0.09134615384615384 0.06490384615384616
0 0.028846153846153848 0.7211538461538461 0.03485576923076923 0.12860576923076922
0 0.02403846153846154 0.8389423076923077 0.046875 0.13822115384615385
0 0.07451923076923077 0.8329326923076923 0.027644230769230768 0.020432692307692308
0 0.21033653846153846 0.9122596153846154 0.057692307692307696 0.09134615384615384
0 0.3088942307692308 0.8365384615384616 0.13221153846153846 0.04807692307692308
0 0.34975961538461536 0.7920673076923077 0.03365384615384615 0.036057692307692304
0 0.15144230769230768 0.6454326923076923 0.06129807692307692 0.03365384615384615
0 0.265625 0.6574519230769231 0.052884615384615384 0.03245192307692308
0 0.27524038461538464 0.6189903846153846 0.055288461538461536 0.02403846153846154
0 0.3786057692307692 0.6634615384615384 0.04326923076923077 0.03365384615384615
0 0.21394230769230768 0.578125 0.028846153846153848 0.055288461538461536
0 0.24519230769230768 0.44350961538461536 0.025240384615384616 0.04927884615384615
0 0.328125 0.3786057692307692 0.040865384615384616 0.0733173076923077
0 0.3161057692307692 0.515625 0.055288461538461536 0.09134615384615384
0 0.49278846153846156 0.8701923076923077 0.03365384615384615 0.03365384615384615
0 0.5036057692307693 0.9170673076923077 0.05048076923076923 0.10096153846153846
0 0.5625 0.8858173076923077 0.03245192307692308 0.08533653846153846
0 0.44471153846153844 0.7019230769230769 0.04447115384615385 0.04807692307692308
0 0.43028846153846156 0.7367788461538461 0.025240384615384616 0.021634615384615384
0 0.4831730769230769 0.7247596153846154 0.0625 0.018028846153846152
0 0.06129807692307692 0.14543269230769232 0.046875 0.06850961538461539
0 0.17067307692307693 0.20673076923076922 0.1141826923076923 0.10336538461538461
0 0.2548076923076923 0.27283653846153844 0.07091346153846154 0.0625
0 0.20673076923076922 0.06850961538461539 0.025240384615384616 0.078125
0 0.2764423076923077 0.040865384615384616 0.020432692307692308 0.018028846153846152
0 0.042067307692307696 0.10096153846153846 0.02403846153846154 0.02403846153846154
0 0.4891826923076923 0.24759615384615385 0.03245192307692308 0.021634615384615384
0 0.5012019230769231 0.16706730769230768 0.019230769230769232 0.054086538461538464
0 0.5216346153846154 0.11778846153846154 0.056490384615384616 0.025240384615384616
0 0.5600961538461539 0.15504807692307693 0.0673076923076923 0.18028846153846154
0 0.41947115384615385 0.41346153846153844 0.10697115384615384 0.038461538461538464
0 0.40865384615384615 0.5528846153846154 0.025240384615384616 0.08774038461538461
0 0.46033653846153844 0.5084134615384616 0.021634615384615384 0.08413461538461539
0 0.5408653846153846 0.43990384615384615 0.020432692307692308 0.04326923076923077
0 0.48197115384615385 0.5805288461538461 0.03485576923076923 0.025240384615384616
0 0.5204326923076923 0.5913461538461539 0.06490384615384616 0.03365384615384615
0 0.65625 0.25240384615384615 0.04567307692307692 0.038461538461538464
0 0.5673076923076923 0.3329326923076923 0.03125 0.04807692307692308
0 0.6057692307692307 0.3245192307692308 0.04447115384615385 0.028846153846153848
0 0.7019230769230769 0.3173076923076923 0.042067307692307696 0.042067307692307696
0 0.6382211538461539 0.34375 0.11899038461538461 0.02283653846153846
0 0.7992788461538461 0.35096153846153844 0.078125 0.027644230769230768
0 0.9086538461538461 0.22596153846153846 0.04447115384615385 0.0625
0 0.8930288461538461 0.34375 0.03485576923076923 0.055288461538461536
0 0.6009615384615384 0.5961538461538461 0.1141826923076923 0.03125
0 0.6658653846153846 0.6610576923076923 0.06370192307692307 0.06490384615384616
0 0.5685096153846154 0.6634615384615384 0.040865384615384616 0.019230769230769232
0 0.7427884615384616 0.5829326923076923 0.08774038461538461 0.07932692307692307
0 0.6069711538461539 0.7115384615384616 0.04447115384615385 0.08052884615384616
0 0.6502403846153846 0.4110576923076923 0.046875 0.03365384615384615
0 0.8004807692307693 0.42427884615384615 0.0985576923076923 0.10817307692307693
0 0.7800480769230769 0.40625 0.08052884615384616 0.06129807692307692
0 0.8978365384615384 0.4266826923076923 0.109375 0.037259615384615384
0 0.8954326923076923 0.5072115384615384 0.028846153846153848 0.09254807692307693
0 0.6959134615384616 0.78125 0.12259615384615384 0.055288461538461536
0 0.7584134615384616 0.78125 0.10697115384615384 0.021634615384615384
0 0.8028846153846154 0.8173076923076923 0.02283653846153846 0.04927884615384615
0 0.8629807692307693 0.7776442307692307 0.05048076923076923 0.039663461538461536
0 0.8497596153846154 0.8233173076923077 0.03365384615384615 0.04927884615384615
0 0.6838942307692307 0.4855769230769231 0.08413461538461539 0.020432692307692308
0 0.13581730769230768 0.984375 0.025240384615384616 0.019230769230769232
0 0.19471153846153846 0.43028846153846156 0.03125 0.018028846153846152
0 0.17668269230769232 0.4579326923076923 0.018028846153846152 0.016826923076923076
0 0.2800480769230769 0.41466346153846156 0.02403846153846154 0.013221153846153846
0 0.1045673076923077 0.38461538461538464 0.03365384615384615 0.03365384615384615
0 0.02403846153846154 0.33533653846153844 0.046875 0.014423076923076924
0 0.7848557692307693 0.765625 0.014423076923076924 0.008413461538461538
0 0.35336538461538464 0.040865384615384616 0.019230769230769232 0.02403846153846154
0 0.5072115384615384 0.03245192307692308 0.021634615384615384 0.013221153846153846
0 0.9555288461538461 0.6622596153846154 0.018028846153846152 0.052884615384615384
0 0.8978365384615384 0.3088942307692308 0.03365384615384615 0.02283653846153846
0 0.921875 0.4423076923076923 0.057692307692307696 0.02283653846153846