0 0.7692307692307693 0.13701923076923078 0.08653846153846154 0.07572115384615384
0 0.8209134615384616 0.8605769230769231 0.0733173076923077 0.06490384615384616
0 0.6971153846153846 0.40865384615384615 0.06370192307692307 0.05889423076923077
0 0.20552884615384615 0.5637019230769231 0.12259615384615384 0.07572115384615384
0 0.10336538461538461 0.8774038461538461 0.056490384615384616 0.0625
0 0.6430288461538461 0.20552884615384615 0.040865384615384616 0.06129807692307692
0 0.25240384615384615 0.6586538461538461 0.07451923076923077 0.0985576923076923
0 0.16826923076923078 0.9639423076923077 0.08774038461538461 0.06971153846153846
0 0.3173076923076923 0.9603365384615384 0.051682692307692304 0.06490384615384616
0 0.5264423076923077 0.8485576923076923 0.08533653846153846 0.0625
0 0.8016826923076923 0.6201923076923077 0.09495192307692307 0.10096153846153846
0 0.025240384615384616 0.4387019230769231 0.04927884615384615 0.07932692307692307
0 0.078125 0.7524038461538461 0.0829326923076923 0.08052884615384616
0 0.8990384615384616 0.09134615384615384 0.052884615384615384 0.057692307692307696
0 0.8725961538461539 0.7067307692307693 0.06971153846153846 0.06610576923076923
0 0.4795673076923077 0.15264423076923078 0.0829326923076923 0.10336538461538461
0 0.6370192307692307 0.5492788461538461 0.0829326923076923 0.08533653846153846
0 0.014423076923076924 0.9014423076923077 0.028846153846153848 0.08173076923076923
0 0.5180288461538461 0.421875 0.08413461538461539 0.11177884615384616
0 0.6370192307692307 0.7331730769230769 0.0985576923076923 0.0889423076923077
0 0.28365384615384615 0.8509615384615384 0.109375 0.06971153846153846
0 0.1935096153846154 0.7127403846153846 0.125 0.06490384615384616
0 0.8894230769230769 0.03485576923076923 0.08173076923076923 0.06971153846153846
0 0.6983173076923077 0.2620192307692308 0.06850961538461539 0.13942307692307693
0 0.59375 0.8197115384615384 0.10216346153846154 0.09495192307692307
0 0.7536057692307693 0.07932692307692307 0.055288461538461536 0.04326923076923077
0 0.34134615384615385 0.8088942307692307 0.07211538461538461 0.06850961538461539
0 0.19110576923076922 0.890625 0.09134615384615384 0.1201923076923077
0 0.09735576923076923 0.5540865384615384 0.06490384615384616 0.06490384615384616
0 0.9735576923076923 0.6658653846153846 0.051682692307692304 0.06009615384615385
0 0.7391826923076923 0.32572115384615385 0.0673076923076923 0.06009615384615385
0 0.9242788461538461 0.9507211538461539 0.07572115384615384 0.09134615384615384
0 0.12259615384615384 0.3713942307692308 0.055288461538461536 0.055288461538461536
0 0.859375 0.7908653846153846 0.09495192307692307 0.055288461538461536
0 0.7884615384615384 0.9519230769230769 0.08052884615384616 0.06490384615384616
0 0.3713942307692308 0.055288461538461536 0.0733173076923077 0.06971153846153846
0 0.19831730769230768 0.34615384615384615 0.1201923076923077 0.08774038461538461
0 0.8701923076923077 0.5961538461538461 0.06971153846153846 0.08533653846153846
0 0.6766826923076923 0.921875 0.06129807692307692 0.06129807692307692
0 0.6850961538461539 0.1310096153846154 0.07451923076923077 0.07451923076923077
0 0.9399038461538461 0.25 0.10096153846153846 0.06971153846153846
0 0.9663461538461539 0.875 0.06490384615384616 0.06610576923076923
0 0.9411057692307693 0.5012019230769231 0.08653846153846154 0.07572115384615384
0 0.0985576923076923 0.27403846153846156 0.1141826923076923 0.07572115384615384