0 0.7139423076923077 0.53125 0.08774038461538461 0.07932692307692307
0 0.4423076923076923 0.6995192307692307 0.15144230769230768 0.06850961538461539
0 0.5600961538461539 0.1045673076923077 0.08774038461538461 0.07572115384615384
0 0.026442307692307692 0.40024038461538464 0.052884615384615384 0.05048076923076923
0 0.6862980769230769 0.42908653846153844 0.07451923076923077 0.052884615384615384
0 0.7884615384615384 0.6622596153846154 0.11298076923076923 0.06129807692307692
0 0.6129807692307693 0.6634615384615384 0.20432692307692307 0.09975961538461539
0 0.7860576923076923 0.9110576923076923 0.14783653846153846 0.17427884615384615
0 0.6165865384615384 0.9326923076923077 0.08774038461538461 0.09134615384615384
0 0.2776442307692308 0.8930288461538461 0.18028846153846154 0.21153846153846154
0 0.546875 0.038461538461538464 0.09134615384615384 0.07572115384615384
0 0.9591346153846154 0.7560096153846154 0.08052884615384616 0.057692307692307696
0 0.051682692307692304 0.6670673076923077 0.09495192307692307 0.21153846153846154
0 0.9663461538461539 0.02283653846153846 0.06490384615384616 0.04447115384615385
0 0.20192307692307693 0.9170673076923077 0.055288461538461536 0.07932692307692307
0 0.14903846153846154 0.03245192307692308 0.08653846153846154 0.06490384615384616
0 0.3942307692307692 0.0829326923076923 0.0733173076923077 0.08052884615384616
0 0.8737980769230769 0.07572115384615384 0.19110576923076922 0.06009615384615385
0 0.7908653846153846 0.49399038461538464 0.1045673076923077 0.13221153846153846
0 0.8737980769230769 0.6322115384615384 0.08413461538461539 0.06490384615384616
0 0.11778846153846154 0.9663461538461539 0.07451923076923077 0.04447115384615385
0 0.3161057692307692 0.6322115384615384 0.18028846153846154 0.07211538461538461
0 0.21634615384615385 0.5649038461538461 0.05889423076923077 0.038461538461538464
0 0.7271634615384616 0.16947115384615385 0.07451923076923077 0.1310096153846154
0 0.38822115384615385 0.9170673076923077 0.056490384615384616 0.06971153846153846
0 0.8689903846153846 0.7319711538461539 0.13341346153846154 0.1201923076923077
0 0.1814903846153846 0.9447115384615384 0.05889423076923077 0.046875
0 0.8641826923076923 0.08533653846153846 0.08653846153846154 0.16947115384615385
0 0.33052884615384615 0.4326923076923077 0.06009615384615385 0.06490384615384616
0 0.6586538461538461 0.46153846153846156 0.09975961538461539 0.0733173076923077
0 0.17548076923076922 0.9795673076923077 0.0673076923076923 0.038461538461538464
0 0.7319711538461539 0.49278846153846156 0.04447115384615385 0.09014423076923077
0 0.30288461538461536 0.06129807692307692 0.07572115384615384 0.09134615384615384
0 0.17427884615384615 0.7872596153846154 0.038461538461538464 0.07572115384615384
0 0.9519230769230769 0.140625 0.09495192307692307 0.07692307692307693
0 0.5733173076923077 0.5120192307692307 0.09134615384615384 0.0733173076923077
0 0.140625 0.4483173076923077 0.052884615384615384 0.04927884615384615
0 0.2608173076923077 0.38341346153846156 0.0829326923076923 0.09975961538461539
0 0.9603365384615384 0.9627403846153846 0.078125 0.0733173076923077
0 0.43149038461538464 0.5276442307692307 0.1201923076923077 0.06009615384615385