0 0.7199519230769231 0.9399038461538461 0.10096153846153846 0.05889423076923077
0 0.43028846153846156 0.6899038461538461 0.054086538461538464 0.06129807692307692
0 0.38341346153846156 0.6298076923076923 0.0625 0.06971153846153846
0 0.3894230769230769 0.5288461538461539 0.06129807692307692 0.0829326923076923
0 0.5204326923076923 0.09975961538461539 0.07572115384615384 0.11538461538461539
0 0.8353365384615384 0.6189903846153846 0.14903846153846154 0.04567307692307692
0 0.8677884615384616 0.015625 0.04447115384615385 0.03125
0 0.18389423076923078 0.3798076923076923 0.04447115384615385 0.08413461538461539
0 0.5925480769230769 0.31490384615384615 0.052884615384615384 0.03125
0 0.9783653846153846 0.8269230769230769 0.042067307692307696 0.039663461538461536
0 0.7680288461538461 0.06490384615384616 0.06009615384615385 0.0625
0 0.20072115384615385 0.23076923076923078 0.10096153846153846 0.0733173076923077
0 0.59375 0.171875 0.06490384615384616 0.0625
0 0.6358173076923077 0.9663461538461539 0.0673076923076923 0.038461538461538464
0 0.16346153846153846 0.4807692307692308 0.07451923076923077 0.052884615384615384
0 0.7115384615384616 0.4795673076923077 0.07572115384615384 0.06971153846153846
0 0.15264423076923078 0.6009615384615384 0.1141826923076923 0.07211538461538461
0 0.6105769230769231 0.7800480769230769 0.11778846153846154 0.0733173076923077
0 0.796875 0.31850961538461536 0.06009615384615385 0.04447115384615385
0 0.2956730769230769 0.23557692307692307 0.09134615384615384 0.09735576923076923
0 0.7067307692307693 0.9663461538461539 0.07451923076923077 0.06490384615384616
0 0.078125 0.5961538461538461 0.052884615384615384 0.08653846153846154
0 0.38461538461538464 0.7860576923076923 0.078125 0.051682692307692304
0 0.17427884615384615 0.890625 0.09134615384615384 0.046875
0 0.07572115384615384 0.7259615384615384 0.09375 0.055288461538461536
0 0.6274038461538461 0.0985576923076923 0.06971153846153846 0.06850961538461539
0 0.5673076923076923 0.41225961538461536 0.1310096153846154 0.0733173076923077
0 0.7620192307692307 0.4723557692307692 0.046875 0.12980769230769232
0 0.5048076923076923 0.8088942307692307 0.09375 0.04927884615384615
0 0.10096153846153846 0.4699519230769231 0.08653846153846154 0.055288461538461536
0 0.17067307692307693 0.6959134615384616 0.09615384615384616 0.04447115384615385
0 0.8786057692307693 0.27403846153846156 0.09134615384615384 0.055288461538461536
0 0.9002403846153846 0.36778846153846156 0.06971153846153846 0.055288461538461536
0 0.2247596153846154 0.59375 0.08052884615384616 0.06009615384615385
0 0.7415865384615384 0.38100961538461536 0.0733173076923077 0.08173076923076923
0 0.08173076923076923 0.021634615384615384 0.0673076923076923 0.04326923076923077
0 0.9675480769230769 0.5625 0.06370192307692307 0.07572115384615384
0 0.028846153846153848 0.5084134615384616 0.056490384615384616 0.04927884615384615
0 0.2704326923076923 0.8786057692307693 0.08533653846153846 0.03365384615384615
0 0.9831730769230769 0.02403846153846154 0.03245192307692308 0.04447115384615385
0 0.5384615384615384 0.484375 0.037259615384615384 0.03365384615384615
0 0.2548076923076923 0.8269230769230769 0.07692307692307693 0.04927884615384615
0 0.28966346153846156 0.4735576923076923 0.06370192307692307 0.10096153846153846
0 0.8701923076923077 0.20793269230769232 0.06971153846153846 0.09975961538461539
0 0.6598557692307693 0.046875 0.06129807692307692 0.039663461538461536
0 0.8942307692307693 0.5949519230769231 0.10096153846153846 0.052884615384615384
0 0.484375 0.2091346153846154 0.07091346153846154 0.055288461538461536
0 0.8810096153846154 0.09975961538461539 0.09615384615384616 0.11057692307692307
0 0.9783653846153846 0.24879807692307693 0.03365384615384615 0.04447115384615385
0 0.59375 0.5793269230769231 0.06370192307692307 0.07572115384615384
0 0.07692307692307693 0.040865384615384616 0.0985576923076923 0.06490384615384616
0 0.4735576923076923 0.8293269230769231 0.055288461538461536 0.06370192307692307
0 0.7259615384615384 0.5180288461538461 0.05048076923076923 0.078125
0 0.28725961538461536 0.3076923076923077 0.12620192307692307 0.07932692307692307
0 0.11658653846153846 0.0889423076923077 0.08413461538461539 0.04927884615384615
0 0.6538461538461539 0.5240384615384616 0.13822115384615385 0.08052884615384616
0 0.030048076923076924 0.40625 0.06009615384615385 0.05048076923076923
0 0.8689903846153846 0.7475961538461539 0.08653846153846154 0.051682692307692304
0 0.6033653846153846 0.46274038461538464 0.06610576923076923 0.07091346153846154
0 0.8137019230769231 0.037259615384615384 0.0829326923076923 0.055288461538461536
0 0.6875 0.7836538461538461 0.036057692307692304 0.05048076923076923
0 0.09375 0.24759615384615385 0.10697115384615384 0.03485576923076923
0 0.40865384615384615 0.14903846153846154 0.055288461538461536 0.0625
0 0.33533653846153844 0.5697115384615384 0.07572115384615384 0.046875
0 0.28725961538461536 0.9206730769230769 0.057692307692307696 0.03365384615384615
0 0.6274038461538461 0.7307692307692307 0.06971153846153846 0.06490384615384616
0 0.06490384615384616 0.6502403846153846 0.11778846153846154 0.03245192307692308
0 0.47716346153846156 0.22596153846153846 0.056490384615384616 0.04927884615384615
0 0.7475961538461539 0.7620192307692307 0.04927884615384615 0.03245192307692308
0 0.1778846153846154 0.7788461538461539 0.0673076923076923 0.04567307692307692
0 0.7067307692307693 0.27884615384615385 0.06971153846153846 0.05048076923076923
0 0.018028846153846152 0.7055288461538461 0.03485576923076923 0.025240384615384616
0 0.4170673076923077 0.7319711538461539 0.0673076923076923 0.037259615384615384