0 0.03365384615384615 0.12740384615384615 0.038461538461538464 0.057692307692307696
0 0.03125 0.03245192307692308 0.05048076923076923 0.057692307692307696
0 0.036057692307692304 0.08653846153846154 0.06009615384615385 0.07211538461538461
0 0.09254807692307693 0.11778846153846154 0.08533653846153846 0.07451923076923077
0 0.15384615384615385 0.18269230769230768 0.08052884615384616 0.0673076923076923
0 0.03125 0.2860576923076923 0.042067307692307696 0.10216346153846154
0 0.11538461538461539 0.39663461538461536 0.055288461538461536 0.04326923076923077
0 0.12860576923076922 0.265625 0.0829326923076923 0.057692307692307696
0 0.18389423076923078 0.35697115384615385 0.08653846153846154 0.052884615384615384
0 0.34134615384615385 0.24879807692307693 0.04927884615384615 0.03245192307692308
0 0.3894230769230769 0.28365384615384615 0.06610576923076923 0.055288461538461536
0 0.25721153846153844 0.4266826923076923 0.03365384615384615 0.030048076923076924
0 0.20793269230769232 0.41225961538461536 0.04326923076923077 0.0625
0 0.02283653846153846 0.47716346153846156 0.04567307692307692 0.04567307692307692
0 0.44350961538461536 0.30288461538461536 0.04447115384615385 0.06610576923076923
0 0.021634615384615384 0.5661057692307693 0.04326923076923077 0.036057692307692304
0 0.1045673076923077 0.5949519230769231 0.04567307692307692 0.055288461538461536
0 0.26802884615384615 0.6045673076923077 0.04326923076923077 0.03365384615384615
0 0.04447115384615385 0.7680288461538461 0.056490384615384616 0.0625
0 0.1201923076923077 0.7836538461538461 0.057692307692307696 0.07932692307692307
0 0.15745192307692307 0.796875 0.057692307692307696 0.06009615384615385
0 0.2620192307692308 0.8329326923076923 0.04927884615384615 0.030048076923076924
0 0.2920673076923077 0.796875 0.04807692307692308 0.04927884615384615
0 0.018028846153846152 0.9675480769230769 0.036057692307692304 0.042067307692307696
0 0.07211538461538461 0.9747596153846154 0.07211538461538461 0.04807692307692308
0 0.47475961538461536 0.9603365384615384 0.056490384615384616 0.039663461538461536
0 0.6670673076923077 0.8870192307692307 0.06850961538461539 0.04927884615384615
0 0.65625 0.9507211538461539 0.04807692307692308 0.04447115384615385
0 0.7163461538461539 0.9447115384615384 0.04567307692307692 0.038461538461538464
0 0.8149038461538461 0.9591346153846154 0.051682692307692304 0.04807692307692308
0 0.6730769230769231 0.8221153846153846 0.028846153846153848 0.026442307692307692
0 0.6129807692307693 0.7704326923076923 0.056490384615384616 0.04447115384615385
0 0.5925480769230769 0.7271634615384616 0.051682692307692304 0.04447115384615385
0 0.5108173076923077 0.6610576923076923 0.052884615384615384 0.08533653846153846
0 0.5721153846153846 0.65625 0.051682692307692304 0.04326923076923077
0 0.6538461538461539 0.6538461538461539 0.07572115384615384 0.037259615384615384
0 0.6550480769230769 0.7211538461538461 0.040865384615384616 0.04927884615384615
0 0.71875 0.7127403846153846 0.04447115384615385 0.039663461538461536
0 0.78125 0.7367788461538461 0.04807692307692308 0.046875
0 0.8197115384615384 0.7151442307692307 0.040865384615384616 0.057692307692307696
0 0.7512019230769231 0.6009615384615384 0.054086538461538464 0.040865384615384616
0 0.9723557692307693 0.9867788461538461 0.05048076923076923 0.021634615384615384
0 0.9242788461538461 0.9651442307692307 0.056490384615384616 0.046875
0 0.9771634615384616 0.7079326923076923 0.038461538461538464 0.038461538461538464
0 0.984375 0.6298076923076923 0.028846153846153848 0.04447115384615385
0 0.9350961538461539 0.6009615384615384 0.04447115384615385 0.038461538461538464
0 0.6286057692307693 0.5625 0.04807692307692308 0.06009615384615385
0 0.6213942307692307 0.45552884615384615 0.051682692307692304 0.056490384615384616
0 0.859375 0.4338942307692308 0.06850961538461539 0.05048076923076923
0 0.9891826923076923 0.4326923076923077 0.019230769230769232 0.04447115384615385
0 0.9350961538461539 0.3954326923076923 0.052884615384615384 0.04326923076923077
0 0.6983173076923077 0.3605769230769231 0.036057692307692304 0.037259615384615384
0 0.7560096153846154 0.375 0.039663461538461536 0.039663461538461536
0 0.7884615384615384 0.3173076923076923 0.039663461538461536 0.04807692307692308
0 0.7403846153846154 0.3173076923076923 0.057692307692307696 0.04807692307692308
0 0.6610576923076923 0.2920673076923077 0.057692307692307696 0.055288461538461536
0 0.3269230769230769 0.042067307692307696 0.09134615384615384 0.0829326923076923
0 0.8377403846153846 0.08653846153846154 0.03365384615384615 0.04927884615384615
0 0.9639423076923077 0.04567307692307692 0.06971153846153846 0.08413461538461539
0 0.921875 0.1310096153846154 0.05889423076923077 0.07572115384615384
0 0.9362980769230769 0.17307692307692307 0.06850961538461539 0.07932692307692307
0 0.984375 0.19831730769230768 0.030048076923076924 0.06971153846153846
0 0.8677884615384616 0.16105769230769232 0.038461538461538464 0.08653846153846154
0 0.7668269230769231 0.15625 0.052884615384615384 0.039663461538461536
0 0.7475961538461539 0.21995192307692307 0.06971153846153846 0.04927884615384615
0 0.5444711538461539 0.1141826923076923 0.046875 0.055288461538461536
0 0.515625 0.19471153846153846 0.04567307692307692 0.040865384615384616
0 0.5985576923076923 0.08173076923076923 0.056490384615384616 0.12740384615384615
0 0.4110576923076923 0.19471153846153846 0.06009615384615385 0.10697115384615384
0 0.44350961538461536 0.04807692307692308 0.036057692307692304 0.04567307692307692
0 0.35697115384615385 0.16105769230769232 0.05048076923076923 0.10336538461538461
0 0.4483173076923077 0.014423076923076924 0.06490384615384616 0.028846153846153848
0 0.037259615384615384 0.09014423076923077 0.055288461538461536 0.06490384615384616