0 0.40625 0.7367788461538461 0.0829326923076923 0.04447115384615385
0 0.5961538461538461 0.5997596153846154 0.055288461538461536 0.056490384615384616
0 0.057692307692307696 0.9699519230769231 0.10817307692307693 0.039663461538461536
0 0.875 0.9639423076923077 0.042067307692307696 0.039663461538461536
0 0.9122596153846154 0.15144230769230768 0.07692307692307693 0.03245192307692308
0 0.671875 0.6899038461538461 0.0625 0.04447115384615385
0 0.039663461538461536 0.3161057692307692 0.078125 0.07932692307692307
0 0.42427884615384615 0.4074519230769231 0.05889423076923077 0.06129807692307692
0 0.390625 0.7632211538461539 0.046875 0.04807692307692308
0 0.53125 0.8870192307692307 0.08052884615384616 0.08413461538461539
0 0.44350961538461536 0.6862980769230769 0.04326923076923077 0.0625
0 0.38100961538461536 0.9663461538461539 0.05048076923076923 0.055288461538461536
0 0.5324519230769231 0.9495192307692307 0.042067307692307696 0.08052884615384616
0 0.4326923076923077 0.5961538461538461 0.08052884615384616 0.06490384615384616
0 0.8918269230769231 0.042067307692307696 0.0673076923076923 0.06490384615384616
0 0.5084134615384616 0.04447115384615385 0.040865384615384616 0.08653846153846154
0 0.3449519230769231 0.3605769230769231 0.06490384615384616 0.07572115384615384
0 0.5733173076923077 0.8100961538461539 0.06971153846153846 0.04567307692307692
0 0.3713942307692308 0.8882211538461539 0.038461538461538464 0.04447115384615385
0 0.8137019230769231 0.27163461538461536 0.03125 0.0985576923076923
0 0.7091346153846154 0.33774038461538464 0.08173076923076923 0.05048076923076923
0 0.9266826923076923 0.7788461538461539 0.04807692307692308 0.03365384615384615
0 0.5913461538461539 0.9170673076923077 0.054086538461538464 0.051682692307692304
0 0.23918269230769232 0.9759615384615384 0.07211538461538461 0.037259615384615384
0 0.1201923076923077 0.984375 0.046875 0.026442307692307692
0 0.48677884615384615 0.9819711538461539 0.07572115384615384 0.03365384615384615
0 0.7295673076923077 0.9663461538461539 0.055288461538461536 0.06490384615384616
0 0.11658653846153846 0.6790865384615384 0.08533653846153846 0.038461538461538464
0 0.4855769230769231 0.234375 0.057692307692307696 0.0733173076923077
0 0.32091346153846156 0.38100961538461536 0.042067307692307696 0.04447115384615385
0 0.18990384615384615 0.6634615384615384 0.055288461538461536 0.046875
0 0.8353365384615384 0.026442307692307692 0.039663461538461536 0.04567307692307692
0 0.26322115384615385 0.09615384615384616 0.05889423076923077 0.08413461538461539
0 0.5612980769230769 0.6634615384615384 0.06490384615384616 0.0829326923076923
0 0.6538461538461539 0.08653846153846154 0.04447115384615385 0.039663461538461536
0 0.055288461538461536 0.14903846153846154 0.05889423076923077 0.05048076923076923
0 0.5420673076923077 0.7512019230769231 0.08173076923076923 0.04927884615384615
0 0.8088942307692307 0.36538461538461536 0.04326923076923077 0.06850961538461539
0 0.5576923076923077 0.3701923076923077 0.10336538461538461 0.04807692307692308
0 0.7956730769230769 0.10817307692307693 0.05048076923076923 0.046875
0 0.3786057692307692 0.33774038461538464 0.06971153846153846 0.06610576923076923
0 0.5745192307692307 0.7271634615384616 0.05889423076923077 0.052884615384615384
0 0.23076923076923078 0.609375 0.046875 0.1045673076923077
0 0.3485576923076923 0.7151442307692307 0.03485576923076923 0.055288461538461536
0 0.9783653846153846 0.9639423076923077 0.042067307692307696 0.04807692307692308
0 0.3701923076923077 0.265625 0.030048076923076924 0.1346153846153846
0 0.24278846153846154 0.27403846153846156 0.051682692307692304 0.04447115384615385
0 0.9314903846153846 0.9795673076923077 0.04807692307692308 0.036057692307692304
0 0.4014423076923077 0.6899038461538461 0.055288461538461536 0.055288461538461536
0 0.42427884615384615 0.06490384615384616 0.1310096153846154 0.08653846153846154
0 0.18269230769230768 0.7608173076923077 0.07932692307692307 0.0733173076923077
0 0.38461538461538464 0.9375 0.06490384615384616 0.03245192307692308
0 0.9771634615384616 0.18509615384615385 0.04447115384615385 0.07572115384615384
0 0.6346153846153846 0.22235576923076922 0.03365384615384615 0.1141826923076923
0 0.7451923076923077 0.9074519230769231 0.054086538461538464 0.04326923076923077
0 0.5408653846153846 0.25600961538461536 0.07451923076923077 0.0889423076923077
0 0.20072115384615385 0.3545673076923077 0.04447115384615385 0.06370192307692307
0 0.6502403846153846 0.34975961538461536 0.06490384615384616 0.04807692307692308
0 0.9110576923076923 0.7355769230769231 0.042067307692307696 0.046875
0 0.28365384615384615 0.9326923076923077 0.0673076923076923 0.03125
0 0.45913461538461536 0.7896634615384616 0.0673076923076923 0.042067307692307696
0 0.484375 0.9002403846153846 0.057692307692307696 0.06370192307692307
0 0.8401442307692307 0.3485576923076923 0.038461538461538464 0.10096153846153846
0 0.8701923076923077 0.3004807692307692 0.04447115384615385 0.07932692307692307
0 0.9350961538461539 0.11057692307692307 0.05048076923076923 0.07932692307692307
0 0.9699519230769231 0.030048076923076924 0.057692307692307696 0.040865384615384616
0 0.7439903846153846 0.65625 0.055288461538461536 0.0625
0 0.6814903846153846 0.06971153846153846 0.046875 0.046875
0 0.040865384615384616 0.6622596153846154 0.08052884615384616 0.0733173076923077
0 0.7271634615384616 0.7007211538461539 0.04927884615384615 0.08173076923076923
0 0.7283653846153846 0.296875 0.07572115384615384 0.10096153846153846