0 0.07451923076923077 0.24158653846153846 0.14903846153846154 0.12980769230769232
0 0.9723557692307693 0.8689903846153846 0.052884615384615384 0.125
0 0.31850961538461536 0.20192307692307693 0.109375 0.12259615384615384
0 0.625 0.16105769230769232 0.09615384615384616 0.1935096153846154
0 0.30649038461538464 0.7596153846153846 0.07932692307692307 0.13822115384615385
0 0.44471153846153844 0.14783653846153846 0.12259615384615384 0.06850961538461539
0 0.4362980769230769 0.8485576923076923 0.10697115384615384 0.10216346153846154
0 0.1622596153846154 0.02403846153846154 0.09134615384615384 0.046875
0 0.027644230769230768 0.6021634615384616 0.055288461538461536 0.08533653846153846
0 0.7319711538461539 0.6334134615384616 0.09735576923076923 0.07451923076923077
0 0.71875 0.8834134615384616 0.09254807692307693 0.08533653846153846
0 0.08533653846153846 0.328125 0.15865384615384615 0.0985576923076923
0 0.5192307692307693 0.6274038461538461 0.10697115384615384 0.06490384615384616
0 0.5240384615384616 0.9170673076923077 0.056490384615384616 0.11057692307692307
0 0.875 0.10336538461538461 0.0673076923076923 0.16466346153846154
0 0.12740384615384615 0.5817307692307693 0.125 0.16947115384615385
0 0.40625 0.96875 0.09495192307692307 0.055288461538461536
0 0.9639423076923077 0.09615384615384616 0.06971153846153846 0.12379807692307693
0 0.3317307692307692 0.33533653846153844 0.10697115384615384 0.09495192307692307
0 0.265625 0.030048076923076924 0.06490384615384616 0.06009615384615385
0 0.8521634615384616 0.609375 0.10336538461538461 0.07211538461538461
0 0.9507211538461539 0.6069711538461539 0.07572115384615384 0.0673076923076923
0 0.9579326923076923 0.9651442307692307 0.0829326923076923 0.06490384615384616
0 0.703125 0.4735576923076923 0.11778846153846154 0.08653846153846154
0 0.27524038461538464 0.59375 0.09495192307692307 0.10216346153846154
0 0.9471153846153846 0.05048076923076923 0.0889423076923077 0.09735576923076923
0 0.34375 0.8485576923076923 0.057692307692307696 0.06009615384615385
0 0.9038461538461539 0.38100961538461536 0.13221153846153846 0.140625
0 0.8088942307692307 0.05048076923076923 0.09134615384615384 0.10096153846153846
0 0.06370192307692307 0.5240384615384616 0.12740384615384615 0.08774038461538461