0 0.03485576923076923 0.10096153846153846 0.06971153846153846 0.19230769230769232
0 0.06490384615384616 0.47115384615384615 0.09014423076923077 0.04326923076923077
0 0.5132211538461539 0.4519230769230769 0.0625 0.09615384615384616
0 0.4519230769230769 0.7872596153846154 0.06971153846153846 0.11538461538461539
0 0.8221153846153846 0.6442307692307693 0.17427884615384615 0.09975961538461539
0 0.06370192307692307 0.8786057692307693 0.12740384615384615 0.24278846153846154
0 0.39663461538461536 0.1875 0.055288461538461536 0.17307692307692307
0 0.36778846153846156 0.7271634615384616 0.09134615384615384 0.14903846153846154
0 0.6598557692307693 0.7223557692307693 0.27403846153846156 0.10096153846153846
0 0.3245192307692308 0.7608173076923077 0.06009615384615385 0.046875
0 0.84375 0.8617788461538461 0.0733173076923077 0.06370192307692307
0 0.6069711538461539 0.19591346153846154 0.19471153846153846 0.09615384615384616
0 0.125 0.2920673076923077 0.11057692307692307 0.06490384615384616
0 0.9543269230769231 0.6887019230769231 0.0889423076923077 0.17668269230769232
0 0.05889423076923077 0.8737980769230769 0.07451923076923077 0.2512019230769231
0 0.65625 0.7872596153846154 0.15384615384615385 0.042067307692307696
0 0.025240384615384616 0.5 0.05048076923076923 0.09134615384615384
0 0.8233173076923077 0.24278846153846154 0.078125 0.06009615384615385
0 0.22115384615384615 0.8509615384615384 0.18509615384615385 0.04927884615384615
0 0.4098557692307692 0.6177884615384616 0.08533653846153846 0.0625
0 0.7788461538461539 0.12740384615384615 0.09254807692307693 0.052884615384615384
0 0.7415865384615384 0.29927884615384615 0.06009615384615385 0.06009615384615385
0 0.8064903846153846 0.40625 0.054086538461538464 0.0985576923076923
0 0.5841346153846154 0.35697115384615385 0.1141826923076923 0.12980769230769232
0 0.59375 0.4879807692307692 0.10216346153846154 0.09615384615384616
0 0.9314903846153846 0.12980769230769232 0.09014423076923077 0.1346153846153846
0 0.765625 0.8449519230769231 0.07211538461538461 0.08653846153846154
0 0.6911057692307693 0.08774038461538461 0.13221153846153846 0.17427884615384615
0 0.9747596153846154 0.6153846153846154 0.038461538461538464 0.0625
0 0.6887019230769231 0.25240384615384615 0.13221153846153846 0.06009615384615385
0 0.1201923076923077 0.8954326923076923 0.09254807692307693 0.08774038461538461
0 0.53125 0.04326923076923077 0.0733173076923077 0.08653846153846154
0 0.6490384615384616 0.9182692307692307 0.09495192307692307 0.12740384615384615
0 0.12860576923076922 0.15264423076923078 0.16346153846153846 0.2127403846153846
0 0.9567307692307693 0.22355769230769232 0.08052884615384616 0.09134615384615384
0 0.07692307692307693 0.6538461538461539 0.1502403846153846 0.07211538461538461
0 0.41947115384615385 0.12139423076923077 0.13701923076923078 0.24278846153846154
0 0.49759615384615385 0.5384615384615384 0.09615384615384616 0.057692307692307696
0 0.6129807692307693 0.6574519230769231 0.07211538461538461 0.08052884615384616
0 0.015625 0.3173076923076923 0.03125 0.18269230769230768
0 0.8365384615384616 0.6694711538461539 0.09735576923076923 0.20552884615384615
0 0.9399038461538461 0.5649038461538461 0.11899038461538461 0.08173076923076923
0 0.8834134615384616 0.49038461538461536 0.15745192307692307 0.0673076923076923
0 0.09254807692307693 0.5288461538461539 0.18509615384615385 0.1971153846153846
0 0.9615384615384616 0.051682692307692304 0.04807692307692308 0.10336538461538461
0 0.5612980769230769 0.9759615384615384 0.10336538461538461 0.04447115384615385
0 0.4326923076923077 0.84375 0.08533653846153846 0.15865384615384615
0 0.14423076923076922 0.04326923076923077 0.140625 0.08653846153846154
0 0.8882211538461539 0.6670673076923077 0.051682692307692304 0.05048076923076923
0 0.7043269230769231 0.3701923076923077 0.13581730769230768 0.0829326923076923