0 0.9495192307692307 0.05048076923076923 0.07932692307692307 0.08653846153846154
0 0.9387019230769231 0.7295673076923077 0.04567307692307692 0.051682692307692304
0 0.6634615384615384 0.9795673076923077 0.06610576923076923 0.038461538461538464
0 0.7848557692307693 0.6430288461538461 0.06370192307692307 0.0625
0 0.515625 0.5444711538461539 0.06129807692307692 0.08052884615384616
0 0.49278846153846156 0.4230769230769231 0.057692307692307696 0.06129807692307692
0 0.7632211538461539 0.7235576923076923 0.06370192307692307 0.055288461538461536
0 0.7007211538461539 0.359375 0.055288461538461536 0.06370192307692307
0 0.953125 0.14783653846153846 0.09134615384615384 0.10817307692307693
0 0.32211538461538464 0.2548076923076923 0.08052884615384616 0.06009615384615385
0 0.6442307692307693 0.019230769230769232 0.04807692307692308 0.038461538461538464
0 0.75 0.8052884615384616 0.051682692307692304 0.04567307692307692
0 0.5504807692307693 0.07692307692307693 0.06490384615384616 0.11177884615384616
0 0.6394230769230769 0.3389423076923077 0.06850961538461539 0.0673076923076923
0 0.6334134615384616 0.828125 0.08052884615384616 0.06009615384615385
0 0.9302884615384616 0.390625 0.07451923076923077 0.12740384615384615
0 0.8798076923076923 0.8497596153846154 0.09134615384615384 0.0625
0 0.10216346153846154 0.03125 0.04447115384615385 0.06129807692307692
0 0.484375 0.26802884615384615 0.11778846153846154 0.10697115384615384
0 0.6862980769230769 0.25721153846153844 0.04927884615384615 0.055288461538461536
0 0.7944711538461539 0.5576923076923077 0.04326923076923077 0.055288461538461536
0 0.640625 0.15865384615384615 0.057692307692307696 0.09735576923076923
0 0.9747596153846154 0.7055288461538461 0.04807692307692308 0.057692307692307696
0 0.5901442307692307 0.9663461538461539 0.04807692307692308 0.052884615384615384
0 0.03485576923076923 0.5264423076923077 0.06971153846153846 0.057692307692307696
0 0.43028846153846156 0.18990384615384615 0.05889423076923077 0.09134615384615384
0 0.8497596153846154 0.7944711538461539 0.06490384615384616 0.04927884615384615
0 0.4375 0.49278846153846156 0.052884615384615384 0.06971153846153846
0 0.9206730769230769 0.6418269230769231 0.06490384615384616 0.06850961538461539