0 0.23677884615384615 0.12740384615384615 0.08533653846153846 0.15264423076923078
0 0.8990384615384616 0.26802884615384615 0.04447115384615385 0.09615384615384616
0 0.31009615384615385 0.0829326923076923 0.05889423076923077 0.06490384615384616
0 0.14423076923076922 0.7800480769230769 0.09615384615384616 0.10096153846153846
0 0.9014423076923077 0.7367788461538461 0.06129807692307692 0.04447115384615385
0 0.875 0.040865384615384616 0.08533653846153846 0.08052884615384616
0 0.7295673076923077 0.46634615384615385 0.10096153846153846 0.04326923076923077
0 0.03485576923076923 0.016826923076923076 0.06610576923076923 0.03365384615384615
0 0.4170673076923077 0.14543269230769232 0.05889423076923077 0.06129807692307692
0 0.8197115384615384 0.23197115384615385 0.06009615384615385 0.057692307692307696
0 0.9555288461538461 0.5456730769230769 0.05889423076923077 0.0673076923076923
0 0.8004807692307693 0.8545673076923077 0.06370192307692307 0.04807692307692308
0 0.7668269230769231 0.6346153846153846 0.0625 0.08052884615384616
0 0.9675480769230769 0.49158653846153844 0.06009615384615385 0.05889423076923077
0 0.8990384615384616 0.15384615384615385 0.07091346153846154 0.055288461538461536
0 0.5108173076923077 0.054086538461538464 0.06490384615384616 0.055288461538461536
0 0.45072115384615385 0.9350961538461539 0.039663461538461536 0.05048076923076923
0 0.7668269230769231 0.5204326923076923 0.11658653846153846 0.04927884615384615
0 0.8329326923076923 0.10096153846153846 0.06971153846153846 0.06490384615384616
0 0.9567307692307693 0.21754807692307693 0.055288461538461536 0.08413461538461539
0 0.9435096153846154 0.016826923076923076 0.06490384615384616 0.03365384615384615
0 0.9747596153846154 0.3233173076923077 0.04927884615384615 0.09254807692307693
0 0.22716346153846154 0.34134615384615385 0.09615384615384616 0.1310096153846154
0 0.7692307692307693 0.14783653846153846 0.09134615384615384 0.078125
0 0.0889423076923077 0.8257211538461539 0.16466346153846154 0.15985576923076922
0 0.9783653846153846 0.11778846153846154 0.040865384615384616 0.09615384615384616
0 0.4831730769230769 0.028846153846153848 0.08774038461538461 0.057692307692307696