0 0.8161057692307693 0.8016826923076923 0.08533653846153846 0.06490384615384616
0 0.703125 0.8389423076923077 0.08413461538461539 0.0733173076923077
0 0.6009615384615384 0.8990384615384616 0.06850961538461539 0.06610576923076923
0 0.7463942307692307 0.46274038461538464 0.07091346153846154 0.10336538461538461
0 0.3173076923076923 0.44711538461538464 0.08052884615384616 0.07572115384615384
0 0.11899038461538461 0.07932692307692307 0.09254807692307693 0.07572115384615384
0 0.21875 0.9122596153846154 0.09975961538461539 0.08533653846153846
0 0.46033653846153844 0.4423076923076923 0.07932692307692307 0.07932692307692307
0 0.15745192307692307 0.4651442307692308 0.07572115384615384 0.0733173076923077
0 0.2608173076923077 0.2800480769230769 0.07091346153846154 0.06610576923076923
0 0.5396634615384616 0.09375 0.0889423076923077 0.06971153846153846
0 0.7103365384615384 0.109375 0.09134615384615384 0.04927884615384615
0 0.9735576923076923 0.042067307692307696 0.04927884615384615 0.0829326923076923
0 0.6935096153846154 0.7295673076923077 0.1045673076923077 0.0985576923076923
0 0.7836538461538461 0.18870192307692307 0.08173076923076923 0.10216346153846154
0 0.3137019230769231 0.7451923076923077 0.07932692307692307 0.0733173076923077
0 0.5612980769230769 0.5264423076923077 0.0889423076923077 0.06009615384615385
0 0.6514423076923077 0.5012019230769231 0.08413461538461539 0.09615384615384616
0 0.051682692307692304 0.26802884615384615 0.0733173076923077 0.08173076923076923
0 0.8161057692307693 0.09975961538461539 0.056490384615384616 0.0625
0 0.859375 0.042067307692307696 0.10096153846153846 0.08413461538461539
0 0.16947115384615385 0.8064903846153846 0.07572115384615384 0.07932692307692307
0 0.6045673076923077 0.8076923076923077 0.06971153846153846 0.07692307692307693
0 0.8545673076923077 0.9290865384615384 0.09615384615384616 0.09615384615384616
0 0.04807692307692308 0.359375 0.0673076923076923 0.0829326923076923
0 0.30408653846153844 0.53125 0.07932692307692307 0.07692307692307693
0 0.359375 0.25721153846153844 0.08052884615384616 0.06971153846153846
0 0.421875 0.9242788461538461 0.06971153846153846 0.06129807692307692
0 0.3389423076923077 0.8701923076923077 0.109375 0.07572115384615384
0 0.6622596153846154 0.16105769230769232 0.12860576923076922 0.09134615384615384
0 0.8798076923076923 0.8016826923076923 0.08653846153846154 0.09134615384615384
0 0.14302884615384615 0.6430288461538461 0.10096153846153846 0.07572115384615384
0 0.20673076923076922 0.3641826923076923 0.10697115384615384 0.09134615384615384
0 0.24278846153846154 0.0889423076923077 0.09495192307692307 0.06610576923076923
0 0.8341346153846154 0.6454326923076923 0.10096153846153846 0.08052884615384616
0 0.984375 0.21875 0.028846153846153848 0.07932692307692307
0 0.44711538461538464 0.5612980769230769 0.09134615384615384 0.0889423076923077