0 0.32091346153846156 0.01201923076923077 0.10697115384615384 0.02403846153846154
0 0.46153846153846156 0.06129807692307692 0.25600961538461536 0.07572115384615384
0 0.13822115384615385 0.09615384615384616 0.27524038461538464 0.08653846153846154
0 0.171875 0.07692307692307693 0.12980769230769232 0.15384615384615385
0 0.14903846153846154 0.203125 0.15384615384615385 0.0625
0 0.8257211538461539 0.03125 0.20432692307692307 0.0625
0 0.4723557692307692 0.25721153846153844 0.07572115384615384 0.18028846153846154
0 0.025240384615384616 0.35216346153846156 0.05048076923076923 0.14903846153846154
0 0.38461538461538464 0.8004807692307693 0.055288461538461536 0.06009615384615385
0 0.13701923076923078 0.9110576923076923 0.22235576923076922 0.07932692307692307
0 0.21875 0.8137019230769231 0.3317307692307692 0.11899038461538461
0 0.28846153846153844 0.5793269230769231 0.09134615384615384 0.15745192307692307
0 0.2403846153846154 0.6814903846153846 0.18028846153846154 0.11899038461538461
0 0.7139423076923077 0.9278846153846154 0.20793269230769232 0.08653846153846154
0 0.84375 0.8978365384615384 0.12259615384615384 0.10697115384615384
0 0.7908653846153846 0.9855769230769231 0.03365384615384615 0.026442307692307692
0 0.9507211538461539 0.9170673076923077 0.09615384615384616 0.051682692307692304
0 0.39663461538461536 0.5420673076923077 0.05889423076923077 0.16105769230769232
0 0.5132211538461539 0.6430288461538461 0.08653846153846154 0.29447115384615385
0 0.5528846153846154 0.5661057692307693 0.27524038461538464 0.0673076923076923
0 0.4519230769230769 0.5108173076923077 0.05889423076923077 0.06009615384615385
0 0.8966346153846154 0.6057692307692307 0.14302884615384615 0.15384615384615385
0 0.6947115384615384 0.7944711538461539 0.05889423076923077 0.08774038461538461
0 0.7716346153846154 0.7007211538461539 0.11057692307692307 0.2824519230769231
0 0.6802884615384616 0.6814903846153846 0.25600961538461536 0.22596153846153846
0 0.06610576923076923 0.9591346153846154 0.04447115384615385 0.08052884615384616
0 0.13701923076923078 0.9903846153846154 0.02403846153846154 0.018028846153846152
0 0.890625 0.9735576923076923 0.11057692307692307 0.051682692307692304
0 0.9026442307692307 0.9038461538461539 0.039663461538461536 0.025240384615384616
0 0.18269230769230768 0.2644230769230769 0.07211538461538461 0.07932692307692307
0 0.7788461538461539 0.5192307692307693 0.06370192307692307 0.06850961538461539
0 0.9591346153846154 0.9795673076923077 0.07932692307692307 0.039663461538461536
0 0.10096153846153846 0.08052884615384616 0.036057692307692304 0.021634615384615384
0 0.9435096153846154 0.6418269230769231 0.11057692307692307 0.1622596153846154