0 0.6382211538461539 0.06370192307692307 0.040865384615384616 0.039663461538461536
0 0.33413461538461536 0.08052884615384616 0.06490384615384616 0.05048076923076923
0 0.49278846153846156 0.15384615384615385 0.055288461538461536 0.06009615384615385
0 0.7788461538461539 0.375 0.06971153846153846 0.13822115384615385
0 0.44350961538461536 0.3112980769230769 0.054086538461538464 0.06971153846153846
0 0.5649038461538461 0.265625 0.06971153846153846 0.07211538461538461
0 0.5480769230769231 0.4675480769230769 0.078125 0.039663461538461536
0 0.5889423076923077 0.5372596153846154 0.055288461538461536 0.03365384615384615
0 0.44471153846153844 0.6117788461538461 0.03485576923076923 0.056490384615384616
0 0.5120192307692307 0.5865384615384616 0.05048076923076923 0.040865384615384616
0 0.6418269230769231 0.6862980769230769 0.04326923076923077 0.0625
0 0.6923076923076923 0.6754807692307693 0.038461538461538464 0.07932692307692307
0 0.48197115384615385 0.8064903846153846 0.056490384615384616 0.03365384615384615
0 0.4735576923076923 0.9302884615384616 0.04807692307692308 0.06490384615384616
0 0.3161057692307692 0.9086538461538461 0.07572115384615384 0.06009615384615385
0 0.9146634615384616 0.5288461538461539 0.04326923076923077 0.10096153846153846
0 0.4675480769230769 0.6899038461538461 0.04447115384615385 0.02283653846153846
0 0.8137019230769231 0.29086538461538464 0.08052884615384616 0.08774038461538461
0 0.7920673076923077 0.21153846153846154 0.038461538461538464 0.04326923076923077
0 0.41225961538461536 0.35697115384615385 0.036057692307692304 0.04326923076923077
0 0.6153846153846154 0.671875 0.028846153846153848 0.020432692307692308
0 0.8870192307692307 0.6730769230769231 0.06971153846153846 0.03365384615384615
0 0.9194711538461539 0.17427884615384615 0.026442307692307692 0.025240384615384616
0 0.27403846153846156 0.6983173076923077 0.1658653846153846 0.04567307692307692
0 0.7307692307692307 0.8052884615384616 0.056490384615384616 0.06490384615384616