0 0.10576923076923077 0.6995192307692307 0.13701923076923078 0.13822115384615385
0 0.2247596153846154 0.7127403846153846 0.10216346153846154 0.13341346153846154
0 0.5504807692307693 0.33052884615384615 0.12980769230769232 0.19110576923076922
0 0.8004807692307693 0.5853365384615384 0.13221153846153846 0.1466346153846154
0 0.7391826923076923 0.13581730769230768 0.0985576923076923 0.15745192307692307
0 0.5240384615384616 0.6322115384615384 0.10697115384615384 0.12259615384615384
0 0.10697115384615384 0.02403846153846154 0.07572115384615384 0.046875
0 0.03125 0.039663461538461536 0.06129807692307692 0.07211538461538461
0 0.02283653846153846 0.16466346153846154 0.039663461538461536 0.09014423076923077
0 0.06009615384615385 0.24519230769230768 0.08052884615384616 0.09495192307692307
0 0.5793269230769231 0.7788461538461539 0.07692307692307693 0.08413461538461539
0 0.5841346153846154 0.026442307692307692 0.13221153846153846 0.05048076923076923
0 0.5204326923076923 0.2692307692307692 0.16466346153846154 0.13701923076923078
0 0.921875 0.20793269230769232 0.09375 0.1466346153846154
0 0.4855769230769231 0.9146634615384616 0.08413461538461539 0.109375
0 0.34375 0.5769230769230769 0.109375 0.11177884615384616
0 0.3401442307692308 0.6875 0.09495192307692307 0.09254807692307693
0 0.5288461538461539 0.45072115384615385 0.09975961538461539 0.0733173076923077
0 0.9038461538461539 0.9447115384615384 0.1875 0.10576923076923077
0 0.1971153846153846 0.234375 0.09134615384615384 0.09014423076923077
0 0.2536057692307692 0.4375 0.14543269230769232 0.09254807692307693
0 0.15625 0.5997596153846154 0.12980769230769232 0.09615384615384616
0 0.15625 0.9735576923076923 0.10096153846153846 0.051682692307692304
0 0.45552884615384615 0.6009615384615384 0.10576923076923077 0.125
0 0.9759615384615384 0.8161057692307693 0.04567307692307692 0.12740384615384615
0 0.14423076923076922 0.3112980769230769 0.06971153846153846 0.07572115384615384