0 0.7608173076923077 0.6490384615384616 0.039663461538461536 0.03485576923076923
0 0.7175480769230769 0.6165865384615384 0.038461538461538464 0.039663461538461536
0 0.7620192307692307 0.7572115384615384 0.021634615384615384 0.030048076923076924
0 0.7896634615384616 0.7980769230769231 0.042067307692307696 0.078125
0 0.6887019230769231 0.8161057692307693 0.052884615384615384 0.02403846153846154
0 0.9242788461538461 0.4567307692307692 0.05048076923076923 0.040865384615384616
0 0.7067307692307693 0.5444711538461539 0.028846153846153848 0.042067307692307696
0 0.828125 0.27884615384615385 0.04447115384615385 0.0733173076923077
0 0.6682692307692307 0.2091346153846154 0.02283653846153846 0.036057692307692304
0 0.7740384615384616 0.20432692307692307 0.026442307692307692 0.06971153846153846
0 0.6177884615384616 0.040865384615384616 0.030048076923076924 0.04927884615384615
0 0.9591346153846154 0.06490384615384616 0.06129807692307692 0.038461538461538464
0 0.6201923076923077 0.7211538461538461 0.040865384615384616 0.027644230769230768
0 0.8485576923076923 0.20552884615384615 0.028846153846153848 0.03365384615384615
0 0.8173076923076923 0.35096153846153844 0.03485576923076923 0.03245192307692308
0 0.9795673076923077 0.09375 0.038461538461538464 0.046875
0 0.7331730769230769 0.3786057692307692 0.056490384615384616 0.030048076923076924
0 0.6875 0.4795673076923077 0.030048076923076924 0.04807692307692308