0 0.6370192307692307 0.8870192307692307 0.08653846153846154 0.0625
0 0.8918269230769231 0.8617788461538461 0.08052884615384616 0.046875
0 0.8858173076923077 0.390625 0.0625 0.06971153846153846
0 0.8112980769230769 0.8533653846153846 0.0673076923076923 0.052884615384615384
0 0.5492788461538461 0.06370192307692307 0.08052884615384616 0.05048076923076923
0 0.25 0.8605769230769231 0.11658653846153846 0.06009615384615385
0 0.8629807692307693 0.07692307692307693 0.04927884615384615 0.07572115384615384
0 0.6646634615384616 0.6598557692307693 0.06610576923076923 0.054086538461538464
0 0.44591346153846156 0.9326923076923077 0.06490384615384616 0.08052884615384616
0 0.3473557692307692 0.8413461538461539 0.0733173076923077 0.055288461538461536
0 0.6225961538461539 0.9507211538461539 0.09375 0.09014423076923077
0 0.9038461538461539 0.7463942307692307 0.09134615384615384 0.03125
0 0.5240384615384616 0.328125 0.0625 0.054086538461538464
0 0.4170673076923077 0.6466346153846154 0.08052884615384616 0.06370192307692307
0 0.7139423076923077 0.6213942307692307 0.06370192307692307 0.07091346153846154
0 0.8521634615384616 0.9098557692307693 0.07572115384615384 0.04447115384615385
0 0.4387019230769231 0.04447115384615385 0.07211538461538461 0.051682692307692304
0 0.38100961538461536 0.5865384615384616 0.07211538461538461 0.06490384615384616
0 0.703125 0.25961538461538464 0.06850961538461539 0.06971153846153846
0 0.75 0.019230769230769232 0.042067307692307696 0.038461538461538464
0 0.4254807692307692 0.5348557692307693 0.08052884615384616 0.0625
0 0.6262019230769231 0.8461538461538461 0.06971153846153846 0.046875
0 0.3317307692307692 0.2548076923076923 0.07091346153846154 0.056490384615384616
0 0.027644230769230768 0.9182692307692307 0.055288461538461536 0.038461538461538464
0 0.45913461538461536 0.48677884615384615 0.038461538461538464 0.046875
0 0.9663461538461539 0.6682692307692307 0.06490384615384616 0.03365384615384615
0 0.7584134615384616 0.06009615384615385 0.040865384615384616 0.055288461538461536
0 0.14903846153846154 0.8317307692307693 0.08413461538461539 0.04807692307692308
0 0.5096153846153846 0.5709134615384616 0.06971153846153846 0.05889423076923077
0 0.9519230769230769 0.8293269230769231 0.04567307692307692 0.055288461538461536
0 0.8798076923076923 0.6598557692307693 0.054086538461538464 0.04807692307692308
0 0.1875 0.6033653846153846 0.10216346153846154 0.056490384615384616
0 0.016826923076923076 0.6802884615384616 0.03245192307692308 0.04447115384615385
0 0.59375 0.21153846153846154 0.10096153846153846 0.09254807692307693
0 0.18870192307692307 0.9326923076923077 0.07572115384615384 0.028846153846153848
0 0.2620192307692308 0.02283653846153846 0.057692307692307696 0.04567307692307692
0 0.15384615384615385 0.7427884615384616 0.07572115384615384 0.04927884615384615
0 0.32091346153846156 0.7091346153846154 0.06129807692307692 0.07091346153846154
0 0.11538461538461539 0.6478365384615384 0.08533653846153846 0.028846153846153848
0 0.4795673076923077 0.35216346153846156 0.06009615384615385 0.028846153846153848
0 0.71875 0.17067307692307693 0.06370192307692307 0.10697115384615384
0 0.125 0.8617788461538461 0.10096153846153846 0.109375
0 0.41466346153846156 0.38341346153846156 0.057692307692307696 0.09495192307692307
0 0.4699519230769231 0.20432692307692307 0.07091346153846154 0.08173076923076923
0 0.7019230769230769 0.8485576923076923 0.05048076923076923 0.04326923076923077
0 0.9050480769230769 0.21394230769230768 0.06009615384615385 0.06009615384615385
0 0.6754807692307693 0.014423076923076924 0.04807692307692308 0.028846153846153848
0 0.038461538461538464 0.7932692307692307 0.07211538461538461 0.06490384615384616
0 0.8473557692307693 0.25240384615384615 0.078125 0.07572115384615384
0 0.1466346153846154 0.27884615384615385 0.09975961538461539 0.038461538461538464
0 0.8317307692307693 0.96875 0.07572115384615384 0.06129807692307692
0 0.39903846153846156 0.546875 0.08052884615384616 0.078125
0 0.7764423076923077 0.5697115384615384 0.11658653846153846 0.06129807692307692
0 0.5324519230769231 0.19230769230769232 0.06971153846153846 0.08052884615384616
0 0.030048076923076924 0.0733173076923077 0.05889423076923077 0.040865384615384616
0 0.08774038461538461 0.8942307692307693 0.0889423076923077 0.039663461538461536
0 0.21514423076923078 0.8762019230769231 0.05889423076923077 0.018028846153846152
0 0.5925480769230769 0.051682692307692304 0.07451923076923077 0.05048076923076923
0 0.9098557692307693 0.01201923076923077 0.05889423076923077 0.02403846153846154
0 0.2692307692307692 0.6358173076923077 0.06971153846153846 0.054086538461538464
0 0.875 0.2644230769230769 0.06850961538461539 0.04567307692307692
0 0.11778846153846154 0.6983173076923077 0.109375 0.051682692307692304
0 0.78125 0.35697115384615385 0.06490384615384616 0.052884615384615384
0 0.5288461538461539 0.2536057692307692 0.046875 0.08052884615384616
0 0.7536057692307693 0.7391826923076923 0.09615384615384616 0.04447115384615385
0 0.49759615384615385 0.9675480769230769 0.05889423076923077 0.06129807692307692
0 0.9399038461538461 0.9711538461538461 0.11899038461538461 0.055288461538461536
0 0.030048076923076924 0.015625 0.05889423076923077 0.03125
0 0.44591346153846156 0.014423076923076924 0.039663461538461536 0.028846153846153848
0 0.40625 0.8701923076923077 0.07211538461538461 0.04927884615384615
0 0.2860576923076923 0.9543269230769231 0.078125 0.05048076923076923
0 0.2800480769230769 0.9254807692307693 0.06971153846153846 0.03365384615384615
0 0.6454326923076923 0.7872596153846154 0.09014423076923077 0.040865384615384616
0 0.75 0.875 0.052884615384615384 0.04807692307692308
0 0.04326923076923077 0.9855769230769231 0.08653846153846154 0.027644230769230768
0 0.140625 0.24278846153846154 0.038461538461538464 0.030048076923076924
0 0.12139423076923077 0.18509615384615385 0.0733173076923077 0.0625
0 0.6442307692307693 0.49759615384615385 0.09495192307692307 0.04447115384615385
0 0.5576923076923077 0.015625 0.04807692307692308 0.03125
0 0.078125 0.6490384615384616 0.051682692307692304 0.05048076923076923
0 0.49399038461538464 0.6959134615384616 0.06490384615384616 0.038461538461538464
0 0.7391826923076923 0.9122596153846154 0.08774038461538461 0.038461538461538464