0 0.53125 0.19471153846153846 0.03365384615384615 0.037259615384615384
0 0.7512019230769231 0.10817307692307693 0.09134615384615384 0.028846153846153848
0 0.6622596153846154 0.5 0.03365384615384615 0.054086538461538464
0 0.43990384615384615 0.8930288461538461 0.021634615384615384 0.018028846153846152
0 0.3269230769230769 0.8076923076923077 0.038461538461538464 0.02283653846153846
0 0.5973557692307693 0.8269230769230769 0.042067307692307696 0.02283653846153846
0 0.43028846153846156 0.6995192307692307 0.03485576923076923 0.051682692307692304
0 0.5985576923076923 0.3016826923076923 0.028846153846153848 0.04326923076923077
0 0.734375 0.25721153846153844 0.02403846153846154 0.018028846153846152
0 0.8629807692307693 0.8413461538461539 0.04927884615384615 0.018028846153846152
0 0.9375 0.8040865384615384 0.04447115384615385 0.03485576923076923
0 0.8894230769230769 0.6514423076923077 0.046875 0.057692307692307696
0 0.5961538461538461 0.6105769230769231 0.013221153846153846 0.028846153846153848
0 0.5264423076923077 0.6081730769230769 0.030048076923076924 0.030048076923076924
0 0.7175480769230769 0.8545673076923077 0.028846153846153848 0.055288461538461536
0 0.7956730769230769 0.9014423076923077 0.038461538461538464 0.054086538461538464
0 0.37259615384615385 0.109375 0.021634615384615384 0.055288461538461536
0 0.6346153846153846 0.020432692307692308 0.04567307692307692 0.040865384615384616