0 0.3870192307692308 0.44591346153846156 0.03365384615384615 0.07451923076923077
0 0.9278846153846154 0.42427884615384615 0.04447115384615385 0.056490384615384616
0 0.9362980769230769 0.3641826923076923 0.051682692307692304 0.055288461538461536
0 0.265625 0.3293269230769231 0.039663461538461536 0.08653846153846154
0 0.8942307692307693 0.26322115384615385 0.03365384615384615 0.028846153846153848
0 0.23677884615384615 0.7572115384615384 0.04447115384615385 0.040865384615384616
0 0.9302884615384616 0.5 0.07451923076923077 0.08052884615384616
0 0.171875 0.1346153846153846 0.04927884615384615 0.08173076923076923
0 0.2932692307692308 0.40865384615384615 0.037259615384615384 0.06009615384615385
0 0.36778846153846156 0.171875 0.04447115384615385 0.06850961538461539
0 0.8112980769230769 0.3161057692307692 0.057692307692307696 0.06009615384615385
0 0.7548076923076923 0.5817307692307693 0.04567307692307692 0.055288461538461536
0 0.43990384615384615 0.5913461538461539 0.06850961538461539 0.04447115384615385
0 0.9134615384615384 0.28725961538461536 0.07211538461538461 0.06009615384615385
0 0.24158653846153846 0.15625 0.05889423076923077 0.09615384615384616
0 0.17307692307692307 0.5625 0.046875 0.06370192307692307
0 0.8497596153846154 0.5697115384615384 0.055288461538461536 0.06009615384615385
0 0.8329326923076923 0.6237980769230769 0.04567307692307692 0.04567307692307692
0 0.32211538461538464 0.7295673076923077 0.040865384615384616 0.04326923076923077
0 0.8293269230769231 0.7896634615384616 0.03245192307692308 0.04447115384615385
0 0.875 0.8004807692307693 0.0673076923076923 0.040865384615384616
0 0.9831730769230769 0.5348557692307693 0.03125 0.04447115384615385
0 0.2920673076923077 0.5108173076923077 0.04927884615384615 0.038461538461538464
0 0.046875 0.23918269230769232 0.054086538461538464 0.0829326923076923
0 0.036057692307692304 0.055288461538461536 0.040865384615384616 0.06370192307692307
0 0.7572115384615384 0.026442307692307692 0.06490384615384616 0.04807692307692308
0 0.859375 0.4855769230769231 0.06009615384615385 0.09495192307692307
0 0.8221153846153846 0.17908653846153846 0.04326923076923077 0.03125
0 0.1045673076923077 0.4495192307692308 0.042067307692307696 0.06129807692307692
0 0.796875 0.2127403846153846 0.0673076923076923 0.052884615384615384
0 0.9471153846153846 0.7235576923076923 0.04927884615384615 0.06850961538461539
0 0.17668269230769232 0.796875 0.051682692307692304 0.055288461538461536
0 0.9074519230769231 0.6766826923076923 0.04447115384615385 0.036057692307692304
0 0.34134615384615385 0.4483173076923077 0.037259615384615384 0.027644230769230768
0 0.11778846153846154 0.30528846153846156 0.026442307692307692 0.04326923076923077
0 0.6237980769230769 0.234375 0.05889423076923077 0.06490384615384616