0 0.2776442307692308 0.4987980769230769 0.12620192307692307 0.2091346153846154
0 0.24639423076923078 0.44350961538461536 0.13822115384615385 0.0985576923076923
0 0.021634615384615384 0.49158653846153844 0.04326923076923077 0.04927884615384615
0 0.1141826923076923 0.5865384615384616 0.18028846153846154 0.1658653846153846
0 0.22956730769230768 0.7019230769230769 0.10697115384615384 0.12860576923076922
0 0.18870192307692307 0.8413461538461539 0.1875 0.07451923076923077
0 0.5649038461538461 0.5793269230769231 0.17427884615384615 0.1310096153846154
0 0.5228365384615384 0.7487980769230769 0.06490384615384616 0.1971153846153846
0 0.14423076923076922 0.6442307692307693 0.15384615384615385 0.10096153846153846
0 0.3389423076923077 0.984375 0.08413461538461539 0.030048076923076924
0 0.5504807692307693 0.8954326923076923 0.14423076923076922 0.06009615384615385
0 0.2439903846153846 0.9555288461538461 0.14182692307692307 0.08653846153846154
0 0.038461538461538464 0.8533653846153846 0.07572115384615384 0.09014423076923077
0 0.12860576923076922 0.7752403846153846 0.12139423076923077 0.17427884615384615
0 0.7055288461538461 0.7680288461538461 0.078125 0.078125
0 0.6742788461538461 0.6935096153846154 0.17427884615384615 0.04927884615384615
0 0.6586538461538461 0.6935096153846154 0.1502403846153846 0.109375
0 0.6033653846153846 0.7896634615384616 0.08173076923076923 0.037259615384615384
0 0.7091346153846154 0.8377403846153846 0.14903846153846154 0.14903846153846154
0 0.7463942307692307 0.9098557692307693 0.06850961538461539 0.038461538461538464
0 0.9735576923076923 0.9627403846153846 0.051682692307692304 0.07211538461538461
0 0.8401442307692307 0.9867788461538461 0.11778846153846154 0.025240384615384616
0 0.6141826923076923 0.9423076923076923 0.1466346153846154 0.04927884615384615
0 0.625 0.9603365384615384 0.20072115384615385 0.07692307692307693
0 0.8076923076923077 0.953125 0.14903846153846154 0.055288461538461536
0 0.7908653846153846 0.6875 0.06490384615384616 0.14903846153846154
0 0.9879807692307693 0.6490384615384616 0.02283653846153846 0.04447115384615385
0 0.8617788461538461 0.6117788461538461 0.14903846153846154 0.17548076923076922
0 0.9795673076923077 0.5336538461538461 0.038461538461538464 0.026442307692307692
0 0.9459134615384616 0.5048076923076923 0.10697115384615384 0.07572115384615384
0 0.9158653846153846 0.5841346153846154 0.06971153846153846 0.1141826923076923
0 0.6490384615384616 0.5 0.16947115384615385 0.04807692307692308
0 0.4735576923076923 0.328125 0.18509615384615385 0.07572115384615384
0 0.5132211538461539 0.390625 0.13221153846153846 0.14543269230769232
0 0.34615384615384615 0.3425480769230769 0.171875 0.13341346153846154
0 0.109375 0.203125 0.11298076923076923 0.15745192307692307
0 0.06490384615384616 0.34615384615384615 0.12860576923076922 0.046875
0 0.051682692307692304 0.36778846153846156 0.0985576923076923 0.2403846153846154
0 0.3293269230769231 0.16826923076923078 0.07091346153846154 0.26322115384615385
0 0.2860576923076923 0.23677884615384615 0.21634615384615385 0.08052884615384616
0 0.02403846153846154 0.13822115384615385 0.046875 0.24278846153846154
0 0.39903846153846156 0.10576923076923077 0.06490384615384616 0.051682692307692304
0 0.21514423076923078 0.036057692307692304 0.24278846153846154 0.051682692307692304
0 0.4951923076923077 0.08774038461538461 0.06490384615384616 0.046875
0 0.4723557692307692 0.03125 0.15625 0.051682692307692304
0 0.9807692307692307 0.22596153846153846 0.037259615384615384 0.06009615384615385
0 0.9555288461538461 0.21514423076923078 0.08774038461538461 0.12980769230769232
0 0.20072115384615385 0.09134615384615384 0.08173076923076923 0.046875
0 0.5925480769230769 0.08173076923076923 0.12740384615384615 0.16346153846153846
0 0.984375 0.01201923076923077 0.028846153846153848 0.02403846153846154
0 0.6814903846153846 0.17908653846153846 0.06490384615384616 0.17548076923076922
0 0.9399038461538461 0.22355769230769232 0.06850961538461539 0.1935096153846154
0 0.9014423076923077 0.296875 0.07932692307692307 0.14182692307692307
0 0.9050480769230769 0.27283653846153844 0.07091346153846154 0.15264423076923078
0 0.35096153846153844 0.796875 0.13822115384615385 0.18028846153846154
0 0.1141826923076923 0.16466346153846154 0.12259615384615384 0.21153846153846154
0 0.17548076923076922 0.12620192307692307 0.171875 0.1502403846153846
0 0.8245192307692307 0.36899038461538464 0.12620192307692307 0.17427884615384615
0 0.6826923076923077 0.3701923076923077 0.052884615384615384 0.039663461538461536
0 0.6081730769230769 0.27403846153846156 0.07211538461538461 0.05889423076923077
0 0.6454326923076923 0.375 0.09615384615384616 0.15625
0 0.7307692307692307 0.36899038461538464 0.06009615384615385 0.17307692307692307
0 0.59375 0.359375 0.04447115384615385 0.06009615384615385
0 0.6742788461538461 0.29447115384615385 0.1310096153846154 0.10096153846153846