0 0.9675480769230769 0.3894230769230769 0.05048076923076923 0.06971153846153846
0 0.8233173076923077 0.08533653846153846 0.07451923076923077 0.05048076923076923
0 0.10096153846153846 0.484375 0.08413461538461539 0.06009615384615385
0 0.18389423076923078 0.9507211538461539 0.052884615384615384 0.021634615384615384
0 0.8245192307692307 0.7091346153846154 0.0625 0.06370192307692307
0 0.32091346153846156 0.14423076923076922 0.06370192307692307 0.057692307692307696
0 0.5168269230769231 0.8689903846153846 0.06850961538461539 0.055288461538461536
0 0.5588942307692307 0.140625 0.054086538461538464 0.0733173076923077
0 0.25240384615384615 0.9266826923076923 0.07211538461538461 0.055288461538461536
0 0.15625 0.14302884615384615 0.10096153846153846 0.04447115384615385
0 0.1814903846153846 0.9182692307692307 0.08413461538461539 0.05889423076923077
0 0.12259615384615384 0.29086538461538464 0.09735576923076923 0.038461538461538464
0 0.8990384615384616 0.31850961538461536 0.08052884615384616 0.05889423076923077
0 0.018028846153846152 0.7992788461538461 0.03485576923076923 0.03365384615384615
0 0.7860576923076923 0.546875 0.0625 0.039663461538461536
0 0.8954326923076923 0.15504807692307693 0.04927884615384615 0.0733173076923077
0 0.18870192307692307 0.8581730769230769 0.07932692307692307 0.051682692307692304
0 0.26802884615384615 0.7079326923076923 0.08653846153846154 0.039663461538461536
0 0.7259615384615384 0.055288461538461536 0.055288461538461536 0.05048076923076923
0 0.4639423076923077 0.021634615384615384 0.07211538461538461 0.04326923076923077
0 0.22355769230769232 0.16105769230769232 0.06850961538461539 0.027644230769230768
0 0.30408653846153844 0.11057692307692307 0.051682692307692304 0.037259615384615384
0 0.390625 0.2644230769230769 0.07091346153846154 0.04927884615384615
0 0.20432692307692307 0.01201923076923077 0.055288461538461536 0.02403846153846154
0 0.30288461538461536 0.7427884615384616 0.06971153846153846 0.04447115384615385
0 0.9375 0.8377403846153846 0.055288461538461536 0.036057692307692304
0 0.26802884615384615 0.953125 0.08653846153846154 0.03365384615384615
0 0.8197115384615384 0.3293269230769231 0.06610576923076923 0.04927884615384615
0 0.8473557692307693 0.48677884615384615 0.07211538461538461 0.028846153846153848
0 0.5889423076923077 0.45913461538461536 0.07211538461538461 0.039663461538461536
0 0.2980769230769231 0.5348557692307693 0.08052884615384616 0.06370192307692307
0 0.765625 0.09014423076923077 0.04567307692307692 0.06129807692307692
0 0.2956730769230769 0.3581730769230769 0.06971153846153846 0.06490384615384616
0 0.030048076923076924 0.921875 0.06009615384615385 0.042067307692307696
0 0.47716346153846156 0.484375 0.055288461538461536 0.06009615384615385
0 0.3317307692307692 0.19230769230769232 0.0985576923076923 0.04927884615384615
0 0.5793269230769231 0.14182692307692307 0.07692307692307693 0.054086538461538464
0 0.8701923076923077 0.7391826923076923 0.03125 0.08413461538461539
0 0.8040865384615384 0.3786057692307692 0.06370192307692307 0.04927884615384615
0 0.5408653846153846 0.75 0.07451923076923077 0.05048076923076923
0 0.5060096153846154 0.6586538461538461 0.07692307692307693 0.028846153846153848
0 0.4050480769230769 0.019230769230769232 0.055288461538461536 0.038461538461538464
0 0.12740384615384615 0.44471153846153844 0.08653846153846154 0.04927884615384615
0 0.7043269230769231 0.7956730769230769 0.07091346153846154 0.04447115384615385
0 0.3798076923076923 0.484375 0.0673076923076923 0.04807692307692308
0 0.46153846153846156 0.4423076923076923 0.06610576923076923 0.03365384615384615
0 0.10216346153846154 0.36778846153846156 0.07932692307692307 0.051682692307692304
0 0.4951923076923077 0.7668269230769231 0.06370192307692307 0.06370192307692307
0 0.5060096153846154 0.14302884615384615 0.07692307692307693 0.04447115384615385
0 0.9639423076923077 0.1346153846153846 0.06129807692307692 0.10096153846153846
0 0.7247596153846154 0.6658653846153846 0.05889423076923077 0.051682692307692304
0 0.09134615384615384 0.7439903846153846 0.055288461538461536 0.06009615384615385
0 0.7007211538461539 0.7608173076923077 0.03365384615384615 0.06490384615384616
0 0.890625 0.054086538461538464 0.052884615384615384 0.04807692307692308
0 0.10817307692307693 0.3389423076923077 0.05048076923076923 0.042067307692307696
0 0.7427884615384616 0.26322115384615385 0.06009615384615385 0.052884615384615384
0 0.8689903846153846 0.07211538461538461 0.046875 0.040865384615384616
0 0.9543269230769231 0.018028846153846152 0.04927884615384615 0.03485576923076923
0 0.515625 0.17427884615384615 0.12740384615384615 0.038461538461538464
0 0.47115384615384615 0.6646634615384616 0.0625 0.04447115384615385
0 0.20072115384615385 0.18269230769230768 0.057692307692307696 0.04927884615384615
0 0.9495192307692307 0.0673076923076923 0.039663461538461536 0.04807692307692308
0 0.875 0.5168269230769231 0.08052884615384616 0.03365384615384615
0 0.056490384615384616 0.04326923076923077 0.08413461538461539 0.08653846153846154
0 0.38461538461538464 0.0889423076923077 0.051682692307692304 0.04927884615384615
0 0.8762019230769231 0.8028846153846154 0.055288461538461536 0.04447115384615385
0 0.7283653846153846 0.703125 0.0673076923076923 0.056490384615384616
0 0.8497596153846154 0.8858173076923077 0.046875 0.055288461538461536
0 0.30528846153846156 0.4831730769230769 0.055288461538461536 0.04447115384615385
0 0.9675480769230769 0.054086538461538464 0.0625 0.057692307692307696
0 0.036057692307692304 0.07932692307692307 0.07091346153846154 0.051682692307692304
0 0.2848557692307692 0.7644230769230769 0.05889423076923077 0.02283653846153846
0 0.5264423076923077 0.6225961538461539 0.07572115384615384 0.030048076923076924
0 0.10216346153846154 0.010817307692307692 0.07692307692307693 0.020432692307692308
0 0.09975961538461539 0.22956730769230768 0.08653846153846154 0.056490384615384616