0 0.37740384615384615 0.9555288461538461 0.052884615384615384 0.06610576923076923
0 0.12259615384615384 0.02403846153846154 0.07211538461538461 0.04447115384615385
0 0.2860576923076923 0.019230769230769232 0.0625 0.038461538461538464
0 0.7043269230769231 0.5757211538461539 0.04927884615384615 0.056490384615384616
0 0.9026442307692307 0.46274038461538464 0.055288461538461536 0.057692307692307696
0 0.8257211538461539 0.04927884615384615 0.05889423076923077 0.06610576923076923
0 0.5721153846153846 0.8629807692307693 0.06009615384615385 0.171875
0 0.5697115384615384 0.22115384615384615 0.078125 0.14543269230769232
0 0.359375 0.8521634615384616 0.06009615384615385 0.06129807692307692
0 0.8882211538461539 0.8713942307692307 0.07932692307692307 0.0829326923076923
0 0.25 0.9242788461538461 0.055288461538461536 0.09375
0 0.8858173076923077 0.7800480769230769 0.07211538461538461 0.054086538461538464
0 0.36177884615384615 0.04567307692307692 0.125 0.09134615384615384
0 0.17668269230769232 0.5072115384615384 0.09014423076923077 0.08052884615384616
0 0.9302884615384616 0.5733173076923077 0.0889423076923077 0.06490384615384616
0 0.3173076923076923 0.5588942307692307 0.125 0.07932692307692307
0 0.4495192307692308 0.16947115384615385 0.06129807692307692 0.05889423076923077
0 0.16826923076923078 0.14903846153846154 0.06129807692307692 0.07572115384615384
0 0.4735576923076923 0.890625 0.07572115384615384 0.08173076923076923
0 0.1658653846153846 0.5793269230769231 0.04807692307692308 0.06490384615384616
0 0.6213942307692307 0.8185096153846154 0.0625 0.07932692307692307
0 0.7884615384615384 0.6875 0.04447115384615385 0.04447115384615385
0 0.4831730769230769 0.4230769230769231 0.08774038461538461 0.11298076923076923
0 0.11658653846153846 0.6586538461538461 0.056490384615384616 0.06009615384615385
0 0.2403846153846154 0.7596153846153846 0.08052884615384616 0.056490384615384616
0 0.6514423076923077 0.7163461538461539 0.06129807692307692 0.05048076923076923
0 0.8762019230769231 0.3269230769230769 0.08413461538461539 0.07932692307692307
0 0.16706730769230768 0.31971153846153844 0.10216346153846154 0.1346153846153846
0 0.03245192307692308 0.4951923076923077 0.046875 0.051682692307692304
0 0.7860576923076923 0.29927884615384615 0.0985576923076923 0.15384615384615385
0 0.3629807692307692 0.4831730769230769 0.07211538461538461 0.06610576923076923
0 0.0829326923076923 0.5528846153846154 0.0889423076923077 0.06370192307692307
0 0.8341346153846154 0.9759615384615384 0.0673076923076923 0.046875
0 0.9495192307692307 0.7007211538461539 0.051682692307692304 0.057692307692307696
0 0.48197115384615385 0.6911057692307693 0.07451923076923077 0.07451923076923077
0 0.8954326923076923 0.09254807692307693 0.05889423076923077 0.09375
0 0.8016826923076923 0.4170673076923077 0.06490384615384616 0.07451923076923077
0 0.6213942307692307 0.7463942307692307 0.038461538461538464 0.04807692307692308
0 0.9735576923076923 0.9014423076923077 0.05048076923076923 0.06009615384615385
0 0.7680288461538461 0.6225961538461539 0.037259615384615384 0.028846153846153848
0 0.5673076923076923 0.6694711538461539 0.06009615384615385 0.06971153846153846
0 0.9399038461538461 0.9699519230769231 0.08413461538461539 0.05889423076923077
0 0.5637019230769231 0.5372596153846154 0.0673076923076923 0.09014423076923077
0 0.8088942307692307 0.49038461538461536 0.06009615384615385 0.06610576923076923
0 0.3798076923076923 0.39302884615384615 0.0625 0.11778846153846154
0 0.6394230769230769 0.6298076923076923 0.0625 0.055288461538461536
0 0.5120192307692307 0.9771634615384616 0.06850961538461539 0.04326923076923077
0 0.17067307692307693 0.9134615384615384 0.07572115384615384 0.07211538461538461
0 0.9795673076923077 0.05889423076923077 0.038461538461538464 0.057692307692307696
0 0.44350961538461536 0.8305288461538461 0.08653846153846154 0.11177884615384616
0 0.14903846153846154 0.8112980769230769 0.06850961538461539 0.06610576923076923
0 0.7572115384615384 0.6550480769230769 0.06610576923076923 0.07091346153846154
0 0.9675480769230769 0.7920673076923077 0.06370192307692307 0.09254807692307693
0 0.07572115384615384 0.5432692307692307 0.07572115384615384 0.06490384615384616
0 0.19831730769230768 0.6610576923076923 0.057692307692307696 0.06370192307692307