0 0.09375 0.11057692307692307 0.04927884615384615 0.06370192307692307
0 0.22355769230769232 0.019230769230769232 0.04447115384615385 0.038461538461538464
0 0.016826923076923076 0.24639423076923078 0.03365384615384615 0.06129807692307692
0 0.09495192307692307 0.2800480769230769 0.06129807692307692 0.0625
0 0.171875 0.25240384615384615 0.03245192307692308 0.03125
0 0.34375 0.09375 0.038461538461538464 0.07692307692307693
0 0.26802884615384615 0.6141826923076923 0.109375 0.1310096153846154
0 0.12860576923076922 0.6875 0.04447115384615385 0.04447115384615385
0 0.375 0.6526442307692307 0.07451923076923077 0.0625
0 0.5384615384615384 0.6730769230769231 0.042067307692307696 0.039663461538461536
0 0.2548076923076923 0.7127403846153846 0.042067307692307696 0.04807692307692308
0 0.3293269230769231 0.7019230769230769 0.04567307692307692 0.04927884615384615
0 0.38221153846153844 0.7307692307692307 0.04326923076923077 0.037259615384615384
0 0.037259615384615384 0.5456730769230769 0.051682692307692304 0.06009615384615385
0 0.0733173076923077 0.6225961538461539 0.036057692307692304 0.03125
0 0.09735576923076923 0.4074519230769231 0.04807692307692308 0.10817307692307693
0 0.24759615384615385 0.34134615384615385 0.10096153846153846 0.046875
0 0.24639423076923078 0.28846153846153844 0.039663461538461536 0.028846153846153848
0 0.49399038461538464 0.2704326923076923 0.055288461538461536 0.054086538461538464
0 0.4182692307692308 0.36658653846153844 0.04567307692307692 0.055288461538461536
0 0.35216346153846156 0.3918269230769231 0.04927884615384615 0.046875
0 0.43990384615384615 0.4206730769230769 0.06610576923076923 0.06490384615384616
0 0.890625 0.19230769230769232 0.06370192307692307 0.051682692307692304
0 0.5985576923076923 0.14423076923076922 0.13581730769230768 0.0889423076923077
0 0.5949519230769231 0.5084134615384616 0.054086538461538464 0.04447115384615385
0 0.5925480769230769 0.5384615384615384 0.03365384615384615 0.018028846153846152
0 0.8966346153846154 0.46033653846153844 0.08653846153846154 0.037259615384615384
0 0.7896634615384616 0.5084134615384616 0.052884615384615384 0.036057692307692304
0 0.9639423076923077 0.3605769230769231 0.06850961538461539 0.052884615384615384
0 0.9759615384615384 0.5961538461538461 0.04567307692307692 0.051682692307692304
0 0.9795673076923077 0.6911057692307693 0.038461538461538464 0.057692307692307696
0 0.8401442307692307 0.8569711538461539 0.06490384615384616 0.05889423076923077
0 0.9014423076923077 0.9014423076923077 0.025240384615384616 0.030048076923076924
0 0.6069711538461539 0.8954326923076923 0.07572115384615384 0.06490384615384616
0 0.6454326923076923 0.9615384615384616 0.07091346153846154 0.06971153846153846
0 0.5324519230769231 0.8701923076923077 0.06009615384615385 0.056490384615384616
0 0.49759615384615385 0.9074519230769231 0.08653846153846154 0.026442307692307692
0 0.08052884615384616 0.8954326923076923 0.08653846153846154 0.04447115384615385
0 0.13221153846153846 0.7608173076923077 0.042067307692307696 0.038461538461538464
0 0.33052884615384615 0.8653846153846154 0.04927884615384615 0.052884615384615384
0 0.3786057692307692 0.8233173076923077 0.026442307692307692 0.02403846153846154
0 0.921875 0.7043269230769231 0.036057692307692304 0.02283653846153846
0 0.9543269230769231 0.765625 0.051682692307692304 0.046875
0 0.7127403846153846 0.33533653846153844 0.03365384615384615 0.05048076923076923
0 0.46875 0.07572115384615384 0.04447115384615385 0.052884615384615384
0 0.859375 0.4519230769230769 0.039663461538461536 0.05048076923076923
0 0.8233173076923077 0.9903846153846154 0.04447115384615385 0.018028846153846152
0 0.25721153846153844 0.3137019230769231 0.08052884615384616 0.03365384615384615