0 0.0625 0.13221153846153846 0.125 0.07211538461538461
0 0.03245192307692308 0.2932692307692308 0.052884615384615384 0.055288461538461536
0 0.06971153846153846 0.39903846153846156 0.09735576923076923 0.11778846153846154
0 0.24879807692307693 0.26322115384615385 0.06009615384615385 0.11778846153846154
0 0.3473557692307692 0.28725961538461536 0.10096153846153846 0.078125
0 0.43149038461538464 0.18629807692307693 0.09014423076923077 0.08413461538461539
0 0.4807692307692308 0.109375 0.09735576923076923 0.09375
0 0.5925480769230769 0.2512019230769231 0.1622596153846154 0.11538461538461539
0 0.7211538461538461 0.27524038461538464 0.13822115384615385 0.12860576923076922
0 0.7740384615384616 0.1935096153846154 0.078125 0.2692307692307692
0 0.671875 0.39302884615384615 0.06971153846153846 0.14903846153846154
0 0.38822115384615385 0.41586538461538464 0.08173076923076923 0.09375
0 0.1622596153846154 0.5132211538461539 0.06971153846153846 0.06971153846153846
0 0.234375 0.6826923076923077 0.171875 0.10697115384615384
0 0.40384615384615385 0.6069711538461539 0.08653846153846154 0.08052884615384616
0 0.5240384615384616 0.7151442307692307 0.08052884615384616 0.08653846153846154
0 0.7944711538461539 0.7067307692307693 0.14903846153846154 0.09375
0 0.8798076923076923 0.6382211538461539 0.08052884615384616 0.07572115384615384
0 0.5625 0.7956730769230769 0.25 0.09615384615384616
0 0.8882211538461539 0.8389423076923077 0.078125 0.056490384615384616
0 0.18028846153846154 0.9098557692307693 0.1466346153846154 0.10096153846153846
0 0.051682692307692304 0.9795673076923077 0.06490384615384616 0.038461538461538464
0 0.030048076923076924 0.21634615384615385 0.06009615384615385 0.1346153846153846
0 0.9903846153846154 0.3016826923076923 0.016826923076923076 0.08533653846153846