0 0.8713942307692307 0.38100961538461536 0.125 0.14903846153846154
0 0.9230769230769231 0.2764423076923077 0.15144230769230768 0.057692307692307696
0 0.04447115384615385 0.0673076923076923 0.08774038461538461 0.109375
0 0.3581730769230769 0.06129807692307692 0.07692307692307693 0.12259615384615384
0 0.5432692307692307 0.24278846153846154 0.13701923076923078 0.08653846153846154
0 0.8557692307692307 0.8257211538461539 0.10216346153846154 0.11778846153846154
0 0.9254807692307693 0.6189903846153846 0.14783653846153846 0.13221153846153846
0 0.7175480769230769 0.9747596153846154 0.08653846153846154 0.04807692307692308
0 0.7391826923076923 0.734375 0.09134615384615384 0.15384615384615385
0 0.6826923076923077 0.8149038461538461 0.17668269230769232 0.12860576923076922
0 0.5024038461538461 0.6983173076923077 0.15264423076923078 0.14423076923076922
0 0.6778846153846154 0.5865384615384616 0.07572115384615384 0.2704326923076923
0 0.9507211538461539 0.7920673076923077 0.09615384615384616 0.18509615384615385
0 0.5024038461538461 0.8353365384615384 0.1658653846153846 0.11298076923076923
0 0.8641826923076923 0.90625 0.21634615384615385 0.18389423076923078
0 0.9807692307692307 0.953125 0.03365384615384615 0.0889423076923077
0 0.3894230769230769 0.9867788461538461 0.06370192307692307 0.025240384615384616
0 0.5012019230769231 0.9903846153846154 0.06009615384615385 0.018028846153846152
0 0.31490384615384615 0.9555288461538461 0.06610576923076923 0.08653846153846154
0 0.5540865384615384 0.5949519230769231 0.19110576923076922 0.06850961538461539
0 0.5889423076923077 0.4074519230769231 0.2548076923076923 0.10216346153846154
0 0.42908653846153844 0.4963942307692308 0.22115384615384615 0.17548076923076922
0 0.5132211538461539 0.4987980769230769 0.08653846153846154 0.18028846153846154
0 0.40024038461538464 0.3894230769230769 0.14423076923076922 0.055288461538461536
0 0.16346153846153846 0.8569711538461539 0.20673076923076922 0.20552884615384615
0 0.051682692307692304 0.7884615384615384 0.06850961538461539 0.06850961538461539
0 0.02283653846153846 0.796875 0.04447115384615385 0.09495192307692307
0 0.23798076923076922 0.7680288461538461 0.203125 0.11177884615384616
0 0.18990384615384615 0.6201923076923077 0.12139423076923077 0.0829326923076923
0 0.055288461538461536 0.3894230769230769 0.10096153846153846 0.07211538461538461
0 0.05889423076923077 0.4423076923076923 0.11778846153846154 0.08413461538461539
0 0.4074519230769231 0.34134615384615385 0.25961538461538464 0.056490384615384616
0 0.5432692307692307 0.15865384615384615 0.23197115384615385 0.16947115384615385
0 0.24639423076923078 0.13341346153846154 0.24278846153846154 0.11778846153846154
0 0.34134615384615385 0.2848557692307692 0.11177884615384616 0.0829326923076923
0 0.27283653846153844 0.46153846153846156 0.051682692307692304 0.09615384615384616
0 0.16466346153846154 0.25240384615384615 0.038461538461538464 0.04927884615384615
0 0.14783653846153846 0.18870192307692307 0.08413461538461539 0.078125
0 0.26802884615384615 0.38100961538461536 0.14302884615384615 0.1971153846153846
0 0.7235576923076923 0.07451923076923077 0.055288461538461536 0.14182692307692307
0 0.7548076923076923 0.14903846153846154 0.10216346153846154 0.2536057692307692
0 0.6322115384615384 0.15144230769230768 0.05889423076923077 0.040865384615384616
0 0.5829326923076923 0.028846153846153848 0.07932692307692307 0.056490384615384616
0 0.6682692307692307 0.06129807692307692 0.06971153846153846 0.12259615384615384
0 0.1045673076923077 0.16947115384615385 0.06009615384615385 0.21875
0 0.8221153846153846 0.025240384615384616 0.13221153846153846 0.05048076923076923
0 0.171875 0.039663461538461536 0.0985576923076923 0.07932692307692307
0 0.20552884615384615 0.055288461538461536 0.07572115384615384 0.05889423076923077
0 0.1045673076923077 0.32091346153846156 0.028846153846153848 0.06490384615384616
0 0.1310096153846154 0.7632211538461539 0.07932692307692307 0.040865384615384616
0 0.24879807692307693 0.7716346153846154 0.07451923076923077 0.21634615384615385
0 0.19831730769230768 0.7355769230769231 0.04326923076923077 0.14903846153846154
0 0.8485576923076923 0.09014423076923077 0.10216346153846154 0.12139423076923077
0 0.31971153846153844 0.19230769230769232 0.15264423076923078 0.15865384615384615
0 0.4338942307692308 0.2704326923076923 0.07091346153846154 0.1141826923076923
0 0.22355769230769232 0.6069711538461539 0.19591346153846154 0.07572115384615384
0 0.20793269230769232 0.18629807692307693 0.10336538461538461 0.12259615384615384
0 0.9639423076923077 0.09615384615384616 0.06971153846153846 0.04807692307692308
0 0.9326923076923077 0.038461538461538464 0.13221153846153846 0.07572115384615384
0 0.35336538461538464 0.026442307692307692 0.22115384615384615 0.052884615384615384
0 0.5108173076923077 0.11298076923076923 0.23076923076923078 0.06971153846153846