0 0.7103365384615384 0.20432692307692307 0.09014423076923077 0.14543269230769232
0 0.9302884615384616 0.7427884615384616 0.07692307692307693 0.10817307692307693
0 0.7740384615384616 0.9086538461538461 0.09134615384615384 0.16346153846153846
0 0.13942307692307693 0.057692307692307696 0.07451923076923077 0.11177884615384616
0 0.5769230769230769 0.5396634615384616 0.07211538461538461 0.19230769230769232
0 0.5144230769230769 0.18389423076923078 0.109375 0.12740384615384615
0 0.29086538461538464 0.11298076923076923 0.07932692307692307 0.2091346153846154
0 0.8978365384615384 0.4963942307692308 0.20192307692307693 0.08173076923076923
0 0.8822115384615384 0.2704326923076923 0.0985576923076923 0.10817307692307693
0 0.9555288461538461 0.18629807692307693 0.08413461538461539 0.09975961538461539
0 0.6153846153846154 0.0625 0.07932692307692307 0.12379807692307693
0 0.2704326923076923 0.25 0.0733173076923077 0.12259615384615384
0 0.45072115384615385 0.7007211538461539 0.06490384615384616 0.09615384615384616
0 0.6754807692307693 0.5084134615384616 0.1045673076923077 0.15384615384615385
0 0.6622596153846154 0.32572115384615385 0.08653846153846154 0.20552884615384615
0 0.036057692307692304 0.0985576923076923 0.07211538461538461 0.09495192307692307
0 0.07211538461538461 0.7836538461538461 0.09615384615384616 0.16346153846153846
0 0.6274038461538461 0.6706730769230769 0.15985576923076922 0.07932692307692307
0 0.9759615384615384 0.4326923076923077 0.046875 0.10096153846153846
0 0.6682692307692307 0.8197115384615384 0.11778846153846154 0.09975961538461539
0 0.8461538461538461 0.6790865384615384 0.109375 0.12980769230769232
0 0.6274038461538461 0.12740384615384615 0.0889423076923077 0.1201923076923077
0 0.7295673076923077 0.39302884615384615 0.19110576923076922 0.0625
0 0.02283653846153846 0.9603365384615384 0.04447115384615385 0.07692307692307693
0 0.3401442307692308 0.40865384615384615 0.24278846153846154 0.08653846153846154
0 0.515625 0.6514423076923077 0.10336538461538461 0.07572115384615384
0 0.578125 0.96875 0.06490384615384616 0.06129807692307692
0 0.9891826923076923 0.65625 0.019230769230769232 0.11658653846153846
0 0.9627403846153846 0.8317307692307693 0.07211538461538461 0.16105769230769232
0 0.25841346153846156 0.9399038461538461 0.11177884615384616 0.10697115384615384
0 0.01201923076923077 0.2091346153846154 0.02403846153846154 0.051682692307692304
0 0.8028846153846154 0.22956730769230768 0.13341346153846154 0.10216346153846154
0 0.3605769230769231 0.40384615384615385 0.09735576923076923 0.11778846153846154
0 0.014423076923076924 0.28125 0.028846153846153848 0.07451923076923077
0 0.8677884615384616 0.8617788461538461 0.07211538461538461 0.21634615384615385