0 0.042067307692307696 0.0673076923076923 0.0829326923076923 0.04927884615384615
0 0.09495192307692307 0.11899038461538461 0.10096153846153846 0.07091346153846154
0 0.037259615384615384 0.13221153846153846 0.0733173076923077 0.052884615384615384
0 0.055288461538461536 0.18870192307692307 0.11057692307692307 0.052884615384615384
0 0.24278846153846154 0.1346153846153846 0.09134615384615384 0.11177884615384616
0 0.10817307692307693 0.01201923076923077 0.052884615384615384 0.02403846153846154
0 0.31009615384615385 0.06850961538461539 0.14903846153846154 0.13701923076923078
0 0.5024038461538461 0.016826923076923076 0.06009615384615385 0.03365384615384615
0 0.6706730769230769 0.14543269230769232 0.03245192307692308 0.039663461538461536
0 0.7403846153846154 0.08052884615384616 0.07692307692307693 0.06610576923076923
0 0.8365384615384616 0.11298076923076923 0.03125 0.025240384615384616
0 0.875 0.10697115384615384 0.051682692307692304 0.04927884615384615
0 0.9411057692307693 0.013221153846153846 0.042067307692307696 0.025240384615384616
0 0.8954326923076923 0.008413461538461538 0.036057692307692304 0.016826923076923076
0 0.8677884615384616 0.039663461538461536 0.055288461538461536 0.04807692307692308
0 0.9170673076923077 0.11899038461538461 0.055288461538461536 0.05048076923076923
0 0.9615384615384616 0.125 0.03485576923076923 0.06490384615384616
0 0.9699519230769231 0.29927884615384615 0.055288461538461536 0.038461538461538464
0 0.8149038461538461 0.33533653846153844 0.04807692307692308 0.026442307692307692
0 0.7427884615384616 0.3762019230769231 0.04326923076923077 0.03365384615384615
0 0.6947115384615384 0.2704326923076923 0.07451923076923077 0.028846153846153848
0 0.6911057692307693 0.3858173076923077 0.036057692307692304 0.028846153846153848
0 0.6069711538461539 0.34615384615384615 0.0673076923076923 0.03125
0 0.6177884615384616 0.3125 0.12860576923076922 0.04447115384615385
0 0.8617788461538461 0.39663461538461536 0.057692307692307696 0.07692307692307693
0 0.8016826923076923 0.4543269230769231 0.04807692307692308 0.038461538461538464
0 0.8653846153846154 0.5048076923076923 0.057692307692307696 0.06850961538461539
0 0.9122596153846154 0.46033653846153844 0.055288461538461536 0.14302884615384615
0 0.5901442307692307 0.40625 0.0829326923076923 0.06971153846153846
0 0.9026442307692307 0.5985576923076923 0.05889423076923077 0.038461538461538464
0 0.9050480769230769 0.6538461538461539 0.04927884615384615 0.04447115384615385
0 0.7367788461538461 0.5649038461538461 0.03485576923076923 0.04807692307692308
0 0.765625 0.6225961538461539 0.038461538461538464 0.06610576923076923
0 0.6442307692307693 0.6105769230769231 0.07692307692307693 0.04927884615384615
0 0.7355769230769231 0.6141826923076923 0.028846153846153848 0.04807692307692308
0 0.9915865384615384 0.6610576923076923 0.014423076923076924 0.036057692307692304
0 0.6430288461538461 0.6538461538461539 0.11658653846153846 0.039663461538461536
0 0.8221153846153846 0.7259615384615384 0.057692307692307696 0.05889423076923077
0 0.7439903846153846 0.7692307692307693 0.04567307692307692 0.09254807692307693
0 0.6899038461538461 0.7680288461538461 0.06850961538461539 0.038461538461538464
0 0.7788461538461539 0.7512019230769231 0.046875 0.05048076923076923
0 0.7980769230769231 0.9651442307692307 0.078125 0.0673076923076923
0 0.6322115384615384 0.9375 0.078125 0.07932692307692307
0 0.9771634615384616 0.9362980769230769 0.04326923076923077 0.052884615384615384
0 0.40024038461538464 0.9579326923076923 0.18629807692307693 0.0673076923076923
0 0.29086538461538464 0.8846153846153846 0.06490384615384616 0.09254807692307693
0 0.12980769230769232 0.8377403846153846 0.056490384615384616 0.037259615384615384
0 0.20793269230769232 0.7872596153846154 0.05889423076923077 0.038461538461538464
0 0.11538461538461539 0.9927884615384616 0.052884615384615384 0.013221153846153846
0 0.026442307692307692 0.8725961538461539 0.051682692307692304 0.055288461538461536
0 0.0985576923076923 0.6947115384615384 0.10697115384615384 0.02403846153846154
0 0.10697115384615384 0.6766826923076923 0.08173076923076923 0.10697115384615384
0 0.47115384615384615 0.6394230769230769 0.13221153846153846 0.040865384615384616
0 0.039663461538461536 0.5817307692307693 0.07932692307692307 0.03485576923076923
0 0.04807692307692308 0.4987980769230769 0.05889423076923077 0.042067307692307696
0 0.09975961538461539 0.5240384615384616 0.046875 0.028846153846153848
0 0.09134615384615384 0.4651442307692308 0.03485576923076923 0.038461538461538464
0 0.3918269230769231 0.40865384615384615 0.04807692307692308 0.040865384615384616
0 0.0673076923076923 0.38221153846153844 0.0829326923076923 0.04927884615384615
0 0.09134615384615384 0.3473557692307692 0.11298076923076923 0.08774038461538461
0 0.2127403846153846 0.3389423076923077 0.06971153846153846 0.07572115384615384
0 0.078125 0.2704326923076923 0.04447115384615385 0.08533653846153846
0 0.9579326923076923 0.08533653846153846 0.03365384615384615 0.018028846153846152
0 0.8413461538461539 0.47836538461538464 0.06490384615384616 0.06370192307692307
0 0.9735576923076923 0.96875 0.036057692307692304 0.036057692307692304
0 0.019230769230769232 0.3629807692307692 0.038461538461538464 0.04807692307692308
0 0.9771634615384616 0.007211538461538462 0.04447115384615385 0.014423076923076924
0 0.19951923076923078 0.8737980769230769 0.028846153846153848 0.018028846153846152
0 0.007211538461538462 0.5444711538461539 0.013221153846153846 0.013221153846153846
0 0.9939903846153846 0.055288461538461536 0.010817307692307692 0.025240384615384616
0 0.9927884615384616 0.4387019230769231 0.013221153846153846 0.04447115384615385
0 0.7439903846153846 0.5961538461538461 0.055288461538461536 0.055288461538461536
0 0.3173076923076923 0.8762019230769231 0.07091346153846154 0.09134615384615384