0 0.125 0.4963942307692308 0.05889423076923077 0.06610576923076923
0 0.32211538461538464 0.796875 0.046875 0.06370192307692307
0 0.25240384615384615 0.7620192307692307 0.06610576923076923 0.06971153846153846
0 0.31490384615384615 0.9795673076923077 0.09014423076923077 0.039663461538461536
0 0.036057692307692304 0.43990384615384615 0.06971153846153846 0.07211538461538461
0 0.4807692307692308 0.44471153846153844 0.056490384615384616 0.12980769230769232
0 0.7247596153846154 0.10576923076923077 0.04807692307692308 0.09014423076923077
0 0.7752403846153846 0.3701923076923077 0.06850961538461539 0.11538461538461539
0 0.9242788461538461 0.2920673076923077 0.05889423076923077 0.0889423076923077
0 0.042067307692307696 0.028846153846153848 0.07572115384615384 0.054086538461538464
0 0.125 0.7788461538461539 0.06971153846153846 0.07451923076923077
0 0.9387019230769231 0.4411057692307692 0.06490384615384616 0.07091346153846154
0 0.2608173076923077 0.6947115384615384 0.06370192307692307 0.05048076923076923
0 0.2860576923076923 0.0673076923076923 0.0829326923076923 0.10576923076923077
0 0.5480769230769231 0.5480769230769231 0.055288461538461536 0.06009615384615385
0 0.6346153846153846 0.5324519230769231 0.04927884615384615 0.04807692307692308
0 0.051682692307692304 0.9435096153846154 0.07932692307692307 0.09975961538461539
0 0.5985576923076923 0.7788461538461539 0.07211538461538461 0.07572115384615384
0 0.3894230769230769 0.5637019230769231 0.09134615384615384 0.09735576923076923
0 0.9038461538461539 0.7391826923076923 0.09375 0.06009615384615385
0 0.38461538461538464 0.328125 0.0829326923076923 0.1201923076923077
0 0.4338942307692308 0.4411057692307692 0.051682692307692304 0.06370192307692307
0 0.8545673076923077 0.34615384615384615 0.057692307692307696 0.09134615384615384
0 0.9038461538461539 0.34615384615384615 0.06850961538461539 0.12139423076923077
0 0.4423076923076923 0.7836538461538461 0.0673076923076923 0.06850961538461539
0 0.8149038461538461 0.9663461538461539 0.12860576923076922 0.06129807692307692
0 0.4891826923076923 0.859375 0.042067307692307696 0.06610576923076923
0 0.8798076923076923 0.10096153846153846 0.08052884615384616 0.08173076923076923
0 0.8269230769230769 0.7211538461538461 0.07091346153846154 0.06009615384615385
0 0.4567307692307692 0.6598557692307693 0.06971153846153846 0.08413461538461539
0 0.7235576923076923 0.9711538461538461 0.08052884615384616 0.056490384615384616
0 0.3088942307692308 0.9519230769230769 0.07932692307692307 0.05889423076923077
0 0.37259615384615385 0.484375 0.0673076923076923 0.0733173076923077
0 0.05889423076923077 0.6021634615384616 0.08052884615384616 0.09254807692307693
0 0.38221153846153844 0.12620192307692307 0.06370192307692307 0.054086538461538464
0 0.8449519230769231 0.5168269230769231 0.07932692307692307 0.07091346153846154
0 0.7752403846153846 0.12980769230769232 0.07091346153846154 0.0985576923076923
0 0.15985576923076922 0.7319711538461539 0.06971153846153846 0.055288461538461536
0 0.8701923076923077 0.17427884615384615 0.06850961538461539 0.06370192307692307
0 0.453125 0.9747596153846154 0.0733173076923077 0.04807692307692308
0 0.2536057692307692 0.4735576923076923 0.0733173076923077 0.08653846153846154
0 0.5612980769230769 0.078125 0.055288461538461536 0.057692307692307696
0 0.21153846153846154 0.17668269230769232 0.10096153846153846 0.0625
0 0.9158653846153846 0.20673076923076922 0.046875 0.06610576923076923
0 0.07211538461538461 0.8233173076923077 0.109375 0.09735576923076923
0 0.1778846153846154 0.47596153846153844 0.07211538461538461 0.056490384615384616
0 0.6310096153846154 0.07572115384615384 0.07692307692307693 0.06009615384615385
0 0.9278846153846154 0.5072115384615384 0.051682692307692304 0.056490384615384616
0 0.859375 0.6646634615384616 0.06129807692307692 0.051682692307692304
0 0.4855769230769231 0.21754807692307693 0.06971153846153846 0.06971153846153846
0 0.039663461538461536 0.5192307692307693 0.07692307692307693 0.07451923076923077
0 0.20432692307692307 0.3329326923076923 0.07572115384615384 0.0889423076923077
0 0.9314903846153846 0.6262019230769231 0.04927884615384615 0.06009615384615385
0 0.6826923076923077 0.6586538461538461 0.05889423076923077 0.06490384615384616
0 0.4014423076923077 0.6742788461538461 0.0673076923076923 0.06490384615384616
0 0.5817307692307693 0.5204326923076923 0.09134615384615384 0.0733173076923077
0 0.6694711538461539 0.5168269230769231 0.052884615384615384 0.05889423076923077
0 0.7091346153846154 0.26802884615384615 0.05048076923076923 0.06009615384615385
0 0.703125 0.3605769230769231 0.06370192307692307 0.06490384615384616
0 0.0889423076923077 0.06610576923076923 0.06610576923076923 0.056490384615384616
0 0.4567307692307692 0.5492788461538461 0.04447115384615385 0.06490384615384616
0 0.32091346153846156 0.5805288461538461 0.046875 0.055288461538461536
0 0.17668269230769232 0.5348557692307693 0.06490384615384616 0.07091346153846154
0 0.30649038461538464 0.8918269230769231 0.06009615384615385 0.056490384615384616
0 0.5985576923076923 0.12259615384615384 0.0625 0.056490384615384616