0 0.8509615384615384 0.38822115384615385 0.10697115384615384 0.04447115384615385
0 0.515625 0.8137019230769231 0.22115384615384615 0.07572115384615384
0 0.06009615384615385 0.3473557692307692 0.11778846153846154 0.04447115384615385
0 0.8641826923076923 0.2956730769230769 0.06490384615384616 0.04567307692307692
0 0.6899038461538461 0.19831730769230768 0.21634615384615385 0.13822115384615385
0 0.12620192307692307 0.27884615384615385 0.0733173076923077 0.11177884615384616
0 0.040865384615384616 0.4230769230769231 0.08173076923076923 0.08173076923076923
0 0.23918269230769232 0.5444711538461539 0.1310096153846154 0.10096153846153846
0 0.08533653846153846 0.057692307692307696 0.16947115384615385 0.08052884615384616
0 0.03485576923076923 0.140625 0.06971153846153846 0.039663461538461536
0 0.1201923076923077 0.45072115384615385 0.08052884615384616 0.04927884615384615
0 0.9170673076923077 0.5769230769230769 0.15865384615384615 0.08052884615384616
0 0.12980769230769232 0.7487980769230769 0.19591346153846154 0.0985576923076923
0 0.9759615384615384 0.33052884615384615 0.04447115384615385 0.07091346153846154
0 0.9519230769230769 0.20072115384615385 0.09495192307692307 0.055288461538461536
0 0.7487980769230769 0.71875 0.1814903846153846 0.06009615384615385
0 0.4254807692307692 0.5072115384615384 0.14783653846153846 0.06971153846153846
0 0.06610576923076923 0.07211538461538461 0.10817307692307693 0.09134615384615384
0 0.1201923076923077 0.3798076923076923 0.14302884615384615 0.05048076923076923
0 0.09375 0.53125 0.1875 0.10817307692307693
0 0.4963942307692308 0.0829326923076923 0.10096153846153846 0.06610576923076923
0 0.8425480769230769 0.3137019230769231 0.1201923076923077 0.0733173076923077
0 0.04567307692307692 0.6875 0.09134615384615384 0.0985576923076923
0 0.3173076923076923 0.3557692307692308 0.09134615384615384 0.051682692307692304
0 0.3858173076923077 0.4326923076923077 0.15504807692307693 0.09254807692307693
0 0.8209134615384616 0.7848557692307693 0.1310096153846154 0.057692307692307696
0 0.2403846153846154 0.6694711538461539 0.11177884615384616 0.078125
0 0.8617788461538461 0.6947115384615384 0.07211538461538461 0.0733173076923077
0 0.40024038461538464 0.1502403846153846 0.0985576923076923 0.040865384615384616
0 0.028846153846153848 0.30408653846153844 0.056490384615384616 0.039663461538461536
0 0.5036057692307693 0.7199519230769231 0.27283653846153844 0.09134615384615384
0 0.14783653846153846 0.7872596153846154 0.22115384615384615 0.06490384615384616
0 0.046875 0.1935096153846154 0.09254807692307693 0.0673076923076923
0 0.1466346153846154 0.18870192307692307 0.08653846153846154 0.040865384615384616
0 0.9603365384615384 0.9266826923076923 0.078125 0.0829326923076923