0 0.37740384615384615 0.10817307692307693 0.06971153846153846 0.0733173076923077
0 0.9579326923076923 0.3137019230769231 0.0829326923076923 0.10336538461538461
0 0.4795673076923077 0.7295673076923077 0.07572115384615384 0.04927884615384615
0 0.2920673076923077 0.2860576923076923 0.06129807692307692 0.08413461538461539
0 0.6346153846153846 0.14423076923076922 0.06971153846153846 0.06850961538461539
0 0.6586538461538461 0.4014423076923077 0.09134615384615384 0.06490384615384616
0 0.453125 0.6983173076923077 0.08052884615384616 0.0625
0 0.6983173076923077 0.5528846153846154 0.09134615384615384 0.09495192307692307
0 0.47596153846153844 0.2283653846153846 0.09615384615384616 0.11298076923076923
0 0.8052884615384616 0.9314903846153846 0.1201923076923077 0.0985576923076923
0 0.32211538461538464 0.3317307692307692 0.06129807692307692 0.06370192307692307
0 0.9326923076923077 0.8100961538461539 0.09375 0.057692307692307696
0 0.953125 0.140625 0.09134615384615384 0.13822115384615385
0 0.3485576923076923 0.6394230769230769 0.08413461538461539 0.0829326923076923
0 0.23798076923076922 0.7175480769230769 0.09134615384615384 0.038461538461538464
0 0.5877403846153846 0.25961538461538464 0.10576923076923077 0.06971153846153846
0 0.5060096153846154 0.3088942307692308 0.0625 0.05889423076923077
0 0.3485576923076923 0.5673076923076923 0.04927884615384615 0.03245192307692308
0 0.8233173076923077 0.9014423076923077 0.09975961538461539 0.0673076923076923
0 0.028846153846153848 0.6105769230769231 0.057692307692307696 0.06610576923076923
0 0.7415865384615384 0.3329326923076923 0.078125 0.06490384615384616
0 0.9326923076923077 0.31490384615384615 0.06129807692307692 0.038461538461538464
0 0.9735576923076923 0.7103365384615384 0.04807692307692308 0.06490384615384616
0 0.1875 0.7391826923076923 0.08173076923076923 0.0625
0 0.12860576923076922 0.28125 0.07692307692307693 0.13581730769230768
0 0.7043269230769231 0.71875 0.11057692307692307 0.09254807692307693
0 0.9278846153846154 0.640625 0.07572115384615384 0.0985576923076923
0 0.06129807692307692 0.18389423076923078 0.07932692307692307 0.06971153846153846
0 0.36899038461538464 0.7427884615384616 0.06971153846153846 0.10096153846153846
0 0.34375 0.23197115384615385 0.12860576923076922 0.056490384615384616
0 0.4831730769230769 0.5973557692307693 0.09615384615384616 0.11057692307692307
0 0.23677884615384615 0.6430288461538461 0.08774038461538461 0.07572115384615384
0 0.17668269230769232 0.6370192307692307 0.09254807692307693 0.06490384615384616
0 0.3485576923076923 0.8425480769230769 0.06009615384615385 0.057692307692307696
0 0.9134615384615384 0.5973557692307693 0.08774038461538461 0.12620192307692307
0 0.609375 0.6274038461538461 0.13822115384615385 0.16346153846153846
0 0.24278846153846154 0.2824519230769231 0.046875 0.03365384615384615
0 0.9110576923076923 0.3918269230769231 0.11778846153846154 0.055288461538461536
0 0.8064903846153846 0.27884615384615385 0.10817307692307693 0.09975961538461539
0 0.7355769230769231 0.6153846153846154 0.06370192307692307 0.055288461538461536
0 0.5661057692307693 0.5084134615384616 0.07932692307692307 0.08653846153846154
0 0.7175480769230769 0.1778846153846154 0.10096153846153846 0.09615384615384616
0 0.6117788461538461 0.0985576923076923 0.08653846153846154 0.11778846153846154
0 0.2824519230769231 0.859375 0.06129807692307692 0.15625
0 0.48197115384615385 0.7740384615384616 0.07572115384615384 0.06490384615384616
0 0.38822115384615385 0.17908653846153846 0.07572115384615384 0.06490384615384616
0 0.05048076923076923 0.5444711538461539 0.0673076923076923 0.055288461538461536
0 0.6875 0.3233173076923077 0.046875 0.04447115384615385
0 0.3317307692307692 0.49759615384615385 0.07091346153846154 0.06850961538461539