0 0.6887019230769231 0.3954326923076923 0.0625 0.1466346153846154
0 0.5360576923076923 0.4014423076923077 0.15504807692307693 0.12259615384615384
0 0.03245192307692308 0.8100961538461539 0.06490384615384616 0.07211538461538461
0 0.2704326923076923 0.0829326923076923 0.08052884615384616 0.1658653846153846
0 0.6875 0.21033653846153846 0.0985576923076923 0.22115384615384615
0 0.21153846153846154 0.46274038461538464 0.11778846153846154 0.06971153846153846
0 0.6802884615384616 0.4831730769230769 0.08653846153846154 0.13581730769230768
0 0.6081730769230769 0.8485576923076923 0.0625 0.06490384615384616
0 0.46033653846153844 0.32211538461538464 0.06610576923076923 0.14783653846153846
0 0.19951923076923078 0.09134615384615384 0.057692307692307696 0.10096153846153846
0 0.6935096153846154 0.051682692307692304 0.0985576923076923 0.057692307692307696
0 0.203125 0.18269230769230768 0.14783653846153846 0.12740384615384615
0 0.7163461538461539 0.8257211538461539 0.18870192307692307 0.07572115384615384
0 0.055288461538461536 0.6033653846153846 0.109375 0.14903846153846154
0 0.9074519230769231 0.8004807692307693 0.18389423076923078 0.12980769230769232
0 0.18509615384615385 0.41346153846153844 0.203125 0.2091346153846154
0 0.7355769230769231 0.6550480769230769 0.10817307692307693 0.07091346153846154
0 0.6310096153846154 0.7403846153846154 0.09134615384615384 0.16947115384615385
0 0.4879807692307692 0.6598557692307693 0.16346153846153846 0.07451923076923077
0 0.890625 0.46634615384615385 0.21634615384615385 0.11177884615384616
0 0.04567307692307692 0.046875 0.09134615384615384 0.06009615384615385
0 0.4495192307692308 0.18389423076923078 0.20552884615384615 0.13822115384615385