0 0.7199519230769231 0.296875 0.07091346153846154 0.0733173076923077
0 0.4543269230769231 0.5432692307692307 0.06971153846153846 0.09134615384615384
0 0.6262019230769231 0.35336538461538464 0.11658653846153846 0.1310096153846154
0 0.6959134615384616 0.04326923076923077 0.11778846153846154 0.08653846153846154
0 0.9795673076923077 0.04567307692307692 0.036057692307692304 0.09134615384615384
0 0.8305288461538461 0.21754807692307693 0.09615384615384616 0.11658653846153846
0 0.7163461538461539 0.953125 0.078125 0.07091346153846154
0 0.06009615384615385 0.7127403846153846 0.06129807692307692 0.06009615384615385
0 0.9735576923076923 0.5793269230769231 0.051682692307692304 0.06490384615384616
0 0.39783653846153844 0.15384615384615385 0.11778846153846154 0.07572115384615384
0 0.9026442307692307 0.3233173076923077 0.0829326923076923 0.09254807692307693
0 0.4110576923076923 0.22115384615384615 0.08653846153846154 0.07451923076923077
0 0.1971153846153846 0.9663461538461539 0.1045673076923077 0.06490384615384616
0 0.8473557692307693 0.4375 0.078125 0.0889423076923077
0 0.140625 0.29447115384615385 0.1045673076923077 0.11057692307692307
0 0.5360576923076923 0.5288461538461539 0.06610576923076923 0.1141826923076923
0 0.5192307692307693 0.9170673076923077 0.07572115384615384 0.09254807692307693
0 0.8834134615384616 0.027644230769230768 0.06490384615384616 0.055288461538461536
0 0.5492788461538461 0.21754807692307693 0.08052884615384616 0.04447115384615385
0 0.3245192307692308 0.18870192307692307 0.09735576923076923 0.12259615384615384
0 0.41586538461538464 0.042067307692307696 0.11658653846153846 0.05889423076923077
0 0.8353365384615384 0.057692307692307696 0.04927884615384615 0.06009615384615385
0 0.46274038461538464 0.24639423076923078 0.04807692307692308 0.04927884615384615
0 0.34134615384615385 0.7992788461538461 0.10697115384615384 0.109375
0 0.35697115384615385 0.9807692307692307 0.07572115384615384 0.036057692307692304
0 0.2668269230769231 0.9074519230769231 0.11298076923076923 0.08173076923076923
0 0.5516826923076923 0.13581730769230768 0.08052884615384616 0.07572115384615384
0 0.9338942307692307 0.1310096153846154 0.08052884615384616 0.10216346153846154
0 0.09495192307692307 0.12379807692307693 0.10697115384615384 0.10096153846153846
0 0.3858173076923077 0.3076923076923077 0.08653846153846154 0.08774038461538461
0 0.546875 0.32091346153846156 0.08052884615384616 0.12259615384615384
0 0.3485576923076923 0.055288461538461536 0.06971153846153846 0.06971153846153846
0 0.8028846153846154 0.03365384615384615 0.07211538461538461 0.0673076923076923
0 0.6670673076923077 0.1141826923076923 0.11899038461538461 0.07572115384615384
0 0.36778846153846156 0.5276442307692307 0.09014423076923077 0.11057692307692307
0 0.9302884615384616 0.3449519230769231 0.0889423076923077 0.09975961538461539