0 0.30528846153846156 0.3701923076923077 0.078125 0.0673076923076923
0 0.21754807692307693 0.48197115384615385 0.10096153846153846 0.11899038461538461
0 0.6418269230769231 0.4206730769230769 0.09495192307692307 0.04807692307692308
0 0.9086538461538461 0.875 0.1466346153846154 0.07572115384615384
0 0.19831730769230768 0.34975961538461536 0.06009615384615385 0.06971153846153846
0 0.4735576923076923 0.31490384615384615 0.1971153846153846 0.07572115384615384
0 0.7451923076923077 0.3401442307692308 0.11057692307692307 0.09014423076923077
0 0.04447115384615385 0.6081730769230769 0.08774038461538461 0.14302884615384615
0 0.06971153846153846 0.6923076923076923 0.06490384615384616 0.057692307692307696
0 0.5709134615384616 0.43509615384615385 0.04927884615384615 0.09615384615384616
0 0.6117788461538461 0.22235576923076922 0.07572115384615384 0.109375
0 0.7487980769230769 0.4807692307692308 0.06129807692307692 0.09495192307692307
0 0.140625 0.296875 0.11177884615384616 0.11057692307692307
0 0.9026442307692307 0.18509615384615385 0.13701923076923078 0.04447115384615385
0 0.7043269230769231 0.28725961538461536 0.15504807692307693 0.12740384615384615
0 0.8052884615384616 0.6454326923076923 0.1310096153846154 0.07692307692307693
0 0.3870192307692308 0.90625 0.05889423076923077 0.056490384615384616
0 0.9423076923076923 0.0889423076923077 0.11177884615384616 0.17668269230769232
0 0.9242788461538461 0.2932692307692308 0.14783653846153846 0.0733173076923077
0 0.6754807692307693 0.08653846153846154 0.11298076923076923 0.06850961538461539
0 0.20552884615384615 0.6694711538461539 0.09735576923076923 0.0829326923076923
0 0.43028846153846156 0.054086538461538464 0.13701923076923078 0.10697115384615384
0 0.5300480769230769 0.2127403846153846 0.06490384615384616 0.1778846153846154
0 0.5384615384615384 0.953125 0.10096153846153846 0.07932692307692307
0 0.36899038461538464 0.59375 0.171875 0.16346153846153846
0 0.03245192307692308 0.9663461538461539 0.06490384615384616 0.06490384615384616
0 0.5709134615384616 0.042067307692307696 0.09615384615384616 0.08413461538461539
0 0.5 0.04447115384615385 0.08774038461538461 0.06610576923076923
0 0.7800480769230769 0.9290865384615384 0.10576923076923077 0.140625