0 0.2439903846153846 0.9266826923076923 0.046875 0.0829326923076923
0 0.9855769230769231 0.23557692307692307 0.027644230769230768 0.06129807692307692
0 0.41947115384615385 0.11778846153846154 0.0829326923076923 0.1502403846153846
0 0.46033653846153844 0.8173076923076923 0.10336538461538461 0.21995192307692307
0 0.5336538461538461 0.30528846153846156 0.038461538461538464 0.07211538461538461
0 0.5396634615384616 0.44471153846153844 0.03125 0.04447115384615385
0 0.6694711538461539 0.057692307692307696 0.07572115384615384 0.11538461538461539
0 0.43028846153846156 0.3233173076923077 0.04567307692307692 0.055288461538461536
0 0.5144230769230769 0.26322115384615385 0.057692307692307696 0.07091346153846154
0 0.421875 0.9783653846153846 0.04447115384615385 0.042067307692307696
0 0.6009615384615384 0.35216346153846156 0.04447115384615385 0.025240384615384616
0 0.3173076923076923 0.90625 0.08533653846153846 0.06850961538461539
0 0.01201923076923077 0.3485576923076923 0.02403846153846154 0.030048076923076924
0 0.4182692307692308 0.9170673076923077 0.030048076923076924 0.051682692307692304
0 0.3701923076923077 0.9735576923076923 0.06971153846153846 0.05048076923076923
0 0.22956730769230768 0.9747596153846154 0.06009615384615385 0.04807692307692308
0 0.328125 0.9290865384615384 0.078125 0.06129807692307692
0 0.5817307692307693 0.20552884615384615 0.04567307692307692 0.04447115384615385
0 0.5204326923076923 0.8161057692307693 0.06971153846153846 0.10697115384615384
0 0.4579326923076923 0.6959134615384616 0.06129807692307692 0.046875
0 0.6225961538461539 0.27884615384615385 0.038461538461538464 0.0625
0 0.27403846153846156 0.03365384615384615 0.07572115384615384 0.036057692307692304
0 0.5889423076923077 0.019230769230769232 0.03365384615384615 0.038461538461538464
0 0.65625 0.2848557692307692 0.03245192307692308 0.028846153846153848
0 0.38221153846153844 0.2848557692307692 0.0625 0.10096153846153846
0 0.3894230769230769 0.6899038461538461 0.09615384615384616 0.054086538461538464
0 0.265625 0.5913461538461539 0.11298076923076923 0.040865384615384616
0 0.37259615384615385 0.2283653846153846 0.078125 0.09134615384615384
0 0.390625 0.8076923076923077 0.057692307692307696 0.05048076923076923
0 0.6189903846153846 0.18389423076923078 0.04326923076923077 0.0733173076923077
0 0.6850961538461539 0.8365384615384616 0.16947115384615385 0.11538461538461539
0 0.3317307692307692 0.0829326923076923 0.15625 0.16466346153846154
0 0.28365384615384615 0.6670673076923077 0.04326923076923077 0.026442307692307692
0 0.28125 0.7319711538461539 0.051682692307692304 0.03245192307692308
0 0.5144230769230769 0.9735576923076923 0.04447115384615385 0.051682692307692304
0 0.484375 0.9639423076923077 0.038461538461538464 0.06971153846153846
0 0.4675480769230769 0.30288461538461536 0.036057692307692304 0.042067307692307696
0 0.3125 0.8473557692307693 0.08173076923076923 0.07932692307692307
0 0.3485576923076923 0.7920673076923077 0.06610576923076923 0.08173076923076923
0 0.5733173076923077 0.27403846153846156 0.03245192307692308 0.055288461538461536
0 0.6862980769230769 0.23197115384615385 0.10817307692307693 0.04447115384615385
0 0.6502403846153846 0.17427884615384615 0.03365384615384615 0.06971153846153846
0 0.17067307692307693 0.7163461538461539 0.13822115384615385 0.038461538461538464
0 0.5516826923076923 0.04447115384615385 0.052884615384615384 0.07451923076923077
0 0.53125 0.6887019230769231 0.04927884615384615 0.057692307692307696