0 0.8076923076923077 0.051682692307692304 0.08052884615384616 0.10216346153846154
0 0.4375 0.4266826923076923 0.057692307692307696 0.1201923076923077
0 0.03125 0.6514423076923077 0.0625 0.06971153846153846
0 0.17668269230769232 0.27403846153846156 0.06490384615384616 0.10336538461538461
0 0.6153846153846154 0.019230769230769232 0.07211538461538461 0.038461538461538464
0 0.051682692307692304 0.9771634615384616 0.07932692307692307 0.04447115384615385
0 0.3076923076923077 0.6935096153846154 0.09254807692307693 0.06129807692307692
0 0.9615384615384616 0.9519230769230769 0.06971153846153846 0.09375
0 0.39903846153846156 0.01201923076923077 0.057692307692307696 0.02283653846153846
0 0.5745192307692307 0.32211538461538464 0.06129807692307692 0.09735576923076923
0 0.025240384615384616 0.8581730769230769 0.04927884615384615 0.09014423076923077
0 0.8894230769230769 0.3389423076923077 0.08052884615384616 0.10817307692307693
0 0.8245192307692307 0.45072115384615385 0.11538461538461539 0.12259615384615384
0 0.2247596153846154 0.48197115384615385 0.07572115384615384 0.07572115384615384
0 0.8161057692307693 0.027644230769230768 0.10096153846153846 0.055288461538461536
0 0.9495192307692307 0.1310096153846154 0.07572115384615384 0.09375
0 0.49759615384615385 0.8317307692307693 0.078125 0.11778846153846154
0 0.6742788461538461 0.8689903846153846 0.046875 0.06490384615384616
0 0.23677884615384615 0.03125 0.10096153846153846 0.0625
0 0.7896634615384616 0.9771634615384616 0.07932692307692307 0.04326923076923077
0 0.7740384615384616 0.7668269230769231 0.078125 0.09615384615384616
0 0.3389423076923077 0.9567307692307693 0.06971153846153846 0.06971153846153846
0 0.33653846153846156 0.8473557692307693 0.078125 0.11177884615384616
0 0.18629807692307693 0.8185096153846154 0.04447115384615385 0.06370192307692307
0 0.24759615384615385 0.3713942307692308 0.05889423076923077 0.0673076923076923
0 0.9423076923076923 0.39903846153846156 0.0673076923076923 0.038461538461538464
0 0.5829326923076923 0.9266826923076923 0.06490384615384616 0.05889423076923077
0 0.4639423076923077 0.8858173076923077 0.0673076923076923 0.0673076923076923
0 0.39903846153846156 0.9639423076923077 0.05048076923076923 0.055288461538461536
0 0.3798076923076923 0.24519230769230768 0.07211538461538461 0.08052884615384616
0 0.02403846153846154 0.9242788461538461 0.046875 0.055288461538461536
0 0.14302884615384615 0.8100961538461539 0.09735576923076923 0.07451923076923077
0 0.7548076923076923 0.6105769230769231 0.057692307692307696 0.055288461538461536
0 0.019230769230769232 0.140625 0.038461538461538464 0.08413461538461539
0 0.5192307692307693 0.3954326923076923 0.06971153846153846 0.0985576923076923
0 0.38822115384615385 0.171875 0.06009615384615385 0.08533653846153846
0 0.9242788461538461 0.5576923076923077 0.08653846153846154 0.06971153846153846
0 0.8125 0.5360576923076923 0.07572115384615384 0.07451923076923077
0 0.5324519230769231 0.5793269230769231 0.10216346153846154 0.06370192307692307
0 0.44471153846153844 0.2980769230769231 0.07451923076923077 0.109375
0 0.17427884615384615 0.5769230769230769 0.09014423076923077 0.08052884615384616
0 0.46634615384615385 0.4423076923076923 0.04927884615384615 0.08052884615384616
0 0.5697115384615384 0.0673076923076923 0.10576923076923077 0.06490384615384616
0 0.027644230769230768 0.5552884615384616 0.055288461538461536 0.09615384615384616
0 0.6165865384615384 0.2403846153846154 0.07211538461538461 0.13221153846153846
0 0.8413461538461539 0.38221153846153844 0.09254807692307693 0.09615384615384616
0 0.5420673076923077 0.7019230769230769 0.07091346153846154 0.06490384615384616
0 0.4651442307692308 0.1346153846153846 0.06971153846153846 0.10096153846153846
0 0.6382211538461539 0.16105769230769232 0.051682692307692304 0.09134615384615384
0 0.7019230769230769 0.5552884615384616 0.06850961538461539 0.09495192307692307
0 0.12740384615384615 0.46634615384615385 0.06490384615384616 0.08774038461538461
0 0.37740384615384615 0.6334134615384616 0.0829326923076923 0.06971153846153846
0 0.07451923076923077 0.30408653846153844 0.09134615384615384 0.11899038461538461