0 0.7079326923076923 0.055288461538461536 0.04447115384615385 0.056490384615384616
0 0.5180288461538461 0.0985576923076923 0.039663461538461536 0.055288461538461536
0 0.203125 0.15625 0.0733173076923077 0.08052884615384616
0 0.15144230769230768 0.10336538461538461 0.038461538461538464 0.03365384615384615
0 0.06610576923076923 0.1502403846153846 0.055288461538461536 0.038461538461538464
0 0.10096153846153846 0.27283653846153844 0.04447115384615385 0.04447115384615385
0 0.16105769230769232 0.3269230769230769 0.04447115384615385 0.06009615384615385
0 0.037259615384615384 0.6514423076923077 0.055288461538461536 0.054086538461538464
0 0.16706730769230768 0.625 0.05889423076923077 0.02403846153846154
0 0.3401442307692308 0.7247596153846154 0.052884615384615384 0.055288461538461536
0 0.125 0.7644230769230769 0.04326923076923077 0.018028846153846152
0 0.018028846153846152 0.8293269230769231 0.03485576923076923 0.06129807692307692
0 0.2608173076923077 0.8677884615384616 0.02283653846153846 0.040865384615384616
0 0.04807692307692308 0.9026442307692307 0.027644230769230768 0.04447115384615385
0 0.49038461538461536 0.9555288461538461 0.07932692307692307 0.019230769230769232
0 0.203125 0.9867788461538461 0.036057692307692304 0.02403846153846154
0 0.34375 0.6634615384615384 0.03125 0.018028846153846152