0 0.8137019230769231 0.47716346153846156 0.14302884615384615 0.10216346153846154
0 0.9242788461538461 0.6322115384615384 0.06971153846153846 0.09375
0 0.47115384615384615 0.20432692307692307 0.12860576923076922 0.15504807692307693
0 0.33052884615384615 0.11057692307692307 0.06971153846153846 0.06370192307692307
0 0.8088942307692307 0.9699519230769231 0.09134615384615384 0.05889423076923077
0 0.6117788461538461 0.47596153846153844 0.12740384615384615 0.08774038461538461
0 0.07451923076923077 0.6899038461538461 0.13701923076923078 0.10576923076923077
0 0.5012019230769231 0.5360576923076923 0.07091346153846154 0.0829326923076923
0 0.7103365384615384 0.8822115384615384 0.06610576923076923 0.1141826923076923
0 0.5180288461538461 0.36177884615384615 0.0985576923076923 0.08653846153846154
0 0.6117788461538461 0.23317307692307693 0.12860576923076922 0.0985576923076923
0 0.8966346153846154 0.8557692307692307 0.10096153846153846 0.09495192307692307
0 0.13221153846153846 0.36778846153846156 0.15384615384615385 0.125
0 0.4423076923076923 0.6862980769230769 0.0889423076923077 0.10096153846153846
0 0.40024038461538464 0.02403846153846154 0.10576923076923077 0.04807692307692308
0 0.421875 0.42788461538461536 0.09254807692307693 0.07451923076923077
0 0.6370192307692307 0.9723557692307693 0.11778846153846154 0.054086538461538464
0 0.4639423076923077 0.3137019230769231 0.07091346153846154 0.07932692307692307
0 0.9735576923076923 0.21394230769230768 0.051682692307692304 0.11778846153846154
0 0.1875 0.27163461538461536 0.08052884615384616 0.06850961538461539
0 0.7319711538461539 0.5612980769230769 0.08173076923076923 0.10336538461538461
0 0.14543269230769232 0.7307692307692307 0.0889423076923077 0.07091346153846154
0 0.24158653846153846 0.8737980769230769 0.09254807692307693 0.10697115384615384