0 0.47475961538461536 0.46274038461538464 0.06490384615384616 0.057692307692307696
0 0.2091346153846154 0.4483173076923077 0.06370192307692307 0.0733173076923077
0 0.75 0.7475961538461539 0.07692307692307693 0.040865384615384616
0 0.08173076923076923 0.8040865384615384 0.12379807692307693 0.06850961538461539
0 0.5132211538461539 0.27163461538461536 0.052884615384615384 0.039663461538461536
0 0.07692307692307693 0.43509615384615385 0.08774038461538461 0.06009615384615385
0 0.48197115384615385 0.10697115384615384 0.056490384615384616 0.057692307692307696
0 0.4963942307692308 0.7379807692307693 0.04927884615384615 0.0985576923076923
0 0.109375 0.9723557692307693 0.08052884615384616 0.051682692307692304
0 0.22716346153846154 0.9266826923076923 0.09014423076923077 0.07572115384615384
0 0.03245192307692308 0.11057692307692307 0.06490384615384616 0.04567307692307692
0 0.30408653846153844 0.890625 0.06971153846153846 0.054086538461538464
0 0.20072115384615385 0.040865384615384616 0.055288461538461536 0.07932692307692307
0 0.09134615384615384 0.20432692307692307 0.0625 0.046875
0 0.9603365384615384 0.8990384615384616 0.07572115384615384 0.051682692307692304
0 0.3485576923076923 0.15144230769230768 0.0889423076923077 0.06490384615384616
0 0.6057692307692307 0.8197115384615384 0.07572115384615384 0.07211538461538461
0 0.8052884615384616 0.7800480769230769 0.06129807692307692 0.06009615384615385
0 0.06610576923076923 0.4963942307692308 0.06971153846153846 0.04807692307692308
0 0.7295673076923077 0.9711538461538461 0.06490384615384616 0.055288461538461536
0 0.8076923076923077 0.2247596153846154 0.04447115384615385 0.055288461538461536
0 0.28846153846153844 0.4951923076923077 0.05048076923076923 0.06129807692307692
0 0.734375 0.0889423076923077 0.06129807692307692 0.039663461538461536
0 0.25841346153846156 0.8100961538461539 0.06129807692307692 0.055288461538461536
0 0.04807692307692308 0.1502403846153846 0.09615384615384616 0.04567307692307692
0 0.9627403846153846 0.051682692307692304 0.0625 0.0733173076923077
0 0.18870192307692307 0.22355769230769232 0.08774038461538461 0.055288461538461536
0 0.12980769230769232 0.6298076923076923 0.04567307692307692 0.06370192307692307
0 0.5480769230769231 0.4375 0.046875 0.0829326923076923
0 0.6622596153846154 0.04567307692307692 0.04927884615384615 0.0829326923076923
0 0.03485576923076923 0.07091346153846154 0.06971153846153846 0.055288461538461536
0 0.02403846153846154 0.453125 0.046875 0.055288461538461536
0 0.24759615384615385 0.4675480769230769 0.038461538461538464 0.06490384615384616
0 0.43990384615384615 0.2824519230769231 0.06971153846153846 0.056490384615384616
0 0.6862980769230769 0.22355769230769232 0.039663461538461536 0.04567307692307692
0 0.796875 0.5949519230769231 0.06129807692307692 0.06009615384615385
0 0.5372596153846154 0.515625 0.06129807692307692 0.052884615384615384
0 0.45552884615384615 0.06370192307692307 0.06850961538461539 0.06009615384615385
0 0.03125 0.22596153846153846 0.06129807692307692 0.07572115384615384
0 0.09615384615384616 0.5372596153846154 0.06370192307692307 0.039663461538461536
0 0.057692307692307696 0.9579326923076923 0.06129807692307692 0.042067307692307696
0 0.36658653846153844 0.2860576923076923 0.08052884615384616 0.09375
0 0.6598557692307693 0.34134615384615385 0.040865384615384616 0.06971153846153846
0 0.640625 0.5180288461538461 0.057692307692307696 0.054086538461538464
0 0.2956730769230769 0.44350961538461536 0.054086538461538464 0.051682692307692304
0 0.59375 0.3737980769230769 0.0673076923076923 0.08052884615384616
0 0.5961538461538461 0.5516826923076923 0.06129807692307692 0.05889423076923077
0 0.028846153846153848 0.84375 0.056490384615384616 0.04927884615384615
0 0.18990384615384615 0.0673076923076923 0.055288461538461536 0.051682692307692304
0 0.9266826923076923 0.09134615384615384 0.038461538461538464 0.06971153846153846
0 0.42788461538461536 0.7536057692307693 0.0829326923076923 0.07572115384615384
0 0.8942307692307693 0.8798076923076923 0.06370192307692307 0.06009615384615385
0 0.7199519230769231 0.7572115384615384 0.055288461538461536 0.06971153846153846
0 0.33052884615384615 0.3605769230769231 0.06971153846153846 0.040865384615384616
0 0.96875 0.5805288461538461 0.06009615384615385 0.057692307692307696
0 0.4423076923076923 0.9759615384615384 0.10817307692307693 0.04447115384615385
0 0.43028846153846156 0.7632211538461539 0.078125 0.025240384615384616
0 0.2848557692307692 0.028846153846153848 0.04807692307692308 0.056490384615384616
0 0.6298076923076923 0.027644230769230768 0.04807692307692308 0.055288461538461536