0 0.5336538461538461 0.49278846153846156 0.04447115384615385 0.055288461538461536
0 0.6742788461538461 0.2247596153846154 0.03365384615384615 0.03365384615384615
0 0.6382211538461539 0.17668269230769232 0.028846153846153848 0.03125
0 0.6310096153846154 0.06370192307692307 0.07091346153846154 0.0829326923076923
0 0.8197115384615384 0.13942307692307693 0.08052884615384616 0.12139423076923077
0 0.5913461538461539 0.2764423076923077 0.026442307692307692 0.030048076923076924
0 0.33774038461538464 0.22115384615384615 0.06129807692307692 0.04567307692307692
0 0.8197115384615384 0.4098557692307692 0.05048076923076923 0.03125
0 0.6610576923076923 0.42427884615384615 0.04927884615384615 0.04927884615384615
0 0.7620192307692307 0.38100961538461536 0.04927884615384615 0.026442307692307692
0 0.8112980769230769 0.34615384615384615 0.06490384615384616 0.04326923076923077
0 0.9194711538461539 0.5600961538461539 0.09134615384615384 0.026442307692307692
0 0.703125 0.5300480769230769 0.06009615384615385 0.038461538461538464
0 0.7259615384615384 0.5745192307692307 0.09495192307692307 0.06490384615384616
0 0.9435096153846154 0.9014423076923077 0.06370192307692307 0.039663461538461536
0 0.9050480769230769 0.8209134615384616 0.06129807692307692 0.046875
0 0.9038461538461539 0.8605769230769231 0.09975961538461539 0.03365384615384615
0 0.6574519230769231 0.84375 0.02403846153846154 0.030048076923076924
0 0.7067307692307693 0.9879807692307693 0.036057692307692304 0.021634615384615384
0 0.49759615384615385 0.7139423076923077 0.042067307692307696 0.054086538461538464
0 0.7800480769230769 0.7223557692307693 0.07572115384615384 0.06129807692307692
0 0.6045673076923077 0.625 0.019230769230769232 0.016826923076923076
0 0.6610576923076923 0.6947115384615384 0.055288461538461536 0.03245192307692308
0 0.3870192307692308 0.5216346153846154 0.07091346153846154 0.028846153846153848
0 0.46875 0.46634615384615385 0.03365384615384615 0.0889423076923077
0 0.421875 0.49278846153846156 0.03365384615384615 0.07932692307692307
0 0.9146634615384616 0.6550480769230769 0.11298076923076923 0.028846153846153848
0 0.9675480769230769 0.7608173076923077 0.05048076923076923 0.020432692307692308
0 0.6514423076923077 0.8762019230769231 0.019230769230769232 0.02283653846153846
0 0.5661057692307693 0.6225961538461539 0.028846153846153848 0.020432692307692308
0 0.9098557692307693 0.46153846153846156 0.056490384615384616 0.027644230769230768
0 0.9507211538461539 0.4206730769230769 0.04326923076923077 0.040865384615384616
0 0.8725961538461539 0.40024038461538464 0.04807692307692308 0.027644230769230768
0 0.38221153846153844 0.24278846153846154 0.051682692307692304 0.03365384615384615