0 0.040865384615384616 0.3425480769230769 0.08173076923076923 0.038461538461538464
0 0.12980769230769232 0.16466346153846154 0.08653846153846154 0.04567307692307692
0 0.19951923076923078 0.14543269230769232 0.25961538461538464 0.18990384615384615
0 0.27884615384615385 0.11177884615384616 0.19471153846153846 0.10697115384615384
0 0.3894230769230769 0.13581730769230768 0.11057692307692307 0.08052884615384616
0 0.37259615384615385 0.05889423076923077 0.19471153846153846 0.08052884615384616
0 0.46033653846153844 0.17908653846153846 0.0889423076923077 0.055288461538461536
0 0.37740384615384615 0.22115384615384615 0.11177884615384616 0.04927884615384615
0 0.3737980769230769 0.3233173076923077 0.09735576923076923 0.0829326923076923
0 0.43149038461538464 0.3269230769230769 0.0673076923076923 0.055288461538461536
0 0.4375 0.2824519230769231 0.14182692307692307 0.06971153846153846
0 0.5841346153846154 0.11538461538461539 0.1310096153846154 0.13341346153846154
0 0.6538461538461539 0.265625 0.109375 0.055288461538461536
0 0.7175480769230769 0.21514423076923078 0.08052884615384616 0.08653846153846154
0 0.671875 0.17427884615384615 0.04326923076923077 0.04567307692307692
0 0.8317307692307693 0.04326923076923077 0.04447115384615385 0.08653846153846154
0 0.9134615384615384 0.15865384615384615 0.08052884615384616 0.09134615384615384
0 0.15865384615384615 0.49278846153846156 0.15384615384615385 0.06009615384615385
0 0.29447115384615385 0.5600961538461539 0.15264423076923078 0.04927884615384615
0 0.5132211538461539 0.484375 0.16947115384615385 0.08173076923076923
0 0.47716346153846156 0.578125 0.08533653846153846 0.0829326923076923
0 0.4110576923076923 0.6009615384615384 0.0673076923076923 0.06490384615384616
0 0.5769230769230769 0.59375 0.09134615384615384 0.0733173076923077
0 0.5036057692307693 0.671875 0.06490384615384616 0.0673076923076923
0 0.44591346153846156 0.671875 0.06490384615384616 0.039663461538461536
0 0.6802884615384616 0.5300480769230769 0.06850961538461539 0.06009615384615385
0 0.6899038461538461 0.6189903846153846 0.06610576923076923 0.11057692307692307
0 0.71875 0.6911057692307693 0.0733173076923077 0.039663461538461536
0 0.9134615384615384 0.7427884615384616 0.04447115384615385 0.04927884615384615
0 0.5072115384615384 0.8870192307692307 0.06971153846153846 0.04807692307692308
0 0.65625 0.8846153846153846 0.10697115384615384 0.056490384615384616
0 0.7307692307692307 0.8665865384615384 0.04447115384615385 0.03485576923076923
0 0.7283653846153846 0.9170673076923077 0.038461538461538464 0.042067307692307696
0 0.44591346153846156 0.9699519230769231 0.09495192307692307 0.05889423076923077
0 0.6538461538461539 0.9915865384615384 0.028846153846153848 0.014423076923076924
0 0.8112980769230769 0.9735576923076923 0.06009615384615385 0.051682692307692304
0 0.5973557692307693 0.3425480769230769 0.09375 0.06490384615384616
0 0.021634615384615384 0.5192307692307693 0.04326923076923077 0.04807692307692308
0 0.43990384615384615 0.11538461538461539 0.056490384615384616 0.056490384615384616
0 0.4230769230769231 0.03245192307692308 0.13221153846153846 0.06490384615384616
0 0.18870192307692307 0.0625 0.046875 0.07692307692307693
0 0.1310096153846154 0.02283653846153846 0.08653846153846154 0.04567307692307692
0 0.03365384615384615 0.49038461538461536 0.06610576923076923 0.025240384615384616
0 0.02403846153846154 0.027644230769230768 0.04807692307692308 0.055288461538461536
0 0.25 0.2548076923076923 0.07451923076923077 0.057692307692307696