0 0.625 0.09735576923076923 0.04807692307692308 0.025240384615384616
0 0.45552884615384615 0.15384615384615385 0.052884615384615384 0.0673076923076923
0 0.3954326923076923 0.24759615384615385 0.042067307692307696 0.036057692307692304
0 0.21995192307692307 0.22115384615384615 0.06971153846153846 0.037259615384615384
0 0.5829326923076923 0.3545673076923077 0.06610576923076923 0.04927884615384615
0 0.5913461538461539 0.47596153846153844 0.078125 0.037259615384615384
0 0.7451923076923077 0.4519230769230769 0.0889423076923077 0.0625
0 0.41346153846153844 0.42908653846153844 0.039663461538461536 0.027644230769230768
0 0.18990384615384615 0.47716346153846156 0.04927884615384615 0.04447115384615385
0 0.11899038461538461 0.41947115384615385 0.08173076923076923 0.03365384615384615
0 0.3485576923076923 0.08413461538461539 0.03365384615384615 0.04927884615384615
0 0.17067307692307693 0.33774038461538464 0.06009615384615385 0.0625
0 0.7331730769230769 0.0889423076923077 0.06490384615384616 0.04567307692307692
0 0.7295673076923077 0.8245192307692307 0.08653846153846154 0.03125
0 0.7475961538461539 0.9483173076923077 0.10817307692307693 0.036057692307692304
0 0.16466346153846154 0.8822115384615384 0.06009615384615385 0.046875
0 0.203125 0.8365384615384616 0.08052884615384616 0.028846153846153848
0 0.22355769230769232 0.7524038461538461 0.02403846153846154 0.028846153846153848
0 0.28365384615384615 0.6237980769230769 0.03125 0.046875
0 0.06971153846153846 0.5697115384615384 0.08052884615384616 0.025240384615384616
0 0.6394230769230769 0.7872596153846154 0.08052884615384616 0.025240384615384616
0 0.7740384615384616 0.7055288461538461 0.11298076923076923 0.07211538461538461
0 0.6274038461538461 0.6358173076923077 0.056490384615384616 0.06971153846153846
0 0.5733173076923077 0.6129807692307693 0.054086538461538464 0.037259615384615384
0 0.4699519230769231 0.3161057692307692 0.042067307692307696 0.04447115384615385
0 0.35336538461538464 0.5733173076923077 0.03485576923076923 0.037259615384615384
0 0.24519230769230768 0.6334134615384616 0.039663461538461536 0.04447115384615385
0 0.6418269230769231 0.9411057692307693 0.08052884615384616 0.06610576923076923
0 0.5552884615384616 0.9555288461538461 0.06009615384615385 0.028846153846153848
0 0.5024038461538461 0.859375 0.054086538461538464 0.028846153846153848
0 0.4639423076923077 0.8774038461538461 0.055288461538461536 0.055288461538461536
0 0.421875 0.7451923076923077 0.038461538461538464 0.021634615384615384
0 0.4543269230769231 0.5805288461538461 0.042067307692307696 0.030048076923076924
0 0.5961538461538461 0.28365384615384615 0.04927884615384615 0.055288461538461536
0 0.5108173076923077 0.7391826923076923 0.042067307692307696 0.03125
0 0.19831730769230768 0.7512019230769231 0.025240384615384616 0.03125
0 0.4230769230769231 0.7752403846153846 0.040865384615384616 0.038461538461538464
0 0.6694711538461539 0.013221153846153846 0.025240384615384616 0.02283653846153846
0 0.4110576923076923 0.02283653846153846 0.03245192307692308 0.02283653846153846
0 0.3173076923076923 0.8341346153846154 0.04447115384615385 0.04447115384615385
0 0.2860576923076923 0.8557692307692307 0.036057692307692304 0.038461538461538464
0 0.22716346153846154 0.9867788461538461 0.037259615384615384 0.02403846153846154