0 0.265625 0.08653846153846154 0.06971153846153846 0.10817307692307693
0 0.019230769230769232 0.9182692307692307 0.037259615384615384 0.08653846153846154
0 0.3641826923076923 0.14543269230769232 0.07091346153846154 0.06370192307692307
0 0.6430288461538461 0.8425480769230769 0.11057692307692307 0.11538461538461539
0 0.4170673076923077 0.7307692307692307 0.1141826923076923 0.08653846153846154
0 0.09615384615384616 0.6358173076923077 0.1310096153846154 0.07091346153846154
0 0.7728365384615384 0.23557692307692307 0.10336538461538461 0.078125
0 0.7055288461538461 0.140625 0.056490384615384616 0.06971153846153846
0 0.04807692307692308 0.7355769230769231 0.09615384615384616 0.0673076923076923
0 0.5588942307692307 0.65625 0.0673076923076923 0.054086538461538464
0 0.46033653846153844 0.5637019230769231 0.08533653846153846 0.06490384615384616
0 0.7295673076923077 0.12139423076923077 0.055288461538461536 0.09975961538461539
0 0.140625 0.14903846153846154 0.10096153846153846 0.06610576923076923
0 0.8016826923076923 0.9483173076923077 0.11538461538461539 0.10216346153846154
0 0.5853365384615384 0.09014423076923077 0.10576923076923077 0.15504807692307693
0 0.96875 0.06370192307692307 0.06009615384615385 0.06009615384615385
0 0.4519230769230769 0.30528846153846156 0.09134615384615384 0.06490384615384616
0 0.3329326923076923 0.9783653846153846 0.08052884615384616 0.042067307692307696
0 0.057692307692307696 0.21394230769230768 0.0985576923076923 0.04927884615384615
0 0.7536057692307693 0.038461538461538464 0.06490384615384616 0.07692307692307693
0 0.8545673076923077 0.28725961538461536 0.07572115384615384 0.07572115384615384
0 0.06971153846153846 0.6899038461538461 0.0829326923076923 0.08653846153846154
0 0.8858173076923077 0.625 0.14302884615384615 0.06971153846153846
0 0.7019230769230769 0.8365384615384616 0.13221153846153846 0.10697115384615384
0 0.35336538461538464 0.9110576923076923 0.09735576923076923 0.06129807692307692
0 0.8822115384615384 0.17548076923076922 0.07451923076923077 0.08173076923076923
0 0.15144230769230768 0.25240384615384615 0.12860576923076922 0.06610576923076923
0 0.9375 0.53125 0.10817307692307693 0.07572115384615384
0 0.04326923076923077 0.39903846153846156 0.08653846153846154 0.10697115384615384
0 0.35096153846153844 0.8173076923076923 0.1346153846153846 0.06009615384615385
0 0.9651442307692307 0.5865384615384616 0.0673076923076923 0.040865384615384616
0 0.6574519230769231 0.06971153846153846 0.07451923076923077 0.07211538461538461
0 0.41225961538461536 0.3786057692307692 0.08173076923076923 0.06009615384615385
0 0.421875 0.2283653846153846 0.125 0.0733173076923077
0 0.9483173076923077 0.6658653846153846 0.10216346153846154 0.08052884615384616
0 0.109375 0.17067307692307693 0.09254807692307693 0.07211538461538461
0 0.21875 0.1346153846153846 0.19831730769230768 0.12980769230769232
0 0.515625 0.19230769230769232 0.08052884615384616 0.11177884615384616
0 0.4519230769230769 0.9338942307692307 0.07572115384615384 0.06129807692307692
0 0.2403846153846154 0.7367788461538461 0.06971153846153846 0.05889423076923077
0 0.15144230769230768 0.8317307692307693 0.09134615384615384 0.18028846153846154
0 0.8641826923076923 0.0889423076923077 0.14903846153846154 0.1466346153846154
0 0.6586538461538461 0.30408653846153844 0.13701923076923078 0.052884615384615384
0 0.5793269230769231 0.35697115384615385 0.0673076923076923 0.06009615384615385
0 0.35336538461538464 0.07692307692307693 0.07451923076923077 0.09254807692307693
0 0.32572115384615385 0.6454326923076923 0.07451923076923077 0.06971153846153846
0 0.6658653846153846 0.5 0.1141826923076923 0.1622596153846154