0 0.5420673076923077 0.9735576923076923 0.04567307692307692 0.03245192307692308
0 0.734375 0.5036057692307693 0.08533653846153846 0.07211538461538461
0 0.49759615384615385 0.34134615384615385 0.11538461538461539 0.11177884615384616
0 0.21995192307692307 0.6225961538461539 0.13701923076923078 0.12139423076923077
0 0.8858173076923077 0.43028846153846156 0.0889423076923077 0.09615384615384616
0 0.5673076923076923 0.4182692307692308 0.10096153846153846 0.07692307692307693
0 0.15504807692307693 0.8233173076923077 0.11778846153846154 0.13221153846153846
0 0.8786057692307693 0.6490384615384616 0.17067307692307693 0.11778846153846154
0 0.6430288461538461 0.7596153846153846 0.07451923076923077 0.13221153846153846
0 0.8725961538461539 0.234375 0.09495192307692307 0.10817307692307693
0 0.5132211538461539 0.8461538461538461 0.09615384615384616 0.13221153846153846
0 0.0985576923076923 0.04447115384615385 0.10096153846153846 0.06009615384615385
0 0.20432692307692307 0.265625 0.12980769230769232 0.11538461538461539
0 0.027644230769230768 0.9399038461538461 0.055288461538461536 0.10576923076923077
0 0.4230769230769231 0.09615384615384616 0.08052884615384616 0.10817307692307693
0 0.5709134615384616 0.2644230769230769 0.078125 0.07211538461538461
0 0.9230769230769231 0.6009615384615384 0.15144230769230768 0.09014423076923077
0 0.7884615384615384 0.5961538461538461 0.10697115384615384 0.06490384615384616
0 0.4170673076923077 0.6033653846153846 0.1045673076923077 0.10697115384615384
0 0.35336538461538464 0.5721153846153846 0.06129807692307692 0.06370192307692307
0 0.34615384615384615 0.2608173076923077 0.08413461538461539 0.10697115384615384
0 0.24759615384615385 0.49278846153846156 0.07451923076923077 0.08173076923076923