0 0.7692307692307693 0.07091346153846154 0.06490384615384616 0.057692307692307696
0 0.40865384615384615 0.9747596153846154 0.06370192307692307 0.04927884615384615
0 0.9615384615384616 0.02283653846153846 0.07451923076923077 0.038461538461538464
0 0.828125 0.20552884615384615 0.06971153846153846 0.046875
0 0.6682692307692307 0.0829326923076923 0.038461538461538464 0.028846153846153848
0 0.5949519230769231 0.8786057692307693 0.06370192307692307 0.06129807692307692
0 0.7271634615384616 0.7932692307692307 0.055288461538461536 0.06971153846153846
0 0.7788461538461539 0.9206730769230769 0.042067307692307696 0.0625
0 0.7908653846153846 0.24158653846153846 0.06490384615384616 0.04807692307692308
0 0.6009615384615384 0.9759615384615384 0.06971153846153846 0.046875
0 0.5697115384615384 0.8509615384615384 0.06009615384615385 0.06610576923076923