0 0.6610576923076923 0.75 0.06971153846153846 0.037259615384615384
0 0.015625 0.03125 0.03125 0.0625
0 0.41225961538461536 0.421875 0.08533653846153846 0.09615384615384616
0 0.08774038461538461 0.9579326923076923 0.06370192307692307 0.028846153846153848
0 0.08052884615384616 0.5456730769230769 0.09375 0.11177884615384616
0 0.49399038461538464 0.5576923076923077 0.028846153846153848 0.09134615384615384
0 0.9759615384615384 0.9867788461538461 0.04447115384615385 0.02403846153846154
0 0.49158653846153844 0.6586538461538461 0.046875 0.038461538461538464
0 0.20432692307692307 0.32211538461538464 0.056490384615384616 0.028846153846153848
0 0.140625 0.48197115384615385 0.055288461538461536 0.11298076923076923
0 0.32091346153846156 0.24158653846153846 0.0625 0.07572115384615384
0 0.013221153846153846 0.4266826923076923 0.026442307692307692 0.03125
0 0.5036057692307693 0.20552884615384615 0.042067307692307696 0.028846153846153848
0 0.9699519230769231 0.6430288461538461 0.055288461538461536 0.05889423076923077
0 0.40384615384615385 0.9423076923076923 0.06971153846153846 0.042067307692307696
0 0.234375 0.9182692307692307 0.1141826923076923 0.04807692307692308
0 0.46274038461538464 0.19110576923076922 0.04927884615384615 0.051682692307692304
0 0.7992788461538461 0.7932692307692307 0.04927884615384615 0.02403846153846154
0 0.9350961538461539 0.06009615384615385 0.025240384615384616 0.0625
0 0.4951923076923077 0.890625 0.0673076923076923 0.055288461538461536
0 0.5348557692307693 0.2704326923076923 0.06971153846153846 0.0625
0 0.27403846153846156 0.7319711538461539 0.054086538461538464 0.0733173076923077
0 0.6081730769230769 0.3088942307692308 0.046875 0.11778846153846154
0 0.6682692307692307 0.5444711538461539 0.04927884615384615 0.025240384615384616
0 0.6165865384615384 0.13221153846153846 0.06129807692307692 0.027644230769230768
0 0.21634615384615385 0.96875 0.078125 0.04567307692307692
0 0.10576923076923077 0.71875 0.08173076923076923 0.03365384615384615
0 0.8737980769230769 0.6165865384615384 0.08052884615384616 0.04567307692307692
0 0.1971153846153846 0.1502403846153846 0.0829326923076923 0.08052884615384616
0 0.921875 0.1971153846153846 0.05048076923076923 0.06850961538461539
0 0.34375 0.2127403846153846 0.04927884615384615 0.03365384615384615
0 0.30649038461538464 0.6165865384615384 0.08413461538461539 0.042067307692307696
0 0.26322115384615385 0.3425480769230769 0.052884615384615384 0.09014423076923077
0 0.7139423076923077 0.984375 0.055288461538461536 0.025240384615384616
0 0.8305288461538461 0.5528846153846154 0.056490384615384616 0.04807692307692308
0 0.12980769230769232 0.17427884615384615 0.039663461538461536 0.09014423076923077
0 0.8173076923076923 0.05048076923076923 0.04927884615384615 0.0673076923076923
0 0.625 0.23197115384615385 0.057692307692307696 0.06009615384615385
0 0.7632211538461539 0.5757211538461539 0.10336538461538461 0.039663461538461536
0 0.7091346153846154 0.21033653846153846 0.05889423076923077 0.06971153846153846
0 0.9362980769230769 0.7271634615384616 0.055288461538461536 0.04927884615384615
0 0.9375 0.5757211538461539 0.04447115384615385 0.07572115384615384
0 0.8125 0.2824519230769231 0.0625 0.05048076923076923
0 0.04447115384615385 0.23798076923076922 0.06490384615384616 0.039663461538461536
0 0.7235576923076923 0.6814903846153846 0.06370192307692307 0.026442307692307692
0 0.5492788461538461 0.019230769230769232 0.04927884615384615 0.037259615384615384
0 0.9266826923076923 0.25240384615384615 0.07692307692307693 0.07211538461538461
0 0.20793269230769232 0.5348557692307693 0.055288461538461536 0.051682692307692304
0 0.019230769230769232 0.49278846153846156 0.038461538461538464 0.038461538461538464
0 0.9783653846153846 0.9350961538461539 0.040865384615384616 0.051682692307692304
0 0.3449519230769231 0.28725961538461536 0.07211538461538461 0.04447115384615385
0 0.4699519230769231 0.7259615384615384 0.09735576923076923 0.05048076923076923
0 0.09975961538461539 0.39903846153846156 0.06610576923076923 0.03125
0 0.5841346153846154 0.8365384615384616 0.06129807692307692 0.08052884615384616
0 0.3004807692307692 0.8413461538461539 0.051682692307692304 0.037259615384615384
0 0.6598557692307693 0.578125 0.06971153846153846 0.0673076923076923
0 0.24158653846153846 0.5709134615384616 0.11057692307692307 0.051682692307692304
0 0.37740384615384615 0.4543269230769231 0.08653846153846154 0.028846153846153848
0 0.7944711538461539 0.328125 0.06971153846153846 0.04807692307692308
0 0.8257211538461539 0.6923076923076923 0.06610576923076923 0.051682692307692304
0 0.21634615384615385 0.234375 0.0625 0.05048076923076923
0 0.8341346153846154 0.02283653846153846 0.028846153846153848 0.04567307692307692
0 0.49278846153846156 0.5576923076923077 0.028846153846153848 0.09134615384615384
0 0.5180288461538461 0.9579326923076923 0.06009615384615385 0.03365384615384615
0 0.2127403846153846 0.6574519230769231 0.0889423076923077 0.046875
0 0.5576923076923077 0.6418269230769231 0.055288461538461536 0.06009615384615385