0 0.5276442307692307 0.38221153846153844 0.05889423076923077 0.06370192307692307
0 0.5612980769230769 0.9134615384615384 0.052884615384615384 0.078125
0 0.44471153846153844 0.44471153846153844 0.055288461538461536 0.04567307692307692
0 0.5216346153846154 0.5709134615384616 0.08413461538461539 0.109375
0 0.3125 0.6286057692307693 0.11177884615384616 0.0733173076923077
0 0.5048076923076923 0.1141826923076923 0.11298076923076923 0.10216346153846154
0 0.5396634615384616 0.2548076923076923 0.10817307692307693 0.06370192307692307
0 0.5120192307692307 0.9122596153846154 0.08653846153846154 0.17427884615384615
0 0.2548076923076923 0.7548076923076923 0.16105769230769232 0.10096153846153846
0 0.4855769230769231 0.4519230769230769 0.04447115384615385 0.04447115384615385
0 0.5769230769230769 0.0829326923076923 0.0733173076923077 0.08173076923076923
0 0.5697115384615384 0.3173076923076923 0.06009615384615385 0.04447115384615385
0 0.4387019230769231 0.7908653846153846 0.0673076923076923 0.11177884615384616
0 0.3317307692307692 0.5384615384615384 0.0673076923076923 0.09134615384615384
0 0.41947115384615385 0.19831730769230768 0.07572115384615384 0.07932692307692307
0 0.37740384615384615 0.10336538461538461 0.11778846153846154 0.09134615384615384
0 0.5372596153846154 0.6478365384615384 0.06971153846153846 0.056490384615384616
0 0.4362980769230769 0.12740384615384615 0.055288461538461536 0.055288461538461536
0 0.3329326923076923 0.5805288461538461 0.09975961538461539 0.0985576923076923
0 0.5084134615384616 0.34375 0.057692307692307696 0.06370192307692307