0 0.12259615384615384 0.5552884615384616 0.08653846153846154 0.08052884615384616
0 0.9507211538461539 0.8473557692307693 0.09615384615384616 0.07572115384615384
0 0.7379807692307693 0.31850961538461536 0.0889423076923077 0.10096153846153846
0 0.042067307692307696 0.7524038461538461 0.07091346153846154 0.08413461538461539
0 0.3004807692307692 0.3713942307692308 0.09735576923076923 0.0985576923076923
0 0.7512019230769231 0.09495192307692307 0.10096153846153846 0.07451923076923077
0 0.3954326923076923 0.28725961538461536 0.14783653846153846 0.0673076923076923
0 0.4519230769230769 0.38822115384615385 0.06490384615384616 0.10336538461538461
0 0.22355769230769232 0.22115384615384615 0.07692307692307693 0.05889423076923077
0 0.43509615384615385 0.9771634615384616 0.09735576923076923 0.04326923076923077
0 0.5108173076923077 0.03245192307692308 0.06490384615384616 0.06490384615384616
0 0.09254807692307693 0.021634615384615384 0.0625 0.042067307692307696
0 0.22596153846153846 0.9242788461538461 0.056490384615384616 0.052884615384615384
0 0.15985576923076922 0.47596153846153844 0.056490384615384616 0.06971153846153846
0 0.09375 0.3485576923076923 0.06370192307692307 0.07692307692307693
0 0.9122596153846154 0.7800480769230769 0.09375 0.07572115384615384
0 0.027644230769230768 0.8269230769230769 0.055288461538461536 0.07692307692307693
0 0.20793269230769232 0.49759615384615385 0.06009615384615385 0.0625
0 0.1045673076923077 0.4375 0.06129807692307692 0.056490384615384616
0 0.265625 0.051682692307692304 0.06009615384615385 0.06129807692307692
0 0.1658653846153846 0.9206730769230769 0.056490384615384616 0.109375
0 0.08052884615384616 0.9699519230769231 0.06009615384615385 0.05889423076923077
0 0.046875 0.5096153846153846 0.038461538461538464 0.052884615384615384
0 0.3125 0.9230769230769231 0.09134615384615384 0.06850961538461539
0 0.5528846153846154 0.5 0.04927884615384615 0.04927884615384615
0 0.44350961538461536 0.9170673076923077 0.055288461538461536 0.06129807692307692
0 0.46875 0.7920673076923077 0.11298076923076923 0.12740384615384615
0 0.6502403846153846 0.10817307692307693 0.07211538461538461 0.09495192307692307
0 0.2536057692307692 0.8112980769230769 0.07451923076923077 0.09254807692307693
0 0.33533653846153844 0.8413461538461539 0.06490384615384616 0.0829326923076923
0 0.4170673076923077 0.08774038461538461 0.109375 0.06610576923076923
0 0.04447115384615385 0.4110576923076923 0.06490384615384616 0.06009615384615385
0 0.030048076923076924 0.5853365384615384 0.06009615384615385 0.07211538461538461
0 0.16466346153846154 0.28365384615384615 0.0829326923076923 0.06490384615384616
0 0.11538461538461539 0.8810096153846154 0.06610576923076923 0.051682692307692304
0 0.9807692307692307 0.055288461538461536 0.036057692307692304 0.05889423076923077
0 0.7091346153846154 0.8197115384615384 0.15504807692307693 0.08653846153846154
0 0.5649038461538461 0.9663461538461539 0.030048076923076924 0.025240384615384616
0 0.33653846153846156 0.6490384615384616 0.09495192307692307 0.08173076923076923
0 0.5516826923076923 0.33653846153846156 0.12980769230769232 0.07451923076923077
0 0.9170673076923077 0.0733173076923077 0.0829326923076923 0.0829326923076923
0 0.6814903846153846 0.02283653846153846 0.06971153846153846 0.04567307692307692
0 0.40384615384615385 0.46274038461538464 0.06490384615384616 0.06009615384615385
0 0.125 0.21394230769230768 0.0733173076923077 0.06971153846153846
0 0.6598557692307693 0.6057692307692307 0.09254807692307693 0.08774038461538461
0 0.71875 0.4423076923076923 0.06971153846153846 0.054086538461538464
0 0.5901442307692307 0.054086538461538464 0.054086538461538464 0.0625
0 0.34375 0.1141826923076923 0.07091346153846154 0.0733173076923077
0 0.04567307692307692 0.18269230769230768 0.0625 0.09014423076923077
0 0.21995192307692307 0.5805288461538461 0.06370192307692307 0.08413461538461539
0 0.4543269230769231 0.6334134615384616 0.07932692307692307 0.11177884615384616
0 0.6009615384615384 0.8689903846153846 0.10096153846153846 0.07572115384615384