0 0.06009615384615385 0.8569711538461539 0.04447115384615385 0.07572115384615384
0 0.37259615384615385 0.19591346153846154 0.06009615384615385 0.06971153846153846
0 0.5600961538461539 0.8665865384615384 0.06490384615384616 0.12620192307692307
0 0.6995192307692307 0.042067307692307696 0.03365384615384615 0.0829326923076923
0 0.578125 0.390625 0.05048076923076923 0.109375
0 0.49278846153846156 0.49158653846153844 0.05048076923076923 0.06009615384615385
0 0.59375 0.7632211538461539 0.06009615384615385 0.056490384615384616
0 0.8497596153846154 0.9579326923076923 0.039663461538461536 0.0733173076923077
0 0.953125 0.9747596153846154 0.036057692307692304 0.04927884615384615
0 0.06129807692307692 0.23798076923076922 0.11538461538461539 0.11538461538461539
0 0.3076923076923077 0.46875 0.057692307692307696 0.052884615384615384
0 0.47836538461538464 0.28725961538461536 0.04927884615384615 0.10216346153846154
0 0.5192307692307693 0.6586538461538461 0.04447115384615385 0.0733173076923077
0 0.8341346153846154 0.5480769230769231 0.03125 0.054086538461538464
0 0.3088942307692308 0.3786057692307692 0.055288461538461536 0.0673076923076923
0 0.01201923076923077 0.24759615384615385 0.02403846153846154 0.09615384615384616
0 0.4987980769230769 0.96875 0.0625 0.057692307692307696
0 0.953125 0.7920673076923077 0.09134615384615384 0.0625
0 0.5504807692307693 0.6454326923076923 0.057692307692307696 0.08052884615384616
0 0.6358173076923077 0.6850961538461539 0.11177884615384616 0.07692307692307693
0 0.6358173076923077 0.46634615384615385 0.055288461538461536 0.12980769230769232
0 0.35096153846153844 0.04567307692307692 0.08173076923076923 0.09134615384615384
0 0.8137019230769231 0.6706730769230769 0.07692307692307693 0.03245192307692308
0 0.4375 0.19831730769230768 0.06009615384615385 0.12620192307692307
0 0.02283653846153846 0.9663461538461539 0.04567307692307692 0.0625
0 0.6141826923076923 0.09014423076923077 0.028846153846153848 0.07692307692307693
0 0.9759615384615384 0.018028846153846152 0.04447115384615385 0.03365384615384615
0 0.8016826923076923 0.5793269230769231 0.030048076923076924 0.08774038461538461
0 0.1875 0.6201923076923077 0.07572115384615384 0.09615384615384616
0 0.07091346153846154 0.6947115384615384 0.05889423076923077 0.04567307692307692
0 0.25240384615384615 0.40625 0.04447115384615385 0.10216346153846154
0 0.12379807692307693 0.5540865384615384 0.039663461538461536 0.07932692307692307
0 0.23197115384615385 0.22355769230769232 0.07211538461538461 0.08052884615384616
0 0.6622596153846154 0.2247596153846154 0.08653846153846154 0.04927884615384615
0 0.140625 0.1778846153846154 0.08052884615384616 0.14302884615384615
0 0.17548076923076922 0.2932692307692308 0.06370192307692307 0.07932692307692307
0 0.296875 0.48197115384615385 0.06490384615384616 0.05048076923076923
0 0.38100961538461536 0.7223557692307693 0.08052884615384616 0.12980769230769232
0 0.31971153846153844 0.0889423076923077 0.078125 0.08052884615384616
0 0.39663461538461536 0.3894230769230769 0.04567307692307692 0.06850961538461539
0 0.22235576923076922 0.8834134615384616 0.038461538461538464 0.08413461538461539
0 0.6430288461538461 0.96875 0.05048076923076923 0.06009615384615385
0 0.4483173076923077 0.5168269230769231 0.036057692307692304 0.055288461538461536
0 0.8329326923076923 0.05048076923076923 0.04927884615384615 0.09134615384615384
0 0.7019230769230769 0.7800480769230769 0.042067307692307696 0.11177884615384616
0 0.3125 0.9795673076923077 0.06009615384615385 0.038461538461538464
0 0.1935096153846154 0.20072115384615385 0.039663461538461536 0.10697115384615384
0 0.5612980769230769 0.20552884615384615 0.078125 0.08413461538461539
0 0.10697115384615384 0.38822115384615385 0.03365384615384615 0.09495192307692307
0 0.6418269230769231 0.8461538461538461 0.037259615384615384 0.06009615384615385
0 0.7295673076923077 0.5264423076923077 0.054086538461538464 0.10697115384615384
0 0.3954326923076923 0.15985576923076922 0.040865384615384616 0.11778846153846154
0 0.421875 0.08533653846153846 0.07211538461538461 0.11538461538461539
0 0.31009615384615385 0.6706730769230769 0.055288461538461536 0.06971153846153846
0 0.7584134615384616 0.96875 0.06370192307692307 0.06009615384615385
0 0.5709134615384616 0.026442307692307692 0.03485576923076923 0.051682692307692304
0 0.9795673076923077 0.8954326923076923 0.039663461538461536 0.04927884615384615
0 0.17427884615384615 0.0673076923076923 0.0829326923076923 0.0733173076923077
0 0.42788461538461536 0.027644230769230768 0.02283653846153846 0.055288461538461536
0 0.2403846153846154 0.03245192307692308 0.038461538461538464 0.06490384615384616
0 0.3449519230769231 0.41947115384615385 0.038461538461538464 0.0829326923076923