0 0.8545673076923077 0.9290865384615384 0.05048076923076923 0.06610576923076923
0 0.6129807692307693 0.6177884615384616 0.06971153846153846 0.0829326923076923
0 0.3173076923076923 0.7271634615384616 0.06971153846153846 0.06009615384615385
0 0.8004807692307693 0.2824519230769231 0.051682692307692304 0.08774038461538461
0 0.7439903846153846 0.16947115384615385 0.0625 0.06370192307692307
0 0.8088942307692307 0.3641826923076923 0.09254807692307693 0.06370192307692307
0 0.5420673076923077 0.22596153846153846 0.06370192307692307 0.09615384615384616
0 0.027644230769230768 0.19110576923076922 0.055288461538461536 0.078125
0 0.921875 0.8521634615384616 0.06490384615384616 0.04927884615384615
0 0.9627403846153846 0.31971153846153844 0.056490384615384616 0.05048076923076923
0 0.7908653846153846 0.2091346153846154 0.04567307692307692 0.05048076923076923
0 0.9747596153846154 0.796875 0.04807692307692308 0.05889423076923077
0 0.25721153846153844 0.8377403846153846 0.06971153846153846 0.07211538461538461
0 0.3125 0.7836538461538461 0.0673076923076923 0.055288461538461536
0 0.10336538461538461 0.125 0.06490384615384616 0.06971153846153846
0 0.2764423076923077 0.953125 0.05048076923076923 0.0625
0 0.03365384615384615 0.38221153846153844 0.05889423076923077 0.06490384615384616
0 0.3317307692307692 0.9290865384615384 0.06850961538461539 0.09134615384615384
0 0.9543269230769231 0.8882211538461539 0.07572115384615384 0.055288461538461536
0 0.9302884615384616 0.27524038461538464 0.10336538461538461 0.057692307692307696
0 0.4651442307692308 0.6983173076923077 0.0985576923076923 0.06370192307692307
0 0.796875 0.9507211538461539 0.054086538461538464 0.07211538461538461
0 0.9771634615384616 0.8653846153846154 0.04326923076923077 0.078125
0 0.8509615384615384 0.7932692307692307 0.07091346153846154 0.06370192307692307
0 0.07211538461538461 0.8545673076923077 0.08173076923076923 0.06129807692307692
0 0.3870192307692308 0.8100961538461539 0.06490384615384616 0.0625
0 0.8737980769230769 0.13341346153846154 0.057692307692307696 0.05889423076923077
0 0.09615384615384616 0.2403846153846154 0.06971153846153846 0.078125
0 0.7836538461538461 0.5985576923076923 0.10576923076923077 0.0889423076923077
0 0.02283653846153846 0.3786057692307692 0.04567307692307692 0.15504807692307693
0 0.8377403846153846 0.6382211538461539 0.052884615384615384 0.06009615384615385
0 0.8509615384615384 0.8641826923076923 0.052884615384615384 0.054086538461538464
0 0.10336538461538461 0.7860576923076923 0.07091346153846154 0.07451923076923077
0 0.08653846153846154 0.9110576923076923 0.06971153846153846 0.06610576923076923
0 0.8413461538461539 0.18028846153846154 0.09375 0.04927884615384615
0 0.8173076923076923 0.7319711538461539 0.052884615384615384 0.08052884615384616
0 0.3605769230769231 0.6586538461538461 0.08052884615384616 0.07091346153846154
0 0.6899038461538461 0.6802884615384616 0.05048076923076923 0.06009615384615385
0 0.7391826923076923 0.23677884615384615 0.06971153846153846 0.07451923076923077
0 0.026442307692307692 0.9110576923076923 0.052884615384615384 0.06009615384615385
0 0.5540865384615384 0.8197115384615384 0.09375 0.07091346153846154
0 0.27524038461538464 0.036057692307692304 0.04807692307692308 0.06971153846153846
0 0.9290865384615384 0.6766826923076923 0.06971153846153846 0.0673076923076923
0 0.3269230769230769 0.056490384615384616 0.055288461538461536 0.10697115384615384
0 0.20432692307692307 0.3641826923076923 0.09375 0.07091346153846154
0 0.21634615384615385 0.7283653846153846 0.10096153846153846 0.06370192307692307
0 0.5132211538461539 0.7475961538461539 0.08052884615384616 0.055288461538461536
0 0.3798076923076923 0.2668269230769231 0.07692307692307693 0.06009615384615385
0 0.8533653846153846 0.23798076923076922 0.06490384615384616 0.06971153846153846