0 0.5552884615384616 0.390625 0.10697115384615384 0.06490384615384616
0 0.7115384615384616 0.43990384615384615 0.06490384615384616 0.04927884615384615
0 0.4735576923076923 0.09014423076923077 0.030048076923076924 0.037259615384615384
0 0.15625 0.9074519230769231 0.07932692307692307 0.06490384615384616
0 0.10096153846153846 0.03485576923076923 0.06850961538461539 0.06971153846153846
0 0.34615384615384615 0.5973557692307693 0.06850961538461539 0.07091346153846154
0 0.27283653846153844 0.2644230769230769 0.07572115384615384 0.06971153846153846
0 0.6201923076923077 0.9338942307692307 0.0733173076923077 0.07211538461538461
0 0.796875 0.3629807692307692 0.055288461538461536 0.07692307692307693
0 0.9266826923076923 0.6742788461538461 0.08052884615384616 0.06610576923076923
0 0.328125 0.4326923076923077 0.07932692307692307 0.0625
0 0.39302884615384615 0.1141826923076923 0.07211538461538461 0.07572115384615384
0 0.9170673076923077 0.609375 0.078125 0.08173076923076923
0 0.9555288461538461 0.4807692307692308 0.08774038461538461 0.09975961538461539
0 0.5637019230769231 0.02403846153846154 0.07572115384615384 0.046875
0 0.5036057692307693 0.9735576923076923 0.07211538461538461 0.051682692307692304
0 0.31971153846153844 0.48677884615384615 0.06971153846153846 0.06129807692307692
0 0.6165865384615384 0.5360576923076923 0.09375 0.08653846153846154
0 0.30528846153846156 0.7475961538461539 0.06370192307692307 0.057692307692307696
0 0.39903846153846156 0.4014423076923077 0.06971153846153846 0.06490384615384616
0 0.7788461538461539 0.2860576923076923 0.0673076923076923 0.0733173076923077
0 0.5576923076923077 0.3125 0.09134615384615384 0.06370192307692307
0 0.484375 0.484375 0.07211538461538461 0.07932692307692307
0 0.1971153846153846 0.7127403846153846 0.09495192307692307 0.11899038461538461
0 0.12860576923076922 0.5120192307692307 0.06490384615384616 0.06850961538461539
0 0.1502403846153846 0.13221153846153846 0.06971153846153846 0.06971153846153846
0 0.8125 0.6790865384615384 0.0733173076923077 0.07692307692307693
0 0.7271634615384616 0.48197115384615385 0.10576923076923077 0.07211538461538461
0 0.9170673076923077 0.31490384615384615 0.1141826923076923 0.055288461538461536
0 0.19471153846153846 0.04447115384615385 0.09975961538461539 0.08774038461538461
0 0.1141826923076923 0.37740384615384615 0.06971153846153846 0.06850961538461539
0 0.8834134615384616 0.3713942307692308 0.042067307692307696 0.04927884615384615
0 0.20432692307692307 0.9759615384615384 0.06971153846153846 0.04447115384615385
0 0.828125 0.6021634615384616 0.08052884615384616 0.06490384615384616
0 0.030048076923076924 0.44471153846153844 0.06009615384615385 0.05889423076923077
0 0.7956730769230769 0.125 0.09615384615384616 0.06850961538461539
0 0.7728365384615384 0.41466346153846156 0.1045673076923077 0.038461538461538464
0 0.021634615384615384 0.9134615384615384 0.04326923076923077 0.0625
0 0.7067307692307693 0.0829326923076923 0.1201923076923077 0.07692307692307693
0 0.04807692307692308 0.14182692307692307 0.09615384615384616 0.09134615384615384
0 0.7872596153846154 0.9002403846153846 0.07211538461538461 0.054086538461538464
0 0.5841346153846154 0.6334134615384616 0.08533653846153846 0.07211538461538461
0 0.7920673076923077 0.47115384615384615 0.06610576923076923 0.06009615384615385
0 0.17548076923076922 0.24639423076923078 0.06971153846153846 0.055288461538461536
0 0.09134615384615384 0.859375 0.08653846153846154 0.06850961538461539
0 0.6490384615384616 0.8930288461538461 0.07572115384615384 0.078125
0 0.6394230769230769 0.42788461538461536 0.06610576923076923 0.05889423076923077
0 0.7331730769230769 0.19831730769230768 0.109375 0.10576923076923077
0 0.10576923076923077 0.3004807692307692 0.07451923076923077 0.0829326923076923
0 0.7716346153846154 0.018028846153846152 0.06971153846153846 0.036057692307692304
0 0.42788461538461536 0.47475961538461536 0.06129807692307692 0.09615384615384616