0 0.3545673076923077 0.6237980769230769 0.0733173076923077 0.09134615384615384
0 0.40865384615384615 0.27524038461538464 0.09134615384615384 0.1310096153846154
0 0.49278846153846156 0.7307692307692307 0.17548076923076922 0.1502403846153846
0 0.6862980769230769 0.7067307692307693 0.056490384615384616 0.09735576923076923
0 0.39302884615384615 0.04807692307692308 0.16466346153846154 0.07451923076923077
0 0.5697115384615384 0.07451923076923077 0.11298076923076923 0.14423076923076922
0 0.6310096153846154 0.7463942307692307 0.07572115384615384 0.16706730769230768
0 0.8233173076923077 0.8954326923076923 0.09254807692307693 0.08653846153846154
0 0.24158653846153846 0.9567307692307693 0.10216346153846154 0.08173076923076923
0 0.5480769230769231 0.328125 0.18990384615384615 0.16947115384615385
0 0.8737980769230769 0.12259615384615384 0.13822115384615385 0.08052884615384616
0 0.8978365384615384 0.8341346153846154 0.06971153846153846 0.08052884615384616
0 0.6213942307692307 0.7560096153846154 0.13822115384615385 0.07572115384615384
0 0.036057692307692304 0.5348557692307693 0.07091346153846154 0.07932692307692307
0 0.84375 0.5913461538461539 0.0673076923076923 0.07692307692307693
0 0.18028846153846154 0.12860576923076922 0.06490384615384616 0.09134615384615384
0 0.23677884615384615 0.7596153846153846 0.07692307692307693 0.11658653846153846
0 0.45072115384615385 0.19110576923076922 0.09615384615384616 0.07572115384615384
0 0.22355769230769232 0.14302884615384615 0.12620192307692307 0.17668269230769232
0 0.546875 0.18269230769230768 0.10216346153846154 0.25961538461538464
0 0.6947115384615384 0.5913461538461539 0.10336538461538461 0.13341346153846154
0 0.27403846153846156 0.41346153846153844 0.1310096153846154 0.06009615384615385
0 0.9723557692307693 0.2439903846153846 0.051682692307692304 0.07211538461538461
0 0.7776442307692307 0.7175480769230769 0.12259615384615384 0.1201923076923077
0 0.7848557692307693 0.3894230769230769 0.06009615384615385 0.06370192307692307
0 0.9567307692307693 0.02403846153846154 0.08533653846153846 0.04567307692307692
0 0.7692307692307693 0.5733173076923077 0.0733173076923077 0.15865384615384615
0 0.9507211538461539 0.17668269230769232 0.09615384615384616 0.09495192307692307
0 0.35697115384615385 0.6634615384615384 0.109375 0.08653846153846154
0 0.38822115384615385 0.9254807692307693 0.13341346153846154 0.08413461538461539
0 0.2824519230769231 0.703125 0.07692307692307693 0.07091346153846154
0 0.27884615384615385 0.171875 0.07572115384615384 0.08413461538461539