0 0.5504807692307693 0.3894230769230769 0.11057692307692307 0.04567307692307692
0 0.9699519230769231 0.06129807692307692 0.055288461538461536 0.052884615384615384
0 0.171875 0.9735576923076923 0.1141826923076923 0.04807692307692308
0 0.38100961538461536 0.7079326923076923 0.08052884615384616 0.055288461538461536
0 0.1502403846153846 0.14182692307692307 0.13221153846153846 0.055288461538461536
0 0.7596153846153846 0.47475961538461536 0.1310096153846154 0.0985576923076923
0 0.96875 0.9507211538461539 0.06009615384615385 0.04447115384615385
0 0.43990384615384615 0.10697115384615384 0.09735576923076923 0.09615384615384616
0 0.9050480769230769 0.39783653846153844 0.054086538461538464 0.038461538461538464
0 0.140625 0.40865384615384615 0.12740384615384615 0.04447115384615385
0 0.02283653846153846 0.06009615384615385 0.04447115384615385 0.03365384615384615
0 0.12740384615384615 0.7079326923076923 0.054086538461538464 0.039663461538461536
0 0.4951923076923077 0.6033653846153846 0.08533653846153846 0.04326923076923077
0 0.3713942307692308 0.6526442307692307 0.12740384615384615 0.054086538461538464
0 0.7175480769230769 0.3088942307692308 0.07211538461538461 0.03485576923076923
0 0.051682692307692304 0.6658653846153846 0.09134615384615384 0.028846153846153848
0 0.6875 0.6382211538461539 0.056490384615384616 0.038461538461538464
0 0.25721153846153844 0.39663461538461536 0.078125 0.028846153846153848
0 0.018028846153846152 0.5949519230769231 0.03365384615384615 0.03245192307692308
0 0.03125 0.7235576923076923 0.0625 0.036057692307692304
0 0.7151442307692307 0.27884615384615385 0.07572115384615384 0.06610576923076923
0 0.6923076923076923 0.8569711538461539 0.08173076923076923 0.054086538461538464
0 0.14182692307692307 0.025240384615384616 0.09975961538461539 0.046875
0 0.28846153846153844 0.7007211538461539 0.0625 0.03485576923076923
0 0.6201923076923077 0.7536057692307693 0.04807692307692308 0.027644230769230768
0 0.5336538461538461 0.6526442307692307 0.12860576923076922 0.05048076923076923
0 0.8052884615384616 0.5793269230769231 0.14302884615384615 0.051682692307692304
0 0.49158653846153844 0.13942307692307693 0.054086538461538464 0.052884615384615384
0 0.36177884615384615 0.7920673076923077 0.08653846153846154 0.057692307692307696
0 0.9014423076923077 0.056490384615384616 0.10697115384615384 0.042067307692307696
0 0.890625 0.9591346153846154 0.042067307692307696 0.04326923076923077
0 0.6610576923076923 0.9326923076923077 0.109375 0.05889423076923077
0 0.6658653846153846 0.5384615384615384 0.052884615384615384 0.051682692307692304
0 0.23798076923076922 0.8918269230769231 0.02403846153846154 0.03365384615384615
0 0.9471153846153846 0.9639423076923077 0.08774038461538461 0.03245192307692308
0 0.4362980769230769 0.7067307692307693 0.08653846153846154 0.04567307692307692
0 0.8677884615384616 0.8689903846153846 0.027644230769230768 0.040865384615384616
0 0.6370192307692307 0.1466346153846154 0.06009615384615385 0.10697115384615384
0 0.43149038461538464 0.2608173076923077 0.10336538461538461 0.046875
0 0.30528846153846156 0.28966346153846156 0.08653846153846154 0.03485576923076923
0 0.2548076923076923 0.5661057692307693 0.1045673076923077 0.055288461538461536
0 0.6911057692307693 0.01201923076923077 0.06610576923076923 0.02403846153846154
0 0.5504807692307693 0.7355769230769231 0.07932692307692307 0.04447115384615385
0 0.7331730769230769 0.4110576923076923 0.10096153846153846 0.046875
0 0.46153846153846156 0.22956730769230768 0.09615384615384616 0.07572115384615384
0 0.265625 0.054086538461538464 0.10697115384615384 0.04447115384615385
0 0.7295673076923077 0.16105769230769232 0.078125 0.051682692307692304
0 0.9483173076923077 0.2439903846153846 0.09735576923076923 0.03245192307692308
0 0.04927884615384615 0.6959134615384616 0.08052884615384616 0.03125
0 0.6598557692307693 0.18389423076923078 0.055288461538461536 0.028846153846153848
0 0.828125 0.7680288461538461 0.10697115384615384 0.04447115384615385
0 0.8125 0.42427884615384615 0.0625 0.038461538461538464
0 0.5504807692307693 0.3004807692307692 0.08533653846153846 0.06490384615384616
0 0.02403846153846154 0.38221153846153844 0.04447115384615385 0.025240384615384616
0 0.027644230769230768 0.03245192307692308 0.055288461538461536 0.05048076923076923
0 0.9254807692307693 0.7884615384615384 0.1466346153846154 0.11658653846153846
0 0.042067307692307696 0.2980769230769231 0.08052884615384616 0.0625
0 0.1310096153846154 0.6742788461538461 0.05889423076923077 0.046875
0 0.28966346153846156 0.6069711538461539 0.09615384615384616 0.06490384615384616
0 0.9447115384615384 0.21634615384615385 0.08413461538461539 0.03365384615384615
0 0.6274038461538461 0.43028846153846156 0.07572115384615384 0.038461538461538464
0 0.3329326923076923 0.44471153846153844 0.09495192307692307 0.038461538461538464
0 0.9002403846153846 0.5540865384615384 0.05889423076923077 0.07932692307692307
0 0.3076923076923077 0.01201923076923077 0.08653846153846154 0.02403846153846154
0 0.7932692307692307 0.04567307692307692 0.10336538461538461 0.06009615384615385
0 0.5132211538461539 0.5564903846153846 0.07211538461538461 0.06490384615384616
0 0.7596153846153846 0.5036057692307693 0.08173076923076923 0.0625
0 0.039663461538461536 0.9831730769230769 0.07932692307692307 0.028846153846153848
0 0.15985576923076922 0.16826923076923078 0.09615384615384616 0.04927884615384615
0 0.9110576923076923 0.08413461538461539 0.1045673076923077 0.06850961538461539
0 0.17307692307692307 0.6514423076923077 0.078125 0.09495192307692307
0 0.8774038461538461 0.02403846153846154 0.05889423076923077 0.04807692307692308
0 0.10697115384615384 0.08533653846153846 0.11778846153846154 0.052884615384615384
0 0.08533653846153846 0.8762019230769231 0.08173076923076923 0.040865384615384616
0 0.31009615384615385 0.8016826923076923 0.0829326923076923 0.04567307692307692
0 0.7992788461538461 0.3076923076923077 0.08413461538461539 0.04807692307692308
0 0.19471153846153846 0.8413461538461539 0.07211538461538461 0.028846153846153848
0 0.054086538461538464 0.9483173076923077 0.09134615384615384 0.039663461538461536
0 0.1778846153846154 0.25240384615384615 0.08413461538461539 0.055288461538461536
0 0.22115384615384615 0.6033653846153846 0.12139423076923077 0.052884615384615384
0 0.6875 0.3269230769230769 0.06490384615384616 0.06850961538461539
0 0.22716346153846154 0.0673076923076923 0.056490384615384616 0.051682692307692304
0 0.3762019230769231 0.8401442307692307 0.11057692307692307 0.038461538461538464