0 0.4723557692307692 0.8882211538461539 0.09254807692307693 0.09975961538461539
0 0.34134615384615385 0.23317307692307693 0.08774038461538461 0.08052884615384616
0 0.9278846153846154 0.20552884615384615 0.06971153846153846 0.04567307692307692
0 0.3545673076923077 0.4699519230769231 0.08533653846153846 0.07572115384615384
0 0.13701923076923078 0.21995192307692307 0.1045673076923077 0.20552884615384615
0 0.9230769230769231 0.9134615384615384 0.07451923076923077 0.0673076923076923
0 0.8209134615384616 0.8209134615384616 0.13221153846153846 0.18269230769230768
0 0.9735576923076923 0.37259615384615385 0.04927884615384615 0.09134615384615384
0 0.12980769230769232 0.31490384615384615 0.13942307692307693 0.15985576923076922
0 0.16466346153846154 0.7560096153846154 0.09134615384615384 0.21634615384615385
0 0.7512019230769231 0.027644230769230768 0.0625 0.040865384615384616
0 0.11899038461538461 0.7896634615384616 0.0673076923076923 0.07572115384615384
0 0.10216346153846154 0.09495192307692307 0.0625 0.0625
0 0.39903846153846156 0.6033653846153846 0.1622596153846154 0.07692307692307693
0 0.9170673076923077 0.26802884615384615 0.16346153846153846 0.1141826923076923
0 0.5612980769230769 0.5697115384615384 0.4519230769230769 0.1622596153846154
0 0.921875 0.2644230769230769 0.15384615384615385 0.11177884615384616
0 0.2644230769230769 0.9447115384615384 0.11177884615384616 0.07692307692307693
0 0.42908653846153844 0.203125 0.14903846153846154 0.24759615384615385
0 0.9098557692307693 0.3954326923076923 0.11538461538461539 0.08653846153846154
0 0.2536057692307692 0.7019230769230769 0.12259615384615384 0.1141826923076923
0 0.25721153846153844 0.23918269230769232 0.17427884615384615 0.15504807692307693
0 0.890625 0.9663461538461539 0.12620192307692307 0.06610576923076923
0 0.37259615384615385 0.7283653846153846 0.109375 0.19230769230769232
0 0.4651442307692308 0.6526442307692307 0.11658653846153846 0.08774038461538461