0 0.1814903846153846 0.9723557692307693 0.08653846153846154 0.052884615384615384
0 0.8677884615384616 0.65625 0.08413461538461539 0.1141826923076923
0 0.4891826923076923 0.08052884615384616 0.12259615384615384 0.125
0 0.11177884615384616 0.9483173076923077 0.0889423076923077 0.09735576923076923
0 0.19110576923076922 0.2776442307692308 0.12860576923076922 0.11778846153846154
0 0.3786057692307692 0.9615384615384616 0.1141826923076923 0.07451923076923077
0 0.18389423076923078 0.6105769230769231 0.10216346153846154 0.10216346153846154
0 0.2247596153846154 0.0985576923076923 0.14423076923076922 0.17067307692307693
0 0.6466346153846154 0.8810096153846154 0.08052884615384616 0.15144230769230768
0 0.7524038461538461 0.9543269230769231 0.09735576923076923 0.09014423076923077
0 0.46033653846153844 0.6021634615384616 0.07572115384615384 0.08052884615384616
0 0.6490384615384616 0.29927884615384615 0.09735576923076923 0.10336538461538461
0 0.9651442307692307 0.38100961538461536 0.06850961538461539 0.09735576923076923
0 0.41947115384615385 0.7223557692307693 0.09615384615384616 0.13221153846153846
0 0.8353365384615384 0.7307692307692307 0.1045673076923077 0.10576923076923077
0 0.6538461538461539 0.08173076923076923 0.08173076923076923 0.08413461538461539
0 0.8701923076923077 0.8677884615384616 0.15865384615384615 0.09014423076923077
0 0.6033653846153846 0.9290865384615384 0.0673076923076923 0.13221153846153846
0 0.039663461538461536 0.65625 0.07932692307692307 0.13942307692307693
0 0.8365384615384616 0.03125 0.14182692307692307 0.06129807692307692
0 0.453125 0.8954326923076923 0.10336538461538461 0.09735576923076923