0 0.296875 0.015625 0.054086538461538464 0.03125
0 0.8605769230769231 0.90625 0.10697115384615384 0.14302884615384615
0 0.6298076923076923 0.9158653846153846 0.13341346153846154 0.1045673076923077
0 0.1201923076923077 0.23677884615384615 0.12259615384615384 0.09134615384615384
0 0.051682692307692304 0.9819711538461539 0.07932692307692307 0.03125
0 0.9495192307692307 0.12860576923076922 0.0985576923076923 0.20552884615384615
0 0.6658653846153846 0.20673076923076922 0.17427884615384615 0.21634615384615385
0 0.09735576923076923 0.046875 0.18870192307692307 0.09014423076923077
0 0.5084134615384616 0.31009615384615385 0.13822115384615385 0.1502403846153846
0 0.055288461538461536 0.13581730769230768 0.10216346153846154 0.0829326923076923
0 0.8317307692307693 0.30528846153846156 0.16826923076923078 0.140625
0 0.9675480769230769 0.8485576923076923 0.0625 0.05889423076923077
0 0.5997596153846154 0.78125 0.2283653846153846 0.1971153846153846
0 0.9627403846153846 0.7331730769230769 0.0733173076923077 0.1658653846153846
0 0.22115384615384615 0.3870192307692308 0.08173076923076923 0.08533653846153846
0 0.234375 0.6201923076923077 0.1141826923076923 0.17668269230769232
0 0.8665865384615384 0.04807692307692308 0.18269230769230768 0.09375
0 0.29086538461538464 0.4170673076923077 0.109375 0.10697115384615384
0 0.5697115384615384 0.5 0.14903846153846154 0.08052884615384616
0 0.32572115384615385 0.28846153846153844 0.10096153846153846 0.11057692307692307
0 0.16105769230769232 0.8221153846153846 0.18990384615384615 0.21033653846153846
0 0.23918269230769232 0.9771634615384616 0.18870192307692307 0.040865384615384616
0 0.3425480769230769 0.036057692307692304 0.07211538461538461 0.07211538461538461
0 0.36177884615384615 0.8305288461538461 0.13701923076923078 0.16346153846153846
0 0.9675480769230769 0.453125 0.0625 0.17668269230769232
0 0.328125 0.8894230769230769 0.06129807692307692 0.1201923076923077
0 0.4639423076923077 0.8557692307692307 0.08173076923076923 0.17067307692307693
0 0.8497596153846154 0.43990384615384615 0.18990384615384615 0.2091346153846154
0 0.9362980769230769 0.02403846153846154 0.0985576923076923 0.04807692307692308
0 0.27283653846153844 0.9639423076923077 0.15264423076923078 0.06971153846153846
0 0.27884615384615385 0.171875 0.11057692307692307 0.0733173076923077
0 0.6177884615384616 0.3293269230769231 0.051682692307692304 0.10216346153846154