0 0.9759615384615384 0.8125 0.046875 0.0889423076923077
0 0.5072115384615384 0.15384615384615385 0.09254807692307693 0.10576923076923077
0 0.71875 0.515625 0.07572115384615384 0.0733173076923077
0 0.20793269230769232 0.36177884615384615 0.09375 0.08052884615384616
0 0.578125 0.21153846153846154 0.07091346153846154 0.08533653846153846
0 0.027644230769230768 0.9543269230769231 0.055288461538461536 0.08653846153846154
0 0.04447115384615385 0.421875 0.07572115384615384 0.08052884615384616
0 0.20072115384615385 0.0673076923076923 0.046875 0.09134615384615384
0 0.1141826923076923 0.40384615384615385 0.10576923076923077 0.06971153846153846
0 0.6153846153846154 0.890625 0.0889423076923077 0.10817307692307693
0 0.20072115384615385 0.026442307692307692 0.09254807692307693 0.051682692307692304
0 0.375 0.3581730769230769 0.09254807692307693 0.08533653846153846
0 0.8677884615384616 0.04927884615384615 0.08533653846153846 0.07451923076923077
0 0.39302884615384615 0.11177884615384616 0.07572115384615384 0.057692307692307696
0 0.8497596153846154 0.49399038461538464 0.08413461538461539 0.06610576923076923
0 0.7475961538461539 0.7920673076923077 0.10336538461538461 0.08533653846153846
0 0.6646634615384616 0.14903846153846154 0.11778846153846154 0.08052884615384616
0 0.7680288461538461 0.5889423076923077 0.09134615384615384 0.10817307692307693
0 0.9362980769230769 0.2704326923076923 0.125 0.09615384615384616
0 0.6394230769230769 0.3473557692307692 0.12379807692307693 0.09134615384615384
0 0.6983173076923077 0.9591346153846154 0.09014423076923077 0.07932692307692307
0 0.2920673076923077 0.9375 0.09495192307692307 0.09134615384615384
0 0.22596153846153846 0.17307692307692307 0.08052884615384616 0.08052884615384616
0 0.4254807692307692 0.9795673076923077 0.1346153846153846 0.039663461538461536
0 0.5504807692307693 0.6274038461538461 0.0889423076923077 0.12259615384615384
0 0.9639423076923077 0.07091346153846154 0.06971153846153846 0.14182692307692307
0 0.578125 0.07451923076923077 0.09134615384615384 0.14423076923076922
0 0.8533653846153846 0.14302884615384615 0.07572115384615384 0.10336538461538461
0 0.30288461538461536 0.0673076923076923 0.07932692307692307 0.10096153846153846
0 0.22716346153846154 0.7163461538461539 0.09495192307692307 0.10336538461538461
0 0.8918269230769231 0.43149038461538464 0.125 0.10697115384615384