0 0.9735576923076923 0.04326923076923077 0.051682692307692304 0.08052884615384616
0 0.9242788461538461 0.04927884615384615 0.06971153846153846 0.09134615384615384
0 0.07091346153846154 0.004807692307692308 0.028846153846153848 0.008413461538461538
0 0.265625 0.057692307692307696 0.13822115384615385 0.11538461538461539
0 0.3076923076923077 0.12740384615384615 0.18269230769230768 0.15745192307692307
0 0.4050480769230769 0.06009615384615385 0.17307692307692307 0.09615384615384616
0 0.4807692307692308 0.03485576923076923 0.1346153846153846 0.06971153846153846
0 0.5925480769230769 0.05889423076923077 0.13341346153846154 0.11778846153846154
0 0.734375 0.15745192307692307 0.16346153846153846 0.1658653846153846
0 0.609375 0.1658653846153846 0.0985576923076923 0.04326923076923077
0 0.7512019230769231 0.24278846153846154 0.12740384615384615 0.11778846153846154
0 0.7259615384615384 0.27403846153846156 0.09014423076923077 0.06370192307692307
0 0.7512019230769231 0.328125 0.09134615384615384 0.09615384615384616
0 0.7139423076923077 0.35697115384615385 0.09134615384615384 0.06971153846153846
0 0.6298076923076923 0.29447115384615385 0.051682692307692304 0.15384615384615385
0 0.39903846153846156 0.2848557692307692 0.11538461538461539 0.04326923076923077
0 0.5192307692307693 0.32211538461538464 0.11778846153846154 0.11658653846153846
0 0.5661057692307693 0.4050480769230769 0.09975961538461539 0.0733173076923077
0 0.038461538461538464 0.3317307692307692 0.07692307692307693 0.18028846153846154
0 0.1201923076923077 0.3293269230769231 0.23918269230769232 0.09375
0 0.025240384615384616 0.45913461538461536 0.05048076923076923 0.042067307692307696
0 0.140625 0.4266826923076923 0.22956730769230768 0.06490384615384616
0 0.39783653846153844 0.4795673076923077 0.3485576923076923 0.1466346153846154
0 0.32572115384615385 0.4795673076923077 0.07211538461538461 0.042067307692307696
0 0.46875 0.5360576923076923 0.07932692307692307 0.06370192307692307
0 0.8173076923076923 0.5216346153846154 0.12980769230769232 0.06971153846153846
0 0.9350961538461539 0.5625 0.12860576923076922 0.06971153846153846
0 0.21033653846153846 0.5024038461538461 0.055288461538461536 0.051682692307692304
0 0.14543269230769232 0.5420673076923077 0.15504807692307693 0.038461538461538464
0 0.15144230769230768 0.5204326923076923 0.06129807692307692 0.018028846153846152
0 0.06610576923076923 0.5853365384615384 0.13221153846153846 0.042067307692307696
0 0.109375 0.6201923076923077 0.09735576923076923 0.04447115384615385
0 0.07091346153846154 0.6694711538461539 0.14182692307692307 0.1466346153846154
0 0.057692307692307696 0.8713942307692307 0.11538461538461539 0.039663461538461536
0 0.2403846153846154 0.7596153846153846 0.0829326923076923 0.125
0 0.15865384615384615 0.9266826923076923 0.06490384615384616 0.09134615384615384
0 0.27283653846153844 0.7992788461538461 0.21394230769230768 0.08173076923076923
0 0.3329326923076923 0.8533653846153846 0.12259615384615384 0.038461538461538464
0 0.40384615384615385 0.7620192307692307 0.12740384615384615 0.04447115384615385
0 0.46153846153846156 0.6382211538461539 0.06490384615384616 0.056490384615384616
0 0.42427884615384615 0.6502403846153846 0.08173076923076923 0.09134615384615384
0 0.40625 0.625 0.19831730769230768 0.04807692307692308
0 0.46875 0.859375 0.10817307692307693 0.06009615384615385
0 0.3581730769230769 0.9879807692307693 0.06129807692307692 0.021634615384615384
0 0.4699519230769231 0.9747596153846154 0.09615384615384616 0.04807692307692308
0 0.8028846153846154 0.6911057692307693 0.038461538461538464 0.09254807692307693
0 0.90625 0.7043269230769231 0.04927884615384615 0.056490384615384616
0 0.9819711538461539 0.6887019230769231 0.03485576923076923 0.07211538461538461
0 0.7560096153846154 0.8725961538461539 0.11057692307692307 0.12259615384615384
0 0.8461538461538461 0.8449519230769231 0.055288461538461536 0.02283653846153846
0 0.8689903846153846 0.8966346153846154 0.040865384615384616 0.06610576923076923
0 0.8629807692307693 0.9699519230769231 0.08052884615384616 0.057692307692307696
0 0.9471153846153846 0.9278846153846154 0.08653846153846154 0.14182692307692307
0 0.6430288461538461 0.9927884615384616 0.030048076923076924 0.013221153846153846
0 0.026442307692307692 0.1658653846153846 0.051682692307692304 0.054086538461538464
0 0.019230769230769232 0.6213942307692307 0.038461538461538464 0.038461538461538464
0 0.018028846153846152 0.6586538461538461 0.036057692307692304 0.03365384615384615