0 0.42788461538461536 0.3137019230769231 0.055288461538461536 0.09014423076923077
0 0.9759615384615384 0.6526442307692307 0.04567307692307692 0.0625
0 0.8329326923076923 0.7608173076923077 0.06129807692307692 0.052884615384615384
0 0.5805288461538461 0.16466346153846154 0.04807692307692308 0.04927884615384615
0 0.46274038461538464 0.9771634615384616 0.06490384615384616 0.04447115384615385
0 0.5877403846153846 0.22235576923076922 0.04567307692307692 0.0625
0 0.7704326923076923 0.3245192307692308 0.040865384615384616 0.039663461538461536
0 0.9375 0.4026442307692308 0.04447115384615385 0.06971153846153846
0 0.13581730769230768 0.4699519230769231 0.06490384615384616 0.054086538461538464
0 0.10817307692307693 0.22596153846153846 0.052884615384615384 0.06370192307692307
0 0.18028846153846154 0.5144230769230769 0.07211538461538461 0.04807692307692308
0 0.25 0.6358173076923077 0.051682692307692304 0.06129807692307692
0 0.9723557692307693 0.8401442307692307 0.054086538461538464 0.054086538461538464
0 0.7127403846153846 0.6670673076923077 0.07572115384615384 0.055288461538461536
0 0.13221153846153846 0.12740384615384615 0.08774038461538461 0.08413461538461539
0 0.3389423076923077 0.78125 0.05889423076923077 0.051682692307692304
0 0.7884615384615384 0.27884615384615385 0.052884615384615384 0.056490384615384616
0 0.96875 0.9663461538461539 0.052884615384615384 0.04567307692307692
0 0.9807692307692307 0.7283653846153846 0.037259615384615384 0.051682692307692304
0 0.9699519230769231 0.4795673076923077 0.055288461538461536 0.08533653846153846
0 0.6286057692307693 0.6225961538461539 0.06971153846153846 0.0625
0 0.23197115384615385 0.8173076923076923 0.054086538461538464 0.0673076923076923
0 0.5721153846153846 0.5444711538461539 0.055288461538461536 0.08653846153846154
0 0.09014423076923077 0.5228365384615384 0.06610576923076923 0.036057692307692304
0 0.7692307692307693 0.6634615384615384 0.06971153846153846 0.04567307692307692
0 0.13822115384615385 0.26322115384615385 0.04927884615384615 0.037259615384615384
0 0.20552884615384615 0.859375 0.0673076923076923 0.037259615384615384
0 0.019230769230769232 0.8100961538461539 0.038461538461538464 0.06610576923076923
0 0.9807692307692307 0.31490384615384615 0.036057692307692304 0.055288461538461536
0 0.48677884615384615 0.5769230769230769 0.08173076923076923 0.051682692307692304
0 0.055288461538461536 0.09495192307692307 0.06971153846153846 0.06370192307692307
0 0.8822115384615384 0.2956730769230769 0.056490384615384616 0.056490384615384616
0 0.8088942307692307 0.36778846153846156 0.04807692307692308 0.078125
0 0.8617788461538461 0.7163461538461539 0.08653846153846154 0.046875
0 0.28365384615384615 0.5721153846153846 0.07091346153846154 0.06009615384615385
0 0.025240384615384616 0.6634615384615384 0.04927884615384615 0.056490384615384616
0 0.15384615384615385 0.7680288461538461 0.040865384615384616 0.051682692307692304
0 0.1778846153846154 0.3004807692307692 0.09615384615384616 0.05048076923076923
0 0.5384615384615384 0.4951923076923077 0.05048076923076923 0.04447115384615385
0 0.6586538461538461 0.08653846153846154 0.06490384615384616 0.06610576923076923
0 0.2548076923076923 0.7235576923076923 0.054086538461538464 0.051682692307692304
0 0.375 0.6081730769230769 0.06971153846153846 0.06370192307692307
0 0.9795673076923077 0.38461538461538464 0.039663461538461536 0.05889423076923077
0 0.7379807692307693 0.4579326923076923 0.04807692307692308 0.0733173076923077
0 0.23197115384615385 0.46875 0.07211538461538461 0.07211538461538461
0 0.35096153846153844 0.5108173076923077 0.07211538461538461 0.06129807692307692
0 0.1466346153846154 0.9723557692307693 0.06129807692307692 0.051682692307692304
0 0.1875 0.7475961538461539 0.06129807692307692 0.04447115384615385
0 0.2764423076923077 0.9807692307692307 0.055288461538461536 0.03485576923076923
0 0.359375 0.4675480769230769 0.10216346153846154 0.052884615384615384
0 0.296875 0.23918269230769232 0.1045673076923077 0.05048076923076923
0 0.9459134615384616 0.7079326923076923 0.052884615384615384 0.057692307692307696
0 0.6334134615384616 0.41225961538461536 0.06971153846153846 0.06971153846153846
0 0.7836538461538461 0.6237980769230769 0.07211538461538461 0.051682692307692304
0 0.296875 0.6598557692307693 0.052884615384615384 0.04807692307692308
0 0.30649038461538464 0.20432692307692307 0.038461538461538464 0.054086538461538464
0 0.025240384615384616 0.5685096153846154 0.05048076923076923 0.026442307692307692
0 0.4338942307692308 0.9519230769230769 0.08173076923076923 0.036057692307692304
0 0.7512019230769231 0.026442307692307692 0.051682692307692304 0.04927884615384615
0 0.33413461538461536 0.9387019230769231 0.10096153846153846 0.036057692307692304
0 0.6466346153846154 0.2920673076923077 0.06009615384615385 0.06009615384615385
0 0.6947115384615384 0.46153846153846156 0.06610576923076923 0.09495192307692307
0 0.09134615384615384 0.8245192307692307 0.06490384615384616 0.06129807692307692
0 0.8533653846153846 0.4170673076923077 0.056490384615384616 0.06370192307692307
0 0.890625 0.6382211538461539 0.042067307692307696 0.06009615384615385
0 0.8725961538461539 0.453125 0.052884615384615384 0.09615384615384616
0 0.6370192307692307 0.03245192307692308 0.06490384615384616 0.055288461538461536
0 0.042067307692307696 0.4050480769230769 0.06610576923076923 0.08052884615384616
0 0.07572115384615384 0.5841346153846154 0.07572115384615384 0.0733173076923077
0 0.046875 0.9747596153846154 0.07451923076923077 0.040865384615384616
0 0.5877403846153846 0.8233173076923077 0.052884615384615384 0.051682692307692304
0 0.8605769230769231 0.5012019230769231 0.06009615384615385 0.08653846153846154
0 0.8257211538461539 0.5661057692307693 0.046875 0.08052884615384616
0 0.3894230769230769 0.07211538461538461 0.039663461538461536 0.04447115384615385
0 0.030048076923076924 0.5120192307692307 0.06009615384615385 0.05889423076923077
0 0.44350961538461536 0.8185096153846154 0.07211538461538461 0.06370192307692307
0 0.3581730769230769 0.9759615384615384 0.04447115384615385 0.04567307692307692
0 0.38461538461538464 0.8665865384615384 0.06129807692307692 0.042067307692307696