0 0.9615384615384616 0.6778846153846154 0.07451923076923077 0.13822115384615385
0 0.09975961538461539 0.48197115384615385 0.06129807692307692 0.078125
0 0.47475961538461536 0.8677884615384616 0.11658653846153846 0.125
0 0.3233173076923077 0.265625 0.0985576923076923 0.11658653846153846
0 0.2608173076923077 0.7860576923076923 0.0889423076923077 0.0625
0 0.9230769230769231 0.3389423076923077 0.125 0.06971153846153846
0 0.30408653846153844 0.02283653846153846 0.171875 0.04447115384615385
0 0.8774038461538461 0.11177884615384616 0.11298076923076923 0.22235576923076922
0 0.5336538461538461 0.3858173076923077 0.06971153846153846 0.07692307692307693
0 0.4254807692307692 0.3557692307692308 0.06009615384615385 0.08653846153846154
0 0.33774038461538464 0.5192307692307693 0.1875 0.09975961538461539
0 0.296875 0.5396634615384616 0.057692307692307696 0.16346153846153846
0 0.7451923076923077 0.5564903846153846 0.09615384615384616 0.09615384615384616
0 0.4951923076923077 0.3894230769230769 0.08052884615384616 0.10216346153846154
0 0.4026442307692308 0.43028846153846156 0.09495192307692307 0.07091346153846154
0 0.18629807692307693 0.6826923076923077 0.06370192307692307 0.07091346153846154
0 0.9459134615384616 0.16466346153846154 0.05889423076923077 0.14302884615384615
0 0.4266826923076923 0.5492788461538461 0.08774038461538461 0.11778846153846154
0 0.05889423076923077 0.25721153846153844 0.11778846153846154 0.06610576923076923
0 0.16466346153846154 0.6454326923076923 0.13341346153846154 0.07572115384615384
0 0.06009615384615385 0.5036057692307693 0.0733173076923077 0.06971153846153846
0 0.21875 0.15865384615384615 0.16706730769230768 0.10096153846153846
0 0.11778846153846154 0.1045673076923077 0.203125 0.07091346153846154
0 0.2644230769230769 0.23557692307692307 0.051682692307692304 0.06490384615384616
0 0.34975961538461536 0.11538461538461539 0.140625 0.0889423076923077