0 0.8233173076923077 0.051682692307692304 0.07932692307692307 0.055288461538461536
0 0.953125 0.3701923076923077 0.08052884615384616 0.04447115384615385
0 0.2644230769230769 0.40024038461538464 0.056490384615384616 0.054086538461538464
0 0.6766826923076923 0.12620192307692307 0.12620192307692307 0.07572115384615384
0 0.33653846153846156 0.47115384615384615 0.056490384615384616 0.07932692307692307
0 0.2704326923076923 0.6346153846153846 0.051682692307692304 0.06490384615384616
0 0.4831730769230769 0.9555288461538461 0.06971153846153846 0.08413461538461539
0 0.7536057692307693 0.33533653846153844 0.15264423076923078 0.05889423076923077
0 0.703125 0.703125 0.08653846153846154 0.052884615384615384
0 0.9170673076923077 0.14423076923076922 0.10336538461538461 0.0673076923076923
0 0.9326923076923077 0.7644230769230769 0.05889423076923077 0.0673076923076923
0 0.515625 0.46033653846153844 0.109375 0.09975961538461539
0 0.6225961538461539 0.07211538461538461 0.07572115384615384 0.06610576923076923
0 0.5300480769230769 0.7668269230769231 0.055288461538461536 0.06490384615384616
0 0.7103365384615384 0.6009615384615384 0.054086538461538464 0.05889423076923077
0 0.7175480769230769 0.47836538461538464 0.08173076923076923 0.055288461538461536
0 0.013221153846153846 0.53125 0.026442307692307692 0.07572115384615384
0 0.14543269230769232 0.796875 0.10697115384615384 0.056490384615384616
0 0.0889423076923077 0.859375 0.06490384615384616 0.06009615384615385
0 0.15865384615384615 0.6862980769230769 0.06610576923076923 0.05048076923076923
0 0.09375 0.10096153846153846 0.055288461538461536 0.08653846153846154
0 0.8052884615384616 0.38221153846153844 0.0829326923076923 0.04807692307692308
0 0.8052884615384616 0.4423076923076923 0.07211538461538461 0.04567307692307692
0 0.046875 0.48197115384615385 0.04927884615384615 0.07451923076923077
0 0.41947115384615385 0.6045673076923077 0.052884615384615384 0.06490384615384616
0 0.6081730769230769 0.234375 0.06490384615384616 0.07091346153846154
0 0.8269230769230769 0.6418269230769231 0.140625 0.057692307692307696
0 0.9759615384615384 0.8882211538461539 0.04567307692307692 0.0673076923076923
0 0.19230769230769232 0.19230769230769232 0.07932692307692307 0.0829326923076923
0 0.35697115384615385 0.36177884615384615 0.051682692307692304 0.06009615384615385
0 0.1622596153846154 0.6213942307692307 0.06971153846153846 0.055288461538461536
0 0.19951923076923078 0.9555288461538461 0.09615384615384616 0.08653846153846154
0 0.6899038461538461 0.8533653846153846 0.0625 0.05889423076923077
0 0.7992788461538461 0.5432692307692307 0.1310096153846154 0.109375
0 0.5733173076923077 0.8641826923076923 0.056490384615384616 0.057692307692307696
0 0.9026442307692307 0.019230769230769232 0.11658653846153846 0.038461538461538464
0 0.018028846153846152 0.43149038461538464 0.03485576923076923 0.08774038461538461
0 0.028846153846153848 0.2247596153846154 0.056490384615384616 0.04447115384615385
0 0.6298076923076923 0.5973557692307693 0.06009615384615385 0.04927884615384615
0 0.07932692307692307 0.9314903846153846 0.0733173076923077 0.04807692307692308
0 0.027644230769230768 0.9615384615384616 0.055288461538461536 0.057692307692307696
0 0.3245192307692308 0.6009615384615384 0.055288461538461536 0.057692307692307696
0 0.6310096153846154 0.9855769230769231 0.06009615384615385 0.026442307692307692
0 0.15144230769230768 0.5180288461538461 0.0985576923076923 0.07572115384615384
0 0.09495192307692307 0.1971153846153846 0.09735576923076923 0.055288461538461536
0 0.9735576923076923 0.7752403846153846 0.04567307692307692 0.08052884615384616
0 0.6382211538461539 0.43028846153846156 0.07091346153846154 0.05889423076923077
0 0.021634615384615384 0.1778846153846154 0.04326923076923077 0.07211538461538461
0 0.8978365384615384 0.9819711538461539 0.08413461538461539 0.03365384615384615
0 0.24759615384615385 0.018028846153846152 0.06610576923076923 0.03485576923076923
0 0.5901442307692307 0.9375 0.05048076923076923 0.04807692307692308
0 0.7572115384615384 0.9050480769230769 0.07211538461538461 0.06850961538461539
0 0.9242788461538461 0.32572115384615385 0.0985576923076923 0.052884615384615384
0 0.5865384615384616 0.8028846153846154 0.06129807692307692 0.04447115384615385
0 0.16826923076923078 0.35697115384615385 0.056490384615384616 0.05048076923076923
0 0.8858173076923077 0.7115384615384616 0.08052884615384616 0.06490384615384616
0 0.8930288461538461 0.9182692307692307 0.08413461538461539 0.056490384615384616
0 0.39663461538461536 0.7019230769230769 0.06129807692307692 0.06850961538461539
0 0.6129807692307693 0.6634615384615384 0.08653846153846154 0.055288461538461536
0 0.019230769230769232 0.8677884615384616 0.038461538461538464 0.06009615384615385
0 0.6862980769230769 0.7716346153846154 0.07572115384615384 0.052884615384615384
0 0.7752403846153846 0.9795673076923077 0.11658653846153846 0.039663461538461536