0 0.41947115384615385 0.6141826923076923 0.09375 0.042067307692307696
0 0.3545673076923077 0.016826923076923076 0.06009615384615385 0.03365384615384615
0 0.39903846153846156 0.4326923076923077 0.03125 0.028846153846153848
0 0.15384615384615385 0.5745192307692307 0.09735576923076923 0.040865384615384616
0 0.7151442307692307 0.9483173076923077 0.0829326923076923 0.04326923076923077
0 0.30528846153846156 0.8533653846153846 0.04807692307692308 0.03365384615384615
0 0.6237980769230769 0.35216346153846156 0.042067307692307696 0.09254807692307693
0 0.25721153846153844 0.828125 0.039663461538461536 0.04567307692307692
0 0.22956730769230768 0.36658653846153844 0.03365384615384615 0.051682692307692304
0 0.890625 0.3737980769230769 0.03125 0.04567307692307692
0 0.5072115384615384 0.9711538461538461 0.04927884615384615 0.037259615384615384
0 0.9038461538461539 0.5360576923076923 0.040865384615384616 0.036057692307692304
0 0.037259615384615384 0.41947115384615385 0.05889423076923077 0.05048076923076923
0 0.9651442307692307 0.41466346153846156 0.04567307692307692 0.07932692307692307
0 0.5348557692307693 0.8317307692307693 0.0625 0.03485576923076923
0 0.33052884615384615 0.027644230769230768 0.08413461538461539 0.055288461538461536
0 0.7451923076923077 0.4182692307692308 0.04807692307692308 0.056490384615384616
0 0.6923076923076923 0.026442307692307692 0.06009615384615385 0.04807692307692308
0 0.5685096153846154 0.06971153846153846 0.07211538461538461 0.04326923076923077
0 0.7872596153846154 0.45552884615384615 0.056490384615384616 0.0625
0 0.18509615384615385 0.46153846153846156 0.1466346153846154 0.04567307692307692
0 0.15745192307692307 0.1141826923076923 0.06850961538461539 0.055288461538461536
0 0.7836538461538461 0.8617788461538461 0.07211538461538461 0.038461538461538464
0 0.9495192307692307 0.8449519230769231 0.06490384615384616 0.06490384615384616
0 0.5877403846153846 0.828125 0.06009615384615385 0.057692307692307696
0 0.8040865384615384 0.8978365384615384 0.09495192307692307 0.03485576923076923
0 0.8810096153846154 0.40384615384615385 0.051682692307692304 0.05048076923076923
0 0.6598557692307693 0.8209134615384616 0.04927884615384615 0.06610576923076923
0 0.23317307692307693 0.5985576923076923 0.026442307692307692 0.07091346153846154
0 0.25600961538461536 0.7740384615384616 0.08052884615384616 0.046875
0 0.42908653846153844 0.8425480769230769 0.07211538461538461 0.04447115384615385
0 0.21754807692307693 0.3786057692307692 0.04927884615384615 0.08052884615384616
0 0.1045673076923077 0.640625 0.05048076923076923 0.04807692307692308
0 0.46634615384615385 0.1502403846153846 0.04927884615384615 0.03365384615384615
0 0.5853365384615384 0.5685096153846154 0.06009615384615385 0.05048076923076923
0 0.38221153846153844 0.8052884615384616 0.08173076923076923 0.078125
0 0.09134615384615384 0.9375 0.0625 0.057692307692307696
0 0.3329326923076923 0.6045673076923077 0.051682692307692304 0.055288461538461536
0 0.6911057692307693 0.8473557692307693 0.054086538461538464 0.05048076923076923
0 0.2932692307692308 0.6478365384615384 0.06490384615384616 0.06009615384615385
0 0.28725961538461536 0.9771634615384616 0.09375 0.04447115384615385
0 0.9290865384615384 0.11778846153846154 0.07932692307692307 0.037259615384615384
0 0.7067307692307693 0.4543269230769231 0.06129807692307692 0.09615384615384616