0 0.9158653846153846 0.18629807692307693 0.056490384615384616 0.06850961538461539
0 0.8822115384615384 0.1875 0.03485576923076923 0.06490384615384616
0 0.8269230769230769 0.08533653846153846 0.03365384615384615 0.040865384615384616
0 0.8100961538461539 0.03245192307692308 0.052884615384615384 0.06490384615384616
0 0.7872596153846154 0.04807692307692308 0.025240384615384616 0.06490384615384616
0 0.5108173076923077 0.03365384615384615 0.03245192307692308 0.04927884615384615
0 0.8365384615384616 0.2932692307692308 0.03125 0.0673076923076923
0 0.84375 0.3329326923076923 0.039663461538461536 0.04927884615384615
0 0.796875 0.2860576923076923 0.042067307692307696 0.03365384615384615
0 0.7800480769230769 0.24519230769230768 0.030048076923076924 0.051682692307692304
0 0.7572115384615384 0.27283653846153844 0.021634615384615384 0.06490384615384616
0 0.7247596153846154 0.29447115384615385 0.03125 0.07211538461538461
0 0.7367788461538461 0.2548076923076923 0.039663461538461536 0.04326923076923077
0 0.7572115384615384 0.4543269230769231 0.052884615384615384 0.04927884615384615
0 0.8100961538461539 0.42427884615384615 0.03245192307692308 0.039663461538461536
0 0.8221153846153846 0.45552884615384615 0.051682692307692304 0.052884615384615384
0 0.8846153846153846 0.5709134615384616 0.08533653846153846 0.0985576923076923
0 0.8870192307692307 0.6574519230769231 0.08052884615384616 0.038461538461538464
0 0.8341346153846154 0.5697115384615384 0.038461538461538464 0.06009615384615385
0 0.6983173076923077 0.5276442307692307 0.04447115384615385 0.06009615384615385
0 0.6947115384615384 0.5793269230769231 0.038461538461538464 0.04326923076923077
0 0.796875 0.6382211538461539 0.028846153846153848 0.046875
0 0.7151442307692307 0.65625 0.036057692307692304 0.03245192307692308
0 0.7572115384615384 0.6682692307692307 0.038461538461538464 0.05889423076923077
0 0.8052884615384616 0.7908653846153846 0.03125 0.038461538461538464
0 0.7860576923076923 0.7427884615384616 0.021634615384615384 0.027644230769230768
0 0.7992788461538461 0.5889423076923077 0.030048076923076924 0.039663461538461536
0 0.765625 0.5961538461538461 0.036057692307692304 0.04326923076923077
0 0.765625 0.5649038461538461 0.019230769230769232 0.027644230769230768
0 0.8365384615384616 0.84375 0.042067307692307696 0.039663461538461536
0 0.8064903846153846 0.8545673076923077 0.02283653846153846 0.03365384615384615
0 0.828125 0.8834134615384616 0.039663461538461536 0.038461538461538464
0 0.7944711538461539 0.8882211538461539 0.025240384615384616 0.040865384615384616
0 0.7548076923076923 0.9230769230769231 0.03245192307692308 0.03365384615384615
0 0.5721153846153846 0.8485576923076923 0.042067307692307696 0.051682692307692304
0 0.8569711538461539 0.9375 0.05889423076923077 0.030048076923076924
0 0.8557692307692307 0.9663461538461539 0.036057692307692304 0.025240384615384616
0 0.7836538461538461 0.984375 0.03365384615384615 0.028846153846153848
0 0.8329326923076923 0.9771634615384616 0.018028846153846152 0.03245192307692308
0 0.8617788461538461 0.9891826923076923 0.04567307692307692 0.020432692307692308
0 0.3858173076923077 0.7932692307692307 0.018028846153846152 0.016826923076923076
0 0.42788461538461536 0.8449519230769231 0.038461538461538464 0.06971153846153846
0 0.46634615384615385 0.8677884615384616 0.036057692307692304 0.038461538461538464
0 0.49399038461538464 0.6983173076923077 0.03245192307692308 0.038461538461538464
0 0.43149038461538464 0.7536057692307693 0.02403846153846154 0.03365384615384615
0 0.3858173076923077 0.7283653846153846 0.038461538461538464 0.03365384615384615
0 0.4014423076923077 0.7536057692307693 0.030048076923076924 0.025240384615384616
0 0.43149038461538464 0.6911057692307693 0.025240384615384616 0.02403846153846154
0 0.37740384615384615 0.9747596153846154 0.03245192307692308 0.03125
0 0.5060096153846154 0.9543269230769231 0.018028846153846152 0.019230769230769232
0 0.47596153846153844 0.9735576923076923 0.02403846153846154 0.030048076923076924
0 0.453125 0.9927884615384616 0.020432692307692308 0.013221153846153846
0 0.46153846153846156 0.9591346153846154 0.019230769230769232 0.021634615384615384
0 0.5216346153846154 0.9074519230769231 0.02283653846153846 0.03245192307692308
0 0.3137019230769231 0.9891826923076923 0.04927884615384615 0.018028846153846152
0 0.11778846153846154 0.9795673076923077 0.046875 0.038461538461538464
0 0.06610576923076923 0.9651442307692307 0.055288461538461536 0.03365384615384615
0 0.03485576923076923 0.8341346153846154 0.03485576923076923 0.06971153846153846
0 0.13221153846153846 0.8461538461538461 0.04447115384615385 0.05048076923076923
0 0.13701923076923078 0.8137019230769231 0.026442307692307692 0.018028846153846152
0 0.13221153846153846 0.7908653846153846 0.03245192307692308 0.028846153846153848
0 0.14543269230769232 0.7512019230769231 0.02403846153846154 0.039663461538461536
0 0.08052884615384616 0.8100961538461539 0.040865384615384616 0.037259615384615384
0 0.016826923076923076 0.7800480769230769 0.03365384615384615 0.03485576923076923
0 0.0889423076923077 0.7776442307692307 0.06009615384615385 0.04567307692307692
0 0.030048076923076924 0.75 0.06009615384615385 0.03365384615384615
0 0.04927884615384615 0.78125 0.03365384615384615 0.026442307692307692
0 0.0889423076923077 0.671875 0.04447115384615385 0.039663461538461536
0 0.1658653846153846 0.6778846153846154 0.04326923076923077 0.06850961538461539
0 0.1201923076923077 0.640625 0.056490384615384616 0.052884615384615384
0 0.06610576923076923 0.5997596153846154 0.052884615384615384 0.04447115384615385
0 0.37259615384615385 0.6213942307692307 0.05048076923076923 0.039663461538461536
0 0.47115384615384615 0.6322115384615384 0.03365384615384615 0.04447115384615385
0 0.4483173076923077 0.5336538461538461 0.042067307692307696 0.037259615384615384
0 0.5036057692307693 0.5072115384615384 0.04567307692307692 0.06490384615384616
0 0.16346153846153846 0.5336538461538461 0.040865384615384616 0.04326923076923077
0 0.14783653846153846 0.47115384615384615 0.04447115384615385 0.10216346153846154
0 0.030048076923076924 0.43509615384615385 0.06009615384615385 0.04807692307692308
0 0.07932692307692307 0.48677884615384615 0.055288461538461536 0.078125
0 0.08052884615384616 0.4230769230769231 0.04927884615384615 0.07451923076923077
0 0.05889423076923077 0.28725961538461536 0.04447115384615385 0.036057692307692304
0 0.02403846153846154 0.2920673076923077 0.04807692307692308 0.07572115384615384
0 0.3449519230769231 0.32091346153846156 0.04807692307692308 0.07451923076923077
0 0.203125 0.33653846153846156 0.03245192307692308 0.04447115384615385
0 0.23798076923076922 0.33052884615384615 0.038461538461538464 0.04447115384615385
0 0.39783653846153844 0.1875 0.04326923076923077 0.056490384615384616
0 0.4387019230769231 0.2403846153846154 0.03365384615384615 0.0889423076923077
0 0.5204326923076923 0.3485576923076923 0.04567307692307692 0.04927884615384615
0 0.4483173076923077 0.3798076923076923 0.037259615384615384 0.0889423076923077
0 0.5036057692307693 0.43028846153846156 0.04927884615384615 0.0673076923076923
0 0.4567307692307692 0.4723557692307692 0.04567307692307692 0.06009615384615385
0 0.4855769230769231 0.3954326923076923 0.036057692307692304 0.03125
0 0.4795673076923077 0.43149038461538464 0.028846153846153848 0.030048076923076924
0 0.4735576923076923 0.2800480769230769 0.036057692307692304 0.10216346153846154
0 0.15264423076923078 0.3545673076923077 0.040865384615384616 0.08653846153846154
0 0.23317307692307693 0.234375 0.027644230769230768 0.038461538461538464
0 0.1502403846153846 0.2608173076923077 0.042067307692307696 0.10096153846153846
0 0.12740384615384615 0.2704326923076923 0.028846153846153848 0.039663461538461536
0 0.12259615384615384 0.47115384615384615 0.03365384615384615 0.028846153846153848
0 0.14423076923076922 0.07572115384615384 0.03485576923076923 0.06610576923076923
0 0.09134615384615384 0.125 0.038461538461538464 0.04326923076923077
0 0.15865384615384615 0.13341346153846154 0.03365384615384615 0.051682692307692304
0 0.125 0.13701923076923078 0.03245192307692308 0.0673076923076923
0 0.17908653846153846 0.078125 0.02403846153846154 0.03485576923076923
0 0.5072115384615384 0.08774038461538461 0.028846153846153848 0.03125
0 0.4951923076923077 0.11538461538461539 0.028846153846153848 0.028846153846153848
0 0.4362980769230769 0.08774038461538461 0.03365384615384615 0.03485576923076923
0 0.43509615384615385 0.054086538461538464 0.03365384615384615 0.03245192307692308
0 0.03245192307692308 0.008413461538461538 0.02283653846153846 0.016826923076923076
0 0.4639423076923077 0.21754807692307693 0.030048076923076924 0.027644230769230768
0 0.4831730769230769 0.14543269230769232 0.028846153846153848 0.028846153846153848
0 0.7692307692307693 0.8990384615384616 0.030048076923076924 0.038461538461538464