0 0.4338942307692308 0.23197115384615385 0.09615384615384616 0.09014423076923077
0 0.2848557692307692 0.5733173076923077 0.10697115384615384 0.13221153846153846
0 0.24759615384615385 0.32572115384615385 0.08052884615384616 0.14302884615384615
0 0.5264423076923077 0.9675480769230769 0.08173076923076923 0.06129807692307692
0 0.6694711538461539 0.9555288461538461 0.09014423076923077 0.07572115384615384
0 0.5865384615384616 0.20072115384615385 0.08413461538461539 0.12139423076923077
0 0.41947115384615385 0.8509615384615384 0.08653846153846154 0.12259615384615384
0 0.05889423076923077 0.5084134615384616 0.11778846153846154 0.09375
0 0.13581730769230768 0.65625 0.07091346153846154 0.07692307692307693
0 0.9483173076923077 0.7560096153846154 0.10096153846153846 0.09615384615384616
0 0.5865384615384616 0.9314903846153846 0.1201923076923077 0.09615384615384616
0 0.35216346153846156 0.46153846153846156 0.10576923076923077 0.125
0 0.5252403846153846 0.0673076923076923 0.14903846153846154 0.13341346153846154
0 0.45913461538461536 0.6538461538461539 0.15384615384615385 0.10216346153846154
0 0.7427884615384616 0.35336538461538464 0.17427884615384615 0.0985576923076923
0 0.23918269230769232 0.38221153846153844 0.08533653846153846 0.11778846153846154
0 0.3125 0.1971153846153846 0.0673076923076923 0.11658653846153846
0 0.5300480769230769 0.8701923076923077 0.06490384615384616 0.051682692307692304