0 0.4338942307692308 0.7764423076923077 0.11899038461538461 0.07692307692307693
0 0.47596153846153844 0.9507211538461539 0.12740384615384615 0.06490384615384616
0 0.5012019230769231 0.7944711538461539 0.09134615384615384 0.11538461538461539
0 0.2127403846153846 0.671875 0.0733173076923077 0.14903846153846154
0 0.6021634615384616 0.90625 0.09615384615384616 0.11298076923076923
0 0.71875 0.38341346153846156 0.07572115384615384 0.15745192307692307
0 0.22115384615384615 0.2091346153846154 0.14423076923076922 0.09375
0 0.06129807692307692 0.8810096153846154 0.12259615384615384 0.10096153846153846
0 0.5288461538461539 0.26802884615384615 0.21514423076923078 0.16346153846153846
0 0.8737980769230769 0.25 0.16826923076923078 0.09254807692307693
0 0.6177884615384616 0.7487980769230769 0.07932692307692307 0.06490384615384616
0 0.6466346153846154 0.8161057692307693 0.08413461538461539 0.0673076923076923
0 0.9206730769230769 0.9759615384615384 0.07692307692307693 0.046875
0 0.30408653846153844 0.13221153846153846 0.0889423076923077 0.1502403846153846
0 0.31490384615384615 0.7644230769230769 0.08653846153846154 0.1466346153846154
0 0.8389423076923077 0.6346153846153846 0.1045673076923077 0.12259615384615384
0 0.5721153846153846 0.6778846153846154 0.18509615384615385 0.08653846153846154
0 0.16826923076923078 0.5685096153846154 0.1466346153846154 0.13341346153846154
0 0.7884615384615384 0.38100961538461536 0.06971153846153846 0.10576923076923077
0 0.4579326923076923 0.055288461538461536 0.08413461538461539 0.11057692307692307
0 0.9555288461538461 0.8173076923076923 0.08774038461538461 0.10336538461538461
0 0.7572115384615384 0.8569711538461539 0.09975961538461539 0.0985576923076923
0 0.25600961538461536 0.9735576923076923 0.12139423076923077 0.05048076923076923