0 0.9735576923076923 0.5204326923076923 0.051682692307692304 0.04567307692307692
0 0.9086538461538461 0.07091346153846154 0.18028846153846154 0.08413461538461539
0 0.07211538461538461 0.6526442307692307 0.14423076923076922 0.09975961538461539
0 0.04927884615384615 0.8798076923076923 0.0829326923076923 0.07572115384615384
0 0.9507211538461539 0.03125 0.09615384615384616 0.055288461538461536
0 0.45552884615384615 0.5913461538461539 0.13221153846153846 0.15865384615384615
0 0.025240384615384616 0.9375 0.05048076923076923 0.1201923076923077
0 0.04326923076923077 0.09735576923076923 0.08653846153846154 0.10336538461538461
0 0.9399038461538461 0.6069711538461539 0.11778846153846154 0.06610576923076923
0 0.375 0.9759615384615384 0.07572115384615384 0.046875
0 0.07091346153846154 0.8173076923076923 0.13221153846153846 0.15504807692307693
0 0.47475961538461536 0.3389423076923077 0.06971153846153846 0.07572115384615384
0 0.9375 0.6983173076923077 0.12259615384615384 0.10096153846153846
0 0.9302884615384616 0.4651442307692308 0.1346153846153846 0.10216346153846154
0 0.125 0.5324519230769231 0.13942307692307693 0.06009615384615385
0 0.016826923076923076 0.5805288461538461 0.03365384615384615 0.11298076923076923
0 0.6141826923076923 0.9639423076923077 0.08533653846153846 0.0673076923076923
0 0.859375 0.8185096153846154 0.15985576923076922 0.13701923076923078
0 0.4230769230769231 0.29927884615384615 0.13221153846153846 0.06490384615384616
0 0.8689903846153846 0.9795673076923077 0.14302884615384615 0.039663461538461536
0 0.3894230769230769 0.36899038461538464 0.08533653846153846 0.057692307692307696
0 0.46634615384615385 0.19110576923076922 0.08774038461538461 0.0673076923076923
0 0.36538461538461536 0.6862980769230769 0.12259615384615384 0.11177884615384616
0 0.9266826923076923 0.15985576923076922 0.13942307692307693 0.06009615384615385
0 0.8197115384615384 0.15985576923076922 0.13701923076923078 0.07572115384615384
0 0.23677884615384615 0.3641826923076923 0.12980769230769232 0.1346153846153846
0 0.057692307692307696 0.7163461538461539 0.0673076923076923 0.10697115384615384
0 0.3389423076923077 0.5504807692307693 0.1045673076923077 0.09134615384615384
0 0.04567307692307692 0.7295673076923077 0.09134615384615384 0.2091346153846154
0 0.5709134615384616 0.18990384615384615 0.08653846153846154 0.07211538461538461
0 0.02403846153846154 0.040865384615384616 0.046875 0.055288461538461536
0 0.6850961538461539 0.5528846153846154 0.1875 0.10216346153846154
0 0.5084134615384616 0.78125 0.07692307692307693 0.15384615384615385
0 0.054086538461538464 0.5661057692307693 0.10697115384615384 0.11778846153846154