0 0.057692307692307696 0.19110576923076922 0.02403846153846154 0.028846153846153848
0 0.09615384615384616 0.054086538461538464 0.03125 0.06490384615384616
0 0.020432692307692308 0.0889423076923077 0.039663461538461536 0.057692307692307696
0 0.30649038461538464 0.16706730769230768 0.03365384615384615 0.051682692307692304
0 0.25961538461538464 0.203125 0.03365384615384615 0.025240384615384616
0 0.43990384615384615 0.1346153846153846 0.03485576923076923 0.055288461538461536
0 0.1346153846153846 0.2668269230769231 0.038461538461538464 0.038461538461538464
0 0.016826923076923076 0.20673076923076922 0.03365384615384615 0.028846153846153848
0 0.33653846153846156 0.09134615384615384 0.03245192307692308 0.11538461538461539
0 0.5540865384615384 0.14903846153846154 0.03245192307692308 0.046875
0 0.6201923076923077 0.1814903846153846 0.03365384615384615 0.04447115384615385
0 0.0625 0.28125 0.028846153846153848 0.03365384615384615
0 0.19230769230769232 0.2776442307692308 0.027644230769230768 0.02403846153846154
0 0.18509615384615385 0.24879807692307693 0.030048076923076924 0.03365384615384615
0 0.36658653846153844 0.3173076923076923 0.05048076923076923 0.03245192307692308
0 0.31490384615384615 0.31490384615384615 0.02403846153846154 0.03365384615384615
0 0.3762019230769231 0.23677884615384615 0.03365384615384615 0.02403846153846154
0 0.5420673076923077 0.25841346153846156 0.030048076923076924 0.02403846153846154
0 0.10697115384615384 0.23076923076923078 0.018028846153846152 0.026442307692307692
0 0.056490384615384616 0.24519230769230768 0.025240384615384616 0.026442307692307692
0 0.19471153846153846 0.33653846153846156 0.04447115384615385 0.04927884615384615
0 0.24879807692307693 0.4254807692307692 0.026442307692307692 0.051682692307692304
0 0.4675480769230769 0.421875 0.03485576923076923 0.026442307692307692
0 0.3485576923076923 0.43028846153846156 0.030048076923076924 0.03245192307692308
0 0.6213942307692307 0.265625 0.02403846153846154 0.02403846153846154
0 0.5865384615384616 0.2848557692307692 0.03485576923076923 0.026442307692307692
0 0.5192307692307693 0.36899038461538464 0.021634615384615384 0.025240384615384616
0 0.9350961538461539 0.2247596153846154 0.03125 0.025240384615384616
0 0.9375 0.2644230769230769 0.07211538461538461 0.055288461538461536
0 0.7560096153846154 0.3161057692307692 0.0673076923076923 0.042067307692307696
0 0.7740384615384616 0.21754807692307693 0.037259615384615384 0.057692307692307696
0 0.6310096153846154 0.3485576923076923 0.03485576923076923 0.018028846153846152
0 0.7067307692307693 0.25240384615384615 0.028846153846153848 0.06610576923076923
0 0.7163461538461539 0.15384615384615385 0.02403846153846154 0.06370192307692307
0 0.9182692307692307 0.11298076923076923 0.05048076923076923 0.06490384615384616
0 0.8918269230769231 0.22355769230769232 0.05048076923076923 0.055288461538461536
0 0.4483173076923077 0.23677884615384615 0.038461538461538464 0.040865384615384616
0 0.9122596153846154 0.3485576923076923 0.051682692307692304 0.03485576923076923
0 0.18870192307692307 0.09735576923076923 0.03125 0.03125
0 0.6610576923076923 0.23317307692307693 0.03125 0.036057692307692304
0 0.5673076923076923 0.31490384615384615 0.020432692307692308 0.026442307692307692
0 0.5973557692307693 0.3173076923076923 0.02283653846153846 0.020432692307692308
0 0.3389423076923077 0.29086538461538464 0.03125 0.02403846153846154
0 0.11177884615384616 0.18870192307692307 0.018028846153846152 0.038461538461538464
0 0.9122596153846154 0.7295673076923077 0.04326923076923077 0.026442307692307692
0 0.31971153846153844 0.4375 0.028846153846153848 0.01201923076923077
0 0.4098557692307692 0.45552884615384615 0.026442307692307692 0.06850961538461539