0 0.2127403846153846 0.40625 0.14302884615384615 0.1201923076923077
0 0.4182692307692308 0.6862980769230769 0.07211538461538461 0.08052884615384616
0 0.05048076923076923 0.08533653846153846 0.10096153846153846 0.17067307692307693
0 0.09615384615384616 0.5300480769230769 0.125 0.13221153846153846
0 0.23798076923076922 0.25721153846153844 0.07932692307692307 0.07211538461538461
0 0.3737980769230769 0.44591346153846156 0.13701923076923078 0.10216346153846154
0 0.9651442307692307 0.6838942307692307 0.0673076923076923 0.06490384615384616
0 0.09495192307692307 0.2644230769230769 0.14423076923076922 0.109375
0 0.9399038461538461 0.7439903846153846 0.11778846153846154 0.0829326923076923
0 0.9735576923076923 0.6237980769230769 0.04807692307692308 0.057692307692307696
0 0.875 0.31850961538461536 0.051682692307692304 0.054086538461538464
0 0.5733173076923077 0.12259615384615384 0.1141826923076923 0.09134615384615384
0 0.8377403846153846 0.5564903846153846 0.15625 0.06971153846153846
0 0.7391826923076923 0.1875 0.13942307692307693 0.10336538461538461
0 0.828125 0.21875 0.17427884615384615 0.15144230769230768
0 0.8713942307692307 0.43990384615384615 0.08533653846153846 0.08653846153846154