0 0.31490384615384615 0.3137019230769231 0.10697115384615384 0.06490384615384616
0 0.32572115384615385 0.9266826923076923 0.1310096153846154 0.14423076923076922
0 0.14302884615384615 0.3545673076923077 0.0985576923076923 0.12740384615384615
0 0.18990384615384615 0.8930288461538461 0.07451923076923077 0.09615384615384616
0 0.4182692307692308 0.30528846153846156 0.0625 0.0733173076923077
0 0.3329326923076923 0.1045673076923077 0.1045673076923077 0.16826923076923078
0 0.5865384615384616 0.4338942307692308 0.07692307692307693 0.11177884615384616
0 0.036057692307692304 0.3545673076923077 0.07211538461538461 0.13942307692307693
0 0.6766826923076923 0.4855769230769231 0.09375 0.09495192307692307
0 0.35336538461538464 0.4675480769230769 0.11538461538461539 0.13822115384615385
0 0.6466346153846154 0.9447115384615384 0.07932692307692307 0.10216346153846154
0 0.5096153846153846 0.5685096153846154 0.15384615384615385 0.11298076923076923
0 0.43990384615384615 0.640625 0.10576923076923077 0.07932692307692307
0 0.7295673076923077 0.9230769230769231 0.12740384615384615 0.11658653846153846
0 0.8076923076923077 0.7536057692307693 0.15384615384615385 0.1201923076923077
0 0.1141826923076923 0.5024038461538461 0.13581730769230768 0.08653846153846154
0 0.02283653846153846 0.9447115384615384 0.04567307692307692 0.10817307692307693
0 0.8341346153846154 0.1045673076923077 0.1141826923076923 0.12379807692307693
0 0.7584134615384616 0.1201923076923077 0.10817307692307693 0.0889423076923077
0 0.9278846153846154 0.7007211538461539 0.08173076923076923 0.08173076923076923
0 0.03365384615384615 0.6574519230769231 0.0673076923076923 0.11177884615384616
0 0.8389423076923077 0.21033653846153846 0.11177884615384616 0.06971153846153846
0 0.8389423076923077 0.3605769230769231 0.0625 0.06129807692307692
0 0.9579326923076923 0.42427884615384615 0.0829326923076923 0.15625
0 0.3557692307692308 0.8125 0.1141826923076923 0.0889423076923077
0 0.8425480769230769 0.6033653846153846 0.14182692307692307 0.10216346153846154
0 0.9735576923076923 0.7151442307692307 0.05048076923076923 0.13822115384615385
0 0.7536057692307693 0.46634615384615385 0.1466346153846154 0.09735576923076923
0 0.6622596153846154 0.07932692307692307 0.18990384615384615 0.12980769230769232
0 0.8173076923076923 0.3137019230769231 0.09495192307692307 0.08173076923076923
0 0.6586538461538461 0.28846153846153844 0.15384615384615385 0.11538461538461539