0 0.27524038461538464 0.3485576923076923 0.09495192307692307 0.12139423076923077
0 0.2704326923076923 0.037259615384615384 0.10817307692307693 0.07451923076923077
0 0.6141826923076923 0.5012019230769231 0.09254807692307693 0.14903846153846154
0 0.2956730769230769 0.6105769230769231 0.06610576923076923 0.055288461538461536
0 0.8425480769230769 0.7980769230769231 0.04927884615384615 0.038461538461538464
0 0.16466346153846154 0.9242788461538461 0.15504807692307693 0.14903846153846154
0 0.2512019230769231 0.8473557692307693 0.09375 0.0733173076923077
0 0.5132211538461539 0.22355769230769232 0.06850961538461539 0.07091346153846154
0 0.3786057692307692 0.1310096153846154 0.0985576923076923 0.08653846153846154
0 0.20673076923076922 0.9194711538461539 0.07451923076923077 0.10576923076923077
0 0.7608173076923077 0.41225961538461536 0.11057692307692307 0.09735576923076923
0 0.1935096153846154 0.7355769230769231 0.06971153846153846 0.06129807692307692
0 0.19831730769230768 0.4735576923076923 0.056490384615384616 0.14543269230769232
0 0.9495192307692307 0.6694711538461539 0.05889423076923077 0.06009615384615385
0 0.4254807692307692 0.3918269230769231 0.07211538461538461 0.1201923076923077
0 0.04326923076923077 0.5865384615384616 0.08653846153846154 0.14182692307692307
0 0.9759615384615384 0.41586538461538464 0.04567307692307692 0.15384615384615385
0 0.8449519230769231 0.5913461538461539 0.052884615384615384 0.09735576923076923
0 0.9158653846153846 0.07932692307692307 0.06971153846153846 0.12259615384615384
0 0.4567307692307692 0.6153846153846154 0.12379807692307693 0.1346153846153846
0 0.18870192307692307 0.15625 0.12620192307692307 0.06490384615384616
0 0.6165865384615384 0.2920673076923077 0.08173076923076923 0.07091346153846154
0 0.20072115384615385 0.6454326923076923 0.10216346153846154 0.056490384615384616
0 0.4639423076923077 0.30408653846153844 0.0733173076923077 0.0625
0 0.5913461538461539 0.08173076923076923 0.06490384615384616 0.1201923076923077
0 0.5072115384615384 0.44711538461538464 0.051682692307692304 0.1141826923076923
0 0.030048076923076924 0.703125 0.06009615384615385 0.08413461538461539
0 0.30288461538461536 0.15144230769230768 0.04807692307692308 0.1346153846153846
0 0.056490384615384616 0.140625 0.07572115384615384 0.09134615384615384
0 0.6586538461538461 0.11298076923076923 0.055288461538461536 0.16826923076923078
0 0.11778846153846154 0.6177884615384616 0.09134615384615384 0.04807692307692308
0 0.7704326923076923 0.6490384615384616 0.07572115384615384 0.05889423076923077
0 0.06850961538461539 0.9471153846153846 0.0673076923076923 0.04927884615384615
0 0.9338942307692307 0.3173076923076923 0.04927884615384615 0.08774038461538461
0 0.45072115384615385 0.546875 0.14302884615384615 0.12259615384615384
0 0.5072115384615384 0.14543269230769232 0.06971153846153846 0.07451923076923077
0 0.71875 0.5048076923076923 0.14543269230769232 0.15504807692307693
0 0.53125 0.27524038461538464 0.04927884615384615 0.07091346153846154
0 0.18028846153846154 0.04567307692307692 0.11538461538461539 0.09134615384615384
0 0.7235576923076923 0.04447115384615385 0.0673076923076923 0.08774038461538461
0 0.4795673076923077 0.7427884615384616 0.09254807692307693 0.06490384615384616
0 0.8197115384615384 0.640625 0.052884615384615384 0.06009615384615385
0 0.5817307692307693 0.9615384615384616 0.0985576923076923 0.07572115384615384
0 0.7151442307692307 0.8112980769230769 0.08173076923076923 0.07572115384615384
0 0.4026442307692308 0.8040865384615384 0.09615384615384616 0.09735576923076923
0 0.7692307692307693 0.9699519230769231 0.0673076923076923 0.05889423076923077