0 0.41466346153846156 0.3858173076923077 0.21634615384615385 0.09134615384615384
0 0.3173076923076923 0.48677884615384615 0.14903846153846154 0.09014423076923077
0 0.0889423076923077 0.2512019230769231 0.11057692307692307 0.06610576923076923
0 0.04326923076923077 0.9362980769230769 0.08653846153846154 0.0985576923076923
0 0.11298076923076923 0.36899038461538464 0.11778846153846154 0.125
0 0.16105769230769232 0.8125 0.17307692307692307 0.06971153846153846
0 0.15384615384615385 0.14903846153846154 0.19471153846153846 0.1502403846153846
0 0.46875 0.29927884615384615 0.17427884615384615 0.1045673076923077
0 0.9495192307692307 0.16346153846153846 0.09975961538461539 0.0829326923076923
0 0.06129807692307692 0.6899038461538461 0.11057692307692307 0.078125
0 0.25240384615384615 0.6346153846153846 0.14302884615384615 0.07572115384615384
0 0.054086538461538464 0.6201923076923077 0.10817307692307693 0.0625
0 0.23317307692307693 0.36778846153846156 0.1622596153846154 0.10576923076923077
0 0.9110576923076923 0.9387019230769231 0.17668269230769232 0.06850961538461539
0 0.78125 0.7824519230769231 0.16466346153846154 0.10576923076923077
0 0.9350961538461539 0.3798076923076923 0.109375 0.08052884615384616
0 0.7884615384615384 0.016826923076923076 0.1201923076923077 0.03365384615384615
0 0.43149038461538464 0.24278846153846154 0.14783653846153846 0.10697115384615384
0 0.7620192307692307 0.2764423076923077 0.18509615384615385 0.10096153846153846
0 0.40384615384615385 0.21394230769230768 0.13701923076923078 0.04927884615384615
0 0.4567307692307692 0.056490384615384616 0.15865384615384615 0.10697115384615384
0 0.6069711538461539 0.203125 0.15504807692307693 0.0673076923076923
0 0.9651442307692307 0.27884615384615385 0.06850961538461539 0.05889423076923077
0 0.04807692307692308 0.4423076923076923 0.09615384615384616 0.0829326923076923
0 0.9134615384615384 0.8774038461538461 0.1622596153846154 0.06971153846153846
0 0.030048076923076924 0.2956730769230769 0.06009615384615385 0.0673076923076923
0 0.9375 0.49759615384615385 0.1201923076923077 0.06490384615384616
0 0.8449519230769231 0.6153846153846154 0.17668269230769232 0.13221153846153846
0 0.31490384615384615 0.042067307692307696 0.10336538461538461 0.07932692307692307
0 0.921875 0.6947115384615384 0.15504807692307693 0.055288461538461536
0 0.17548076923076922 0.6923076923076923 0.10096153846153846 0.06971153846153846
0 0.17427884615384615 0.9110576923076923 0.14543269230769232 0.12740384615384615
0 0.22355769230769232 0.5012019230769231 0.14783653846153846 0.07211538461538461
0 0.9555288461538461 0.640625 0.08653846153846154 0.04927884615384615
0 0.09615384615384616 0.02403846153846154 0.1658653846153846 0.04447115384615385
0 0.052884615384615384 0.16706730769230768 0.10576923076923077 0.06971153846153846
0 0.25721153846153844 0.24759615384615385 0.15504807692307693 0.08052884615384616
0 0.2536057692307692 0.030048076923076924 0.0889423076923077 0.06009615384615385
0 0.0733173076923077 0.5516826923076923 0.11658653846153846 0.055288461538461536
0 0.2608173076923077 0.1778846153846154 0.1778846153846154 0.09615384615384616
0 0.04567307692307692 0.20673076923076922 0.09134615384615384 0.07091346153846154
0 0.9230769230769231 0.7608173076923077 0.13822115384615385 0.08173076923076923