0 0.5997596153846154 0.46274038461538464 0.18990384615384615 0.2644230769230769
0 0.9891826923076923 0.020432692307692308 0.019230769230769232 0.038461538461538464
0 0.9350961538461539 0.037259615384615384 0.05048076923076923 0.07451923076923077
0 0.6550480769230769 0.015625 0.13221153846153846 0.03125
0 0.6358173076923077 0.0733173076923077 0.10336538461538461 0.12860576923076922
0 0.5 0.027644230769230768 0.11538461538461539 0.038461538461538464
0 0.5721153846153846 0.02403846153846154 0.07572115384615384 0.046875
0 0.35697115384615385 0.0625 0.14423076923076922 0.12379807692307693
0 0.2608173076923077 0.055288461538461536 0.06971153846153846 0.06009615384615385
0 0.05048076923076923 0.04326923076923077 0.10096153846153846 0.08653846153846154
0 0.4987980769230769 0.051682692307692304 0.11778846153846154 0.10336538461538461
0 0.09014423076923077 0.15865384615384615 0.04927884615384615 0.28365384615384615
0 0.8088942307692307 0.15384615384615385 0.08653846153846154 0.3076923076923077
0 0.1310096153846154 0.23557692307692307 0.08173076923076923 0.30528846153846156
0 0.7103365384615384 0.1814903846153846 0.1778846153846154 0.06370192307692307
0 0.5877403846153846 0.12980769230769232 0.0889423076923077 0.0733173076923077
0 0.4170673076923077 0.1502403846153846 0.24639423076923078 0.10096153846153846
0 0.28725961538461536 0.203125 0.14903846153846154 0.23798076923076922
0 0.8713942307692307 0.2776442307692308 0.24519230769230768 0.057692307692307696
0 0.5877403846153846 0.2824519230769231 0.14783653846153846 0.046875
0 0.41225961538461536 0.25721153846153844 0.04326923076923077 0.14423076923076922
0 0.7007211538461539 0.3004807692307692 0.04927884615384615 0.08653846153846154
0 0.015625 0.4182692307692308 0.03125 0.042067307692307696
0 0.4098557692307692 0.37259615384615385 0.1814903846153846 0.26322115384615385
0 0.7716346153846154 0.34375 0.18389423076923078 0.04326923076923077
0 0.9459134615384616 0.46033653846153844 0.10576923076923077 0.12980769230769232
0 0.7163461538461539 0.4639423076923077 0.07451923076923077 0.14783653846153846
0 0.71875 0.4735576923076923 0.171875 0.09615384615384616
0 0.6237980769230769 0.3870192307692308 0.0829326923076923 0.11658653846153846
0 0.6646634615384616 0.3701923076923077 0.08653846153846154 0.09975961538461539
0 0.44471153846153844 0.5144230769230769 0.35336538461538464 0.07091346153846154
0 0.9242788461538461 0.5721153846153846 0.039663461538461536 0.06370192307692307
0 0.3870192307692308 0.6033653846153846 0.07091346153846154 0.23076923076923078
0 0.0829326923076923 0.5961538461538461 0.1658653846153846 0.17427884615384615
0 0.04807692307692308 0.6418269230769231 0.09014423076923077 0.2439903846153846
0 0.17067307692307693 0.6802884615384616 0.18509615384615385 0.328125
0 0.07932692307692307 0.75 0.15865384615384615 0.20673076923076922
0 0.6141826923076923 0.7872596153846154 0.0829326923076923 0.21995192307692307
0 0.375 0.7295673076923077 0.16466346153846154 0.19230769230769232
0 0.34134615384615385 0.8882211538461539 0.05048076923076923 0.22115384615384615
0 0.43028846153846156 0.8425480769230769 0.056490384615384616 0.09014423076923077
0 0.40384615384615385 0.8677884615384616 0.09375 0.26322115384615385
0 0.6778846153846154 0.9362980769230769 0.28365384615384615 0.125
0 0.8870192307692307 0.7860576923076923 0.18509615384615385 0.25600961538461536
0 0.9579326923076923 0.7908653846153846 0.08052884615384616 0.11778846153846154
0 0.027644230769230768 0.9651442307692307 0.055288461538461536 0.06850961538461539
0 0.21394230769230768 0.9338942307692307 0.037259615384615384 0.03365384615384615
0 0.49038461538461536 0.7211538461538461 0.16947115384615385 0.055288461538461536
0 0.7716346153846154 0.8329326923076923 0.039663461538461536 0.06009615384615385
0 0.8161057692307693 0.9314903846153846 0.027644230769230768 0.019230769230769232