0 0.03245192307692308 0.7019230769230769 0.06490384615384616 0.11778846153846154
0 0.9627403846153846 0.7836538461538461 0.07091346153846154 0.09254807692307693
0 0.5661057692307693 0.08533653846153846 0.11177884615384616 0.06610576923076923
0 0.5456730769230769 0.15384615384615385 0.07572115384615384 0.08052884615384616
0 0.46153846153846156 0.12860576923076922 0.06610576923076923 0.06971153846153846
0 0.7896634615384616 0.5793269230769231 0.09615384615384616 0.14903846153846154
0 0.30528846153846156 0.20552884615384615 0.08413461538461539 0.06490384615384616
0 0.96875 0.3125 0.057692307692307696 0.10697115384615384
0 0.59375 0.23557692307692307 0.07932692307692307 0.08173076923076923
0 0.24759615384615385 0.9266826923076923 0.13701923076923078 0.0985576923076923
0 0.4170673076923077 0.3076923076923077 0.06009615384615385 0.0829326923076923
0 0.5120192307692307 0.9639423076923077 0.07572115384615384 0.06971153846153846
0 0.025240384615384616 0.0985576923076923 0.05048076923076923 0.0673076923076923
0 0.6550480769230769 0.8461538461538461 0.06850961538461539 0.06610576923076923
0 0.8317307692307693 0.8365384615384616 0.07451923076923077 0.08413461538461539
0 0.31490384615384615 0.2800480769230769 0.07572115384615384 0.06850961538461539
0 0.9699519230769231 0.16706730769230768 0.055288461538461536 0.07932692307692307
0 0.9831730769230769 0.4387019230769231 0.03125 0.078125
0 0.7884615384615384 0.9206730769230769 0.056490384615384616 0.09495192307692307
0 0.23918269230769232 0.9375 0.06490384615384616 0.11778846153846154
0 0.5961538461538461 0.7680288461538461 0.07692307692307693 0.1502403846153846
0 0.4891826923076923 0.8509615384615384 0.109375 0.1778846153846154
0 0.7403846153846154 0.171875 0.09735576923076923 0.09495192307692307