0 0.859375 0.9038461538461539 0.09975961538461539 0.06850961538461539
0 0.1658653846153846 0.2548076923076923 0.08052884615384616 0.0625
0 0.028846153846153848 0.7548076923076923 0.056490384615384616 0.07091346153846154
0 0.27884615384615385 0.15985576923076922 0.054086538461538464 0.056490384615384616
0 0.21033653846153846 0.8701923076923077 0.06009615384615385 0.06129807692307692
0 0.8257211538461539 0.42427884615384615 0.040865384615384616 0.039663461538461536
0 0.9110576923076923 0.9735576923076923 0.10216346153846154 0.04807692307692308
0 0.17908653846153846 0.4723557692307692 0.078125 0.0625
0 0.3317307692307692 0.5420673076923077 0.07091346153846154 0.10697115384615384
0 0.3173076923076923 0.2548076923076923 0.09134615384615384 0.06490384615384616
0 0.9134615384615384 0.7211538461538461 0.109375 0.08774038461538461
0 0.5841346153846154 0.7956730769230769 0.15625 0.07211538461538461
0 0.5817307692307693 0.020432692307692308 0.11658653846153846 0.039663461538461536
0 0.6298076923076923 0.515625 0.051682692307692304 0.07692307692307693
0 0.8509615384615384 0.027644230769230768 0.0673076923076923 0.055288461538461536
0 0.5769230769230769 0.5240384615384616 0.052884615384615384 0.07932692307692307
0 0.47836538461538464 0.8725961538461539 0.08052884615384616 0.08533653846153846
0 0.6814903846153846 0.07091346153846154 0.07692307692307693 0.09134615384615384
0 0.1346153846153846 0.9350961538461539 0.07692307692307693 0.0829326923076923
0 0.4831730769230769 0.037259615384615384 0.08413461538461539 0.06490384615384616
0 0.6526442307692307 0.25240384615384615 0.06490384615384616 0.06009615384615385
0 0.9639423076923077 0.21514423076923078 0.07091346153846154 0.055288461538461536
0 0.7764423076923077 0.5564903846153846 0.06009615384615385 0.07211538461538461
0 0.9723557692307693 0.37259615384615385 0.054086538461538464 0.07211538461538461
0 0.9362980769230769 0.4735576923076923 0.06971153846153846 0.0889423076923077
0 0.22716346153846154 0.20072115384615385 0.08173076923076923 0.06850961538461539
0 0.71875 0.7560096153846154 0.11538461538461539 0.07692307692307693
0 0.8473557692307693 0.515625 0.07451923076923077 0.0829326923076923
0 0.35336538461538464 0.9423076923076923 0.07572115384615384 0.056490384615384616
0 0.8894230769230769 0.11057692307692307 0.07091346153846154 0.0829326923076923
0 0.4170673076923077 0.5841346153846154 0.07692307692307693 0.10336538461538461
0 0.21995192307692307 0.13822115384615385 0.04447115384615385 0.06850961538461539
0 0.8076923076923077 0.9663461538461539 0.11177884615384616 0.06610576923076923
0 0.7908653846153846 0.26802884615384615 0.09735576923076923 0.07451923076923077
0 0.039663461538461536 0.9627403846153846 0.07932692307692307 0.0733173076923077
0 0.43028846153846156 0.9423076923076923 0.06850961538461539 0.055288461538461536
0 0.9711538461538461 0.08774038461538461 0.056490384615384616 0.10096153846153846
0 0.036057692307692304 0.016826923076923076 0.07211538461538461 0.03365384615384615
0 0.5805288461538461 0.4230769230769231 0.10336538461538461 0.07692307692307693
0 0.5625 0.9014423076923077 0.11057692307692307 0.14302884615384615
0 0.5204326923076923 0.7247596153846154 0.08653846153846154 0.0733173076923077
0 0.4014423076923077 0.12379807692307693 0.06490384615384616 0.08173076923076923
0 0.2800480769230769 0.9110576923076923 0.09014423076923077 0.07451923076923077
0 0.7007211538461539 0.9074519230769231 0.07211538461538461 0.07692307692307693
0 0.7223557692307693 0.21514423076923078 0.08173076923076923 0.06971153846153846
0 0.5697115384615384 0.39903846153846156 0.07572115384615384 0.055288461538461536
0 0.31490384615384615 0.8317307692307693 0.09975961538461539 0.12740384615384615
0 0.02403846153846154 0.44591346153846156 0.04807692307692308 0.0625
0 0.5925480769230769 0.15625 0.07451923076923077 0.08413461538461539
0 0.7355769230769231 0.40865384615384615 0.07932692307692307 0.06850961538461539
0 0.7271634615384616 0.625 0.06490384615384616 0.04807692307692308
0 0.12740384615384615 0.3389423076923077 0.078125 0.0673076923076923
0 0.43028846153846156 0.45913461538461536 0.09134615384615384 0.06971153846153846
0 0.9483173076923077 0.8233173076923077 0.10216346153846154 0.11177884615384616
0 0.6935096153846154 0.3161057692307692 0.10336538461538461 0.06009615384615385
0 0.21033653846153846 0.7836538461538461 0.20072115384615385 0.11057692307692307
0 0.8665865384615384 0.23076923076923078 0.07451923076923077 0.06490384615384616
0 0.036057692307692304 0.2848557692307692 0.07211538461538461 0.10576923076923077
0 0.7788461538461539 0.7103365384615384 0.08052884615384616 0.06490384615384616
0 0.08653846153846154 0.140625 0.125 0.0625