0 0.9759615384615384 0.44711538461538464 0.04447115384615385 0.09134615384615384
0 0.5733173076923077 0.6274038461538461 0.16466346153846154 0.10576923076923077
0 0.8701923076923077 0.037259615384615384 0.15384615384615385 0.07451923076923077
0 0.43509615384615385 0.5552884615384616 0.10576923076923077 0.10336538461538461
0 0.030048076923076924 0.17067307692307693 0.06009615384615385 0.19230769230769232
0 0.9194711538461539 0.09495192307692307 0.12860576923076922 0.09375
0 0.8413461538461539 0.18509615384615385 0.10216346153846154 0.12139423076923077
0 0.7692307692307693 0.5697115384615384 0.08533653846153846 0.10697115384615384
0 0.9242788461538461 0.6550480769230769 0.1502403846153846 0.08653846153846154
0 0.8293269230769231 0.9134615384615384 0.0889423076923077 0.09975961538461539
0 0.6742788461538461 0.8076923076923077 0.16346153846153846 0.10096153846153846
0 0.9326923076923077 0.5384615384615384 0.13341346153846154 0.12139423076923077
0 0.6514423076923077 0.22596153846153846 0.17307692307692307 0.2512019230769231
0 0.9230769230769231 0.4014423076923077 0.11778846153846154 0.20072115384615385
0 0.6947115384615384 0.7223557692307693 0.06370192307692307 0.05889423076923077
0 0.7692307692307693 0.6995192307692307 0.10336538461538461 0.1346153846153846
0 0.22716346153846154 0.03485576923076923 0.11177884615384616 0.06971153846153846
0 0.49278846153846156 0.7932692307692307 0.11538461538461539 0.1935096153846154
0 0.18028846153846154 0.59375 0.171875 0.09495192307692307
0 0.4951923076923077 0.43509615384615385 0.23197115384615385 0.11778846153846154
0 0.46153846153846156 0.021634615384615384 0.09254807692307693 0.040865384615384616