0 0.546875 0.2620192307692308 0.06370192307692307 0.06490384615384616
0 0.8677884615384616 0.7331730769230769 0.07211538461538461 0.078125
0 0.3545673076923077 0.9206730769230769 0.07932692307692307 0.07091346153846154
0 0.36177884615384615 0.1201923076923077 0.06370192307692307 0.11177884615384616
0 0.5 0.47115384615384615 0.11778846153846154 0.12259615384615384
0 0.056490384615384616 0.375 0.11177884615384616 0.07572115384615384
0 0.6141826923076923 0.7620192307692307 0.1346153846153846 0.14543269230769232
0 0.7872596153846154 0.47115384615384615 0.055288461538461536 0.0673076923076923
0 0.47836538461538464 0.9086538461538461 0.07572115384615384 0.06610576923076923
0 0.7620192307692307 0.6045673076923077 0.04927884615384615 0.03245192307692308
0 0.9194711538461539 0.5324519230769231 0.052884615384615384 0.04567307692307692
0 0.6274038461538461 0.5877403846153846 0.10096153846153846 0.06971153846153846
0 0.75 0.025240384615384616 0.09375 0.05048076923076923
0 0.49038461538461536 0.09975961538461539 0.051682692307692304 0.09615384615384616
0 0.5432692307692307 0.08653846153846154 0.054086538461538464 0.08774038461538461
0 0.3125 0.34375 0.05889423076923077 0.1045673076923077
0 0.43149038461538464 0.026442307692307692 0.05889423076923077 0.051682692307692304
0 0.21514423076923078 0.027644230769230768 0.06009615384615385 0.055288461538461536
0 0.6322115384615384 0.0733173076923077 0.1201923076923077 0.11298076923076923
0 0.25600961538461536 0.5649038461538461 0.08173076923076923 0.07211538461538461
0 0.36899038461538464 0.5504807692307693 0.07572115384615384 0.11658653846153846
0 0.9735576923076923 0.25600961538461536 0.051682692307692304 0.09254807692307693