0 0.35336538461538464 0.8052884615384616 0.021634615384615384 0.036057692307692304
0 0.28125 0.49759615384615385 0.03485576923076923 0.052884615384615384
0 0.296875 0.4170673076923077 0.036057692307692304 0.036057692307692304
0 0.46875 0.4579326923076923 0.04447115384615385 0.036057692307692304
0 0.515625 0.6526442307692307 0.030048076923076924 0.026442307692307692
0 0.3918269230769231 0.6442307692307693 0.03365384615384615 0.038461538461538464
0 0.0625 0.3918269230769231 0.042067307692307696 0.028846153846153848
0 0.6923076923076923 0.1875 0.036057692307692304 0.037259615384615384
0 0.6394230769230769 0.27403846153846156 0.030048076923076924 0.056490384615384616
0 0.5829326923076923 0.3161057692307692 0.03125 0.02403846153846154
0 0.7596153846153846 0.2668269230769231 0.039663461538461536 0.03365384615384615
0 0.7319711538461539 0.3173076923076923 0.028846153846153848 0.028846153846153848
0 0.8088942307692307 0.36538461538461536 0.03365384615384615 0.02403846153846154
0 0.953125 0.5697115384615384 0.04567307692307692 0.04326923076923077
0 0.546875 0.4362980769230769 0.038461538461538464 0.03365384615384615
0 0.10697115384615384 0.3942307692307692 0.03125 0.027644230769230768
0 0.2860576923076923 0.3004807692307692 0.03245192307692308 0.04326923076923077
0 0.027644230769230768 0.25841346153846156 0.040865384615384616 0.02403846153846154
0 0.5072115384615384 0.13942307692307693 0.021634615384615384 0.039663461538461536
0 0.08774038461538461 0.3076923076923077 0.021634615384615384 0.021634615384615384
0 0.8990384615384616 0.2776442307692308 0.11057692307692307 0.04927884615384615
0 0.8677884615384616 0.20793269230769232 0.04447115384615385 0.04567307692307692
0 0.8894230769230769 0.18509615384615385 0.055288461538461536 0.030048076923076924
0 0.5973557692307693 0.9326923076923077 0.02403846153846154 0.010817307692307692
0 0.48677884615384615 0.9603365384615384 0.03365384615384615 0.018028846153846152
0 0.12620192307692307 0.9110576923076923 0.03365384615384615 0.026442307692307692
0 0.8353365384615384 0.8798076923076923 0.025240384615384616 0.03125
0 0.7956730769230769 0.84375 0.018028846153846152 0.013221153846153846
0 0.859375 0.8149038461538461 0.019230769230769232 0.016826923076923076
0 0.6959134615384616 0.7788461538461539 0.016826923076923076 0.02283653846153846
0 0.5540865384615384 0.78125 0.021634615384615384 0.026442307692307692
0 0.5733173076923077 0.7211538461538461 0.037259615384615384 0.013221153846153846
0 0.7295673076923077 0.7211538461538461 0.019230769230769232 0.040865384615384616
0 0.6790865384615384 0.5997596153846154 0.019230769230769232 0.018028846153846152
0 0.6586538461538461 0.6286057692307693 0.01201923076923077 0.015625
0 0.6310096153846154 0.6454326923076923 0.019230769230769232 0.018028846153846152
0 0.5600961538461539 0.5552884615384616 0.02403846153846154 0.03365384615384615
0 0.5600961538461539 0.6069711538461539 0.015625 0.030048076923076924
0 0.24759615384615385 0.7067307692307693 0.02283653846153846 0.02283653846153846
0 0.12740384615384615 0.7223557692307693 0.020432692307692308 0.018028846153846152
0 0.1935096153846154 0.7560096153846154 0.027644230769230768 0.013221153846153846
0 0.055288461538461536 0.7007211538461539 0.028846153846153848 0.01201923076923077
0 0.037259615384615384 0.7524038461538461 0.03365384615384615 0.028846153846153848
0 0.03125 0.7920673076923077 0.026442307692307692 0.028846153846153848
0 0.030048076923076924 0.7055288461538461 0.02283653846153846 0.015625
0 0.4206730769230769 0.6177884615384616 0.02403846153846154 0.025240384615384616
0 0.1658653846153846 0.7331730769230769 0.015625 0.027644230769230768
0 0.5144230769230769 0.6850961538461539 0.02403846153846154 0.019230769230769232
0 0.9543269230769231 0.3112980769230769 0.04326923076923077 0.07091346153846154
0 0.8557692307692307 0.5865384615384616 0.08052884615384616 0.015625
0 0.734375 0.36177884615384615 0.026442307692307692 0.027644230769230768
0 0.7584134615384616 0.052884615384615384 0.038461538461538464 0.036057692307692304
0 0.4182692307692308 0.7632211538461539 0.028846153846153848 0.03125
0 0.6862980769230769 0.7427884615384616 0.021634615384615384 0.021634615384615384
0 0.6802884615384616 0.7163461538461539 0.019230769230769232 0.02403846153846154