0 0.0829326923076923 0.08774038461538461 0.06490384615384616 0.07211538461538461
0 0.5276442307692307 0.18870192307692307 0.07572115384615384 0.08653846153846154
0 0.8822115384615384 0.2403846153846154 0.06490384615384616 0.04807692307692308
0 0.33774038461538464 0.6153846153846154 0.06490384615384616 0.06009615384615385
0 0.5084134615384616 0.7524038461538461 0.0625 0.046875
0 0.9375 0.15144230769230768 0.07692307692307693 0.11177884615384616
0 0.46153846153846156 0.9134615384615384 0.07091346153846154 0.06971153846153846
0 0.35096153846153844 0.03365384615384615 0.07572115384615384 0.0625
0 0.2920673076923077 0.265625 0.09375 0.12379807692307693
0 0.34134615384615385 0.6923076923076923 0.07932692307692307 0.06490384615384616
0 0.9723557692307693 0.8052884615384616 0.052884615384615384 0.10697115384615384
0 0.9495192307692307 0.33052884615384615 0.0673076923076923 0.08173076923076923
0 0.9423076923076923 0.40865384615384615 0.08052884615384616 0.11298076923076923
0 0.3401442307692308 0.5649038461538461 0.06009615384615385 0.038461538461538464
0 0.08173076923076923 0.8257211538461539 0.0673076923076923 0.04447115384615385
0 0.8257211538461539 0.6706730769230769 0.038461538461538464 0.054086538461538464
0 0.6466346153846154 0.40024038461538464 0.078125 0.06490384615384616
0 0.9711538461538461 0.6334134615384616 0.056490384615384616 0.06850961538461539
0 0.9711538461538461 0.22956730769230768 0.056490384615384616 0.09615384615384616