0 0.3329326923076923 0.7572115384615384 0.056490384615384616 0.05889423076923077
0 0.3954326923076923 0.7524038461538461 0.0625 0.03485576923076923
0 0.5072115384615384 0.7524038461538461 0.06490384615384616 0.038461538461538464
0 0.5817307692307693 0.7512019230769231 0.0829326923076923 0.09495192307692307
0 0.5048076923076923 0.6670673076923077 0.0985576923076923 0.038461538461538464
0 0.59375 0.65625 0.06009615384615385 0.04927884615384615
0 0.5492788461538461 0.5913461538461539 0.039663461538461536 0.07572115384615384
0 0.578125 0.5504807692307693 0.08052884615384616 0.04447115384615385
0 0.5252403846153846 0.5144230769230769 0.09975961538461539 0.03245192307692308
0 0.43028846153846156 0.5721153846153846 0.07572115384615384 0.03125
0 0.21875 0.8545673076923077 0.036057692307692304 0.06370192307692307
0 0.11057692307692307 0.7632211538461539 0.028846153846153848 0.07211538461538461
0 0.14182692307692307 0.8028846153846154 0.03365384615384615 0.08052884615384616
0 0.25 0.9399038461538461 0.07091346153846154 0.11778846153846154
0 0.36538461538461536 0.9110576923076923 0.03245192307692308 0.056490384615384616
0 0.42788461538461536 0.9507211538461539 0.028846153846153848 0.03365384615384615
0 0.03485576923076923 0.9699519230769231 0.056490384615384616 0.052884615384615384
0 0.15865384615384615 0.9795673076923077 0.03485576923076923 0.03245192307692308
0 0.078125 0.7043269230769231 0.04447115384615385 0.055288461538461536
0 0.09134615384615384 0.6153846153846154 0.03485576923076923 0.06971153846153846
0 0.23197115384615385 0.5949519230769231 0.06850961538461539 0.078125
0 0.3125 0.6694711538461539 0.039663461538461536 0.04927884615384615
0 0.15985576923076922 0.47475961538461536 0.03125 0.07091346153846154
0 0.20432692307692307 0.4338942307692308 0.02403846153846154 0.056490384615384616
0 0.3076923076923077 0.4483173076923077 0.04447115384615385 0.057692307692307696
0 0.2692307692307692 0.46875 0.03125 0.07211538461538461
0 0.3545673076923077 0.5 0.039663461538461536 0.04567307692307692
0 0.390625 0.5 0.038461538461538464 0.051682692307692304
0 0.34615384615384615 0.41346153846153844 0.04567307692307692 0.06971153846153846
0 0.06610576923076923 0.40625 0.03245192307692308 0.09615384615384616
0 0.1310096153846154 0.3449519230769231 0.026442307692307692 0.04807692307692308
0 0.21995192307692307 0.3485576923076923 0.04927884615384615 0.10697115384615384
0 0.30528846153846156 0.3125 0.06009615384615385 0.06129807692307692
0 0.140625 0.22235576923076922 0.0673076923076923 0.13221153846153846
0 0.4230769230769231 0.34615384615384615 0.052884615384615384 0.038461538461538464
0 0.328125 0.25721153846153844 0.038461538461538464 0.03485576923076923
0 0.36778846153846156 0.19471153846153846 0.055288461538461536 0.03485576923076923
0 0.38221153846153844 0.234375 0.027644230769230768 0.03365384615384615
0 0.3425480769230769 0.20072115384615385 0.037259615384615384 0.06009615384615385
0 0.265625 0.12620192307692307 0.038461538461538464 0.04326923076923077
0 0.375 0.14543269230769232 0.03365384615384615 0.042067307692307696
0 0.41947115384615385 0.15264423076923078 0.04447115384615385 0.042067307692307696
0 0.3954326923076923 0.0985576923076923 0.04567307692307692 0.02403846153846154
0 0.4495192307692308 0.07932692307692307 0.036057692307692304 0.07932692307692307
0 0.43509615384615385 0.019230769230769232 0.03365384615384615 0.03365384615384615
0 0.421875 0.06610576923076923 0.038461538461538464 0.052884615384615384
0 0.5264423076923077 0.11538461538461539 0.03245192307692308 0.036057692307692304
0 0.515625 0.078125 0.03485576923076923 0.042067307692307696
0 0.5889423076923077 0.18028846153846154 0.028846153846153848 0.028846153846153848
0 0.6550480769230769 0.16105769230769232 0.036057692307692304 0.051682692307692304
0 0.6826923076923077 0.09615384615384616 0.03125 0.055288461538461536
0 0.6706730769230769 0.025240384615384616 0.04807692307692308 0.05048076923076923
0 0.6153846153846154 0.03245192307692308 0.051682692307692304 0.06490384615384616
0 0.20072115384615385 0.04567307692307692 0.03125 0.07451923076923077
0 0.2403846153846154 0.016826923076923076 0.028846153846153848 0.03365384615384615
0 0.15264423076923078 0.0733173076923077 0.03245192307692308 0.05048076923076923
0 0.10336538461538461 0.036057692307692304 0.03485576923076923 0.0673076923076923
0 0.021634615384615384 0.5480769230769231 0.03365384615384615 0.06009615384615385
0 0.5384615384615384 0.9495192307692307 0.03125 0.030048076923076924
0 0.671875 0.9759615384615384 0.04807692307692308 0.037259615384615384
0 0.8112980769230769 0.953125 0.05889423076923077 0.038461538461538464
0 0.8076923076923077 0.8689903846153846 0.03245192307692308 0.046875
0 0.8966346153846154 0.9302884615384616 0.04447115384615385 0.04326923076923077
0 0.8653846153846154 0.8233173076923077 0.040865384615384616 0.03245192307692308
0 0.7487980769230769 0.7079326923076923 0.04567307692307692 0.06971153846153846
0 0.6766826923076923 0.7680288461538461 0.04927884615384615 0.06971153846153846
0 0.953125 0.7055288461538461 0.07572115384615384 0.03365384615384615
0 0.8305288461538461 0.5264423076923077 0.036057692307692304 0.037259615384615384
0 0.7439903846153846 0.5132211538461539 0.054086538461538464 0.055288461538461536
0 0.6754807692307693 0.5084134615384616 0.03125 0.028846153846153848
0 0.6862980769230769 0.46033653846153844 0.06610576923076923 0.030048076923076924
0 0.4639423076923077 0.45072115384615385 0.03485576923076923 0.04447115384615385
0 0.46274038461538464 0.38100961538461536 0.042067307692307696 0.052884615384615384
0 0.5649038461538461 0.41466346153846156 0.027644230769230768 0.046875
0 0.6057692307692307 0.37259615384615385 0.03245192307692308 0.03365384615384615
0 0.8076923076923077 0.3629807692307692 0.028846153846153848 0.057692307692307696
0 0.71875 0.3173076923076923 0.04567307692307692 0.08173076923076923
0 0.7620192307692307 0.31009615384615385 0.036057692307692304 0.078125
0 0.8894230769230769 0.2800480769230769 0.08533653846153846 0.040865384615384616
0 0.8197115384615384 0.12139423076923077 0.039663461538461536 0.0985576923076923
0 0.9350961538461539 0.1814903846153846 0.03125 0.06129807692307692
0 0.5516826923076923 0.26322115384615385 0.056490384615384616 0.03485576923076923
0 0.5709134615384616 0.23557692307692307 0.07692307692307693 0.04447115384615385
0 0.47596153846153844 0.2548076923076923 0.038461538461538464 0.039663461538461536
0 0.9795673076923077 0.16466346153846154 0.038461538461538464 0.08533653846153846
0 0.9867788461538461 0.21033653846153846 0.02403846153846154 0.04927884615384615
0 0.5108173076923077 0.04807692307692308 0.07091346153846154 0.08653846153846154
0 0.42788461538461536 0.24519230769230768 0.03365384615384615 0.037259615384615384
0 0.32572115384615385 0.11057692307692307 0.026442307692307692 0.018028846153846152
0 0.33774038461538464 0.6959134615384616 0.03365384615384615 0.04927884615384615
0 0.19831730769230768 0.71875 0.0889423076923077 0.028846153846153848
0 0.29927884615384615 0.5829326923076923 0.028846153846153848 0.039663461538461536
0 0.31850961538461536 0.5288461538461539 0.03125 0.042067307692307696
0 0.036057692307692304 0.3173076923076923 0.028846153846153848 0.07692307692307693
0 0.010817307692307692 0.06971153846153846 0.020432692307692308 0.055288461538461536
0 0.9879807692307693 0.9579326923076923 0.019230769230769232 0.07932692307692307
0 0.1622596153846154 0.5709134615384616 0.05048076923076923 0.052884615384615384
0 0.9242788461538461 0.08052884615384616 0.021634615384615384 0.040865384615384616
0 0.9002403846153846 0.028846153846153848 0.03125 0.056490384615384616
0 0.7572115384615384 0.038461538461538464 0.03365384615384615 0.07692307692307693
0 0.9615384615384616 0.020432692307692308 0.028846153846153848 0.038461538461538464
0 0.5048076923076923 0.37740384615384615 0.021634615384615384 0.03365384615384615
0 0.6550480769230769 0.3449519230769231 0.03125 0.026442307692307692
0 0.6586538461538461 0.6129807692307693 0.027644230769230768 0.02403846153846154
0 0.02283653846153846 0.3713942307692308 0.039663461538461536 0.06129807692307692
0 0.054086538461538464 0.28125 0.09254807692307693 0.06009615384615385
0 0.3389423076923077 0.9387019230769231 0.03245192307692308 0.03485576923076923
0 0.5456730769230769 0.4699519230769231 0.03245192307692308 0.03245192307692308