0 0.203125 0.703125 0.15264423076923078 0.07572115384615384
0 0.7560096153846154 0.15625 0.07932692307692307 0.07572115384615384
0 0.17668269230769232 0.4182692307692308 0.078125 0.1045673076923077
0 0.8449519230769231 0.6826923076923077 0.08052884615384616 0.07572115384615384
0 0.8329326923076923 0.9122596153846154 0.13942307692307693 0.1141826923076923
0 0.265625 0.036057692307692304 0.15504807692307693 0.07091346153846154
0 0.7115384615384616 0.7956730769230769 0.11658653846153846 0.10096153846153846
0 0.8305288461538461 0.8389423076923077 0.12740384615384615 0.07091346153846154
0 0.8701923076923077 0.10096153846153846 0.20192307692307693 0.11658653846153846
0 0.8834134615384616 0.5901442307692307 0.06850961538461539 0.15144230769230768
0 0.24278846153846154 0.6201923076923077 0.1658653846153846 0.09134615384615384
0 0.5697115384615384 0.43509615384615385 0.1346153846153846 0.08413461538461539
0 0.6802884615384616 0.051682692307692304 0.10096153846153846 0.10216346153846154
0 0.03125 0.17668269230769232 0.06009615384615385 0.1045673076923077
0 0.5841346153846154 0.9194711538461539 0.11538461538461539 0.08413461538461539
0 0.28846153846153844 0.7560096153846154 0.13221153846153846 0.11177884615384616
0 0.140625 0.8485576923076923 0.10697115384615384 0.1045673076923077