0 0.12860576923076922 0.1778846153846154 0.06009615384615385 0.05889423076923077
0 0.6514423076923077 0.5853365384615384 0.0673076923076923 0.11658653846153846
0 0.6189903846153846 0.9206730769230769 0.04927884615384615 0.1502403846153846
0 0.8629807692307693 0.7728365384615384 0.037259615384615384 0.05048076923076923
0 0.8052884615384616 0.042067307692307696 0.08533653846153846 0.06490384615384616
0 0.21394230769230768 0.7127403846153846 0.0673076923076923 0.04447115384615385
0 0.5576923076923077 0.8100961538461539 0.16826923076923078 0.06009615384615385
0 0.5829326923076923 0.08173076923076923 0.07091346153846154 0.06490384615384616
0 0.09014423076923077 0.19230769230769232 0.10336538461538461 0.16346153846153846
0 0.7776442307692307 0.9699519230769231 0.08413461538461539 0.05889423076923077
0 0.8461538461538461 0.9795673076923077 0.04326923076923077 0.039663461538461536
0 0.7439903846153846 0.9519230769230769 0.06009615384615385 0.06370192307692307
0 0.5144230769230769 0.84375 0.09975961538461539 0.037259615384615384
0 0.5685096153846154 0.9326923076923077 0.054086538461538464 0.12620192307692307
0 0.14903846153846154 0.23918269230769232 0.07932692307692307 0.07572115384615384
0 0.08413461538461539 0.4963942307692308 0.040865384615384616 0.03365384615384615
0 0.28125 0.6778846153846154 0.06009615384615385 0.07091346153846154
0 0.29927884615384615 0.4579326923076923 0.11177884615384616 0.054086538461538464
0 0.27283653846153844 0.27163461538461536 0.07091346153846154 0.09495192307692307
0 0.7788461538461539 0.09495192307692307 0.10697115384615384 0.06971153846153846
0 0.8389423076923077 0.9362980769230769 0.09375 0.08413461538461539
0 0.44350961538461536 0.7271634615384616 0.07091346153846154 0.0733173076923077
0 0.07451923076923077 0.5420673076923077 0.0889423076923077 0.04927884615384615
0 0.23317307692307693 0.8882211538461539 0.0673076923076923 0.10576923076923077
0 0.44471153846153844 0.47475961538461536 0.06129807692307692 0.06971153846153846
0 0.030048076923076924 0.5564903846153846 0.06009615384615385 0.08413461538461539
0 0.6670673076923077 0.15625 0.07091346153846154 0.0829326923076923
0 0.5877403846153846 0.37740384615384615 0.07692307692307693 0.1658653846153846
0 0.04326923076923077 0.3125 0.078125 0.038461538461538464
0 0.12980769230769232 0.8846153846153846 0.07932692307692307 0.09134615384615384
0 0.23798076923076922 0.07451923076923077 0.057692307692307696 0.09495192307692307
0 0.026442307692307692 0.96875 0.051682692307692304 0.057692307692307696
0 0.9375 0.28966346153846156 0.052884615384615384 0.06490384615384616
0 0.4326923076923077 0.75 0.030048076923076924 0.055288461538461536
0 0.9615384615384616 0.640625 0.07572115384615384 0.12740384615384615
0 0.8798076923076923 0.09495192307692307 0.08533653846153846 0.06971153846153846
0 0.5685096153846154 0.7632211538461539 0.06850961538461539 0.051682692307692304
0 0.3557692307692308 0.3389423076923077 0.042067307692307696 0.1045673076923077
0 0.6286057692307693 0.6826923076923077 0.057692307692307696 0.06971153846153846
0 0.7379807692307693 0.7247596153846154 0.04807692307692308 0.12379807692307693
0 0.7860576923076923 0.08173076923076923 0.09495192307692307 0.03365384615384615
0 0.71875 0.49759615384615385 0.06370192307692307 0.036057692307692304
0 0.08653846153846154 0.38100961538461536 0.15865384615384615 0.09975961538461539
0 0.9795673076923077 0.29447115384615385 0.038461538461538464 0.06850961538461539
0 0.8870192307692307 0.44591346153846156 0.03125 0.051682692307692304
0 0.9423076923076923 0.7704326923076923 0.039663461538461536 0.04807692307692308
0 0.07211538461538461 0.7019230769230769 0.06490384615384616 0.0733173076923077
0 0.4855769230769231 0.8954326923076923 0.09975961538461539 0.04326923076923077
0 0.47596153846153844 0.4639423076923077 0.0625 0.0829326923076923
0 0.3125 0.5060096153846154 0.038461538461538464 0.06370192307692307
0 0.9447115384615384 0.7427884615384616 0.09134615384615384 0.038461538461538464
0 0.38100961538461536 0.12740384615384615 0.12379807692307693 0.042067307692307696
0 0.6574519230769231 0.3088942307692308 0.21153846153846154 0.06009615384615385
0 0.10096153846153846 0.484375 0.109375 0.06009615384615385
0 0.8245192307692307 0.6009615384615384 0.038461538461538464 0.08052884615384616
0 0.41346153846153844 0.23197115384615385 0.057692307692307696 0.039663461538461536
0 0.07932692307692307 0.4543269230769231 0.11778846153846154 0.05048076923076923
0 0.18629807692307693 0.15745192307692307 0.04326923076923077 0.08173076923076923
0 0.875 0.8954326923076923 0.057692307692307696 0.06610576923076923
0 0.10697115384615384 0.6706730769230769 0.09615384615384616 0.09014423076923077
0 0.4182692307692308 0.7800480769230769 0.051682692307692304 0.038461538461538464
0 0.359375 0.8125 0.07572115384615384 0.04447115384615385
0 0.7908653846153846 0.7536057692307693 0.057692307692307696 0.028846153846153848
0 0.6935096153846154 0.6875 0.06850961538461539 0.04447115384615385
0 0.8545673076923077 0.5576923076923077 0.036057692307692304 0.09615384615384616
0 0.04807692307692308 0.2608173076923077 0.06009615384615385 0.06971153846153846
0 0.5012019230769231 0.6935096153846154 0.0889423076923077 0.054086538461538464
0 0.0733173076923077 0.41586538461538464 0.07932692307692307 0.04447115384615385
0 0.7740384615384616 0.5733173076923077 0.06490384615384616 0.038461538461538464
0 0.859375 0.28125 0.06490384615384616 0.10697115384615384
0 0.9302884615384616 0.38221153846153844 0.09014423076923077 0.078125
0 0.8990384615384616 0.7716346153846154 0.038461538461538464 0.040865384615384616
0 0.36658653846153844 0.5673076923076923 0.04927884615384615 0.11778846153846154
0 0.23197115384615385 0.9795673076923077 0.06009615384615385 0.038461538461538464
0 0.0673076923076923 0.8605769230769231 0.13221153846153846 0.12620192307692307