0 0.8858173076923077 0.5709134615384616 0.055288461538461536 0.08774038461538461
0 0.7992788461538461 0.45552884615384615 0.10096153846153846 0.09615384615384616
0 0.9507211538461539 0.3629807692307692 0.09014423076923077 0.07572115384615384
0 0.8629807692307693 0.24759615384615385 0.1814903846153846 0.12379807692307693
0 0.640625 0.4651442307692308 0.038461538461538464 0.11538461538461539
0 0.6009615384615384 0.40024038461538464 0.055288461538461536 0.08173076923076923
0 0.7055288461538461 0.578125 0.09735576923076923 0.04927884615384615
0 0.46033653846153844 0.4891826923076923 0.09134615384615384 0.0625
0 0.3762019230769231 0.48197115384615385 0.10576923076923077 0.055288461538461536
0 0.4483173076923077 0.6490384615384616 0.04927884615384615 0.08533653846153846
0 0.5456730769230769 0.7920673076923077 0.05889423076923077 0.08052884615384616
0 0.6923076923076923 0.7800480769230769 0.06490384615384616 0.07572115384615384
0 0.6766826923076923 0.7079326923076923 0.12980769230769232 0.036057692307692304
0 0.5793269230769231 0.6141826923076923 0.06370192307692307 0.04567307692307692
0 0.8545673076923077 0.9134615384615384 0.12259615384615384 0.03125
0 0.5180288461538461 0.9182692307692307 0.0733173076923077 0.07211538461538461
0 0.3545673076923077 0.8569711538461539 0.12620192307692307 0.078125
0 0.27163461538461536 0.7860576923076923 0.09254807692307693 0.055288461538461536
0 0.2644230769230769 0.6742788461538461 0.09014423076923077 0.04447115384615385
0 0.6045673076923077 0.8894230769230769 0.04807692307692308 0.055288461538461536
0 0.5048076923076923 0.71875 0.03245192307692308 0.06129807692307692
0 0.9170673076923077 0.9182692307692307 0.11658653846153846 0.06129807692307692
0 0.9627403846153846 0.578125 0.0673076923076923 0.04326923076923077
0 0.7283653846153846 0.6670673076923077 0.07692307692307693 0.057692307692307696
0 0.13701923076923078 0.515625 0.12620192307692307 0.06850961538461539
0 0.21634615384615385 0.45552884615384615 0.20072115384615385 0.046875
0 0.24519230769230768 0.3245192307692308 0.04326923076923077 0.11899038461538461
0 0.12980769230769232 0.3737980769230769 0.17427884615384615 0.0829326923076923
0 0.5817307692307693 0.3125 0.14302884615384615 0.08653846153846154
0 0.7644230769230769 0.17908653846153846 0.07932692307692307 0.08774038461538461
0 0.12620192307692307 0.234375 0.0985576923076923 0.04927884615384615
0 0.109375 0.2920673076923077 0.09735576923076923 0.10096153846153846
0 0.10576923076923077 0.14783653846153846 0.06490384615384616 0.042067307692307696
0 0.04567307692307692 0.30288461538461536 0.08413461538461539 0.12740384615384615
0 0.17307692307692307 0.31490384615384615 0.09134615384615384 0.05048076923076923
0 0.7572115384615384 0.75 0.04447115384615385 0.038461538461538464
0 0.4675480769230769 0.7403846153846154 0.03245192307692308 0.03125
0 0.21875 0.7427884615384616 0.06490384615384616 0.056490384615384616
0 0.38221153846153844 0.6177884615384616 0.04447115384615385 0.030048076923076924
0 0.18870192307692307 0.6237980769230769 0.046875 0.038461538461538464
0 0.16706730769230768 0.6514423076923077 0.038461538461538464 0.036057692307692304
0 0.328125 0.5252403846153846 0.08052884615384616 0.056490384615384616
0 0.3088942307692308 0.4735576923076923 0.171875 0.12740384615384615
0 0.7572115384615384 0.5192307692307693 0.06850961538461539 0.051682692307692304
0 0.7487980769230769 0.41586538461538464 0.11899038461538461 0.11177884615384616
0 0.6935096153846154 0.29086538461538464 0.046875 0.07451923076923077
0 0.6899038461538461 0.24519230769230768 0.055288461538461536 0.06370192307692307
0 0.4182692307692308 0.12620192307692307 0.12620192307692307 0.078125
0 0.6514423076923077 0.3954326923076923 0.038461538461538464 0.051682692307692304
0 0.014423076923076924 0.18389423076923078 0.021634615384615384 0.04447115384615385
0 0.5721153846153846 0.9110576923076923 0.026442307692307692 0.037259615384615384
0 0.21514423076923078 0.8701923076923077 0.03125 0.020432692307692308
0 0.19831730769230768 0.8329326923076923 0.018028846153846152 0.018028846153846152
0 0.22355769230769232 0.8293269230769231 0.019230769230769232 0.015625
0 0.5252403846153846 0.08173076923076923 0.0985576923076923 0.06490384615384616
0 0.09254807692307693 0.9759615384615384 0.11298076923076923 0.04447115384615385
0 0.17307692307692307 0.1971153846153846 0.04447115384615385 0.051682692307692304