0 0.8677884615384616 0.9819711538461539 0.0625 0.03365384615384615
0 0.8954326923076923 0.5012019230769231 0.08052884615384616 0.10336538461538461
0 0.2776442307692308 0.6838942307692307 0.11298076923076923 0.07091346153846154
0 0.5348557692307693 0.4483173076923077 0.08774038461538461 0.11778846153846154
0 0.1971153846153846 0.7259615384615384 0.13822115384615385 0.19471153846153846
0 0.3293269230769231 0.02283653846153846 0.1875 0.04567307692307692
0 0.9819711538461539 0.9338942307692307 0.03365384615384615 0.04447115384615385
0 0.04927884615384615 0.6177884615384616 0.09134615384615384 0.08653846153846154
0 0.625 0.04326923076923077 0.11538461538461539 0.08653846153846154
0 0.9387019230769231 0.021634615384615384 0.10096153846153846 0.04326923076923077
0 0.6959134615384616 0.23197115384615385 0.09375 0.06971153846153846
0 0.44350961538461536 0.5180288461538461 0.16826923076923078 0.09975961538461539
0 0.3713942307692308 0.39302884615384615 0.09735576923076923 0.18389423076923078
0 0.7716346153846154 0.2824519230769231 0.055288461538461536 0.12740384615384615
0 0.5817307692307693 0.65625 0.12980769230769232 0.09134615384615384
0 0.7992788461538461 0.1502403846153846 0.11899038461538461 0.08653846153846154
0 0.7548076923076923 0.7439903846153846 0.06971153846153846 0.0625
0 0.8834134615384616 0.2644230769230769 0.15264423076923078 0.09375
0 0.25841346153846156 0.38100961538461536 0.09014423076923077 0.0733173076923077
0 0.6550480769230769 0.9519230769230769 0.16346153846153846 0.09375
0 0.9723557692307693 0.6346153846153846 0.054086538461538464 0.15625
0 0.46875 0.22716346153846154 0.1201923076923077 0.08052884615384616
0 0.7560096153846154 0.8076923076923077 0.0889423076923077 0.12740384615384615
0 0.890625 0.8762019230769231 0.09375 0.07451923076923077
0 0.9182692307692307 0.16947115384615385 0.125 0.1201923076923077
0 0.19831730769230768 0.08653846153846154 0.13822115384615385 0.125
0 0.09615384615384616 0.47836538461538464 0.09375 0.09014423076923077
0 0.18870192307692307 0.5889423076923077 0.07091346153846154 0.0889423076923077
0 0.21875 0.7223557692307693 0.1045673076923077 0.14423076923076922
0 0.1201923076923077 0.3581730769230769 0.10697115384615384 0.08653846153846154
0 0.39302884615384615 0.5961538461538461 0.10576923076923077 0.09254807692307693
0 0.3088942307692308 0.5168269230769231 0.09975961538461539 0.09975961538461539
0 0.6923076923076923 0.3016826923076923 0.1141826923076923 0.08653846153846154