0 0.5769230769230769 0.9507211538461539 0.0625 0.06850961538461539
0 0.7836538461538461 0.8762019230769231 0.052884615384615384 0.04326923076923077
0 0.8497596153846154 0.8882211538461539 0.03365384615384615 0.051682692307692304
0 0.9543269230769231 0.9038461538461539 0.09014423076923077 0.03485576923076923
0 0.9735576923076923 0.9747596153846154 0.051682692307692304 0.03245192307692308
0 0.9110576923076923 0.8245192307692307 0.042067307692307696 0.054086538461538464
0 0.8485576923076923 0.7451923076923077 0.07932692307692307 0.03125
0 0.953125 0.6358173076923077 0.078125 0.15384615384615385
0 0.6298076923076923 0.8185096153846154 0.06490384615384616 0.042067307692307696
0 0.6983173076923077 0.7608173076923077 0.0733173076923077 0.02283653846153846
0 0.6959134615384616 0.7728365384615384 0.06971153846153846 0.04567307692307692
0 0.48197115384615385 0.8846153846153846 0.078125 0.036057692307692304
0 0.4326923076923077 0.8125 0.05889423076923077 0.03485576923076923
0 0.3329326923076923 0.8365384615384616 0.054086538461538464 0.06610576923076923
0 0.5865384615384616 0.71875 0.03125 0.02403846153846154
0 0.7295673076923077 0.65625 0.07091346153846154 0.11899038461538461
0 0.7572115384615384 0.6141826923076923 0.06971153846153846 0.14302884615384615
0 0.59375 0.5733173076923077 0.11057692307692307 0.07692307692307693
0 0.6850961538461539 0.71875 0.025240384615384616 0.028846153846153848
0 0.9194711538461539 0.4579326923076923 0.06129807692307692 0.06971153846153846
0 0.5685096153846154 0.49038461538461536 0.2764423076923077 0.1141826923076923
0 0.4831730769230769 0.45072115384615385 0.08533653846153846 0.06490384615384616
0 0.6129807692307693 0.36177884615384615 0.07692307692307693 0.06850961538461539
0 0.6778846153846154 0.38461538461538464 0.04326923076923077 0.08173076923076923
0 0.8173076923076923 0.36177884615384615 0.02283653846153846 0.04567307692307692
0 0.38461538461538464 0.7536057692307693 0.028846153846153848 0.057692307692307696
0 0.3161057692307692 0.6911057692307693 0.08052884615384616 0.12259615384615384
0 0.2800480769230769 0.7103365384615384 0.11658653846153846 0.07572115384615384
0 0.1875 0.8461538461538461 0.037259615384615384 0.04447115384615385
0 0.18028846153846154 0.8040865384615384 0.056490384615384616 0.06129807692307692
0 0.11778846153846154 0.8329326923076923 0.10576923076923077 0.040865384615384616
0 0.1935096153846154 0.6177884615384616 0.038461538461538464 0.12259615384615384
0 0.21634615384615385 0.5324519230769231 0.07572115384615384 0.038461538461538464
0 0.2091346153846154 0.49399038461538464 0.051682692307692304 0.030048076923076924
0 0.2932692307692308 0.46274038461538464 0.0889423076923077 0.046875
0 0.31971153846153844 0.36899038461538464 0.025240384615384616 0.09014423076923077
0 0.18990384615384615 0.37259615384615385 0.036057692307692304 0.04927884615384615
0 0.265625 0.31971153846153844 0.054086538461538464 0.06610576923076923
0 0.10216346153846154 0.3245192307692308 0.04447115384615385 0.13341346153846154
0 0.039663461538461536 0.3173076923076923 0.07932692307692307 0.10817307692307693
0 0.42908653846153844 0.3858173076923077 0.03245192307692308 0.06370192307692307
0 0.43509615384615385 0.33653846153846156 0.07211538461538461 0.09495192307692307
0 0.4879807692307692 0.32572115384615385 0.030048076923076924 0.11177884615384616
0 0.6033653846153846 0.29447115384615385 0.10216346153846154 0.0733173076923077
0 0.7764423076923077 0.28125 0.10096153846153846 0.11658653846153846
0 0.9326923076923077 0.2980769230769231 0.08774038461538461 0.03365384615384615
0 0.609375 0.21634615384615385 0.04447115384615385 0.06490384615384616
0 0.6694711538461539 0.21634615384615385 0.09615384615384616 0.07211538461538461
0 0.7259615384615384 0.23197115384615385 0.06129807692307692 0.04567307692307692
0 0.8858173076923077 0.23557692307692307 0.07091346153846154 0.11177884615384616
0 0.9014423076923077 0.09495192307692307 0.06971153846153846 0.12259615384615384
0 0.8233173076923077 0.14543269230769232 0.057692307692307696 0.11778846153846154
0 0.7235576923076923 0.10697115384615384 0.10817307692307693 0.15264423076923078
0 0.625 0.10697115384615384 0.06129807692307692 0.07211538461538461
0 0.4014423076923077 0.11899038461538461 0.08774038461538461 0.0625
0 0.5012019230769231 0.11057692307692307 0.038461538461538464 0.04567307692307692
0 0.4795673076923077 0.046875 0.04447115384615385 0.07572115384615384
0 0.25600961538461536 0.10096153846153846 0.16947115384615385 0.04447115384615385
0 0.2091346153846154 0.14423076923076922 0.10697115384615384 0.055288461538461536
0 0.3581730769230769 0.03485576923076923 0.04927884615384615 0.05048076923076923
0 0.41346153846153844 0.03245192307692308 0.027644230769230768 0.04447115384615385
0 0.02283653846153846 0.06610576923076923 0.04567307692307692 0.0673076923076923
0 0.2608173076923077 0.0673076923076923 0.15865384615384615 0.018028846153846152
0 0.35216346153846156 0.9711538461538461 0.03125 0.015625
0 0.8257211538461539 0.8112980769230769 0.055288461538461536 0.028846153846153848
0 0.7920673076923077 0.12740384615384615 0.04927884615384615 0.027644230769230768
0 0.8629807692307693 0.33653846153846156 0.03365384615384615 0.036057692307692304