0 0.45072115384615385 0.5612980769230769 0.06850961538461539 0.056490384615384616
0 0.43509615384615385 0.42788461538461536 0.07572115384615384 0.09134615384615384
0 0.4375 0.671875 0.06850961538461539 0.06971153846153846
0 0.21394230769230768 0.25 0.06610576923076923 0.0889423076923077
0 0.8209134615384616 0.5637019230769231 0.08533653846153846 0.08413461538461539
0 0.027644230769230768 0.4855769230769231 0.055288461538461536 0.0673076923076923
0 0.8305288461538461 0.9098557692307693 0.042067307692307696 0.04927884615384615
0 0.5889423076923077 0.5600961538461539 0.09495192307692307 0.0985576923076923
0 0.4170673076923077 0.6189903846153846 0.07932692307692307 0.06850961538461539
0 0.12860576923076922 0.8762019230769231 0.04447115384615385 0.052884615384615384
0 0.6814903846153846 0.9483173076923077 0.125 0.0733173076923077
0 0.4675480769230769 0.328125 0.0829326923076923 0.11298076923076923
0 0.6454326923076923 0.40384615384615385 0.07091346153846154 0.11298076923076923
0 0.8305288461538461 0.4362980769230769 0.07211538461538461 0.06850961538461539
0 0.4338942307692308 0.9110576923076923 0.06370192307692307 0.08052884615384616
0 0.125 0.46634615384615385 0.07211538461538461 0.06370192307692307
0 0.4951923076923077 0.6502403846153846 0.08052884615384616 0.07091346153846154
0 0.3485576923076923 0.46153846153846156 0.07572115384615384 0.08533653846153846
0 0.06370192307692307 0.44711538461538464 0.0625 0.06850961538461539
0 0.030048076923076924 0.5841346153846154 0.06009615384615385 0.057692307692307696
0 0.125 0.5697115384615384 0.06850961538461539 0.08653846153846154
0 0.40625 0.5024038461538461 0.07211538461538461 0.08173076923076923
0 0.2608173076923077 0.40384615384615385 0.09014423076923077 0.06850961538461539
0 0.19831730769230768 0.47596153846153844 0.06490384615384616 0.06129807692307692
0 0.5757211538461539 0.32572115384615385 0.08173076923076923 0.12139423076923077
0 0.9266826923076923 0.9375 0.054086538461538464 0.04927884615384615
0 0.16706730769230768 0.34975961538461536 0.09014423076923077 0.13221153846153846
0 0.6009615384615384 0.9495192307692307 0.07451923076923077 0.06370192307692307