0 0.07692307692307693 0.046875 0.051682692307692304 0.055288461538461536
0 0.6754807692307693 0.84375 0.028846153846153848 0.052884615384615384
0 0.6911057692307693 0.31490384615384615 0.046875 0.06490384615384616
0 0.5360576923076923 0.2800480769230769 0.03365384615384615 0.025240384615384616
0 0.5072115384615384 0.35216346153846156 0.056490384615384616 0.040865384615384616
0 0.8713942307692307 0.44711538461538464 0.038461538461538464 0.057692307692307696
0 0.20793269230769232 0.4230769230769231 0.06971153846153846 0.06610576923076923
0 0.421875 0.515625 0.02403846153846154 0.055288461538461536
0 0.765625 0.35096153846153844 0.02403846153846154 0.046875
0 0.78125 0.11538461538461539 0.03245192307692308 0.030048076923076924
0 0.7355769230769231 0.9230769230769231 0.05048076923076923 0.03485576923076923
0 0.1201923076923077 0.8185096153846154 0.038461538461538464 0.04927884615384615
0 0.09735576923076923 0.1502403846153846 0.03125 0.042067307692307696
0 0.18028846153846154 0.6730769230769231 0.04326923076923077 0.08653846153846154
0 0.35697115384615385 0.9350961538461539 0.04326923076923077 0.06009615384615385
0 0.6189903846153846 0.96875 0.037259615384615384 0.06009615384615385
0 0.203125 0.5997596153846154 0.0625 0.04567307692307692
0 0.24759615384615385 0.8725961538461539 0.04326923076923077 0.0625
0 0.5853365384615384 0.5564903846153846 0.03365384615384615 0.05889423076923077
0 0.08052884615384616 0.6754807692307693 0.03125 0.06009615384615385
0 0.7884615384615384 0.8966346153846154 0.039663461538461536 0.046875
0 0.5817307692307693 0.8798076923076923 0.02403846153846154 0.03365384615384615
0 0.3137019230769231 0.9699519230769231 0.06490384615384616 0.04927884615384615
0 0.9194711538461539 0.9026442307692307 0.08413461538461539 0.06490384615384616
0 0.4879807692307692 0.5673076923076923 0.054086538461538464 0.07451923076923077
0 0.2668269230769231 0.2848557692307692 0.028846153846153848 0.07932692307692307
0 0.9182692307692307 0.6069711538461539 0.040865384615384616 0.039663461538461536
0 0.5973557692307693 0.7764423076923077 0.04447115384615385 0.054086538461538464
0 0.6899038461538461 0.109375 0.052884615384615384 0.04927884615384615
0 0.09134615384615384 0.3329326923076923 0.05048076923076923 0.08653846153846154
0 0.06009615384615385 0.9098557692307693 0.05889423076923077 0.056490384615384616
0 0.4387019230769231 0.33653846153846156 0.038461538461538464 0.03245192307692308
0 0.5288461538461539 0.8882211538461539 0.04927884615384615 0.03125
0 0.46153846153846156 0.6887019230769231 0.04447115384615385 0.09134615384615384
0 0.21514423076923078 0.203125 0.03125 0.07572115384615384
0 0.8016826923076923 0.6274038461538461 0.04567307692307692 0.04326923076923077
0 0.96875 0.5649038461538461 0.04807692307692308 0.056490384615384616
0 0.7007211538461539 0.036057692307692304 0.06971153846153846 0.051682692307692304
0 0.4879807692307692 0.5072115384615384 0.03365384615384615 0.055288461538461536
0 0.6021634615384616 0.5516826923076923 0.03365384615384615 0.04567307692307692
0 0.4110576923076923 0.171875 0.04447115384615385 0.109375