0 0.3233173076923077 0.40865384615384615 0.11538461538461539 0.09735576923076923
0 0.328125 0.2848557692307692 0.18269230769230768 0.12980769230769232
0 0.4014423076923077 0.042067307692307696 0.11778846153846154 0.08052884615384616
0 0.828125 0.46875 0.11538461538461539 0.11057692307692307
0 0.21394230769230768 0.06850961538461539 0.10697115384615384 0.09975961538461539
0 0.20192307692307693 0.8641826923076923 0.18028846153846154 0.11538461538461539
0 0.8473557692307693 0.375 0.14423076923076922 0.1045673076923077
0 0.8762019230769231 0.25 0.12740384615384615 0.10216346153846154
0 0.17067307692307693 0.7223557692307693 0.12259615384615384 0.07692307692307693
0 0.16706730769230768 0.27524038461538464 0.09615384615384616 0.09735576923076923
0 0.30288461538461536 0.17307692307692307 0.18269230769230768 0.13221153846153846
0 0.4495192307692308 0.8822115384615384 0.19831730769230768 0.08413461538461539
0 0.42788461538461536 0.10096153846153846 0.1141826923076923 0.08052884615384616
0 0.07572115384615384 0.48197115384615385 0.10576923076923077 0.09014423076923077
0 0.671875 0.875 0.10817307692307693 0.06610576923076923
0 0.21033653846153846 0.6838942307692307 0.078125 0.04927884615384615
0 0.9495192307692307 0.5805288461538461 0.0985576923076923 0.11177884615384616
0 0.11778846153846154 0.22596153846153846 0.055288461538461536 0.054086538461538464
0 0.0889423076923077 0.6598557692307693 0.09615384615384616 0.07932692307692307
0 0.7908653846153846 0.6694711538461539 0.20432692307692307 0.11057692307692307
0 0.7451923076923077 0.4387019230769231 0.11057692307692307 0.06971153846153846
0 0.6814903846153846 0.3401442307692308 0.09375 0.12259615384615384
0 0.8245192307692307 0.7836538461538461 0.11057692307692307 0.08052884615384616