0 0.9182692307692307 0.11658653846153846 0.13822115384615385 0.06971153846153846
0 0.16947115384615385 0.9819711538461539 0.06370192307692307 0.03365384615384615
0 0.7379807692307693 0.13341346153846154 0.08173076923076923 0.0829326923076923
0 0.9182692307692307 0.020432692307692308 0.16105769230769232 0.040865384615384616
0 0.9711538461538461 0.4483173076923077 0.055288461538461536 0.046875
0 0.03245192307692308 0.8209134615384616 0.06490384615384616 0.08052884615384616
0 0.9338942307692307 0.5024038461538461 0.12980769230769232 0.07211538461538461
0 0.9134615384615384 0.35216346153846156 0.12620192307692307 0.1045673076923077
0 0.9411057692307693 0.6766826923076923 0.11538461538461539 0.07932692307692307
0 0.9459134615384616 0.9110576923076923 0.10576923076923077 0.0733173076923077
0 0.9699519230769231 0.3004807692307692 0.057692307692307696 0.054086538461538464
0 0.515625 0.4230769230769231 0.08533653846153846 0.09975961538461539