0 0.9146634615384616 0.9050480769230769 0.1622596153846154 0.07451923076923077
0 0.9819711538461539 0.0673076923076923 0.028846153846153848 0.07572115384615384
0 0.6778846153846154 0.6995192307692307 0.27524038461538464 0.22115384615384615
0 0.23557692307692307 0.5060096153846154 0.07932692307692307 0.08653846153846154
0 0.9194711538461539 0.9326923076923077 0.08653846153846154 0.12980769230769232
0 0.09254807692307693 0.03365384615384615 0.08653846153846154 0.0673076923076923
0 0.2247596153846154 0.27283653846153844 0.09975961538461539 0.054086538461538464
0 0.23677884615384615 0.3918269230769231 0.06850961538461539 0.12980769230769232
0 0.9519230769230769 0.19591346153846154 0.09375 0.16826923076923078
0 0.296875 0.03245192307692308 0.08653846153846154 0.06490384615384616
0 0.7367788461538461 0.43149038461538464 0.1201923076923077 0.09375
0 0.8329326923076923 0.016826923076923076 0.1201923076923077 0.03365384615384615
0 0.7932692307692307 0.15985576923076922 0.10216346153846154 0.12740384615384615
0 0.44471153846153844 0.2704326923076923 0.10336538461538461 0.12139423076923077
0 0.7824519230769231 0.3449519230769231 0.22596153846153846 0.20072115384615385
0 0.8305288461538461 0.7307692307692307 0.051682692307692304 0.042067307692307696
0 0.5889423076923077 0.4483173076923077 0.1658653846153846 0.09615384615384616
0 0.9651442307692307 0.8100961538461539 0.0673076923076923 0.10697115384615384
0 0.21033653846153846 0.9326923076923077 0.20793269230769232 0.13221153846153846
0 0.02403846153846154 0.11177884615384616 0.046875 0.12139423076923077
0 0.8870192307692307 0.8569711538461539 0.07211538461538461 0.15384615384615385
0 0.09254807692307693 0.7932692307692307 0.140625 0.12620192307692307
0 0.47115384615384615 0.040865384615384616 0.10576923076923077 0.08173076923076923
0 0.7692307692307693 0.96875 0.09495192307692307 0.055288461538461536