0 0.9098557692307693 0.14302884615384615 0.04447115384615385 0.028846153846153848
0 0.19471153846153846 0.6971153846153846 0.052884615384615384 0.028846153846153848
0 0.9387019230769231 0.1310096153846154 0.057692307692307696 0.03365384615384615
0 0.7572115384615384 0.9194711538461539 0.046875 0.03485576923076923
0 0.6947115384615384 0.2692307692307692 0.07572115384615384 0.06009615384615385
0 0.6177884615384616 0.6117788461538461 0.038461538461538464 0.055288461538461536
0 0.8485576923076923 0.8882211538461539 0.07692307692307693 0.05048076923076923
0 0.8425480769230769 0.5348557692307693 0.052884615384615384 0.056490384615384616
0 0.1971153846153846 0.8954326923076923 0.04927884615384615 0.039663461538461536
0 0.22235576923076922 0.5564903846153846 0.04447115384615385 0.03485576923076923
0 0.8293269230769231 0.078125 0.038461538461538464 0.038461538461538464
0 0.7151442307692307 0.5757211538461539 0.06971153846153846 0.06850961538461539
0 0.6141826923076923 0.109375 0.055288461538461536 0.038461538461538464
0 0.765625 0.4951923076923077 0.055288461538461536 0.06009615384615385
0 0.9050480769230769 0.9579326923076923 0.0673076923076923 0.06490384615384616
0 0.9747596153846154 0.4423076923076923 0.04807692307692308 0.055288461538461536
0 0.7247596153846154 0.8221153846153846 0.055288461538461536 0.04447115384615385
0 0.09134615384615384 0.23798076923076922 0.054086538461538464 0.042067307692307696
0 0.7560096153846154 0.6466346153846154 0.05889423076923077 0.056490384615384616
0 0.28365384615384615 0.6069711538461539 0.05048076923076923 0.046875
0 0.1310096153846154 0.7415865384615384 0.04326923076923077 0.055288461538461536
0 0.5637019230769231 0.4423076923076923 0.08774038461538461 0.09495192307692307
0 0.9134615384615384 0.203125 0.0829326923076923 0.040865384615384616