0 0.04567307692307692 0.3076923076923077 0.0889423076923077 0.055288461538461536
0 0.027644230769230768 0.203125 0.054086538461538464 0.0733173076923077
0 0.039663461538461536 0.013221153846153846 0.026442307692307692 0.026442307692307692
0 0.0673076923076923 0.05048076923076923 0.03485576923076923 0.04807692307692308
0 0.08774038461538461 0.4375 0.02403846153846154 0.03365384615384615
0 0.038461538461538464 0.4495192307692308 0.0673076923076923 0.06490384615384616
0 0.18629807692307693 0.5552884615384616 0.040865384615384616 0.030048076923076924
0 0.07091346153846154 0.7079326923076923 0.02403846153846154 0.0625
0 0.09375 0.6382211538461539 0.0733173076923077 0.020432692307692308
0 0.19831730769230768 0.609375 0.015625 0.008413461538461538
0 0.21995192307692307 0.6394230769230769 0.02403846153846154 0.02403846153846154
0 0.16346153846153846 0.6370192307692307 0.06850961538461539 0.040865384615384616
0 0.2692307692307692 0.7223557692307693 0.06009615384615385 0.025240384615384616
0 0.3389423076923077 0.6959134615384616 0.08052884615384616 0.02403846153846154
0 0.109375 0.765625 0.02403846153846154 0.055288461538461536
0 0.05889423076923077 0.8064903846153846 0.0673076923076923 0.03365384615384615
0 0.14302884615384615 0.8221153846153846 0.07572115384615384 0.040865384615384616
0 0.078125 0.8449519230769231 0.046875 0.036057692307692304
0 0.19831730769230768 0.765625 0.06129807692307692 0.042067307692307696
0 0.2608173076923077 0.8221153846153846 0.030048076923076924 0.06610576923076923
0 0.35096153846153844 0.8064903846153846 0.027644230769230768 0.02403846153846154
0 0.19951923076923078 0.8798076923076923 0.027644230769230768 0.09134615384615384
0 0.21033653846153846 0.9579326923076923 0.03245192307692308 0.08173076923076923
0 0.4423076923076923 0.9122596153846154 0.11538461538461539 0.04927884615384615
0 0.40384615384615385 0.8569711538461539 0.02283653846153846 0.06490384615384616
0 0.4723557692307692 0.8449519230769231 0.09735576923076923 0.027644230769230768
0 0.4338942307692308 0.7752403846153846 0.051682692307692304 0.054086538461538464
0 0.484375 0.71875 0.052884615384615384 0.02403846153846154
0 0.4879807692307692 0.7451923076923077 0.05048076923076923 0.046875
0 0.4651442307692308 0.6442307692307693 0.05048076923076923 0.016826923076923076
0 0.35096153846153844 0.6177884615384616 0.038461538461538464 0.030048076923076924
0 0.390625 0.5757211538461539 0.046875 0.06610576923076923
0 0.4735576923076923 0.4795673076923077 0.016826923076923076 0.025240384615384616
0 0.4362980769230769 0.48677884615384615 0.040865384615384616 0.07211538461538461
0 0.46634615384615385 0.5012019230769231 0.019230769230769232 0.040865384615384616
0 0.5360576923076923 0.5817307692307693 0.030048076923076924 0.03245192307692308
0 0.16706730769230768 0.29927884615384615 0.02403846153846154 0.040865384615384616
0 0.23317307692307693 0.29927884615384615 0.03485576923076923 0.026442307692307692
0 0.3004807692307692 0.3401442307692308 0.015625 0.018028846153846152
0 0.13581730769230768 0.19831730769230768 0.030048076923076924 0.04927884615384615
0 0.21514423076923078 0.13822115384615385 0.05889423076923077 0.03125
0 0.265625 0.13701923076923078 0.055288461538461536 0.027644230769230768
0 0.37740384615384615 0.13221153846153846 0.02403846153846154 0.06971153846153846
0 0.43028846153846156 0.2536057692307692 0.016826923076923076 0.02283653846153846
0 0.5 0.125 0.0673076923076923 0.0829326923076923
0 0.5084134615384616 0.15985576923076922 0.04326923076923077 0.038461538461538464
0 0.5384615384615384 0.12740384615384615 0.039663461538461536 0.046875
0 0.5817307692307693 0.21634615384615385 0.010817307692307692 0.007211538461538462
0 0.5576923076923077 0.22115384615384615 0.039663461538461536 0.018028846153846152
0 0.5793269230769231 0.24278846153846154 0.04447115384615385 0.04326923076923077
0 0.6887019230769231 0.19230769230769232 0.028846153846153848 0.051682692307692304
0 0.7740384615384616 0.25721153846153844 0.09254807692307693 0.02403846153846154
0 0.9326923076923077 0.14302884615384615 0.0985576923076923 0.06971153846153846
0 0.8485576923076923 0.23798076923076922 0.051682692307692304 0.013221153846153846
0 0.953125 0.29447115384615385 0.0889423076923077 0.11538461538461539
0 0.3293269230769231 0.36177884615384615 0.051682692307692304 0.038461538461538464
0 0.34975961538461536 0.40024038461538464 0.03365384615384615 0.014423076923076924
0 0.3858173076923077 0.328125 0.04447115384615385 0.026442307692307692
0 0.44711538461538464 0.34134615384615385 0.08052884615384616 0.028846153846153848
0 0.6165865384615384 0.36177884615384615 0.028846153846153848 0.021634615384615384
0 0.5504807692307693 0.4483173076923077 0.04927884615384615 0.027644230769230768
0 0.5913461538461539 0.4639423076923077 0.06490384615384616 0.08413461538461539
0 0.5889423076923077 0.5288461538461539 0.03485576923076923 0.08533653846153846
0 0.7367788461538461 0.5252403846153846 0.08173076923076923 0.038461538461538464
0 0.5612980769230769 0.6454326923076923 0.06610576923076923 0.03365384615384615
0 0.6935096153846154 0.7211538461538461 0.038461538461538464 0.03125
0 0.8305288461538461 0.6502403846153846 0.12860576923076922 0.02403846153846154
0 0.8605769230769231 0.5817307692307693 0.04326923076923077 0.027644230769230768
0 0.8822115384615384 0.5697115384615384 0.06490384615384616 0.09375
0 0.9663461538461539 0.5132211538461539 0.038461538461538464 0.04807692307692308
0 0.9555288461538461 0.46634615384615385 0.055288461538461536 0.05048076923076923
0 0.9326923076923077 0.421875 0.03125 0.05889423076923077
0 0.8966346153846154 0.3762019230769231 0.06490384615384616 0.02403846153846154
0 0.8149038461538461 0.36538461538461536 0.09615384615384616 0.04447115384615385
0 0.6105769230769231 0.8064903846153846 0.030048076923076924 0.038461538461538464
0 0.9026442307692307 0.7235576923076923 0.10096153846153846 0.036057692307692304
0 0.9314903846153846 0.7644230769230769 0.03245192307692308 0.02403846153846154
0 0.8509615384615384 0.8052884615384616 0.038461538461538464 0.08052884615384616
0 0.9254807692307693 0.890625 0.0829326923076923 0.08052884615384616
0 0.8930288461538461 0.8882211538461539 0.052884615384615384 0.046875
0 0.5697115384615384 0.9615384615384616 0.026442307692307692 0.046875
0 0.9855769230769231 0.859375 0.026442307692307692 0.03125
0 0.2439903846153846 0.2247596153846154 0.08653846153846154 0.03365384615384615