0 0.765625 0.04927884615384615 0.06370192307692307 0.09495192307692307
0 0.06490384615384616 0.8858173076923077 0.109375 0.09495192307692307
0 0.1466346153846154 0.9591346153846154 0.11778846153846154 0.07572115384615384
0 0.052884615384615384 0.7103365384615384 0.10576923076923077 0.08052884615384616
0 0.43509615384615385 0.6887019230769231 0.09014423076923077 0.09134615384615384
0 0.4026442307692308 0.13822115384615385 0.06850961538461539 0.07211538461538461
0 0.7680288461538461 0.22235576923076922 0.05048076923076923 0.05048076923076923
0 0.6033653846153846 0.8509615384615384 0.06971153846153846 0.0673076923076923
0 0.3401442307692308 0.7331730769230769 0.08653846153846154 0.0733173076923077
0 0.4567307692307692 0.19110576923076922 0.10817307692307693 0.13221153846153846
0 0.0829326923076923 0.109375 0.06490384615384616 0.06370192307692307
0 0.9254807692307693 0.34615384615384615 0.07572115384615384 0.0985576923076923
0 0.25600961538461536 0.9711538461538461 0.0889423076923077 0.055288461538461536
0 0.6538461538461539 0.5 0.07932692307692307 0.11658653846153846
0 0.13942307692307693 0.5889423076923077 0.06850961538461539 0.06009615384615385
0 0.0733173076923077 0.45913461538461536 0.1346153846153846 0.09014423076923077
0 0.24879807692307693 0.11538461538461539 0.05889423076923077 0.051682692307692304
0 0.7860576923076923 0.9579326923076923 0.06370192307692307 0.0829326923076923
0 0.4963942307692308 0.671875 0.052884615384615384 0.0733173076923077
0 0.7163461538461539 0.9567307692307693 0.10096153846153846 0.06971153846153846
0 0.9627403846153846 0.3269230769230769 0.0733173076923077 0.10336538461538461
0 0.2608173076923077 0.5697115384615384 0.051682692307692304 0.06370192307692307
0 0.17548076923076922 0.6262019230769231 0.06971153846153846 0.04447115384615385
0 0.7572115384615384 0.140625 0.11778846153846154 0.07451923076923077
0 0.8125 0.140625 0.06129807692307692 0.056490384615384616
0 0.5168269230769231 0.8004807692307693 0.07692307692307693 0.12620192307692307
0 0.6334134615384616 0.5853365384615384 0.06009615384615385 0.07451923076923077
0 0.6730769230769231 0.7572115384615384 0.05889423076923077 0.06610576923076923
0 0.31971153846153844 0.06009615384615385 0.06370192307692307 0.06009615384615385
0 0.8966346153846154 0.4951923076923077 0.07692307692307693 0.06490384615384616
0 0.59375 0.0625 0.10817307692307693 0.08052884615384616
0 0.5985576923076923 0.46153846153846156 0.07211538461538461 0.078125