0 0.6574519230769231 0.9603365384615384 0.10336538461538461 0.078125
0 0.22716346153846154 0.6754807692307693 0.13822115384615385 0.08413461538461539
0 0.7716346153846154 0.9435096153846154 0.16947115384615385 0.11177884615384616
0 0.3389423076923077 0.9014423076923077 0.11298076923076923 0.14302884615384615
0 0.3425480769230769 0.34975961538461536 0.0985576923076923 0.08052884615384616
0 0.09254807692307693 0.38461538461538464 0.15504807692307693 0.12860576923076922
0 0.8581730769230769 0.5649038461538461 0.08052884615384616 0.10096153846153846
0 0.0829326923076923 0.7235576923076923 0.11658653846153846 0.09134615384615384
0 0.6947115384615384 0.07451923076923077 0.06490384615384616 0.06009615384615385
0 0.39302884615384615 0.9723557692307693 0.06971153846153846 0.04447115384615385
0 0.37259615384615385 0.23918269230769232 0.09495192307692307 0.10697115384615384
0 0.6610576923076923 0.2956730769230769 0.0985576923076923 0.09254807692307693
0 0.051682692307692304 0.3125 0.08774038461538461 0.10697115384615384
0 0.9783653846153846 0.78125 0.040865384615384616 0.0625
0 0.4855769230769231 0.038461538461538464 0.0625 0.06009615384615385
0 0.1502403846153846 0.8653846153846154 0.11658653846153846 0.0829326923076923
0 0.4495192307692308 0.8329326923076923 0.08533653846153846 0.0985576923076923
0 0.7307692307692307 0.6430288461538461 0.07572115384615384 0.11778846153846154
0 0.48197115384615385 0.14903846153846154 0.08653846153846154 0.14783653846153846
0 0.8365384615384616 0.8569711538461539 0.08052884615384616 0.09735576923076923
0 0.9230769230769231 0.9014423076923077 0.055288461538461536 0.09134615384615384
0 0.23076923076923078 0.4266826923076923 0.054086538461538464 0.06490384615384616
0 0.8197115384615384 0.23317307692307693 0.06370192307692307 0.08052884615384616
0 0.07211538461538461 0.20192307692307693 0.11177884615384616 0.12259615384615384
0 0.6490384615384616 0.16706730769230768 0.054086538461538464 0.06971153846153846
0 0.59375 0.9387019230769231 0.09254807692307693 0.0829326923076923
0 0.6514423076923077 0.8461538461538461 0.08533653846153846 0.14543269230769232
0 0.7740384615384616 0.14543269230769232 0.09375 0.06971153846153846
0 0.46634615384615385 0.5216346153846154 0.08173076923076923 0.11778846153846154
0 0.5492788461538461 0.7752403846153846 0.07451923076923077 0.06850961538461539
0 0.75 0.8269230769230769 0.08653846153846154 0.12259615384615384
0 0.48197115384615385 0.7716346153846154 0.06971153846153846 0.1310096153846154