0 0.5649038461538461 0.9447115384615384 0.13822115384615385 0.10817307692307693
0 0.8425480769230769 0.75 0.20793269230769232 0.15745192307692307
0 0.025240384615384616 0.8353365384615384 0.04927884615384615 0.09134615384615384
0 0.0889423076923077 0.09735576923076923 0.17668269230769232 0.15985576923076922
0 0.38822115384615385 0.2800480769230769 0.20673076923076922 0.11778846153846154
0 0.8737980769230769 0.09735576923076923 0.08653846153846154 0.12740384615384615
0 0.03485576923076923 0.17427884615384615 0.06971153846153846 0.0889423076923077
0 0.13701923076923078 0.5072115384615384 0.11057692307692307 0.12139423076923077
0 0.07091346153846154 0.03365384615384615 0.12740384615384615 0.0673076923076923
0 0.6622596153846154 0.9002403846153846 0.09134615384615384 0.09375
0 0.2091346153846154 0.5625 0.10576923076923077 0.09735576923076923
0 0.30528846153846156 0.8389423076923077 0.09014423076923077 0.15625
0 0.1141826923076923 0.5913461538461539 0.10576923076923077 0.08653846153846154
0 0.3954326923076923 0.45552884615384615 0.27524038461538464 0.09615384615384616
0 0.859375 0.4855769230769231 0.1814903846153846 0.15264423076923078
0 0.9795673076923077 0.9134615384615384 0.039663461538461536 0.11538461538461539
0 0.47596153846153844 0.038461538461538464 0.040865384615384616 0.07572115384615384
0 0.9603365384615384 0.7944711538461539 0.07692307692307693 0.13221153846153846
0 0.14423076923076922 0.8052884615384616 0.11538461538461539 0.11778846153846154
0 0.7788461538461539 0.8485576923076923 0.15745192307692307 0.10336538461538461
0 0.056490384615384616 0.5805288461538461 0.11298076923076923 0.12740384615384615
0 0.24879807692307693 0.9759615384615384 0.2668269230769231 0.040865384615384616
0 0.6862980769230769 0.2127403846153846 0.09615384615384616 0.13341346153846154
0 0.05048076923076923 0.22596153846153846 0.10096153846153846 0.09615384615384616
0 0.6394230769230769 0.7992788461538461 0.125 0.1045673076923077
0 0.09615384615384616 0.9338942307692307 0.19230769230769232 0.10096153846153846
0 0.4807692307692308 0.7512019230769231 0.15985576923076922 0.17548076923076922
0 0.028846153846153848 0.7463942307692307 0.055288461538461536 0.07932692307692307
0 0.21394230769230768 0.9206730769230769 0.0829326923076923 0.15384615384615385
0 0.13822115384615385 0.1814903846153846 0.16466346153846154 0.08413461538461539
0 0.6117788461538461 0.3870192307692308 0.12980769230769232 0.10576923076923077
0 0.4951923076923077 0.20793269230769232 0.1141826923076923 0.11177884615384616
0 0.3233173076923077 0.5901442307692307 0.09495192307692307 0.0673076923076923
0 0.3425480769230769 0.04447115384615385 0.17427884615384615 0.08653846153846154
0 0.9579326923076923 0.40625 0.0829326923076923 0.12740384615384615