0 0.4230769230769231 0.6947115384615384 0.07091346153846154 0.06009615384615385
0 0.9435096153846154 0.027644230769230768 0.09014423076923077 0.055288461538461536
0 0.4110576923076923 0.22355769230769232 0.07692307692307693 0.0829326923076923
0 0.30649038461538464 0.2403846153846154 0.06129807692307692 0.06971153846153846
0 0.4831730769230769 0.5877403846153846 0.08774038461538461 0.08533653846153846
0 0.41466346153846156 0.59375 0.09134615384615384 0.0829326923076923
0 0.7908653846153846 0.6237980769230769 0.06490384615384616 0.055288461538461536
0 0.9819711538461539 0.7680288461538461 0.03365384615384615 0.08774038461538461
0 0.3918269230769231 0.8774038461538461 0.07211538461538461 0.056490384615384616
0 0.27524038461538464 0.5685096153846154 0.06370192307692307 0.04447115384615385
0 0.2848557692307692 0.07932692307692307 0.06610576923076923 0.06971153846153846
0 0.28365384615384615 0.6706730769230769 0.08533653846153846 0.09735576923076923
0 0.6021634615384616 0.19951923076923078 0.06850961538461539 0.06009615384615385
0 0.4891826923076923 0.37740384615384615 0.09615384615384616 0.07572115384615384
0 0.7704326923076923 0.515625 0.04927884615384615 0.04567307692307692
0 0.48197115384615385 0.13221153846153846 0.052884615384615384 0.054086538461538464
0 0.7716346153846154 0.9002403846153846 0.08413461538461539 0.06490384615384616
0 0.7079326923076923 0.6610576923076923 0.05889423076923077 0.055288461538461536
0 0.9639423076923077 0.38822115384615385 0.0625 0.04927884615384615
0 0.6430288461538461 0.6634615384615384 0.055288461538461536 0.046875
0 0.16466346153846154 0.8425480769230769 0.03125 0.037259615384615384
0 0.9699519230769231 0.515625 0.055288461538461536 0.09735576923076923
0 0.7295673076923077 0.5252403846153846 0.03245192307692308 0.03485576923076923