0 0.9026442307692307 0.9615384615384616 0.19230769230769232 0.07572115384615384
0 0.9411057692307693 0.03365384615384615 0.1141826923076923 0.0673076923076923
0 0.27163461538461536 0.421875 0.12740384615384615 0.07091346153846154
0 0.3641826923076923 0.7427884615384616 0.11538461538461539 0.08653846153846154
0 0.6802884615384616 0.7055288461538461 0.25 0.15264423076923078
0 0.6526442307692307 0.8545673076923077 0.12259615384615384 0.14903846153846154
0 0.3161057692307692 0.20192307692307693 0.12740384615384615 0.2548076923076923
0 0.9038461538461539 0.8413461538461539 0.14903846153846154 0.125
0 0.36538461538461536 0.4699519230769231 0.1814903846153846 0.07692307692307693
0 0.328125 0.8990384615384616 0.11658653846153846 0.15865384615384615
0 0.6875 0.35336538461538464 0.1141826923076923 0.0985576923076923
0 0.3173076923076923 0.6009615384615384 0.15384615384615385 0.08052884615384616
0 0.6971153846153846 0.8822115384615384 0.25841346153846156 0.08173076923076923
0 0.9543269230769231 0.2956730769230769 0.0889423076923077 0.18509615384615385
0 0.025240384615384616 0.203125 0.05048076923076923 0.12620192307692307
0 0.5516826923076923 0.6298076923076923 0.21394230769230768 0.09134615384615384
0 0.48197115384615385 0.9507211538461539 0.09495192307692307 0.09495192307692307
0 0.9050480769230769 0.7992788461538461 0.12740384615384615 0.11538461538461539
0 0.5180288461538461 0.8966346153846154 0.08052884615384616 0.12980769230769232
0 0.9783653846153846 0.515625 0.040865384615384616 0.18269230769230768
0 0.5829326923076923 0.4987980769230769 0.09615384615384616 0.1502403846153846
0 0.11658653846153846 0.08052884615384616 0.13581730769230768 0.1201923076923077
0 0.13942307692307693 0.9230769230769231 0.10817307692307693 0.13221153846153846
0 0.10216346153846154 0.6983173076923077 0.18028846153846154 0.11177884615384616
0 0.2548076923076923 0.75 0.09615384615384616 0.18629807692307693
0 0.25961538461538464 0.9350961538461539 0.16105769230769232 0.06610576923076923
0 0.90625 0.46634615384615385 0.12259615384615384 0.07572115384615384