0 0.03485576923076923 0.15865384615384615 0.06129807692307692 0.10697115384615384
0 0.7007211538461539 0.3401442307692308 0.12740384615384615 0.11177884615384616
0 0.23677884615384615 0.6045673076923077 0.1346153846153846 0.11538461538461539
0 0.5504807692307693 0.7692307692307693 0.07211538461538461 0.109375
0 0.7403846153846154 0.7836538461538461 0.08653846153846154 0.0673076923076923
0 0.6033653846153846 0.5228365384615384 0.11177884615384616 0.10216346153846154
0 0.8473557692307693 0.06850961538461539 0.09014423076923077 0.13701923076923078
0 0.6286057692307693 0.7608173076923077 0.12259615384615384 0.08774038461538461
0 0.96875 0.7115384615384616 0.06129807692307692 0.10817307692307693
0 0.9375 0.7944711538461539 0.06490384615384616 0.06971153846153846
0 0.8798076923076923 0.8641826923076923 0.07572115384615384 0.06971153846153846
0 0.7055288461538461 0.39903846153846156 0.10216346153846154 0.06009615384615385
0 0.1814903846153846 0.9759615384615384 0.055288461538461536 0.046875
0 0.43990384615384615 0.625 0.055288461538461536 0.0673076923076923
0 0.140625 0.28966346153846156 0.06850961538461539 0.08413461538461539
0 0.7848557692307693 0.057692307692307696 0.1201923076923077 0.1141826923076923
0 0.46153846153846156 0.6586538461538461 0.052884615384615384 0.07211538461538461
0 0.4795673076923077 0.7235576923076923 0.06490384615384616 0.07692307692307693
0 0.7175480769230769 0.9759615384615384 0.06971153846153846 0.04447115384615385
0 0.47475961538461536 0.07572115384615384 0.12259615384615384 0.1502403846153846
0 0.3161057692307692 0.41947115384615385 0.07692307692307693 0.1201923076923077
0 0.35096153846153844 0.65625 0.057692307692307696 0.09495192307692307
0 0.8365384615384616 0.3605769230769231 0.078125 0.08533653846153846
0 0.5745192307692307 0.9302884615384616 0.11778846153846154 0.06129807692307692
0 0.40865384615384615 0.6466346153846154 0.12259615384615384 0.13581730769230768
0 0.5024038461538461 0.45072115384615385 0.09615384615384616 0.17668269230769232
0 0.5024038461538461 0.6286057692307693 0.07211538461538461 0.12259615384615384
0 0.9146634615384616 0.640625 0.09495192307692307 0.08774038461538461
0 0.96875 0.4206730769230769 0.057692307692307696 0.0625
0 0.4891826923076923 0.21634615384615385 0.057692307692307696 0.11177884615384616
0 0.7043269230769231 0.052884615384615384 0.1045673076923077 0.10216346153846154
0 0.6129807692307693 0.8581730769230769 0.06850961538461539 0.057692307692307696
0 0.052884615384615384 0.5564903846153846 0.042067307692307696 0.0673076923076923
0 0.6814903846153846 0.12259615384615384 0.08052884615384616 0.055288461538461536
0 0.7932692307692307 0.9423076923076923 0.0829326923076923 0.10216346153846154
0 0.8052884615384616 0.8173076923076923 0.09735576923076923 0.08533653846153846
0 0.10576923076923077 0.8617788461538461 0.10697115384615384 0.09495192307692307
0 0.4423076923076923 0.15745192307692307 0.06490384615384616 0.10216346153846154
0 0.33653846153846156 0.2848557692307692 0.06971153846153846 0.06971153846153846
0 0.6201923076923077 0.03245192307692308 0.07932692307692307 0.06490384615384616
0 0.14903846153846154 0.4831730769230769 0.1502403846153846 0.0625
0 0.0625 0.43509615384615385 0.06490384615384616 0.08173076923076923
0 0.7680288461538461 0.5192307692307693 0.0829326923076923 0.06971153846153846
0 0.054086538461538464 0.3293269230769231 0.09495192307692307 0.04447115384615385
0 0.7295673076923077 0.7115384615384616 0.15384615384615385 0.06971153846153846
0 0.037259615384615384 0.8004807692307693 0.07451923076923077 0.13942307692307693
0 0.9110576923076923 0.44591346153846156 0.0673076923076923 0.0733173076923077
0 0.46153846153846156 0.32572115384615385 0.09615384615384616 0.08533653846153846
0 0.21995192307692307 0.8305288461538461 0.1502403846153846 0.11778846153846154
0 0.6899038461538461 0.6370192307692307 0.09615384615384616 0.08052884615384616
0 0.5372596153846154 0.9783653846153846 0.09615384615384616 0.042067307692307696
0 0.36778846153846156 0.7524038461538461 0.078125 0.125
0 0.5913461538461539 0.6057692307692307 0.09975961538461539 0.20192307692307693
0 0.6538461538461539 0.9134615384615384 0.08774038461538461 0.04326923076923077
0 0.5348557692307693 0.46153846153846156 0.1045673076923077 0.09975961538461539
0 0.23918269230769232 0.6262019230769231 0.125 0.052884615384615384
0 0.7115384615384616 0.16947115384615385 0.0625 0.08173076923076923
0 0.7824519230769231 0.6682692307692307 0.06971153846153846 0.057692307692307696
0 0.12259615384615384 0.5925480769230769 0.07932692307692307 0.07211538461538461
0 0.13942307692307693 0.2247596153846154 0.125 0.1346153846153846
0 0.9819711538461539 0.5192307692307693 0.03365384615384615 0.07451923076923077