0 0.8149038461538461 0.9507211538461539 0.12259615384615384 0.08052884615384616
0 0.7920673076923077 0.5264423076923077 0.08052884615384616 0.08653846153846154
0 0.359375 0.057692307692307696 0.06490384615384616 0.07932692307692307
0 0.039663461538461536 0.6778846153846154 0.07572115384615384 0.0829326923076923
0 0.2704326923076923 0.5288461538461539 0.07091346153846154 0.06009615384615385
0 0.11778846153846154 0.8257211538461539 0.09375 0.09735576923076923
0 0.06129807692307692 0.2608173076923077 0.11177884615384616 0.11778846153846154
0 0.9651442307692307 0.3605769230769231 0.06850961538461539 0.0985576923076923
0 0.7608173076923077 0.33774038461538464 0.09134615384615384 0.078125
0 0.13822115384615385 0.6514423076923077 0.08653846153846154 0.09254807692307693
0 0.3293269230769231 0.8701923076923077 0.09134615384615384 0.0673076923076923
0 0.47716346153846156 0.5625 0.09134615384615384 0.06490384615384616
0 0.625 0.46634615384615385 0.09134615384615384 0.09735576923076923
0 0.3557692307692308 0.6850961538461539 0.06971153846153846 0.06971153846153846
0 0.2439903846153846 0.2127403846153846 0.09014423076923077 0.056490384615384616
0 0.4831730769230769 0.47596153846153844 0.07211538461538461 0.08774038461538461
0 0.038461538461538464 0.042067307692307696 0.06009615384615385 0.08052884615384616
0 0.34375 0.7932692307692307 0.0733173076923077 0.07211538461538461
0 0.8149038461538461 0.6334134615384616 0.08052884615384616 0.09254807692307693
0 0.7475961538461539 0.2860576923076923 0.09134615384615384 0.09254807692307693
0 0.5733173076923077 0.8052884615384616 0.09735576923076923 0.09014423076923077
0 0.47475961538461536 0.20192307692307693 0.109375 0.125
0 0.7704326923076923 0.05048076923076923 0.09254807692307693 0.09735576923076923
0 0.8509615384615384 0.3762019230769231 0.09254807692307693 0.09615384615384616
0 0.9639423076923077 0.5588942307692307 0.06971153846153846 0.08413461538461539
0 0.1141826923076923 0.030048076923076924 0.06129807692307692 0.06009615384615385
0 0.19230769230769232 0.32572115384615385 0.08052884615384616 0.10697115384615384
0 0.13581730769230768 0.43028846153846156 0.08774038461538461 0.09134615384615384
0 0.5516826923076923 0.9627403846153846 0.0829326923076923 0.07211538461538461
0 0.8737980769230769 0.10096153846153846 0.07091346153846154 0.07692307692307693
0 0.3473557692307692 0.9579326923076923 0.09254807692307693 0.07692307692307693
0 0.7524038461538461 0.1622596153846154 0.07211538461538461 0.09975961538461539
0 0.9242788461538461 0.7776442307692307 0.08533653846153846 0.08052884615384616
0 0.59375 0.06009615384615385 0.06370192307692307 0.09134615384615384
0 0.19951923076923078 0.12139423076923077 0.08052884615384616 0.08533653846153846
0 0.07932692307692307 0.9759615384615384 0.0733173076923077 0.04447115384615385
0 0.484375 0.09134615384615384 0.08052884615384616 0.09014423076923077
0 0.8954326923076923 0.6586538461538461 0.10216346153846154 0.07211538461538461