0 0.12259615384615384 0.22355769230769232 0.040865384615384616 0.026442307692307692
0 0.27884615384615385 0.23197115384615385 0.021634615384615384 0.03125
0 0.2860576923076923 0.2932692307692308 0.06009615384615385 0.037259615384615384
0 0.23918269230769232 0.30528846153846156 0.02403846153846154 0.019230769230769232
0 0.27884615384615385 0.32211538461538464 0.025240384615384616 0.018028846153846152
0 0.37259615384615385 0.3125 0.02403846153846154 0.018028846153846152
0 0.36658653846153844 0.3545673076923077 0.0673076923076923 0.055288461538461536
0 0.3713942307692308 0.3485576923076923 0.12259615384615384 0.037259615384615384
0 0.3701923076923077 0.3918269230769231 0.06490384615384616 0.04326923076923077
0 0.13341346153846154 0.3449519230769231 0.04807692307692308 0.018028846153846152
0 0.09134615384615384 0.4098557692307692 0.056490384615384616 0.06971153846153846
0 0.18629807692307693 0.38461538461538464 0.13221153846153846 0.06129807692307692
0 0.2439903846153846 0.42427884615384615 0.04447115384615385 0.036057692307692304
0 0.36177884615384615 0.4639423076923077 0.02403846153846154 0.028846153846153848
0 0.27884615384615385 0.4182692307692308 0.025240384615384616 0.057692307692307696
0 0.28846153846153844 0.5276442307692307 0.057692307692307696 0.07211538461538461
0 0.13942307692307693 0.6490384615384616 0.02403846153846154 0.03365384615384615
0 0.17427884615384615 0.6550480769230769 0.09735576923076923 0.02283653846153846
0 0.052884615384615384 0.5757211538461539 0.10096153846153846 0.06850961538461539
0 0.0985576923076923 0.7067307692307693 0.030048076923076924 0.019230769230769232
0 0.06370192307692307 0.8485576923076923 0.12740384615384615 0.08653846153846154
0 0.027644230769230768 0.8978365384615384 0.055288461538461536 0.038461538461538464
0 0.038461538461538464 0.9591346153846154 0.03245192307692308 0.04326923076923077
0 0.015625 0.9663461538461539 0.03125 0.027644230769230768
0 0.18870192307692307 0.7427884615384616 0.039663461538461536 0.028846153846153848
0 0.25 0.6923076923076923 0.0673076923076923 0.056490384615384616
0 0.18269230769230768 0.7944711538461539 0.04447115384615385 0.037259615384615384
0 0.25841346153846156 0.7704326923076923 0.04447115384615385 0.027644230769230768
0 0.3317307692307692 0.7620192307692307 0.03485576923076923 0.07091346153846154
0 0.20192307692307693 0.8822115384615384 0.025240384615384616 0.10697115384615384
0 0.25721153846153844 0.8942307692307693 0.0889423076923077 0.10216346153846154
0 0.30528846153846156 0.9411057692307693 0.07572115384615384 0.07932692307692307
0 0.36177884615384615 0.765625 0.054086538461538464 0.09014423076923077
0 0.36899038461538464 0.9350961538461539 0.06610576923076923 0.09134615384615384
0 0.375 0.9050480769230769 0.03365384615384615 0.12139423076923077
0 0.484375 0.9350961538461539 0.04927884615384615 0.07932692307692307
0 0.44471153846153844 0.8353365384615384 0.07211538461538461 0.07451923076923077
0 0.4987980769230769 0.7908653846153846 0.06850961538461539 0.109375
0 0.4831730769230769 0.5 0.06490384615384616 0.07692307692307693
0 0.5528846153846154 0.4495192307692308 0.04447115384615385 0.06971153846153846
0 0.5132211538461539 0.5072115384615384 0.028846153846153848 0.07451923076923077
0 0.5072115384615384 0.38341346153846156 0.055288461538461536 0.014423076923076924
0 0.5576923076923077 0.34975961538461536 0.016826923076923076 0.028846153846153848
0 0.6995192307692307 0.359375 0.042067307692307696 0.038461538461538464
0 0.5661057692307693 0.40865384615384615 0.014423076923076924 0.015625
0 0.59375 0.3762019230769231 0.09254807692307693 0.04927884615384615
0 0.6478365384615384 0.18028846153846154 0.042067307692307696 0.028846153846153848
0 0.8064903846153846 0.2848557692307692 0.03485576923076923 0.014423076923076924
0 0.9002403846153846 0.2548076923076923 0.013221153846153846 0.03125
0 0.875 0.29447115384615385 0.040865384615384616 0.025240384615384616
0 0.8605769230769231 0.32211538461538464 0.026442307692307692 0.027644230769230768
0 0.8425480769230769 0.3605769230769231 0.021634615384615384 0.021634615384615384
0 0.8858173076923077 0.3641826923076923 0.020432692307692308 0.06129807692307692
0 0.8257211538461539 0.4266826923076923 0.014423076923076924 0.039663461538461536
0 0.6766826923076923 0.5204326923076923 0.020432692307692308 0.054086538461538464
0 0.6177884615384616 0.8870192307692307 0.021634615384615384 0.06009615384615385
0 0.5444711538461539 0.9266826923076923 0.06490384615384616 0.0733173076923077
0 0.5817307692307693 0.8677884615384616 0.030048076923076924 0.10576923076923077
0 0.6189903846153846 0.7884615384615384 0.05048076923076923 0.06009615384615385
0 0.6322115384615384 0.78125 0.04567307692307692 0.06370192307692307
0 0.6730769230769231 0.859375 0.039663461538461536 0.06971153846153846
0 0.71875 0.9254807692307693 0.028846153846153848 0.07091346153846154
0 0.7860576923076923 0.7956730769230769 0.07211538461538461 0.06971153846153846
0 0.7884615384615384 0.8028846153846154 0.037259615384615384 0.11057692307692307
0 0.8377403846153846 0.9230769230769231 0.046875 0.10697115384615384
0 0.8846153846153846 0.8894230769230769 0.02403846153846154 0.09134615384615384
0 0.8954326923076923 0.7247596153846154 0.02403846153846154 0.03485576923076923
0 0.9098557692307693 0.7788461538461539 0.02283653846153846 0.04326923076923077
0 0.8966346153846154 0.7920673076923077 0.028846153846153848 0.06850961538461539
0 0.96875 0.8245192307692307 0.026442307692307692 0.036057692307692304
0 0.9411057692307693 0.8064903846153846 0.04447115384615385 0.056490384615384616
0 0.9831730769230769 0.7848557692307693 0.03125 0.06490384615384616
0 0.9807692307692307 0.9098557692307693 0.036057692307692304 0.09254807692307693
0 0.9927884615384616 0.8557692307692307 0.013221153846153846 0.08653846153846154
0 0.9266826923076923 0.6826923076923077 0.020432692307692308 0.04567307692307692
0 0.8737980769230769 0.46153846153846156 0.03125 0.08653846153846154
0 0.9675480769230769 0.39302884615384615 0.04326923076923077 0.03485576923076923
0 0.9230769230769231 0.4074519230769231 0.04447115384615385 0.07211538461538461
0 0.14302884615384615 0.7680288461538461 0.028846153846153848 0.021634615384615384
0 0.5396634615384616 0.41466346153846156 0.021634615384615384 0.06129807692307692
0 0.5949519230769231 0.9158653846153846 0.02283653846153846 0.051682692307692304