0 0.7848557692307693 0.9086538461538461 0.04447115384615385 0.054086538461538464
0 0.5721153846153846 0.3329326923076923 0.06971153846153846 0.0889423076923077
0 0.6466346153846154 0.6790865384615384 0.04447115384615385 0.06971153846153846
0 0.703125 0.4831730769230769 0.07572115384615384 0.06610576923076923
0 0.96875 0.8521634615384616 0.06009615384615385 0.07692307692307693
0 0.9158653846153846 0.7079326923076923 0.052884615384615384 0.052884615384615384
0 0.6069711538461539 0.4639423076923077 0.07692307692307693 0.07572115384615384
0 0.6814903846153846 0.5733173076923077 0.06009615384615385 0.0985576923076923
0 0.32091346153846156 0.53125 0.052884615384615384 0.038461538461538464
0 0.7992788461538461 0.8209134615384616 0.07932692307692307 0.0829326923076923
0 0.5973557692307693 0.640625 0.055288461538461536 0.057692307692307696
0 0.8810096153846154 0.5216346153846154 0.04326923076923077 0.0829326923076923
0 0.8521634615384616 0.9639423076923077 0.11298076923076923 0.055288461538461536
0 0.8569711538461539 0.703125 0.07572115384615384 0.052884615384615384
0 0.6658653846153846 0.7992788461538461 0.07572115384615384 0.07572115384615384