0 0.27403846153846156 0.8245192307692307 0.08052884615384616 0.13341346153846154
0 0.9771634615384616 0.20432692307692307 0.04447115384615385 0.06610576923076923
0 0.04927884615384615 0.4375 0.09735576923076923 0.15504807692307693
0 0.8677884615384616 0.4735576923076923 0.08653846153846154 0.15865384615384615
0 0.025240384615384616 0.028846153846153848 0.05048076923076923 0.057692307692307696
0 0.09014423076923077 0.18269230769230768 0.10697115384615384 0.11778846153846154
0 0.25961538461538464 0.0733173076923077 0.1310096153846154 0.1466346153846154
0 0.8329326923076923 0.8317307692307693 0.10096153846153846 0.16706730769230768
0 0.13701923076923078 0.6358173076923077 0.16346153846153846 0.08413461538461539
0 0.6201923076923077 0.22716346153846154 0.16105769230769232 0.1045673076923077
0 0.5204326923076923 0.04927884615384615 0.18028846153846154 0.0829326923076923
0 0.04807692307692308 0.7788461538461539 0.09615384615384616 0.0673076923076923
0 0.44591346153846156 0.07451923076923077 0.14903846153846154 0.109375
0 0.06370192307692307 0.8149038461538461 0.12740384615384615 0.1622596153846154
0 0.4230769230769231 0.375 0.20552884615384615 0.15865384615384615