0 0.03125 0.5877403846153846 0.057692307692307696 0.042067307692307696
0 0.17908653846153846 0.6514423076923077 0.12259615384615384 0.026442307692307692
0 0.1814903846153846 0.9819711538461539 0.04567307692307692 0.03365384615384615
0 0.16826923076923078 0.009615384615384616 0.13822115384615385 0.018028846153846152
0 0.96875 0.6947115384615384 0.05889423076923077 0.06490384615384616
0 0.6237980769230769 0.16947115384615385 0.12259615384615384 0.03125
0 0.36658653846153844 0.8858173076923077 0.22716346153846154 0.040865384615384616
0 0.12980769230769232 0.44711538461538464 0.14903846153846154 0.06490384615384616
0 0.8377403846153846 0.5336538461538461 0.13822115384615385 0.04807692307692308
0 0.7379807692307693 0.21754807692307693 0.12259615384615384 0.030048076923076924
0 0.17548076923076922 0.8209134615384616 0.10096153846153846 0.06129807692307692
0 0.36538461538461536 0.9711538461538461 0.0625 0.055288461538461536
0 0.7512019230769231 0.42908653846153844 0.09615384615384616 0.08052884615384616
0 0.14302884615384615 0.028846153846153848 0.09975961538461539 0.027644230769230768
0 0.9615384615384616 0.921875 0.07451923076923077 0.021634615384615384
0 0.2764423076923077 0.5625 0.07692307692307693 0.036057692307692304
0 0.49759615384615385 0.9867788461538461 0.04326923076923077 0.02403846153846154
0 0.47836538461538464 0.12379807692307693 0.11658653846153846 0.06370192307692307
0 0.14903846153846154 0.4206730769230769 0.11899038461538461 0.040865384615384616
0 0.2704326923076923 0.9543269230769231 0.14903846153846154 0.09014423076923077
0 0.5649038461538461 0.8954326923076923 0.046875 0.038461538461538464
0 0.8365384615384616 0.1346153846153846 0.10096153846153846 0.11538461538461539
0 0.45072115384615385 0.4675480769230769 0.12259615384615384 0.054086538461538464
0 0.29447115384615385 0.6682692307692307 0.10576923076923077 0.03365384615384615
0 0.8810096153846154 0.8846153846153846 0.0673076923076923 0.025240384615384616
0 0.8798076923076923 0.47596153846153844 0.0889423076923077 0.03125
0 0.7716346153846154 0.890625 0.12259615384615384 0.03245192307692308
0 0.7235576923076923 0.5024038461538461 0.07572115384615384 0.054086538461538464
0 0.7043269230769231 0.42427884615384615 0.06971153846153846 0.04927884615384615
0 0.14543269230769232 0.6935096153846154 0.12259615384615384 0.04447115384615385
0 0.4567307692307692 0.22235576923076922 0.08052884615384616 0.03125
0 0.03365384615384615 0.8293269230769231 0.0673076923076923 0.03365384615384615
0 0.18269230769230768 0.1502403846153846 0.12980769230769232 0.05889423076923077
0 0.9699519230769231 0.21394230769230768 0.05889423076923077 0.021634615384615384
0 0.9567307692307693 0.8425480769230769 0.08413461538461539 0.036057692307692304
0 0.2704326923076923 0.5276442307692307 0.07692307692307693 0.025240384615384616
0 0.796875 0.640625 0.07932692307692307 0.028846153846153848
0 0.3485576923076923 0.8137019230769231 0.0733173076923077 0.056490384615384616
0 0.6947115384615384 0.7896634615384616 0.12620192307692307 0.028846153846153848
0 0.3713942307692308 0.23677884615384615 0.11177884615384616 0.025240384615384616
0 0.6033653846153846 0.734375 0.07932692307692307 0.0733173076923077
0 0.7367788461538461 0.9170673076923077 0.046875 0.019230769230769232
0 0.24879807692307693 0.84375 0.10336538461538461 0.042067307692307696
0 0.08774038461538461 0.6009615384615384 0.15625 0.04447115384615385
0 0.7427884615384616 0.6165865384615384 0.07211538461538461 0.09134615384615384
0 0.8858173076923077 0.8461538461538461 0.14302884615384615 0.04447115384615385
0 0.15745192307692307 0.20673076923076922 0.051682692307692304 0.09495192307692307
0 0.46153846153846156 0.8233173076923077 0.08774038461538461 0.037259615384615384
0 0.9603365384615384 0.12980769230769232 0.07692307692307693 0.1045673076923077
0 0.1875 0.27163461538461536 0.12860576923076922 0.038461538461538464
0 0.4483173076923077 0.5576923076923077 0.08052884615384616 0.03245192307692308
0 0.6610576923076923 0.9242788461538461 0.14903846153846154 0.05048076923076923
0 0.4699519230769231 0.20192307692307693 0.11778846153846154 0.06490384615384616
0 0.8329326923076923 0.9411057692307693 0.04927884615384615 0.11177884615384616
0 0.04326923076923077 0.08653846153846154 0.08413461538461539 0.07091346153846154
0 0.6274038461538461 0.6466346153846154 0.09254807692307693 0.030048076923076924
0 0.33413461538461536 0.05048076923076923 0.16105769230769232 0.0985576923076923
0 0.8629807692307693 0.25841346153846156 0.109375 0.04567307692307692
0 0.14783653846153846 0.9447115384615384 0.09134615384615384 0.10817307692307693
0 0.2668269230769231 0.19951923076923078 0.13221153846153846 0.03365384615384615
0 0.9819711538461539 0.5480769230769231 0.03485576923076923 0.04927884615384615
0 0.34615384615384615 0.34615384615384615 0.11177884615384616 0.028846153846153848
0 0.8870192307692307 0.39903846153846156 0.07692307692307693 0.04927884615384615
0 0.45072115384615385 0.29447115384615385 0.10336538461538461 0.027644230769230768
0 0.11298076923076923 0.6947115384615384 0.0985576923076923 0.09375
0 0.25721153846153844 0.43509615384615385 0.19831730769230768 0.07091346153846154
0 0.703125 0.15865384615384615 0.11057692307692307 0.04927884615384615
0 0.7824519230769231 0.9086538461538461 0.10336538461538461 0.11298076923076923
0 0.6802884615384616 0.5456730769230769 0.12259615384615384 0.055288461538461536
0 0.5733173076923077 0.02403846153846154 0.09615384615384616 0.019230769230769232
0 0.8100961538461539 0.9555288461538461 0.13341346153846154 0.08413461538461539
0 0.37740384615384615 0.2620192307692308 0.09254807692307693 0.021634615384615384