0 0.9819711538461539 0.02283653846153846 0.03365384615384615 0.04447115384615385
0 0.9795673076923077 0.13221153846153846 0.039663461538461536 0.06971153846153846
0 0.9735576923076923 0.2439903846153846 0.042067307692307696 0.08052884615384616
0 0.8209134615384616 0.3762019230769231 0.03485576923076923 0.038461538461538464
0 0.9663461538461539 0.3629807692307692 0.04927884615384615 0.06129807692307692
0 0.984375 0.4495192307692308 0.028846153846153848 0.09014423076923077
0 0.9459134615384616 0.48677884615384615 0.057692307692307696 0.06009615384615385
0 0.8221153846153846 0.109375 0.02283653846153846 0.04807692307692308
0 0.7800480769230769 0.055288461538461536 0.038461538461538464 0.06009615384615385
0 0.6598557692307693 0.004807692307692308 0.04927884615384615 0.008413461538461538
0 0.578125 0.15865384615384615 0.042067307692307696 0.08413461538461539
0 0.47716346153846156 0.18509615384615385 0.04807692307692308 0.06009615384615385
0 0.40024038461538464 0.08653846153846154 0.052884615384615384 0.09375
0 0.3629807692307692 0.009615384615384616 0.025240384615384616 0.018028846153846152
0 0.4266826923076923 0.046875 0.020432692307692308 0.04807692307692308
0 0.3016826923076923 0.1778846153846154 0.018028846153846152 0.04447115384615385
0 0.265625 0.021634615384615384 0.04567307692307692 0.04326923076923077
0 0.21634615384615385 0.03485576923076923 0.055288461538461536 0.06971153846153846
0 0.16826923076923078 0.07692307692307693 0.06009615384615385 0.051682692307692304
0 0.140625 0.078125 0.06850961538461539 0.07091346153846154
0 0.12139423076923077 0.109375 0.06850961538461539 0.07211538461538461
0 0.07451923076923077 0.042067307692307696 0.057692307692307696 0.06490384615384616
0 0.015625 0.11177884615384616 0.03125 0.055288461538461536
0 0.03125 0.25240384615384615 0.06129807692307692 0.0625
0 0.010817307692307692 0.19591346153846154 0.020432692307692308 0.028846153846153848
0 0.0889423076923077 0.14783653846153846 0.1141826923076923 0.02403846153846154
0 0.0829326923076923 0.17908653846153846 0.06129807692307692 0.04807692307692308
0 0.16706730769230768 0.21514423076923078 0.04927884615384615 0.0673076923076923
0 0.20552884615384615 0.16947115384615385 0.038461538461538464 0.06610576923076923
0 0.2932692307692308 0.24639423076923078 0.021634615384615384 0.026442307692307692
0 0.25961538461538464 0.33653846153846156 0.019230769230769232 0.03245192307692308
0 0.2091346153846154 0.34615384615384615 0.051682692307692304 0.06009615384615385
0 0.20552884615384615 0.39663461538461536 0.04447115384615385 0.05048076923076923
0 0.20793269230769232 0.4483173076923077 0.04447115384615385 0.04927884615384615
0 0.3004807692307692 0.4963942307692308 0.030048076923076924 0.040865384615384616
0 0.28365384615384615 0.46634615384615385 0.02403846153846154 0.05048076923076923
0 0.5252403846153846 0.4110576923076923 0.055288461538461536 0.04447115384615385
0 0.5528846153846154 0.3762019230769231 0.06490384615384616 0.06971153846153846
0 0.578125 0.4639423076923077 0.040865384615384616 0.10697115384615384
0 0.09134615384615384 0.5444711538461539 0.09375 0.06610576923076923
0 0.19951923076923078 0.6382211538461539 0.038461538461538464 0.04447115384615385
0 0.09975961538461539 0.6646634615384616 0.04326923076923077 0.026442307692307692
0 0.19230769230769232 0.75 0.037259615384615384 0.04567307692307692
0 0.15504807692307693 0.734375 0.036057692307692304 0.057692307692307696
0 0.18269230769230768 0.7884615384615384 0.028846153846153848 0.025240384615384616
0 0.1466346153846154 0.7908653846153846 0.06490384615384616 0.055288461538461536
0 0.1502403846153846 0.9302884615384616 0.055288461538461536 0.03365384615384615
0 0.22956730769230768 0.8257211538461539 0.04326923076923077 0.06009615384615385
0 0.5360576923076923 0.8100961538461539 0.06971153846153846 0.055288461538461536
0 0.6947115384615384 0.8713942307692307 0.04927884615384615 0.038461538461538464
0 0.6033653846153846 0.8112980769230769 0.04447115384615385 0.04447115384615385
0 0.5336538461538461 0.5360576923076923 0.04567307692307692 0.03485576923076923
0 0.5913461538461539 0.6646634615384616 0.030048076923076924 0.04807692307692308
0 0.6177884615384616 0.6165865384615384 0.054086538461538464 0.055288461538461536
0 0.5889423076923077 0.5673076923076923 0.042067307692307696 0.039663461538461536
0 0.6237980769230769 0.5276442307692307 0.06009615384615385 0.07091346153846154
0 0.5637019230769231 0.953125 0.04326923076923077 0.046875
0 0.6117788461538461 0.9819711538461539 0.056490384615384616 0.03365384615384615
0 0.9194711538461539 0.953125 0.02403846153846154 0.037259615384615384
0 0.9927884615384616 0.9471153846153846 0.01201923076923077 0.03365384615384615
0 0.9867788461538461 0.8834134615384616 0.02403846153846154 0.037259615384615384
0 0.9711538461538461 0.9230769230769231 0.05048076923076923 0.04326923076923077
0 0.9747596153846154 0.828125 0.04807692307692308 0.051682692307692304
0 0.9615384615384616 0.8497596153846154 0.03365384615384615 0.040865384615384616
0 0.8425480769230769 0.546875 0.051682692307692304 0.07572115384615384
0 0.9723557692307693 0.6766826923076923 0.04326923076923077 0.04807692307692308
0 0.9627403846153846 0.7319711538461539 0.04567307692307692 0.06490384615384616
0 0.9134615384615384 0.7620192307692307 0.052884615384615384 0.04447115384615385
0 0.15745192307692307 0.42908653846153844 0.055288461538461536 0.055288461538461536
0 0.15865384615384615 0.46634615384615385 0.055288461538461536 0.046875
0 0.5649038461538461 0.45072115384615385 0.11778846153846154 0.0889423076923077