0 0.546875 0.7788461538461539 0.0625 0.06610576923076923
0 0.7800480769230769 0.06490384615384616 0.18028846153846154 0.12980769230769232
0 0.8509615384615384 0.47716346153846156 0.09134615384615384 0.18028846153846154
0 0.025240384615384616 0.39302884615384615 0.046875 0.08653846153846154
0 0.9170673076923077 0.6069711538461539 0.16346153846153846 0.11778846153846154
0 0.7740384615384616 0.3701923076923077 0.10336538461538461 0.11778846153846154
0 0.056490384615384616 0.08052884615384616 0.10697115384615384 0.12259615384615384
0 0.23918269230769232 0.9651442307692307 0.13942307692307693 0.06850961538461539
0 0.08413461538461539 0.8942307692307693 0.16826923076923078 0.07692307692307693
0 0.3581730769230769 0.6694711538461539 0.06370192307692307 0.06490384615384616
0 0.06610576923076923 0.6466346153846154 0.056490384615384616 0.06009615384615385
0 0.3004807692307692 0.9447115384615384 0.10216346153846154 0.08774038461538461
0 0.8293269230769231 0.40625 0.14182692307692307 0.06971153846153846
0 0.5817307692307693 0.26802884615384615 0.07692307692307693 0.06850961538461539
0 0.16826923076923078 0.0625 0.08653846153846154 0.11778846153846154
0 0.5420673076923077 0.1201923076923077 0.09134615384615384 0.18629807692307693
0 0.6009615384615384 0.7043269230769231 0.09735576923076923 0.1141826923076923
0 0.9483173076923077 0.9242788461538461 0.10216346153846154 0.11177884615384616
0 0.5540865384615384 0.03365384615384615 0.07572115384615384 0.06610576923076923
0 0.9158653846153846 0.054086538461538464 0.11658653846153846 0.06971153846153846
0 0.25 0.09254807692307693 0.12860576923076922 0.17427884615384615
0 0.8653846153846154 0.15384615384615385 0.10096153846153846 0.11057692307692307
0 0.6009615384615384 0.14903846153846154 0.07692307692307693 0.1466346153846154
0 0.6778846153846154 0.5048076923076923 0.09495192307692307 0.09134615384615384
0 0.3329326923076923 0.9206730769230769 0.09615384615384616 0.12259615384615384
0 0.4230769230769231 0.2800480769230769 0.06129807692307692 0.13221153846153846
0 0.3870192307692308 0.01201923076923077 0.08413461538461539 0.02403846153846154
0 0.09735576923076923 0.5564903846153846 0.09615384615384616 0.2247596153846154
0 0.48677884615384615 0.25600961538461536 0.056490384615384616 0.04927884615384615
0 0.47716346153846156 0.078125 0.09134615384615384 0.109375
0 0.8076923076923077 0.8257211538461539 0.0829326923076923 0.07692307692307693