0 0.02283653846153846 0.026442307692307692 0.038461538461538464 0.052884615384615384
0 0.12139423076923077 0.038461538461538464 0.13701923076923078 0.07692307692307693
0 0.11778846153846154 0.16105769230769232 0.14543269230769232 0.09975961538461539
0 0.14783653846153846 0.18028846153846154 0.0985576923076923 0.13581730769230768
0 0.17427884615384615 0.28125 0.05889423076923077 0.09615384615384616
0 0.054086538461538464 0.34134615384615385 0.06009615384615385 0.052884615384615384
0 0.453125 0.22235576923076922 0.052884615384615384 0.0889423076923077
0 0.15144230769230768 0.43028846153846156 0.04927884615384615 0.06490384615384616
0 0.02403846153846154 0.4639423076923077 0.04567307692307692 0.08052884615384616
0 0.018028846153846152 0.3737980769230769 0.03485576923076923 0.04927884615384615
0 0.10336538461538461 0.5757211538461539 0.10336538461538461 0.06490384615384616
0 0.09735576923076923 0.6502403846153846 0.06009615384615385 0.055288461538461536
0 0.3317307692307692 0.390625 0.038461538461538464 0.039663461538461536
0 0.40625 0.6490384615384616 0.11057692307692307 0.052884615384615384
0 0.4987980769230769 0.6274038461538461 0.06490384615384616 0.06971153846153846
0 0.11538461538461539 0.859375 0.078125 0.11538461538461539
0 0.051682692307692304 0.8870192307692307 0.04927884615384615 0.04927884615384615
0 0.014423076923076924 0.875 0.028846153846153848 0.0673076923076923
0 0.03365384615384615 0.953125 0.051682692307692304 0.09134615384615384
0 0.14543269230769232 0.9194711538461539 0.06129807692307692 0.055288461538461536
0 0.27163461538461536 0.9170673076923077 0.06009615384615385 0.040865384615384616
0 0.43028846153846156 0.9074519230769231 0.13221153846153846 0.10096153846153846
0 0.42908653846153844 0.9663461538461539 0.05889423076923077 0.06610576923076923
0 0.4735576923076923 0.9507211538461539 0.07932692307692307 0.038461538461538464
0 0.018028846153846152 0.9495192307692307 0.03485576923076923 0.046875
0 0.4375 0.6790865384615384 0.056490384615384616 0.07211538461538461
0 0.49278846153846156 0.9579326923076923 0.11298076923076923 0.03485576923076923
0 0.5216346153846154 0.9819711538461539 0.10697115384615384 0.03365384615384615
0 0.6574519230769231 0.9110576923076923 0.10576923076923077 0.08052884615384616
0 0.6310096153846154 0.9759615384615384 0.09134615384615384 0.04567307692307692
0 0.7884615384615384 0.9759615384615384 0.04447115384615385 0.04567307692307692
0 0.7127403846153846 0.59375 0.07211538461538461 0.1346153846153846
0 0.9002403846153846 0.7319711538461539 0.15625 0.09735576923076923
0 0.6550480769230769 0.40625 0.04447115384615385 0.14302884615384615
0 0.8161057692307693 0.6370192307692307 0.030048076923076924 0.036057692307692304
0 0.9266826923076923 0.36899038461538464 0.07692307692307693 0.12259615384615384
0 0.9471153846153846 0.8064903846153846 0.07451923076923077 0.057692307692307696
0 0.8641826923076923 0.8834134615384616 0.06490384615384616 0.0733173076923077
0 0.9110576923076923 0.8581730769230769 0.04807692307692308 0.057692307692307696
0 0.9639423076923077 0.8293269230769231 0.055288461538461536 0.08052884615384616
0 0.9795673076923077 0.8725961538461539 0.039663461538461536 0.028846153846153848
0 0.7896634615384616 0.9074519230769231 0.02403846153846154 0.026442307692307692
0 0.9795673076923077 0.4543269230769231 0.038461538461538464 0.07692307692307693
0 0.8870192307692307 0.4735576923076923 0.06610576923076923 0.06370192307692307
0 0.9350961538461539 0.44471153846153844 0.05048076923076923 0.09254807692307693
0 0.7896634615384616 0.3449519230769231 0.056490384615384616 0.06370192307692307
0 0.8245192307692307 0.4495192307692308 0.03365384615384615 0.056490384615384616
0 0.5348557692307693 0.47836538461538464 0.056490384615384616 0.06129807692307692
0 0.5096153846153846 0.4338942307692308 0.052884615384615384 0.09134615384615384
0 0.46033653846153844 0.40625 0.05048076923076923 0.08173076923076923
0 0.5108173076923077 0.3798076923076923 0.051682692307692304 0.04447115384615385
0 0.4326923076923077 0.3629807692307692 0.06490384615384616 0.07572115384615384
0 0.4050480769230769 0.3713942307692308 0.03125 0.057692307692307696
0 0.41466346153846156 0.42788461538461536 0.04447115384615385 0.04927884615384615
0 0.43509615384615385 0.48197115384615385 0.03365384615384615 0.03245192307692308
0 0.6850961538461539 0.265625 0.04326923076923077 0.11177884615384616
0 0.8509615384615384 0.22956730769230768 0.06490384615384616 0.08173076923076923
0 0.8822115384615384 0.26802884615384615 0.12860576923076922 0.12379807692307693
0 0.9567307692307693 0.14423076923076922 0.08413461538461539 0.11778846153846154
0 0.7403846153846154 0.14182692307692307 0.10817307692307693 0.09134615384615384
0 0.7584134615384616 0.19951923076923078 0.07091346153846154 0.06490384615384616
0 0.7836538461538461 0.13701923076923078 0.06490384615384616 0.06490384615384616
0 0.3389423076923077 0.14903846153846154 0.055288461538461536 0.04567307692307692
0 0.4014423076923077 0.0829326923076923 0.06370192307692307 0.09134615384615384
0 0.8064903846153846 0.027644230769230768 0.07451923076923077 0.055288461538461536
0 0.49399038461538464 0.06370192307692307 0.08413461538461539 0.12740384615384615
0 0.5444711538461539 0.054086538461538464 0.046875 0.0625
0 0.30649038461538464 0.06129807692307692 0.06971153846153846 0.09615384615384616
0 0.3798076923076923 0.028846153846153848 0.0673076923076923 0.056490384615384616
0 0.43149038461538464 0.019230769230769232 0.03485576923076923 0.036057692307692304
0 0.9399038461538461 0.6177884615384616 0.03365384615384615 0.042067307692307696
0 0.4362980769230769 0.7367788461538461 0.036057692307692304 0.03365384615384615
0 0.5216346153846154 0.7379807692307693 0.055288461538461536 0.05048076923076923
0 0.11658653846153846 0.40625 0.04326923076923077 0.038461538461538464
0 0.296875 0.1141826923076923 0.06490384615384616 0.042067307692307696
0 0.859375 0.30288461538461536 0.10697115384615384 0.055288461538461536
0 0.7800480769230769 0.24278846153846154 0.04807692307692308 0.055288461538461536
0 0.7331730769230769 0.41586538461538464 0.03125 0.03125
0 0.9939903846153846 0.6298076923076923 0.010817307692307692 0.036057692307692304
0 0.48197115384615385 0.7199519230769231 0.03245192307692308 0.028846153846153848
0 0.8978365384615384 0.9939903846153846 0.04567307692307692 0.010817307692307692
0 0.39302884615384615 0.9555288461538461 0.03365384615384615 0.030048076923076924
0 0.453125 0.84375 0.03365384615384615 0.02403846153846154
0 0.2668269230769231 0.9314903846153846 0.05889423076923077 0.028846153846153848
0 0.12259615384615384 0.96875 0.06971153846153846 0.06009615384615385
0 0.08533653846153846 0.9735576923076923 0.04447115384615385 0.051682692307692304
0 0.13701923076923078 0.8894230769230769 0.02283653846153846 0.03365384615384615
0 0.7836538461538461 0.4050480769230769 0.05048076923076923 0.04807692307692308
0 0.6682692307692307 0.9278846153846154 0.06971153846153846 0.056490384615384616
0 0.13942307692307693 0.8858173076923077 0.028846153846153848 0.039663461538461536