0 0.04567307692307692 0.11177884615384616 0.09134615384615384 0.11298076923076923
0 0.16706730769230768 0.02283653846153846 0.03365384615384615 0.04447115384615385
0 0.20072115384615385 0.026442307692307692 0.04326923076923077 0.052884615384615384
0 0.019230769230769232 0.28725961538461536 0.038461538461538464 0.055288461538461536
0 0.030048076923076924 0.4170673076923077 0.06009615384615385 0.040865384615384616
0 0.03365384615384615 0.3449519230769231 0.040865384615384616 0.09254807692307693
0 0.09615384615384616 0.4170673076923077 0.0889423076923077 0.02283653846153846
0 0.08774038461538461 0.390625 0.07091346153846154 0.06971153846153846
0 0.038461538461538464 0.6502403846153846 0.057692307692307696 0.10096153846153846
0 0.18990384615384615 0.5793269230769231 0.06129807692307692 0.06009615384615385
0 0.25961538461538464 0.6442307692307693 0.0625 0.038461538461538464
0 0.17668269230769232 0.7379807692307693 0.038461538461538464 0.0733173076923077
0 0.040865384615384616 0.7884615384615384 0.08173076923076923 0.04807692307692308
0 0.04326923076923077 0.9711538461538461 0.06009615384615385 0.056490384615384616
0 0.3581730769230769 0.8798076923076923 0.052884615384615384 0.052884615384615384
0 0.6057692307692307 0.8942307692307693 0.04927884615384615 0.038461538461538464
0 0.5324519230769231 0.9399038461538461 0.07572115384615384 0.06129807692307692
0 0.2956730769230769 0.6165865384615384 0.03365384615384615 0.037259615384615384
0 0.3004807692307692 0.7692307692307693 0.057692307692307696 0.17427884615384615
0 0.3737980769230769 0.7307692307692307 0.046875 0.09375
0 0.38221153846153844 0.8509615384615384 0.052884615384615384 0.14423076923076922
0 0.5360576923076923 0.7091346153846154 0.08173076923076923 0.04567307692307692
0 0.5588942307692307 0.7956730769230769 0.11778846153846154 0.08653846153846154
0 0.3449519230769231 0.40384615384615385 0.038461538461538464 0.06009615384615385
0 0.5420673076923077 0.4675480769230769 0.03245192307692308 0.04807692307692308
0 0.6129807692307693 0.3894230769230769 0.02403846153846154 0.08052884615384616
0 0.6742788461538461 0.31009615384615385 0.03365384615384615 0.07692307692307693
0 0.7067307692307693 0.6274038461538461 0.06009615384615385 0.042067307692307696
0 0.7475961538461539 0.5973557692307693 0.06971153846153846 0.04927884615384615
0 0.8004807692307693 0.5625 0.0625 0.03485576923076923
0 0.8822115384615384 0.703125 0.04567307692307692 0.06490384615384616
0 0.8798076923076923 0.5084134615384616 0.04567307692307692 0.028846153846153848
0 0.8858173076923077 0.5552884615384616 0.038461538461538464 0.038461538461538464
0 0.8425480769230769 0.8545673076923077 0.038461538461538464 0.04927884615384615
0 0.84375 0.9254807692307693 0.07692307692307693 0.056490384615384616
0 0.9639423076923077 0.8689903846153846 0.06971153846153846 0.054086538461538464
0 0.9230769230769231 0.4074519230769231 0.0733173076923077 0.019230769230769232
0 0.8485576923076923 0.375 0.10336538461538461 0.09134615384615384
0 0.8569711538461539 0.3942307692307692 0.056490384615384616 0.11177884615384616
0 0.5877403846153846 0.36778846153846156 0.0625 0.10336538461538461
0 0.5420673076923077 0.40024038461538464 0.04326923076923077 0.06971153846153846
0 0.49038461538461536 0.3557692307692308 0.054086538461538464 0.1346153846153846
0 0.4483173076923077 0.328125 0.038461538461538464 0.12379807692307693
0 0.3269230769230769 0.34975961538461536 0.14543269230769232 0.04567307692307692
0 0.5084134615384616 0.24879807692307693 0.15625 0.04567307692307692
0 0.3545673076923077 0.11658653846153846 0.07932692307692307 0.1141826923076923
0 0.19831730769230768 0.2403846153846154 0.05889423076923077 0.14182692307692307
0 0.921875 0.11298076923076923 0.04567307692307692 0.07211538461538461
0 0.7752403846153846 0.078125 0.03365384615384615 0.04807692307692308
0 0.6850961538461539 0.15144230769230768 0.026442307692307692 0.042067307692307696
0 0.9278846153846154 0.5625 0.04927884615384615 0.057692307692307696
0 0.984375 0.9927884615384616 0.020432692307692308 0.01201923076923077
0 0.4675480769230769 0.028846153846153848 0.04927884615384615 0.056490384615384616
0 0.296875 0.016826923076923076 0.04326923076923077 0.03365384615384615
0 0.9338942307692307 0.2644230769230769 0.040865384615384616 0.04807692307692308