0 0.9507211538461539 0.5204326923076923 0.09735576923076923 0.13822115384615385
0 0.18990384615384615 0.8954326923076923 0.1658653846153846 0.109375
0 0.26322115384615385 0.039663461538461536 0.18389423076923078 0.06610576923076923
0 0.14302884615384615 0.7139423076923077 0.109375 0.14783653846153846
0 0.9242788461538461 0.7055288461538461 0.14903846153846154 0.07451923076923077
0 0.8641826923076923 0.9038461538461539 0.09615384615384616 0.0889423076923077
0 0.7211538461538461 0.4110576923076923 0.19471153846153846 0.09254807692307693
0 0.296875 0.8978365384615384 0.0889423076923077 0.15264423076923078
0 0.8858173076923077 0.2548076923076923 0.20072115384615385 0.10216346153846154
0 0.9387019230769231 0.8569711538461539 0.11177884615384616 0.11177884615384616
0 0.7800480769230769 0.7103365384615384 0.13221153846153846 0.21033653846153846
0 0.8341346153846154 0.96875 0.140625 0.06009615384615385
0 0.1201923076923077 0.9242788461538461 0.17067307692307693 0.14903846153846154
0 0.6105769230769231 0.7980769230769231 0.13221153846153846 0.09134615384615384
0 0.38341346153846156 0.1045673076923077 0.08052884615384616 0.08173076923076923
0 0.018028846153846152 0.11177884615384616 0.036057692307692304 0.07572115384615384
0 0.5420673076923077 0.11658653846153846 0.12740384615384615 0.23317307692307693
0 0.09615384615384616 0.5600961538461539 0.08653846153846154 0.10576923076923077
0 0.5024038461538461 0.6875 0.171875 0.10817307692307693
0 0.06971153846153846 0.3762019230769231 0.09375 0.11658653846153846
0 0.15504807692307693 0.40024038461538464 0.18028846153846154 0.17908653846153846
0 0.15504807692307693 0.7427884615384616 0.16826923076923078 0.08173076923076923
0 0.6983173076923077 0.8100961538461539 0.14182692307692307 0.15504807692307693
0 0.44471153846153844 0.6117788461538461 0.15625 0.08653846153846154