0 0.09735576923076923 0.49399038461538464 0.054086538461538464 0.03365384615384615
0 0.16826923076923078 0.4026442307692308 0.055288461538461536 0.04326923076923077
0 0.203125 0.47115384615384615 0.042067307692307696 0.019230769230769232
0 0.5108173076923077 0.4807692307692308 0.03365384615384615 0.036057692307692304
0 0.5336538461538461 0.33052884615384615 0.052884615384615384 0.039663461538461536
0 0.42427884615384615 0.4326923076923077 0.05048076923076923 0.04807692307692308
0 0.5024038461538461 0.453125 0.036057692307692304 0.02403846153846154
0 0.6021634615384616 0.38461538461538464 0.04807692307692308 0.03365384615384615
0 0.59375 0.41346153846153844 0.042067307692307696 0.040865384615384616
0 0.7211538461538461 0.4050480769230769 0.055288461538461536 0.040865384615384616
0 0.7199519230769231 0.4423076923076923 0.05889423076923077 0.03245192307692308
0 0.8209134615384616 0.46033653846153844 0.03365384615384615 0.042067307692307696
0 0.8882211538461539 0.9723557692307693 0.03125 0.03125
0 0.33774038461538464 0.9831730769230769 0.055288461538461536 0.03125