0 0.5745192307692307 0.02403846153846154 0.09014423076923077 0.04447115384615385
0 0.9026442307692307 0.49759615384615385 0.16947115384615385 0.06009615384615385
0 0.7896634615384616 0.057692307692307696 0.06490384615384616 0.10216346153846154
0 0.6850961538461539 0.5685096153846154 0.07451923076923077 0.07211538461538461
0 0.5120192307692307 0.08653846153846154 0.04927884615384615 0.09014423076923077
0 0.2091346153846154 0.8329326923076923 0.06490384615384616 0.04807692307692308
0 0.9759615384615384 0.3269230769230769 0.046875 0.06370192307692307
0 0.25 0.4483173076923077 0.0673076923076923 0.10216346153846154
0 0.703125 0.20793269230769232 0.078125 0.09735576923076923
0 0.40625 0.234375 0.08533653846153846 0.20072115384615385
0 0.5264423076923077 0.9507211538461539 0.0733173076923077 0.07932692307692307
0 0.5336538461538461 0.65625 0.057692307692307696 0.04927884615384615
0 0.7223557692307693 0.6526442307692307 0.06971153846153846 0.055288461538461536
0 0.8822115384615384 0.2692307692307692 0.08533653846153846 0.09014423076923077
0 0.40384615384615385 0.9771634615384616 0.09615384615384616 0.04326923076923077
0 0.09134615384615384 0.24519230769230768 0.08173076923076923 0.15504807692307693
0 0.5 0.31009615384615385 0.06009615384615385 0.09735576923076923
0 0.828125 0.7139423076923077 0.07211538461538461 0.06009615384615385
0 0.055288461538461536 0.109375 0.08052884615384616 0.06971153846153846
0 0.2920673076923077 0.021634615384615384 0.09975961538461539 0.039663461538461536
0 0.71875 0.8245192307692307 0.0625 0.06009615384615385
0 0.5024038461538461 0.5516826923076923 0.06490384615384616 0.06971153846153846
0 0.8016826923076923 0.5745192307692307 0.08533653846153846 0.06009615384615385
0 0.328125 0.4495192307692308 0.04326923076923077 0.0673076923076923
0 0.1045673076923077 0.9038461538461539 0.08052884615384616 0.09134615384615384
0 0.037259615384615384 0.875 0.04447115384615385 0.042067307692307696
0 0.5012019230769231 0.21875 0.0625 0.08533653846153846
0 0.5108173076923077 0.8257211538461539 0.06850961538461539 0.11177884615384616
0 0.6995192307692307 0.3713942307692308 0.1346153846153846 0.09735576923076923
0 0.6346153846153846 0.7644230769230769 0.06490384615384616 0.109375
0 0.3112980769230769 0.7512019230769231 0.07692307692307693 0.0625
0 0.5420673076923077 0.78125 0.11538461538461539 0.08533653846153846
0 0.20793269230769232 0.09735576923076923 0.0673076923076923 0.08173076923076923
0 0.2860576923076923 0.29086538461538464 0.07211538461538461 0.08774038461538461
0 0.03245192307692308 0.5612980769230769 0.06009615384615385 0.07692307692307693
0 0.4423076923076923 0.6923076923076923 0.07572115384615384 0.0673076923076923
0 0.7644230769230769 0.7680288461538461 0.06971153846153846 0.0673076923076923
0 0.6117788461538461 0.2920673076923077 0.06490384615384616 0.08533653846153846
0 0.15865384615384615 0.054086538461538464 0.08052884615384616 0.09495192307692307
0 0.9302884615384616 0.13822115384615385 0.13701923076923078 0.08653846153846154
0 0.8125 0.4326923076923077 0.04567307692307692 0.10096153846153846
0 0.4230769230769231 0.11538461538461539 0.04807692307692308 0.09254807692307693
0 0.4495192307692308 0.5420673076923077 0.06009615384615385 0.1045673076923077
0 0.6262019230769231 0.06490384615384616 0.15264423076923078 0.08052884615384616
0 0.8641826923076923 0.7896634615384616 0.08052884615384616 0.06971153846153846
0 0.41586538461538464 0.05048076923076923 0.08173076923076923 0.09735576923076923
0 0.5805288461538461 0.39302884615384615 0.06490384615384616 0.055288461538461536
0 0.16466346153846154 0.29086538461538464 0.07932692307692307 0.0673076923076923
0 0.421875 0.3125 0.04927884615384615 0.057692307692307696
0 0.6730769230769231 0.8810096153846154 0.0829326923076923 0.08774038461538461
0 0.16346153846153846 0.16105769230769232 0.07211538461538461 0.10697115384615384
0 0.9350961538461539 0.7548076923076923 0.08173076923076923 0.0673076923076923
0 0.875 0.8545673076923077 0.14543269230769232 0.07451923076923077