0 0.3858173076923077 0.021634615384615384 0.0889423076923077 0.04326923076923077
0 0.328125 0.4098557692307692 0.06370192307692307 0.06971153846153846
0 0.7572115384615384 0.6850961538461539 0.09615384615384616 0.09495192307692307
0 0.054086538461538464 0.7127403846153846 0.07572115384615384 0.10697115384615384
0 0.25721153846153844 0.4483173076923077 0.056490384615384616 0.056490384615384616
0 0.6153846153846154 0.9314903846153846 0.1466346153846154 0.10697115384615384
0 0.140625 0.6069711538461539 0.0625 0.06129807692307692
0 0.04326923076923077 0.5204326923076923 0.06610576923076923 0.07572115384615384
0 0.796875 0.8689903846153846 0.06850961538461539 0.056490384615384616
0 0.9387019230769231 0.6947115384615384 0.09735576923076923 0.0673076923076923
0 0.021634615384615384 0.35216346153846156 0.04326923076923077 0.07932692307692307
0 0.20793269230769232 0.057692307692307696 0.05889423076923077 0.06370192307692307
0 0.9663461538461539 0.4014423076923077 0.06490384615384616 0.08173076923076923
0 0.40865384615384615 0.6646634615384616 0.109375 0.1201923076923077
0 0.9639423076923077 0.8425480769230769 0.07091346153846154 0.06370192307692307
0 0.22235576923076922 0.9591346153846154 0.05889423076923077 0.05889423076923077
0 0.5829326923076923 0.7247596153846154 0.10697115384615384 0.08413461538461539
0 0.09615384615384616 0.2800480769230769 0.09735576923076923 0.07692307692307693
0 0.1346153846153846 0.8762019230769231 0.06009615384615385 0.05889423076923077
0 0.2860576923076923 0.28725961538461536 0.06971153846153846 0.0625
0 0.6430288461538461 0.5516826923076923 0.07572115384615384 0.08533653846153846
0 0.7055288461538461 0.40865384615384615 0.06971153846153846 0.0673076923076923
0 0.37259615384615385 0.5793269230769231 0.07451923076923077 0.07451923076923077
0 0.9627403846153846 0.9639423076923077 0.0733173076923077 0.051682692307692304
0 0.8173076923076923 0.47596153846153844 0.1310096153846154 0.13701923076923078
0 0.3942307692307692 0.2620192307692308 0.10096153846153846 0.06009615384615385
0 0.5685096153846154 0.12379807692307693 0.0889423076923077 0.06490384615384616
0 0.5096153846153846 0.5096153846153846 0.06610576923076923 0.05889423076923077
0 0.546875 0.6598557692307693 0.11538461538461539 0.10096153846153846
0 0.8942307692307693 0.453125 0.07572115384615384 0.08533653846153846
0 0.3389423076923077 0.1502403846153846 0.04447115384615385 0.06129807692307692
0 0.03365384615384615 0.21634615384615385 0.06610576923076923 0.14903846153846154
0 0.265625 0.7235576923076923 0.08052884615384616 0.1346153846153846
0 0.2920673076923077 0.6129807692307693 0.0985576923076923 0.08173076923076923
0 0.7680288461538461 0.28365384615384615 0.13701923076923078 0.07932692307692307
0 0.2932692307692308 0.9302884615384616 0.06850961538461539 0.07211538461538461
0 0.078125 0.9411057692307693 0.06129807692307692 0.08774038461538461
0 0.054086538461538464 0.056490384615384616 0.10817307692307693 0.06971153846153846
0 0.9735576923076923 0.9074519230769231 0.05048076923076923 0.051682692307692304
0 0.7728365384615384 0.375 0.08052884615384616 0.0829326923076923
0 0.8954326923076923 0.7644230769230769 0.06009615384615385 0.04807692307692308