0 0.23918269230769232 0.7944711538461539 0.057692307692307696 0.038461538461538464
0 0.1310096153846154 0.026442307692307692 0.06009615384615385 0.051682692307692304
0 0.14783653846153846 0.7019230769230769 0.109375 0.06850961538461539
0 0.828125 0.4879807692307692 0.08653846153846154 0.038461538461538464
0 0.24519230769230768 0.078125 0.0889423076923077 0.07932692307692307
0 0.7079326923076923 0.9771634615384616 0.07572115384615384 0.04447115384615385
0 0.37740384615384615 0.8377403846153846 0.14543269230769232 0.0985576923076923
0 0.9591346153846154 0.31850961538461536 0.055288461538461536 0.0625
0 0.41225961538461536 0.734375 0.09735576923076923 0.08533653846153846
0 0.07451923076923077 0.04807692307692308 0.051682692307692304 0.04927884615384615
0 0.6466346153846154 0.9170673076923077 0.10576923076923077 0.10216346153846154
0 0.6875 0.40865384615384615 0.06009615384615385 0.04326923076923077
0 0.34134615384615385 0.8641826923076923 0.056490384615384616 0.04447115384615385
0 0.7548076923076923 0.6538461538461539 0.10336538461538461 0.08653846153846154
0 0.7475961538461539 0.8389423076923077 0.0673076923076923 0.054086538461538464
0 0.7091346153846154 0.6850961538461539 0.052884615384615384 0.055288461538461536
0 0.46033653846153844 0.484375 0.052884615384615384 0.039663461538461536
0 0.8569711538461539 0.10336538461538461 0.07692307692307693 0.06490384615384616
0 0.027644230769230768 0.037259615384615384 0.055288461538461536 0.06490384615384616
0 0.7788461538461539 0.6069711538461539 0.03365384615384615 0.027644230769230768
0 0.7379807692307693 0.4110576923076923 0.06490384615384616 0.037259615384615384
0 0.5108173076923077 0.6466346153846154 0.09254807692307693 0.06009615384615385
0 0.1622596153846154 0.5372596153846154 0.09495192307692307 0.04447115384615385
0 0.48677884615384615 0.8028846153846154 0.12259615384615384 0.03365384615384615
0 0.5336538461538461 0.078125 0.14302884615384615 0.06490384615384616
0 0.6766826923076923 0.6899038461538461 0.09134615384615384 0.07451923076923077
0 0.23798076923076922 0.027644230769230768 0.12259615384615384 0.052884615384615384
0 0.8786057692307693 0.3713942307692308 0.11298076923076923 0.055288461538461536
0 0.1622596153846154 0.8677884615384616 0.08533653846153846 0.056490384615384616
0 0.8665865384615384 0.7956730769230769 0.07091346153846154 0.055288461538461536
0 0.7524038461538461 0.46033653846153844 0.078125 0.03485576923076923
0 0.26322115384615385 0.7668269230769231 0.11538461538461539 0.037259615384615384
0 0.9375 0.09735576923076923 0.09615384615384616 0.06971153846153846
0 0.5144230769230769 0.8389423076923077 0.057692307692307696 0.04447115384615385
0 0.6923076923076923 0.09975961538461539 0.13341346153846154 0.08413461538461539
0 0.5036057692307693 0.10576923076923077 0.12139423076923077 0.07211538461538461
0 0.28365384615384615 0.8052884615384616 0.04567307692307692 0.03485576923076923
0 0.9651442307692307 0.4050480769230769 0.06850961538461539 0.054086538461538464
0 0.7944711538461539 0.34615384615384615 0.08052884615384616 0.06490384615384616
0 0.16706730769230768 0.7524038461538461 0.10096153846153846 0.03125
0 0.5925480769230769 0.014423076923076924 0.08052884615384616 0.026442307692307692
0 0.6706730769230769 0.7608173076923077 0.06971153846153846 0.06129807692307692
0 0.18028846153846154 0.36177884615384615 0.054086538461538464 0.109375
0 0.08774038461538461 0.37259615384615385 0.09495192307692307 0.05889423076923077
0 0.4519230769230769 0.12259615384615384 0.051682692307692304 0.046875
0 0.9362980769230769 0.7668269230769231 0.06490384615384616 0.07692307692307693
0 0.5625 0.8197115384615384 0.06129807692307692 0.04567307692307692
0 0.4567307692307692 0.7115384615384616 0.09014423076923077 0.09254807692307693
0 0.6574519230769231 0.40625 0.04807692307692308 0.03485576923076923
0 0.4170673076923077 0.30528846153846156 0.11298076923076923 0.08653846153846154
0 0.8353365384615384 0.7560096153846154 0.056490384615384616 0.036057692307692304
0 0.9242788461538461 0.03245192307692308 0.04927884615384615 0.06490384615384616
0 0.028846153846153848 0.828125 0.056490384615384616 0.03365384615384615
0 0.06009615384615385 0.1310096153846154 0.09615384615384616 0.07932692307692307
0 0.037259615384615384 0.7800480769230769 0.0733173076923077 0.057692307692307696
0 0.8100961538461539 0.8413461538461539 0.08052884615384616 0.037259615384615384
0 0.040865384615384616 0.29927884615384615 0.08052884615384616 0.04927884615384615
0 0.055288461538461536 0.8822115384615384 0.11057692307692307 0.07572115384615384
0 0.8257211538461539 0.8930288461538461 0.08653846153846154 0.046875
0 0.5180288461538461 0.39663461538461536 0.08774038461538461 0.0673076923076923
0 0.7163461538461539 0.8533653846153846 0.06971153846153846 0.06370192307692307
0 0.2704326923076923 0.6935096153846154 0.09615384615384616 0.0829326923076923
0 0.28725961538461536 0.3942307692307692 0.039663461538461536 0.03125
0 0.02283653846153846 0.38221153846153844 0.04567307692307692 0.038461538461538464
0 0.328125 0.4266826923076923 0.05889423076923077 0.07451923076923077
0 0.22956730769230768 0.41586538461538464 0.06971153846153846 0.04447115384615385
0 0.2860576923076923 0.34615384615384615 0.11538461538461539 0.078125
0 0.7980769230769231 0.4338942307692308 0.07211538461538461 0.042067307692307696