0 0.47115384615384615 0.5024038461538461 0.1466346153846154 0.09375
0 0.03485576923076923 0.25240384615384615 0.06971153846153846 0.21634615384615385
0 0.9314903846153846 0.31971153846153844 0.13581730769230768 0.0733173076923077
0 0.6069711538461539 0.59375 0.078125 0.06971153846153846
0 0.7512019230769231 0.2692307692307692 0.056490384615384616 0.07451923076923077
0 0.22115384615384615 0.7524038461538461 0.09615384615384616 0.10576923076923077
0 0.07572115384615384 0.3942307692307692 0.078125 0.140625
0 0.2091346153846154 0.33052884615384615 0.10576923076923077 0.19110576923076922
0 0.28846153846153844 0.28125 0.09615384615384616 0.09375
0 0.2932692307692308 0.171875 0.09014423076923077 0.13701923076923078
0 0.9699519230769231 0.9350961538461539 0.057692307692307696 0.0733173076923077
0 0.8125 0.9242788461538461 0.06971153846153846 0.08653846153846154
0 0.6730769230769231 0.7331730769230769 0.12259615384615384 0.09975961538461539
0 0.8762019230769231 0.8305288461538461 0.15384615384615385 0.08774038461538461
0 0.9387019230769231 0.5841346153846154 0.10336538461538461 0.09735576923076923
0 0.9711538461538461 0.5456730769230769 0.055288461538461536 0.0985576923076923
0 0.8341346153846154 0.6442307692307693 0.06610576923076923 0.0625
0 0.6021634615384616 0.8701923076923077 0.11177884615384616 0.09975961538461539
0 0.5024038461538461 0.9507211538461539 0.1466346153846154 0.09014423076923077
0 0.5757211538461539 0.9387019230769231 0.09735576923076923 0.08052884615384616
0 0.4182692307692308 0.96875 0.0829326923076923 0.06009615384615385
0 0.578125 0.35697115384615385 0.08173076923076923 0.08774038461538461
0 0.6298076923076923 0.3605769230769231 0.06850961538461539 0.09615384615384616