0 0.5096153846153846 0.046875 0.028846153846153848 0.09254807692307693
0 0.8473557692307693 0.29927884615384615 0.027644230769230768 0.07211538461538461
0 0.27524038461538464 0.6430288461538461 0.04447115384615385 0.06971153846153846
0 0.7295673076923077 0.2800480769230769 0.04807692307692308 0.0829326923076923
0 0.6310096153846154 0.5805288461538461 0.038461538461538464 0.055288461538461536
0 0.21995192307692307 0.4951923076923077 0.12259615384615384 0.036057692307692304
0 0.21754807692307693 0.36778846153846156 0.08173076923076923 0.037259615384615384
0 0.052884615384615384 0.44350961538461536 0.04807692307692308 0.07211538461538461
0 0.08774038461538461 0.8858173076923077 0.03245192307692308 0.08653846153846154
0 0.3762019230769231 0.046875 0.037259615384615384 0.04807692307692308
0 0.75 0.2764423076923077 0.06490384615384616 0.08413461538461539
0 0.5552884615384616 0.12980769230769232 0.028846153846153848 0.04567307692307692
0 0.25600961538461536 0.2824519230769231 0.036057692307692304 0.08173076923076923
0 0.8341346153846154 0.07932692307692307 0.037259615384615384 0.07091346153846154
0 0.4230769230769231 0.6646634615384616 0.07572115384615384 0.07211538461538461
0 0.8461538461538461 0.6021634615384616 0.038461538461538464 0.05048076923076923
0 0.2608173076923077 0.038461538461538464 0.04326923076923077 0.07211538461538461
0 0.5733173076923077 0.9290865384615384 0.04567307692307692 0.039663461538461536
0 0.7487980769230769 0.48677884615384615 0.055288461538461536 0.028846153846153848
0 0.6045673076923077 0.04567307692307692 0.040865384615384616 0.08413461538461539
0 0.8701923076923077 0.7596153846153846 0.05048076923076923 0.10096153846153846
0 0.9639423076923077 0.6802884615384616 0.05889423076923077 0.07451923076923077
0 0.02283653846153846 0.7992788461538461 0.04567307692307692 0.0985576923076923
0 0.078125 0.40384615384615385 0.057692307692307696 0.037259615384615384
0 0.578125 0.9771634615384616 0.04447115384615385 0.038461538461538464
0 0.609375 0.7175480769230769 0.04927884615384615 0.06971153846153846
0 0.32572115384615385 0.04927884615384615 0.05048076923076923 0.09495192307692307
0 0.37259615384615385 0.7055288461538461 0.06129807692307692 0.03485576923076923
0 0.046875 0.9350961538461539 0.0733173076923077 0.03365384615384615
0 0.9891826923076923 0.36658653846153844 0.019230769230769232 0.06490384615384616
0 0.953125 0.9483173076923077 0.037259615384615384 0.046875
0 0.38221153846153844 0.3858173076923077 0.046875 0.028846153846153848
0 0.8870192307692307 0.30288461538461536 0.06971153846153846 0.06850961538461539
0 0.7235576923076923 0.07451923076923077 0.04927884615384615 0.09375
0 0.171875 0.078125 0.06009615384615385 0.0733173076923077
0 0.5048076923076923 0.18629807692307693 0.030048076923076924 0.10576923076923077
0 0.7307692307692307 0.4254807692307692 0.042067307692307696 0.06971153846153846
0 0.3798076923076923 0.41346153846153844 0.06009615384615385 0.042067307692307696
0 0.27403846153846156 0.25841346153846156 0.06009615384615385 0.08413461538461539
0 0.8317307692307693 0.33774038461538464 0.038461538461538464 0.06610576923076923
0 0.7896634615384616 0.25 0.03365384615384615 0.10096153846153846
0 0.48677884615384615 0.6009615384615384 0.05048076923076923 0.055288461538461536
0 0.07572115384615384 0.24759615384615385 0.055288461538461536 0.12139423076923077
0 0.5348557692307693 0.3317307692307692 0.14783653846153846 0.0673076923076923
0 0.39783653846153844 0.9747596153846154 0.06009615384615385 0.037259615384615384
0 0.9711538461538461 0.5384615384615384 0.025240384615384616 0.06009615384615385
0 0.6069711538461539 0.21033653846153846 0.040865384615384616 0.07572115384615384
0 0.5084134615384616 0.3737980769230769 0.06009615384615385 0.08173076923076923
0 0.9867788461538461 0.6045673076923077 0.02403846153846154 0.07572115384615384
0 0.6634615384615384 0.765625 0.046875 0.038461538461538464
0 0.7632211538461539 0.4483173076923077 0.03365384615384615 0.04807692307692308
0 0.09975961538461539 0.9567307692307693 0.04807692307692308 0.08052884615384616
0 0.2439903846153846 0.9122596153846154 0.038461538461538464 0.054086538461538464
0 0.28846153846153844 0.5853365384615384 0.052884615384615384 0.08052884615384616
0 0.8305288461538461 0.5432692307692307 0.037259615384615384 0.10096153846153846
0 0.3245192307692308 0.8882211538461539 0.04927884615384615 0.08653846153846154
0 0.5180288461538461 0.6069711538461539 0.08413461538461539 0.10697115384615384
0 0.9447115384615384 0.0733173076923077 0.06129807692307692 0.07932692307692307
0 0.1935096153846154 0.2283653846153846 0.08653846153846154 0.046875
0 0.5240384615384616 0.8016826923076923 0.05048076923076923 0.036057692307692304
0 0.9675480769230769 0.28365384615384615 0.03245192307692308 0.09254807692307693
0 0.7163461538461539 0.9795673076923077 0.03485576923076923 0.038461538461538464
0 0.8846153846153846 0.984375 0.027644230769230768 0.030048076923076924