0 0.3076923076923077 0.013221153846153846 0.052884615384615384 0.026442307692307692
0 0.09134615384615384 0.0829326923076923 0.10096153846153846 0.039663461538461536
0 0.5132211538461539 0.042067307692307696 0.026442307692307692 0.037259615384615384
0 0.25240384615384615 0.036057692307692304 0.03485576923076923 0.05048076923076923
0 0.3737980769230769 0.21033653846153846 0.09254807692307693 0.05048076923076923
0 0.32211538461538464 0.16105769230769232 0.07932692307692307 0.04447115384615385
0 0.15985576923076922 0.14543269230769232 0.09134615384615384 0.03365384615384615
0 0.43990384615384615 0.1971153846153846 0.052884615384615384 0.0625
0 0.5276442307692307 0.2860576923076923 0.02403846153846154 0.026442307692307692
0 0.5841346153846154 0.3449519230769231 0.02403846153846154 0.02403846153846154
0 0.7524038461538461 0.29086538461538464 0.03365384615384615 0.039663461538461536
0 0.8521634615384616 0.5048076923076923 0.04927884615384615 0.03365384615384615
0 0.030048076923076924 0.25961538461538464 0.04927884615384615 0.030048076923076924
0 0.12379807692307693 0.28125 0.03365384615384615 0.027644230769230768
0 0.07572115384615384 0.2980769230769231 0.055288461538461536 0.03485576923076923
0 0.057692307692307696 0.34615384615384615 0.06490384615384616 0.07451923076923077
0 0.05889423076923077 0.3894230769230769 0.021634615384615384 0.037259615384615384
0 0.24759615384615385 0.41225961538461536 0.08533653846153846 0.046875
0 0.36177884615384615 0.3473557692307692 0.07932692307692307 0.046875
0 0.3004807692307692 0.4014423076923077 0.0625 0.04927884615384615
0 0.020432692307692308 0.16466346153846154 0.040865384615384616 0.02283653846153846
0 0.056490384615384616 0.13822115384615385 0.11177884615384616 0.038461538461538464
0 0.03485576923076923 0.20793269230769232 0.06971153846153846 0.037259615384615384
0 0.020432692307692308 0.5697115384615384 0.039663461538461536 0.03485576923076923
0 0.21033653846153846 0.5384615384615384 0.06610576923076923 0.06009615384615385
0 0.21033653846153846 0.6081730769230769 0.055288461538461536 0.038461538461538464
0 0.15504807692307693 0.6514423076923077 0.13942307692307693 0.06009615384615385
0 0.15865384615384615 0.6875 0.09975961538461539 0.039663461538461536
0 0.43990384615384615 0.5252403846153846 0.03485576923076923 0.03485576923076923
0 0.5552884615384616 0.5829326923076923 0.04807692307692308 0.03245192307692308
0 0.328125 0.6802884615384616 0.06370192307692307 0.10697115384615384
0 0.41466346153846156 0.8028846153846154 0.08533653846153846 0.13221153846153846
0 0.2704326923076923 0.8653846153846154 0.056490384615384616 0.05889423076923077
0 0.13701923076923078 0.7680288461538461 0.06490384615384616 0.05889423076923077
0 0.1875 0.8353365384615384 0.08413461538461539 0.06850961538461539
0 0.171875 0.7956730769230769 0.07091346153846154 0.04567307692307692
0 0.1201923076923077 0.8665865384615384 0.028846153846153848 0.05889423076923077
0 0.24278846153846154 0.7560096153846154 0.04447115384615385 0.04927884615384615
0 0.5288461538461539 0.8197115384615384 0.04927884615384615 0.03485576923076923
0 0.5901442307692307 0.828125 0.03125 0.04807692307692308
0 0.47716346153846156 0.8629807692307693 0.0625 0.039663461538461536
0 0.5697115384615384 0.8882211538461539 0.10096153846153846 0.07932692307692307
0 0.5372596153846154 0.8737980769230769 0.03365384615384615 0.04927884615384615
0 0.6899038461538461 0.8161057692307693 0.03485576923076923 0.06490384615384616
0 0.7608173076923077 0.7716346153846154 0.04567307692307692 0.10697115384615384
0 0.6706730769230769 0.9711538461538461 0.03125 0.055288461538461536
0 0.39302884615384615 0.9519230769230769 0.03365384615384615 0.04326923076923077
0 0.8185096153846154 0.5889423076923077 0.04326923076923077 0.057692307692307696
0 0.9375 0.5997596153846154 0.06009615384615385 0.037259615384615384
0 0.9867788461538461 0.640625 0.02403846153846154 0.04326923076923077
0 0.8653846153846154 0.9555288461538461 0.06971153846153846 0.04927884615384615
0 0.8990384615384616 0.8882211538461539 0.06009615384615385 0.08173076923076923
0 0.9663461538461539 0.8942307692307693 0.04927884615384615 0.06009615384615385
0 0.9290865384615384 0.9627403846153846 0.055288461538461536 0.0733173076923077
0 0.9759615384615384 0.9663461538461539 0.04447115384615385 0.06610576923076923
0 0.8665865384615384 0.9855769230769231 0.046875 0.026442307692307692
0 0.9639423076923077 0.015625 0.057692307692307696 0.03125
0 0.875 0.09615384615384616 0.04326923076923077 0.08533653846153846
0 0.38221153846153844 0.9891826923076923 0.02403846153846154 0.018028846153846152