0 0.7307692307692307 0.8257211538461539 0.07692307692307693 0.0625
0 0.9483173076923077 0.8076923076923077 0.10096153846153846 0.09615384615384616
0 0.375 0.0673076923076923 0.19471153846153846 0.08533653846153846
0 0.9002403846153846 0.48197115384615385 0.19471153846153846 0.08052884615384616
0 0.9399038461538461 0.30528846153846156 0.11899038461538461 0.06490384615384616
0 0.8016826923076923 0.9759615384615384 0.09134615384615384 0.04447115384615385
0 0.9627403846153846 0.22355769230769232 0.07211538461538461 0.06370192307692307
0 0.9026442307692307 0.15865384615384615 0.19230769230769232 0.06370192307692307
0 0.025240384615384616 0.9555288461538461 0.05048076923076923 0.08653846153846154
0 0.8233173076923077 0.6778846153846154 0.1971153846153846 0.0733173076923077
0 0.6358173076923077 0.19230769230769232 0.08173076923076923 0.1346153846153846
0 0.5300480769230769 0.7175480769230769 0.08533653846153846 0.0673076923076923
0 0.42788461538461536 0.6105769230769231 0.11778846153846154 0.0829326923076923
0 0.7680288461538461 0.625 0.0829326923076923 0.039663461538461536
0 0.8425480769230769 0.38822115384615385 0.06490384615384616 0.09735576923076923
0 0.45072115384615385 0.9399038461538461 0.13822115384615385 0.11778846153846154
0 0.9423076923076923 0.8822115384615384 0.11177884615384616 0.05048076923076923
0 0.07572115384615384 0.9831730769230769 0.12860576923076922 0.03245192307692308
0 0.75 0.7620192307692307 0.10216346153846154 0.17427884615384615
0 0.8918269230769231 0.7211538461538461 0.12980769230769232 0.04447115384615385
0 0.9579326923076923 0.40384615384615385 0.08173076923076923 0.07932692307692307
0 0.9387019230769231 0.30528846153846156 0.1201923076923077 0.06490384615384616
0 0.8774038461538461 0.8461538461538461 0.21875 0.07451923076923077
0 0.36899038461538464 0.3858173076923077 0.11177884615384616 0.078125
0 0.5048076923076923 0.24759615384615385 0.13942307692307693 0.08052884615384616
0 0.06009615384615385 0.4266826923076923 0.11899038461538461 0.125
0 0.1935096153846154 0.5649038461538461 0.12259615384615384 0.14302884615384615
0 0.2091346153846154 0.453125 0.14903846153846154 0.08173076923076923
0 0.8461538461538461 0.7584134615384616 0.12740384615384615 0.08653846153846154
0 0.8882211538461539 0.671875 0.22115384615384615 0.0985576923076923
0 0.47716346153846156 0.8100961538461539 0.23918269230769232 0.08774038461538461
0 0.9326923076923077 0.12620192307692307 0.1141826923076923 0.07211538461538461
0 0.9134615384615384 0.27403846153846156 0.13221153846153846 0.06009615384615385
0 0.4206730769230769 0.5036057692307693 0.12259615384615384 0.13822115384615385
0 0.6201923076923077 0.9278846153846154 0.16947115384615385 0.14302884615384615
0 0.875 0.5733173076923077 0.11177884615384616 0.056490384615384616
0 0.5516826923076923 0.9555288461538461 0.054086538461538464 0.08653846153846154
0 0.1814903846153846 0.8918269230769231 0.14783653846153846 0.125
0 0.8653846153846154 0.9591346153846154 0.0673076923076923 0.06971153846153846
0 0.7487980769230769 0.5625 0.057692307692307696 0.06971153846153846