0 0.5649038461538461 0.9543269230769231 0.08052884615384616 0.08052884615384616
0 0.12259615384615384 0.8293269230769231 0.040865384615384616 0.056490384615384616
0 0.6995192307692307 0.7019230769230769 0.22956730769230768 0.12980769230769232
0 0.15504807692307693 0.71875 0.056490384615384616 0.04927884615384615
0 0.45913461538461536 0.5444711538461539 0.08052884615384616 0.07692307692307693
0 0.9423076923076923 0.4579326923076923 0.06129807692307692 0.06850961538461539
0 0.29447115384615385 0.055288461538461536 0.09375 0.09975961538461539
0 0.18990384615384615 0.65625 0.0673076923076923 0.08533653846153846
0 0.36177884615384615 0.21153846153846154 0.11778846153846154 0.17427884615384615
0 0.6670673076923077 0.15865384615384615 0.12379807692307693 0.08413461538461539
0 0.8401442307692307 0.9459134615384616 0.0733173076923077 0.06490384615384616
0 0.2824519230769231 0.17548076923076922 0.07932692307692307 0.07572115384615384
0 0.25600961538461536 0.3858173076923077 0.08052884615384616 0.0829326923076923
0 0.8269230769230769 0.5612980769230769 0.08653846153846154 0.07451923076923077
0 0.6322115384615384 0.21394230769230768 0.125 0.0733173076923077
0 0.53125 0.6610576923076923 0.07572115384615384 0.0673076923076923
0 0.3473557692307692 0.33653846153846156 0.055288461538461536 0.04927884615384615
0 0.5865384615384616 0.040865384615384616 0.08653846153846154 0.08052884615384616