0 0.37740384615384615 0.8834134615384616 0.0625 0.06009615384615385
0 0.030048076923076924 0.9423076923076923 0.05889423076923077 0.1141826923076923
0 0.7836538461538461 0.3161057692307692 0.08653846153846154 0.06610576923076923
0 0.875 0.8689903846153846 0.06009615384615385 0.04447115384615385
0 0.0985576923076923 0.9375 0.055288461538461536 0.08052884615384616
0 0.5264423076923077 0.8569711538461539 0.06009615384615385 0.0625
0 0.17307692307692307 0.4891826923076923 0.11538461538461539 0.13701923076923078
0 0.4375 0.8112980769230769 0.055288461538461536 0.06971153846153846
0 0.08052884615384616 0.24519230769230768 0.07211538461538461 0.078125
0 0.9747596153846154 0.31009615384615385 0.04807692307692308 0.07211538461538461
0 0.6935096153846154 0.7403846153846154 0.11177884615384616 0.06850961538461539
0 0.921875 0.04567307692307692 0.07692307692307693 0.09134615384615384
0 0.19471153846153846 0.375 0.06971153846153846 0.06370192307692307
0 0.2776442307692308 0.5697115384615384 0.11778846153846154 0.09014423076923077
0 0.44591346153846156 0.8930288461538461 0.06009615384615385 0.09014423076923077
0 0.04326923076923077 0.49158653846153844 0.07572115384615384 0.07692307692307693
0 0.2536057692307692 0.45072115384615385 0.030048076923076924 0.046875
0 0.484375 0.24158653846153846 0.056490384615384616 0.078125
0 0.9543269230769231 0.20793269230769232 0.0889423076923077 0.1045673076923077
0 0.7211538461538461 0.8149038461538461 0.06850961538461539 0.056490384615384616
0 0.025240384615384616 0.6754807692307693 0.04927884615384615 0.06370192307692307
0 0.4026442307692308 0.18990384615384615 0.10697115384615384 0.09615384615384616
0 0.5024038461538461 0.7055288461538461 0.06490384615384616 0.06129807692307692
0 0.9639423076923077 0.84375 0.06971153846153846 0.13221153846153846
0 0.028846153846153848 0.31971153846153844 0.057692307692307696 0.08653846153846154
0 0.15504807692307693 0.21634615384615385 0.0985576923076923 0.125
0 0.40625 0.3581730769230769 0.06009615384615385 0.05889423076923077
0 0.6418269230769231 0.06370192307692307 0.06610576923076923 0.11057692307692307
0 0.9795673076923077 0.43990384615384615 0.039663461538461536 0.0889423076923077
0 0.8461538461538461 0.9266826923076923 0.08173076923076923 0.06370192307692307
0 0.3076923076923077 0.22956730769230768 0.055288461538461536 0.0673076923076923
0 0.20793269230769232 0.06610576923076923 0.07572115384615384 0.078125
0 0.2704326923076923 0.23798076923076922 0.08052884615384616 0.10096153846153846
0 0.2860576923076923 0.9302884615384616 0.0829326923076923 0.09134615384615384
0 0.8461538461538461 0.7668269230769231 0.06850961538461539 0.055288461538461536
0 0.2403846153846154 0.8473557692307693 0.0733173076923077 0.06009615384615385
0 0.45552884615384615 0.3329326923076923 0.0625 0.052884615384615384
0 0.28725961538461536 0.7524038461538461 0.05889423076923077 0.055288461538461536
0 0.11298076923076923 0.703125 0.10817307692307693 0.06490384615384616
0 0.9242788461538461 0.6670673076923077 0.07211538461538461 0.0733173076923077
0 0.042067307692307696 0.02283653846153846 0.07091346153846154 0.04447115384615385
0 0.7752403846153846 0.5600961538461539 0.11899038461538461 0.06490384615384616
0 0.027644230769230768 0.09134615384615384 0.055288461538461536 0.06971153846153846