0 0.8737980769230769 0.7379807692307693 0.07091346153846154 0.08774038461538461
0 0.9567307692307693 0.4519230769230769 0.06490384615384616 0.06009615384615385
0 0.7860576923076923 0.34375 0.07692307692307693 0.08052884615384616
0 0.13221153846153846 0.6550480769230769 0.07451923076923077 0.05048076923076923
0 0.28365384615384615 0.9735576923076923 0.06610576923076923 0.051682692307692304
0 0.27283653846153844 0.8918269230769231 0.06490384615384616 0.06490384615384616
0 0.5 0.625 0.06850961538461539 0.06490384615384616
0 0.9302884615384616 0.15144230769230768 0.07692307692307693 0.06490384615384616
0 0.578125 0.8930288461538461 0.0985576923076923 0.04927884615384615
0 0.16947115384615385 0.9723557692307693 0.06971153846153846 0.052884615384615384
0 0.41947115384615385 0.06129807692307692 0.06009615384615385 0.056490384615384616
0 0.052884615384615384 0.5600961538461539 0.09615384615384616 0.06971153846153846
0 0.0985576923076923 0.7019230769230769 0.0985576923076923 0.07091346153846154
0 0.42427884615384615 0.8882211538461539 0.078125 0.08052884615384616
0 0.32572115384615385 0.5180288461538461 0.08413461538461539 0.06850961538461539
0 0.8401442307692307 0.5576923076923077 0.07091346153846154 0.07091346153846154
0 0.16947115384615385 0.7199519230769231 0.04447115384615385 0.04927884615384615
0 0.9266826923076923 0.6971153846153846 0.09134615384615384 0.06490384615384616
0 0.30649038461538464 0.8100961538461539 0.057692307692307696 0.07932692307692307
0 0.7103365384615384 0.040865384615384616 0.07091346153846154 0.06490384615384616
0 0.6213942307692307 0.018028846153846152 0.06971153846153846 0.036057692307692304
0 0.16947115384615385 0.12139423076923077 0.109375 0.0829326923076923
0 0.9411057692307693 0.6442307692307693 0.07211538461538461 0.06009615384615385
0 0.0733173076923077 0.1971153846153846 0.07091346153846154 0.10216346153846154
0 0.7391826923076923 0.22235576923076922 0.051682692307692304 0.04927884615384615
0 0.703125 0.9627403846153846 0.12740384615384615 0.07211538461538461
0 0.12740384615384615 0.1875 0.06971153846153846 0.06610576923076923
0 0.8125 0.039663461538461536 0.06129807692307692 0.056490384615384616
0 0.6418269230769231 0.7355769230769231 0.06009615384615385 0.05889423076923077
0 0.9447115384615384 0.8137019230769231 0.04927884615384615 0.0733173076923077
0 0.8653846153846154 0.1466346153846154 0.06490384615384616 0.08052884615384616
0 0.7896634615384616 0.4699519230769231 0.07211538461538461 0.08052884615384616
0 0.3762019230769231 0.8149038461538461 0.0673076923076923 0.10697115384615384
0 0.4675480769230769 0.23557692307692307 0.07572115384615384 0.056490384615384616
0 0.038461538461538464 0.296875 0.07572115384615384 0.08653846153846154
0 0.49759615384615385 0.1622596153846154 0.07211538461538461 0.06850961538461539
0 0.20793269230769232 0.6658653846153846 0.06009615384615385 0.06370192307692307
0 0.2860576923076923 0.09134615384615384 0.08173076923076923 0.06850961538461539
0 0.15144230769230768 0.6069711538461539 0.06850961538461539 0.057692307692307696
0 0.5384615384615384 0.078125 0.07692307692307693 0.07692307692307693
0 0.59375 0.21634615384615385 0.07451923076923077 0.06971153846153846
0 0.9338942307692307 0.9603365384615384 0.06370192307692307 0.07091346153846154
0 0.24759615384615385 0.6826923076923077 0.0625 0.052884615384615384
0 0.49278846153846156 0.6923076923076923 0.0889423076923077 0.06971153846153846
0 0.2127403846153846 0.019230769230769232 0.09375 0.038461538461538464
0 0.40625 0.18629807692307693 0.10096153846153846 0.08413461538461539
0 0.6418269230769231 0.06610576923076923 0.06850961538461539 0.06490384615384616
0 0.3173076923076923 0.016826923076923076 0.07692307692307693 0.03365384615384615
0 0.9759615384615384 0.21394230769230768 0.046875 0.06490384615384616
0 0.9002403846153846 0.5829326923076923 0.05889423076923077 0.06370192307692307
0 0.13221153846153846 0.765625 0.07091346153846154 0.056490384615384616
0 0.015625 0.49278846153846156 0.030048076923076924 0.09375
0 0.13341346153846154 0.4951923076923077 0.06610576923076923 0.06370192307692307
0 0.8930288461538461 0.9110576923076923 0.06971153846153846 0.06009615384615385
0 0.5324519230769231 0.27524038461538464 0.05048076923076923 0.04447115384615385
0 0.36778846153846156 0.453125 0.09134615384615384 0.06971153846153846
0 0.039663461538461536 0.3858173076923077 0.04927884615384615 0.06490384615384616
0 0.5949519230769231 0.2668269230769231 0.05889423076923077 0.052884615384615384
0 0.9651442307692307 0.7548076923076923 0.06850961538461539 0.05889423076923077