0 0.6814903846153846 0.4254807692307692 0.06009615384615385 0.06610576923076923
0 0.453125 0.7475961538461539 0.04807692307692308 0.05048076923076923
0 0.27884615384615385 0.125 0.07451923076923077 0.04807692307692308
0 0.6358173076923077 0.8617788461538461 0.0829326923076923 0.07211538461538461
0 0.8365384615384616 0.9795673076923077 0.07451923076923077 0.038461538461538464
0 0.703125 0.20673076923076922 0.054086538461538464 0.057692307692307696
0 0.6201923076923077 0.33052884615384615 0.07211538461538461 0.06009615384615385
0 0.5889423076923077 0.921875 0.038461538461538464 0.038461538461538464
0 0.19110576923076922 0.015625 0.052884615384615384 0.03125
0 0.4411057692307692 0.03365384615384615 0.06370192307692307 0.06610576923076923
0 0.8545673076923077 0.7247596153846154 0.055288461538461536 0.05889423076923077
0 0.3317307692307692 0.5480769230769231 0.046875 0.046875
0 0.5348557692307693 0.28725961538461536 0.04927884615384615 0.08173076923076923
0 0.20552884615384615 0.4879807692307692 0.07692307692307693 0.06129807692307692
0 0.484375 0.21514423076923078 0.04567307692307692 0.05889423076923077
0 0.9507211538461539 0.6959134615384616 0.05889423076923077 0.057692307692307696
0 0.021634615384615384 0.8665865384615384 0.04326923076923077 0.07572115384615384
0 0.6430288461538461 0.04447115384615385 0.06129807692307692 0.06129807692307692
0 0.6117788461538461 0.6117788461538461 0.05889423076923077 0.04807692307692308
0 0.47475961538461536 0.47716346153846156 0.052884615384615384 0.06490384615384616
0 0.21514423076923078 0.6646634615384616 0.0625 0.04807692307692308
0 0.9663461538461539 0.8125 0.06610576923076923 0.06490384615384616
0 0.8100961538461539 0.9375 0.06971153846153846 0.04927884615384615
0 0.125 0.41586538461538464 0.0625 0.046875
0 0.7788461538461539 0.6814903846153846 0.06490384615384616 0.05889423076923077
0 0.9110576923076923 0.7884615384615384 0.07211538461538461 0.056490384615384616
0 0.1466346153846154 0.3389423076923077 0.04807692307692308 0.03365384615384615
0 0.859375 0.15625 0.07211538461538461 0.04447115384615385
0 0.4254807692307692 0.9663461538461539 0.06971153846153846 0.056490384615384616
0 0.10817307692307693 0.25841346153846156 0.06009615384615385 0.051682692307692304
0 0.5444711538461539 0.39783653846153844 0.05889423076923077 0.07211538461538461
0 0.0625 0.8149038461538461 0.054086538461538464 0.04807692307692308
0 0.31009615384615385 0.6766826923076923 0.06129807692307692 0.06009615384615385
0 0.26322115384615385 0.23197115384615385 0.038461538461538464 0.046875
0 0.5829326923076923 0.484375 0.06370192307692307 0.06370192307692307
0 0.3076923076923077 0.48197115384615385 0.051682692307692304 0.04927884615384615
0 0.8677884615384616 0.013221153846153846 0.052884615384615384 0.026442307692307692
0 0.6454326923076923 0.9711538461538461 0.05889423076923077 0.055288461538461536
0 0.6814903846153846 0.6850961538461539 0.11658653846153846 0.06610576923076923
0 0.33774038461538464 0.7704326923076923 0.08653846153846154 0.042067307692307696
0 0.7103365384615384 0.49759615384615385 0.056490384615384616 0.04927884615384615
0 0.40865384615384615 0.8605769230769231 0.078125 0.04927884615384615
0 0.45072115384615385 0.5288461538461539 0.06370192307692307 0.055288461538461536
0 0.7295673076923077 0.9639423076923077 0.057692307692307696 0.04807692307692308
0 0.9158653846153846 0.5877403846153846 0.056490384615384616 0.051682692307692304
0 0.6117788461538461 0.3870192307692308 0.08413461538461539 0.06129807692307692
0 0.34615384615384615 0.046875 0.06610576923076923 0.08173076923076923
0 0.8341346153846154 0.7548076923076923 0.0733173076923077 0.038461538461538464
0 0.39663461538461536 0.3112980769230769 0.06009615384615385 0.06490384615384616
0 0.5877403846153846 0.6622596153846154 0.06490384615384616 0.04927884615384615
0 0.921875 0.44350961538461536 0.06971153846153846 0.06850961538461539
0 0.5600961538461539 0.1201923076923077 0.09014423076923077 0.051682692307692304
0 0.28966346153846156 0.2512019230769231 0.055288461538461536 0.04927884615384615
0 0.359375 0.43509615384615385 0.06490384615384616 0.05889423076923077
0 0.9555288461538461 0.3137019230769231 0.08774038461538461 0.06490384615384616
0 0.22115384615384615 0.41225961538461536 0.07211538461538461 0.04927884615384615
0 0.11298076923076923 0.46153846153846156 0.08052884615384616 0.05048076923076923
0 0.6911057692307693 0.1045673076923077 0.09134615384615384 0.06009615384615385
0 0.14302884615384615 0.8617788461538461 0.08413461538461539 0.06370192307692307
0 0.9675480769230769 0.23076923076923078 0.06009615384615385 0.055288461538461536