0 0.7692307692307693 0.7127403846153846 0.078125 0.027644230769230768
0 0.625 0.040865384615384616 0.0673076923076923 0.055288461538461536
0 0.4951923076923077 0.25721153846153844 0.0673076923076923 0.030048076923076924
0 0.203125 0.29086538461538464 0.109375 0.046875
0 0.05889423076923077 0.6141826923076923 0.10697115384615384 0.036057692307692304
0 0.7716346153846154 0.5757211538461539 0.09014423076923077 0.06009615384615385
0 0.17668269230769232 0.4831730769230769 0.10817307692307693 0.06009615384615385
0 0.43509615384615385 0.01201923076923077 0.0625 0.02403846153846154
0 0.5853365384615384 0.96875 0.09134615384615384 0.03245192307692308
0 0.42788461538461536 0.24158653846153846 0.10817307692307693 0.04447115384615385
0 0.7319711538461539 0.9326923076923077 0.04927884615384615 0.02283653846153846
0 0.7391826923076923 0.5240384615384616 0.0673076923076923 0.07932692307692307
0 0.7668269230769231 0.6862980769230769 0.06850961538461539 0.02403846153846154
0 0.24759615384615385 0.9555288461538461 0.0889423076923077 0.08413461538461539
0 0.5120192307692307 0.3161057692307692 0.10697115384615384 0.057692307692307696
0 0.53125 0.24158653846153846 0.08052884615384616 0.05048076923076923
0 0.8040865384615384 0.06971153846153846 0.08653846153846154 0.03365384615384615
0 0.4519230769230769 0.5625 0.08653846153846154 0.030048076923076924
0 0.12259615384615384 0.65625 0.11899038461538461 0.03365384615384615
0 0.765625 0.6225961538461539 0.06490384615384616 0.03125
0 0.6310096153846154 0.6694711538461539 0.06971153846153846 0.025240384615384616
0 0.9759615384615384 0.3004807692307692 0.04447115384615385 0.038461538461538464
0 0.6814903846153846 0.6538461538461539 0.12139423076923077 0.052884615384615384
0 0.6009615384615384 0.17067307692307693 0.07211538461538461 0.056490384615384616
0 0.3701923076923077 0.19230769230769232 0.0733173076923077 0.054086538461538464
0 0.5012019230769231 0.6105769230769231 0.11658653846153846 0.05889423076923077
0 0.9230769230769231 0.7391826923076923 0.09014423076923077 0.06009615384615385
0 0.27884615384615385 0.23677884615384615 0.09375 0.03125
0 0.1201923076923077 0.9014423076923077 0.11778846153846154 0.038461538461538464
0 0.17548076923076922 0.8786057692307693 0.0829326923076923 0.026442307692307692
0 0.8353365384615384 0.03125 0.08653846153846154 0.05889423076923077
0 0.39663461538461536 0.35216346153846156 0.10576923076923077 0.042067307692307696
0 0.9086538461538461 0.15144230769230768 0.08533653846153846 0.056490384615384616
0 0.8125 0.8629807692307693 0.10216346153846154 0.04447115384615385
0 0.04447115384615385 0.6322115384615384 0.06971153846153846 0.028846153846153848
0 0.04447115384615385 0.5805288461538461 0.0889423076923077 0.046875
0 0.04807692307692308 0.7163461538461539 0.09495192307692307 0.051682692307692304
0 0.7367788461538461 0.796875 0.09254807692307693 0.051682692307692304
0 0.7427884615384616 0.8954326923076923 0.055288461538461536 0.025240384615384616
0 0.9350961538461539 0.5456730769230769 0.08653846153846154 0.06009615384615385
0 0.02283653846153846 0.06971153846153846 0.04567307692307692 0.025240384615384616
0 0.3161057692307692 0.8389423076923077 0.08052884615384616 0.07692307692307693
0 0.12860576923076922 0.6814903846153846 0.09134615384615384 0.025240384615384616
0 0.22355769230769232 0.5228365384615384 0.05048076923076923 0.028846153846153848
0 0.9651442307692307 0.5360576923076923 0.06850961538461539 0.038461538461538464
0 0.4230769230769231 0.6274038461538461 0.09975961538461539 0.03365384615384615
0 0.7740384615384616 0.34615384615384615 0.06610576923076923 0.038461538461538464
0 0.8942307692307693 0.859375 0.054086538461538464 0.03125
0 0.34975961538461536 0.11057692307692307 0.13581730769230768 0.06490384615384616
0 0.328125 0.19831730769230768 0.08173076923076923 0.04927884615384615
0 0.07572115384615384 0.26322115384615385 0.14423076923076922 0.038461538461538464
0 0.6646634615384616 0.5853365384615384 0.06490384615384616 0.04927884615384615
0 0.6310096153846154 0.421875 0.09134615384615384 0.07572115384615384
0 0.19831730769230768 0.17668269230769232 0.10096153846153846 0.03485576923076923
0 0.31971153846153844 0.5901442307692307 0.08413461538461539 0.037259615384615384
0 0.41225961538461536 0.7740384615384616 0.0733173076923077 0.06850961538461539
0 0.0829326923076923 0.75 0.10216346153846154 0.030048076923076924
0 0.9086538461538461 0.06129807692307692 0.04927884615384615 0.026442307692307692
0 0.9639423076923077 0.21995192307692307 0.06971153846153846 0.04567307692307692
0 0.171875 0.4639423076923077 0.10096153846153846 0.051682692307692304