0 0.6959134615384616 0.47716346153846156 0.08413461538461539 0.07692307692307693
0 0.1141826923076923 0.5036057692307693 0.06009615384615385 0.07572115384615384
0 0.28365384615384615 0.2932692307692308 0.08774038461538461 0.10096153846153846
0 0.20432692307692307 0.25600961538461536 0.08413461538461539 0.046875
0 0.4170673076923077 0.35096153846153844 0.07211538461538461 0.037259615384615384
0 0.65625 0.984375 0.07692307692307693 0.028846153846153848
0 0.5588942307692307 0.18990384615384615 0.08653846153846154 0.10576923076923077
0 0.7295673076923077 0.039663461538461536 0.07572115384615384 0.078125
0 0.4338942307692308 0.8004807692307693 0.055288461538461536 0.06490384615384616
0 0.5612980769230769 0.3401442307692308 0.055288461538461536 0.06610576923076923
0 0.7776442307692307 0.4423076923076923 0.04567307692307692 0.0673076923076923
0 0.65625 0.47475961538461536 0.06129807692307692 0.08052884615384616
0 0.43149038461538464 0.019230769230769232 0.052884615384615384 0.036057692307692304
0 0.7259615384615384 0.84375 0.06129807692307692 0.04447115384615385
0 0.4375 0.3233173076923077 0.06129807692307692 0.08533653846153846
0 0.31009615384615385 0.8870192307692307 0.06129807692307692 0.055288461538461536
0 0.17548076923076922 0.12379807692307693 0.09375 0.0985576923076923
0 0.4963942307692308 0.10216346153846154 0.055288461538461536 0.05048076923076923
0 0.5264423076923077 0.9182692307692307 0.0673076923076923 0.055288461538461536
0 0.09735576923076923 0.5408653846153846 0.06490384615384616 0.051682692307692304
0 0.6862980769230769 0.640625 0.078125 0.04927884615384615
0 0.39903846153846156 0.1778846153846154 0.06490384615384616 0.07572115384615384
0 0.3245192307692308 0.5444711538461539 0.13221153846153846 0.04807692307692308
0 0.4206730769230769 0.984375 0.052884615384615384 0.030048076923076924
0 0.20793269230769232 0.6838942307692307 0.06971153846153846 0.037259615384615384
0 0.23798076923076922 0.9459134615384616 0.1141826923076923 0.056490384615384616
0 0.234375 0.7596153846153846 0.0733173076923077 0.06490384615384616
0 0.6105769230769231 0.03125 0.07572115384615384 0.04807692307692308
0 0.16706730769230768 0.8341346153846154 0.08052884615384616 0.051682692307692304
0 0.49038461538461536 0.6045673076923077 0.09375 0.046875
0 0.3954326923076923 0.7848557692307693 0.10817307692307693 0.09134615384615384
0 0.765625 0.5204326923076923 0.06490384615384616 0.07932692307692307
0 0.9627403846153846 0.7920673076923077 0.0625 0.0733173076923077
0 0.3125 0.38461538461538464 0.04807692307692308 0.03485576923076923
0 0.5060096153846154 0.984375 0.06971153846153846 0.030048076923076924
0 0.4963942307692308 0.36899038461538464 0.0625 0.05889423076923077
0 0.1502403846153846 0.02403846153846154 0.07211538461538461 0.046875
0 0.8233173076923077 0.9302884615384616 0.08653846153846154 0.040865384615384616
0 0.6670673076923077 0.18389423076923078 0.06490384615384616 0.10096153846153846
0 0.6790865384615384 0.25841346153846156 0.06850961538461539 0.052884615384615384
0 0.48677884615384615 0.6334134615384616 0.08774038461538461 0.06129807692307692
0 0.9098557692307693 0.10096153846153846 0.06490384615384616 0.055288461538461536
0 0.14182692307692307 0.9014423076923077 0.09735576923076923 0.0829326923076923
0 0.3233173076923077 0.7211538461538461 0.055288461538461536 0.046875
0 0.14182692307692307 0.6814903846153846 0.078125 0.06490384615384616
0 0.28966346153846156 0.43509615384615385 0.056490384615384616 0.04447115384615385
0 0.6586538461538461 0.7716346153846154 0.09375 0.07211538461538461
0 0.025240384615384616 0.5612980769230769 0.04927884615384615 0.04927884615384615
0 0.23317307692307693 0.5024038461538461 0.10697115384615384 0.055288461538461536
0 0.02283653846153846 0.10336538461538461 0.04567307692307692 0.038461538461538464
0 0.35697115384615385 0.3161057692307692 0.04927884615384615 0.05889423076923077
0 0.7704326923076923 0.021634615384615384 0.06971153846153846 0.04326923076923077
0 0.9459134615384616 0.6971153846153846 0.052884615384615384 0.055288461538461536
0 0.7463942307692307 0.24639423076923078 0.028846153846153848 0.08052884615384616
0 0.28846153846153844 0.14903846153846154 0.1141826923076923 0.04326923076923077
0 0.20552884615384615 0.8870192307692307 0.08533653846153846 0.038461538461538464
0 0.47475961538461536 0.4387019230769231 0.08173076923076923 0.07572115384615384
0 0.8882211538461539 0.10336538461538461 0.06009615384615385 0.06610576923076923
0 0.2920673076923077 0.2692307692307692 0.051682692307692304 0.04807692307692308
0 0.09014423076923077 0.6394230769230769 0.04927884615384615 0.051682692307692304
0 0.026442307692307692 0.5252403846153846 0.051682692307692304 0.046875
0 0.6081730769230769 0.8677884615384616 0.04807692307692308 0.08413461538461539
0 0.9555288461538461 0.4483173076923077 0.06971153846153846 0.078125