0 0.10336538461538461 0.5817307692307693 0.13822115384615385 0.07572115384615384
0 0.7139423076923077 0.25841346153846156 0.07692307692307693 0.07932692307692307
0 0.6766826923076923 0.3269230769230769 0.11658653846153846 0.07692307692307693
0 0.3329326923076923 0.6057692307692307 0.09615384615384616 0.11538461538461539
0 0.10096153846153846 0.3076923076923077 0.09975961538461539 0.054086538461538464
0 0.8028846153846154 0.6538461538461539 0.12860576923076922 0.109375
0 0.8569711538461539 0.21754807692307693 0.11298076923076923 0.08653846153846154
0 0.7475961538461539 0.828125 0.08052884615384616 0.10216346153846154
0 0.9831730769230769 0.4987980769230769 0.03245192307692308 0.11778846153846154
0 0.28725961538461536 0.796875 0.0889423076923077 0.08052884615384616
0 0.15985576923076922 0.1935096153846154 0.14903846153846154 0.06490384615384616
0 0.18990384615384615 0.84375 0.109375 0.11057692307692307
0 0.6454326923076923 0.5132211538461539 0.11899038461538461 0.09014423076923077
0 0.5444711538461539 0.5949519230769231 0.109375 0.07211538461538461
0 0.2668269230769231 0.47716346153846156 0.12740384615384615 0.08653846153846154
0 0.984375 0.27403846153846156 0.030048076923076924 0.052884615384615384
0 0.43028846153846156 0.0889423076923077 0.08052884615384616 0.06370192307692307
0 0.18990384615384615 0.7560096153846154 0.12259615384615384 0.07572115384615384
0 0.27403846153846156 0.12379807692307693 0.109375 0.051682692307692304
0 0.06610576923076923 0.7620192307692307 0.13221153846153846 0.08052884615384616
0 0.6923076923076923 0.1466346153846154 0.13221153846153846 0.09134615384615384
0 0.39663461538461536 0.5961538461538461 0.078125 0.08052884615384616
0 0.056490384615384616 0.46153846153846156 0.11298076923076923 0.09495192307692307
0 0.35096153846153844 0.328125 0.06610576923076923 0.06971153846153846
0 0.953125 0.828125 0.09134615384615384 0.0829326923076923
0 0.06009615384615385 0.36538461538461536 0.1201923076923077 0.04447115384615385
0 0.5901442307692307 0.10216346153846154 0.06971153846153846 0.06971153846153846
0 0.8942307692307693 0.06129807692307692 0.06971153846153846 0.1141826923076923
0 0.5985576923076923 0.7259615384615384 0.08653846153846154 0.12139423076923077
0 0.5456730769230769 0.21875 0.06971153846153846 0.08774038461538461
0 0.6081730769230769 0.9615384615384616 0.19831730769230768 0.07211538461538461
0 0.4110576923076923 0.20072115384615385 0.0829326923076923 0.08653846153846154
0 0.5300480769230769 0.7884615384615384 0.08413461538461539 0.09615384615384616
0 0.8149038461538461 0.020432692307692308 0.057692307692307696 0.039663461538461536
0 0.9194711538461539 0.38341346153846156 0.09495192307692307 0.06370192307692307