0 0.9519230769230769 0.5132211538461539 0.07091346153846154 0.14182692307692307
0 0.33774038461538464 0.9579326923076923 0.1310096153846154 0.08173076923076923
0 0.5324519230769231 0.8305288461538461 0.15144230769230768 0.33653846153846156
0 0.46634615384615385 0.25721153846153844 0.12620192307692307 0.17427884615384615
0 0.1875 0.9447115384615384 0.06009615384615385 0.05048076923076923
0 0.9759615384615384 0.36177884615384615 0.04447115384615385 0.09134615384615384
0 0.9158653846153846 0.6502403846153846 0.16706730769230768 0.15504807692307693
0 0.9615384615384616 0.11658653846153846 0.07451923076923077 0.09615384615384616
0 0.2920673076923077 0.9206730769230769 0.051682692307692304 0.055288461538461536
0 0.25 0.06971153846153846 0.1045673076923077 0.1346153846153846
0 0.6298076923076923 0.9711538461538461 0.08052884615384616 0.056490384615384616
0 0.6586538461538461 0.8197115384615384 0.2403846153846154 0.3401442307692308
0 0.9603365384615384 0.8533653846153846 0.07692307692307693 0.078125
0 0.14903846153846154 0.8040865384615384 0.29447115384615385 0.1201923076923077
0 0.9254807692307693 0.042067307692307696 0.14302884615384615 0.08052884615384616
0 0.16947115384615385 0.8052884615384616 0.10697115384615384 0.0673076923076923
0 0.171875 0.7307692307692307 0.2548076923076923 0.21754807692307693
0 0.4963942307692308 0.265625 0.18629807692307693 0.43028846153846156
0 0.5012019230769231 0.055288461538461536 0.11778846153846154 0.10576923076923077
0 0.12620192307692307 0.8401442307692307 0.24759615384615385 0.25
0 0.14302884615384615 0.6646634615384616 0.28125 0.1045673076923077
0 0.33653846153846156 0.08774038461538461 0.09975961538461539 0.17067307692307693
0 0.27403846153846156 0.18269230769230768 0.27283653846153844 0.3485576923076923
0 0.6322115384615384 0.15144230769230768 0.11057692307692307 0.2980769230769231
0 0.90625 0.7788461538461539 0.18509615384615385 0.11778846153846154
0 0.9278846153846154 0.9447115384615384 0.11778846153846154 0.10697115384615384