0 0.040865384615384616 0.8449519230769231 0.08052884615384616 0.14903846153846154
0 0.38100961538461536 0.9771634615384616 0.11538461538461539 0.04326923076923077
0 0.578125 0.37740384615384615 0.06610576923076923 0.05889423076923077
0 0.23076923076923078 0.9711538461538461 0.14903846153846154 0.051682692307692304
0 0.9170673076923077 0.90625 0.15865384615384615 0.07091346153846154
0 0.328125 0.5120192307692307 0.18509615384615385 0.11538461538461539
0 0.9747596153846154 0.45552884615384615 0.04807692307692308 0.09134615384615384
0 0.7992788461538461 0.35096153846153844 0.07572115384615384 0.09375
0 0.828125 0.625 0.06009615384615385 0.07451923076923077
0 0.9783653846153846 0.8557692307692307 0.040865384615384616 0.07451923076923077
0 0.5444711538461539 0.6237980769230769 0.08173076923076923 0.16706730769230768
0 0.30408653846153844 0.8605769230769231 0.11177884615384616 0.06129807692307692
0 0.35096153846153844 0.02403846153846154 0.07932692307692307 0.04807692307692308
0 0.6706730769230769 0.16346153846153846 0.11538461538461539 0.07692307692307693
0 0.28725961538461536 0.43028846153846156 0.09975961538461539 0.06490384615384616
0 0.6213942307692307 0.7620192307692307 0.10096153846153846 0.08533653846153846
0 0.04807692307692308 0.9567307692307693 0.0625 0.07091346153846154
0 0.3737980769230769 0.5817307692307693 0.07572115384615384 0.06009615384615385
0 0.6213942307692307 0.27884615384615385 0.03365384615384615 0.018028846153846152
0 0.9314903846153846 0.375 0.06490384615384616 0.07211538461538461
0 0.36899038461538464 0.4639423076923077 0.055288461538461536 0.05889423076923077
0 0.19591346153846154 0.08052884615384616 0.0985576923076923 0.04807692307692308
0 0.2932692307692308 0.546875 0.07451923076923077 0.21153846153846154
0 0.6237980769230769 0.6334134615384616 0.08052884615384616 0.16466346153846154
0 0.5084134615384616 0.14783653846153846 0.056490384615384616 0.07932692307692307
0 0.020432692307692308 0.020432692307692308 0.040865384615384616 0.038461538461538464
0 0.4014423076923077 0.5276442307692307 0.10096153846153846 0.0733173076923077
0 0.375 0.9495192307692307 0.08052884615384616 0.09975961538461539
0 0.9615384615384616 0.15144230769230768 0.07572115384615384 0.11177884615384616
0 0.06971153846153846 0.40384615384615385 0.06610576923076923 0.06971153846153846
0 0.578125 0.7127403846153846 0.06850961538461539 0.08173076923076923
0 0.04326923076923077 0.6105769230769231 0.0829326923076923 0.14302884615384615
0 0.6334134615384616 0.5600961538461539 0.06850961538461539 0.055288461538461536
0 0.8725961538461539 0.39663461538461536 0.06971153846153846 0.10216346153846154
0 0.7680288461538461 0.08173076923076923 0.05889423076923077 0.04326923076923077
0 0.9290865384615384 0.5420673076923077 0.140625 0.08653846153846154
0 0.42908653846153844 0.18269230769230768 0.06009615384615385 0.0829326923076923
0 0.4266826923076923 0.7764423076923077 0.12980769230769232 0.09495192307692307
0 0.8389423076923077 0.49278846153846156 0.10697115384615384 0.06971153846153846
0 0.14182692307692307 0.4014423076923077 0.11658653846153846 0.08653846153846154
0 0.34615384615384615 0.38100961538461536 0.06971153846153846 0.08533653846153846
0 0.9627403846153846 0.7596153846153846 0.07211538461538461 0.08653846153846154
0 0.4170673076923077 0.640625 0.07692307692307693 0.07572115384615384
0 0.5264423076923077 0.53125 0.06971153846153846 0.06129807692307692
0 0.5612980769230769 0.16105769230769232 0.08173076923076923 0.11298076923076923