0 0.7379807692307693 0.36899038461538464 0.06971153846153846 0.09134615384615384
0 0.8810096153846154 0.18990384615384615 0.06009615384615385 0.046875
0 0.24639423076923078 0.6286057692307693 0.06009615384615385 0.09254807692307693
0 0.5865384615384616 0.10576923076923077 0.078125 0.0673076923076923
0 0.13341346153846154 0.9230769230769231 0.06009615384615385 0.109375
0 0.8233173076923077 0.06971153846153846 0.06971153846153846 0.06370192307692307
0 0.9050480769230769 0.021634615384615384 0.08413461538461539 0.04326923076923077
0 0.12259615384615384 0.40865384615384615 0.07451923076923077 0.046875
0 0.6574519230769231 0.2608173076923077 0.054086538461538464 0.04927884615384615
0 0.47115384615384615 0.9723557692307693 0.07451923076923077 0.052884615384615384
0 0.6754807692307693 0.8798076923076923 0.052884615384615384 0.06009615384615385
0 0.6346153846153846 0.6213942307692307 0.04927884615384615 0.0625
0 0.8112980769230769 0.7524038461538461 0.06971153846153846 0.06370192307692307
0 0.5841346153846154 0.4014423076923077 0.04567307692307692 0.036057692307692304
0 0.6394230769230769 0.9266826923076923 0.05889423076923077 0.06009615384615385
0 0.6911057692307693 0.7584134615384616 0.06610576923076923 0.04807692307692308
0 0.12860576923076922 0.15625 0.04807692307692308 0.042067307692307696
0 0.6802884615384616 0.47115384615384615 0.06009615384615385 0.040865384615384616
0 0.7992788461538461 0.5805288461538461 0.06009615384615385 0.04567307692307692
0 0.026442307692307692 0.15384615384615385 0.040865384615384616 0.04447115384615385
0 0.14423076923076922 0.2536057692307692 0.07091346153846154 0.055288461538461536