0 0.13701923076923078 0.018028846153846152 0.04927884615384615 0.03485576923076923
0 0.19951923076923078 0.039663461538461536 0.09615384615384616 0.06009615384615385
0 0.13581730769230768 0.08052884615384616 0.07451923076923077 0.06610576923076923
0 0.06129807692307692 0.14302884615384615 0.028846153846153848 0.04447115384615385
0 0.016826923076923076 0.2127403846153846 0.03365384615384615 0.03125
0 0.2127403846153846 0.14302884615384615 0.025240384615384616 0.026442307692307692
0 0.4483173076923077 0.014423076923076924 0.036057692307692304 0.028846153846153848
0 0.38100961538461536 0.020432692307692308 0.038461538461538464 0.039663461538461536
0 0.3389423076923077 0.1310096153846154 0.04807692307692308 0.07091346153846154
0 0.24158653846153846 0.24519230769230768 0.037259615384615384 0.038461538461538464
0 0.38341346153846156 0.2692307692307692 0.03125 0.030048076923076924
0 0.5769230769230769 0.10096153846153846 0.06370192307692307 0.037259615384615384
0 0.6550480769230769 0.04447115384615385 0.057692307692307696 0.040865384615384616
0 0.09134615384615384 0.234375 0.03245192307692308 0.03245192307692308
0 0.09375 0.25600961538461536 0.026442307692307692 0.018028846153846152
0 0.5949519230769231 0.1814903846153846 0.057692307692307696 0.07451923076923077
0 0.9591346153846154 0.038461538461538464 0.028846153846153848 0.046875
0 0.9651442307692307 0.008413461538461538 0.06490384615384616 0.016826923076923076
0 0.96875 0.13822115384615385 0.040865384615384616 0.03365384615384615
0 0.9759615384615384 0.23197115384615385 0.04326923076923077 0.04447115384615385
0 0.8209134615384616 0.08653846153846154 0.10336538461538461 0.08413461538461539
0 0.9819711538461539 0.29086538461538464 0.03365384615384615 0.030048076923076924
0 0.6526442307692307 0.2776442307692308 0.06850961538461539 0.06009615384615385
0 0.45072115384615385 0.2980769230769231 0.0625 0.054086538461538464
0 0.9447115384615384 0.4723557692307692 0.07211538461538461 0.07091346153846154
0 0.984375 0.5673076923076923 0.030048076923076924 0.054086538461538464
0 0.8798076923076923 0.5673076923076923 0.057692307692307696 0.039663461538461536
0 0.9819711538461539 0.7079326923076923 0.03365384615384615 0.02403846153846154
0 0.9699519230769231 0.6778846153846154 0.057692307692307696 0.04326923076923077
0 0.7512019230769231 0.5961538461538461 0.07572115384615384 0.0625
0 0.6358173076923077 0.6742788461538461 0.030048076923076924 0.038461538461538464
0 0.46875 0.6514423076923077 0.03365384615384615 0.052884615384615384
0 0.7403846153846154 0.7463942307692307 0.05048076923076923 0.055288461538461536
0 0.6550480769230769 0.7103365384615384 0.018028846153846152 0.02403846153846154
0 0.6826923076923077 0.7055288461538461 0.055288461538461536 0.056490384615384616
0 0.7572115384615384 0.7019230769230769 0.03125 0.030048076923076924
0 0.4170673076923077 0.6706730769230769 0.04927884615384615 0.04567307692307692
0 0.43028846153846156 0.7620192307692307 0.055288461538461536 0.055288461538461536
0 0.5637019230769231 0.8221153846153846 0.028846153846153848 0.03485576923076923
0 0.6959134615384616 0.8028846153846154 0.030048076923076924 0.05889423076923077
0 0.7644230769230769 0.8389423076923077 0.04927884615384615 0.04927884615384615
0 0.8125 0.9579326923076923 0.04447115384615385 0.0829326923076923
0 0.7572115384615384 0.9014423076923077 0.06009615384615385 0.08413461538461539
0 0.028846153846153848 0.9338942307692307 0.025240384615384616 0.040865384615384616
0 0.31009615384615385 0.8725961538461539 0.036057692307692304 0.055288461538461536
0 0.32211538461538464 0.9050480769230769 0.038461538461538464 0.056490384615384616
0 0.234375 0.7788461538461539 0.08774038461538461 0.03245192307692308
0 0.21754807692307693 0.7271634615384616 0.042067307692307696 0.030048076923076924
0 0.036057692307692304 0.7920673076923077 0.07211538461538461 0.04447115384615385
0 0.09014423076923077 0.6045673076923077 0.042067307692307696 0.04326923076923077
0 0.2860576923076923 0.6262019230769231 0.038461538461538464 0.04326923076923077
0 0.33052884615384615 0.515625 0.03245192307692308 0.03245192307692308
0 0.04807692307692308 0.5769230769230769 0.09615384615384616 0.037259615384615384
0 0.2536057692307692 0.15865384615384615 0.038461538461538464 0.016826923076923076