0 0.026442307692307692 0.5612980769230769 0.052884615384615384 0.042067307692307696
0 0.09975961538461539 0.9603365384615384 0.08052884615384616 0.04447115384615385
0 0.5925480769230769 0.33052884615384615 0.06490384615384616 0.04447115384615385
0 0.21514423076923078 0.5180288461538461 0.07932692307692307 0.04927884615384615
0 0.24879807692307693 0.3870192307692308 0.07572115384615384 0.06370192307692307
0 0.38822115384615385 0.4098557692307692 0.09735576923076923 0.06610576923076923
0 0.9819711538461539 0.4375 0.03365384615384615 0.040865384615384616
0 0.3473557692307692 0.09375 0.06370192307692307 0.042067307692307696
0 0.7055288461538461 0.6237980769230769 0.06610576923076923 0.046875
0 0.9242788461538461 0.22235576923076922 0.057692307692307696 0.05048076923076923
0 0.9615384615384616 0.40625 0.07572115384615384 0.04567307692307692
0 0.8882211538461539 0.6778846153846154 0.056490384615384616 0.038461538461538464
0 0.12259615384615384 0.5949519230769231 0.11057692307692307 0.051682692307692304
0 0.11057692307692307 0.8737980769230769 0.07091346153846154 0.07692307692307693
0 0.051682692307692304 0.8052884615384616 0.10096153846153846 0.10697115384615384
0 0.16105769230769232 0.30528846153846156 0.06971153846153846 0.03485576923076923
0 0.02283653846153846 0.31971153846153844 0.04567307692307692 0.08653846153846154
0 0.5552884615384616 0.6622596153846154 0.1141826923076923 0.0733173076923077
0 0.4855769230769231 0.7788461538461539 0.10817307692307693 0.052884615384615384
0 0.2704326923076923 0.1045673076923077 0.08413461538461539 0.055288461538461536
0 0.25721153846153844 0.14903846153846154 0.040865384615384616 0.040865384615384616
0 0.6117788461538461 0.21875 0.13581730769230768 0.0673076923076923
0 0.21153846153846154 0.8846153846153846 0.10697115384615384 0.04447115384615385
0 0.22716346153846154 0.4567307692307692 0.09014423076923077 0.04807692307692308
0 0.3076923076923077 0.19230769230769232 0.06009615384615385 0.037259615384615384
0 0.037259615384615384 0.859375 0.07451923076923077 0.036057692307692304
0 0.7019230769230769 0.021634615384615384 0.0673076923076923 0.04326923076923077
0 0.9170673076923077 0.7860576923076923 0.04567307692307692 0.042067307692307696
0 0.6382211538461539 0.12139423076923077 0.07572115384615384 0.038461538461538464
0 0.2548076923076923 0.2608173076923077 0.10817307692307693 0.057692307692307696
0 0.17067307692307693 0.47596153846153844 0.09134615384615384 0.0625
0 0.6514423076923077 0.15625 0.051682692307692304 0.08533653846153846
0 0.3449519230769231 0.22115384615384615 0.09134615384615384 0.04447115384615385
0 0.5961538461538461 0.019230769230769232 0.08413461538461539 0.038461538461538464
0 0.9350961538461539 0.9507211538461539 0.08052884615384616 0.037259615384615384
0 0.8882211538461539 0.9795673076923077 0.06490384615384616 0.036057692307692304
0 0.203125 0.2860576923076923 0.09134615384615384 0.04567307692307692
0 0.5961538461538461 0.9711538461538461 0.06610576923076923 0.04927884615384615
0 0.47716346153846156 0.6923076923076923 0.0829326923076923 0.04927884615384615
0 0.25 0.6694711538461539 0.1045673076923077 0.07572115384615384
0 0.1045673076923077 0.39903846153846156 0.08413461538461539 0.028846153846153848
0 0.6394230769230769 0.4110576923076923 0.06490384615384616 0.046875
0 0.5600961538461539 0.3605769230769231 0.055288461538461536 0.042067307692307696
0 0.7908653846153846 0.2091346153846154 0.06610576923076923 0.08173076923076923
0 0.5336538461538461 0.9615384615384616 0.056490384615384616 0.05048076923076923
0 0.021634615384615384 0.5204326923076923 0.04326923076923077 0.03125
0 0.7463942307692307 0.4362980769230769 0.09134615384615384 0.06610576923076923
0 0.27524038461538464 0.21033653846153846 0.10216346153846154 0.04927884615384615
0 0.5769230769230769 0.4423076923076923 0.055288461538461536 0.12740384615384615
0 0.6586538461538461 0.7139423076923077 0.07572115384615384 0.10096153846153846
0 0.8617788461538461 0.12980769230769232 0.06610576923076923 0.054086538461538464
0 0.5324519230769231 0.03245192307692308 0.06009615384615385 0.06490384615384616
0 0.057692307692307696 0.046875 0.10817307692307693 0.06971153846153846
0 0.22355769230769232 0.16346153846153846 0.057692307692307696 0.03365384615384615
0 0.23918269230769232 0.056490384615384616 0.09615384615384616 0.06490384615384616
0 0.7151442307692307 0.22956730769230768 0.10697115384615384 0.04807692307692308
0 0.18269230769230768 0.03125 0.09375 0.04567307692307692
0 0.5877403846153846 0.7055288461538461 0.07572115384615384 0.040865384615384616
0 0.36778846153846156 0.7043269230769231 0.10697115384615384 0.04447115384615385
0 0.7908653846153846 0.5192307692307693 0.1045673076923077 0.05889423076923077