0 0.7596153846153846 0.09254807692307693 0.08653846153846154 0.07572115384615384
0 0.07451923076923077 0.7151442307692307 0.1466346153846154 0.13822115384615385
0 0.9591346153846154 0.6454326923076923 0.07932692307692307 0.09375
0 0.9110576923076923 0.10336538461538461 0.08774038461538461 0.10817307692307693
0 0.9098557692307693 0.3233173076923077 0.06971153846153846 0.0625
0 0.9266826923076923 0.48677884615384615 0.14302884615384615 0.109375
0 0.5625 0.7259615384615384 0.08653846153846154 0.09615384615384616
0 0.3918269230769231 0.6021634615384616 0.0673076923076923 0.055288461538461536
0 0.5745192307692307 0.25600961538461536 0.14182692307692307 0.06971153846153846
0 0.7463942307692307 0.6490384615384616 0.056490384615384616 0.05048076923076923
0 0.3858173076923077 0.09615384615384616 0.09615384615384616 0.08052884615384616
0 0.34134615384615385 0.21754807692307693 0.13701923076923078 0.1045673076923077
0 0.8858173076923077 0.6141826923076923 0.07572115384615384 0.08653846153846154
0 0.5709134615384616 0.15865384615384615 0.16947115384615385 0.15144230769230768
0 0.4855769230769231 0.23677884615384615 0.0829326923076923 0.09254807692307693
0 0.8088942307692307 0.6814903846153846 0.08413461538461539 0.07211538461538461
0 0.6586538461538461 0.2644230769230769 0.12740384615384615 0.054086538461538464
0 0.6802884615384616 0.15745192307692307 0.1045673076923077 0.1141826923076923
0 0.9182692307692307 0.796875 0.08653846153846154 0.09014423076923077
0 0.20552884615384615 0.16346153846153846 0.14783653846153846 0.09615384615384616
0 0.5697115384615384 0.12139423076923077 0.09014423076923077 0.05889423076923077
0 0.11778846153846154 0.7451923076923077 0.09254807692307693 0.0985576923076923
0 0.5348557692307693 0.390625 0.07211538461538461 0.0673076923076923
0 0.3233173076923077 0.6766826923076923 0.07572115384615384 0.06129807692307692
0 0.21754807692307693 0.8305288461538461 0.0625 0.06129807692307692