0 0.5024038461538461 0.6490384615384616 0.11177884615384616 0.038461538461538464
0 0.6959134615384616 0.5408653846153846 0.07692307692307693 0.051682692307692304
0 0.27524038461538464 0.5841346153846154 0.12620192307692307 0.0733173076923077
0 0.7475961538461539 0.234375 0.09134615384615384 0.08413461538461539
0 0.7055288461538461 0.18269230769230768 0.07091346153846154 0.039663461538461536
0 0.016826923076923076 0.22355769230769232 0.03365384615384615 0.028846153846153848
0 0.7920673076923077 0.49278846153846156 0.055288461538461536 0.10336538461538461
0 0.9567307692307693 0.625 0.08533653846153846 0.051682692307692304
0 0.49399038461538464 0.07572115384615384 0.052884615384615384 0.12259615384615384
0 0.36899038461538464 0.046875 0.203125 0.09375
0 0.7295673076923077 0.9867788461538461 0.08533653846153846 0.021634615384615384
0 0.43990384615384615 0.5576923076923077 0.10216346153846154 0.03365384615384615
0 0.4014423076923077 0.96875 0.15865384615384615 0.04447115384615385
0 0.6418269230769231 0.5889423076923077 0.09254807692307693 0.028846153846153848
0 0.8677884615384616 0.19591346153846154 0.10697115384615384 0.06610576923076923
0 0.43990384615384615 0.5012019230769231 0.10216346153846154 0.0733173076923077
0 0.48677884615384615 0.9459134615384616 0.09375 0.03365384615384615
0 0.21875 0.06971153846153846 0.20673076923076922 0.08052884615384616
0 0.7067307692307693 0.014423076923076924 0.06009615384615385 0.028846153846153848
0 0.9747596153846154 0.859375 0.04927884615384615 0.057692307692307696
0 0.036057692307692304 0.6141826923076923 0.07211538461538461 0.036057692307692304
0 0.29086538461538464 0.7728365384615384 0.11298076923076923 0.055288461538461536
0 0.6430288461538461 0.1971153846153846 0.08774038461538461 0.0625
0 0.027644230769230768 0.96875 0.055288461538461536 0.038461538461538464
0 0.5252403846153846 0.16826923076923078 0.04447115384615385 0.05889423076923077
0 0.052884615384615384 0.7896634615384616 0.10576923076923077 0.036057692307692304
0 0.7415865384615384 0.53125 0.1141826923076923 0.042067307692307696
0 0.30528846153846156 0.6899038461538461 0.11899038461538461 0.19951923076923078
0 0.7331730769230769 0.6766826923076923 0.10336538461538461 0.04807692307692308
0 0.4050480769230769 0.7415865384615384 0.12259615384615384 0.06009615384615385
0 0.1466346153846154 0.6742788461538461 0.07091346153846154 0.042067307692307696
0 0.7403846153846154 0.6538461538461539 0.1045673076923077 0.038461538461538464
0 0.3858173076923077 0.49399038461538464 0.057692307692307696 0.04326923076923077
0 0.3016826923076923 0.4326923076923077 0.15625 0.08052884615384616
0 0.042067307692307696 0.9855769230769231 0.06009615384615385 0.026442307692307692
0 0.18990384615384615 0.8173076923076923 0.09134615384615384 0.06370192307692307
0 0.055288461538461536 0.06370192307692307 0.10697115384615384 0.08653846153846154
0 0.15144230769230768 0.7331730769230769 0.19230769230769232 0.09134615384615384
0 0.171875 0.5384615384615384 0.09375 0.06129807692307692
0 0.36177884615384615 0.6670673076923077 0.13942307692307693 0.10216346153846154
0 0.15985576923076922 0.9819711538461539 0.07572115384615384 0.03365384615384615
0 0.7019230769230769 0.2283653846153846 0.05048076923076923 0.036057692307692304
0 0.5060096153846154 0.21514423076923078 0.1814903846153846 0.125
0 0.7728365384615384 0.9483173076923077 0.09014423076923077 0.039663461538461536
0 0.5564903846153846 0.8882211538461539 0.07572115384615384 0.04447115384615385
0 0.7608173076923077 0.9122596153846154 0.06490384615384616 0.019230769230769232
0 0.8329326923076923 0.984375 0.06610576923076923 0.030048076923076924
0 0.5793269230769231 0.5841346153846154 0.07572115384615384 0.057692307692307696
0 0.6802884615384616 0.5600961538461539 0.06610576923076923 0.0673076923076923
0 0.20793269230769232 0.59375 0.04326923076923077 0.026442307692307692
0 0.17307692307692307 0.49158653846153844 0.1971153846153846 0.11298076923076923
0 0.7788461538461539 0.8461538461538461 0.04927884615384615 0.051682692307692304
0 0.2608173076923077 0.8870192307692307 0.10216346153846154 0.06971153846153846
0 0.027644230769230768 0.8257211538461539 0.052884615384615384 0.025240384615384616
0 0.27403846153846156 0.5240384615384616 0.09254807692307693 0.030048076923076924
0 0.53125 0.7704326923076923 0.08052884615384616 0.03245192307692308
0 0.17668269230769232 0.7524038461538461 0.12379807692307693 0.08173076923076923
0 0.5889423076923077 0.8149038461538461 0.08052884615384616 0.05048076923076923
0 0.6442307692307693 0.8509615384615384 0.04447115384615385 0.055288461538461536
0 0.7776442307692307 0.5637019230769231 0.08653846153846154 0.028846153846153848