0 0.9879807692307693 0.5901442307692307 0.021634615384615384 0.13822115384615385
0 0.06610576923076923 0.7427884615384616 0.08052884615384616 0.04927884615384615
0 0.8617788461538461 0.7067307692307693 0.09134615384615384 0.052884615384615384
0 0.8149038461538461 0.3641826923076923 0.08413461538461539 0.08533653846153846
0 0.7548076923076923 0.4831730769230769 0.057692307692307696 0.09615384615384616
0 0.9086538461538461 0.3004807692307692 0.09254807692307693 0.09495192307692307
0 0.9483173076923077 0.03125 0.07211538461538461 0.06129807692307692
0 0.6826923076923077 0.7475961538461539 0.1045673076923077 0.12139423076923077
0 0.4230769230769231 0.9170673076923077 0.0829326923076923 0.10697115384615384
0 0.9507211538461539 0.9879807692307693 0.04326923076923077 0.021634615384615384
0 0.15625 0.5408653846153846 0.11778846153846154 0.0625
0 0.20192307692307693 0.9459134615384616 0.09134615384615384 0.10096153846153846
0 0.9903846153846154 0.8473557692307693 0.018028846153846152 0.039663461538461536
0 0.43509615384615385 0.6478365384615384 0.07572115384615384 0.0733173076923077
0 0.9411057692307693 0.6298076923076923 0.07091346153846154 0.10096153846153846
0 0.22115384615384615 0.36899038461538464 0.08413461538461539 0.1502403846153846
0 0.027644230769230768 0.41947115384615385 0.055288461538461536 0.08173076923076923
0 0.46634615384615385 0.4266826923076923 0.1045673076923077 0.054086538461538464
0 0.18269230769230768 0.17067307692307693 0.04326923076923077 0.04326923076923077
0 0.42908653846153844 0.78125 0.0673076923076923 0.05048076923076923
0 0.49278846153846156 0.9423076923076923 0.046875 0.057692307692307696
0 0.8365384615384616 0.5805288461538461 0.07451923076923077 0.09014423076923077
0 0.8846153846153846 0.3954326923076923 0.12980769230769232 0.12740384615384615
0 0.5805288461538461 0.03365384615384615 0.07211538461538461 0.06129807692307692
0 0.06610576923076923 0.15504807692307693 0.08173076923076923 0.09014423076923077
0 0.7860576923076923 0.9387019230769231 0.08173076923076923 0.11177884615384616
0 0.4483173076923077 0.8052884615384616 0.04927884615384615 0.13221153846153846
0 0.37259615384615385 0.3076923076923077 0.06971153846153846 0.08653846153846154
0 0.3954326923076923 0.09254807692307693 0.04447115384615385 0.04447115384615385