0 0.8112980769230769 0.32572115384615385 0.06009615384615385 0.06971153846153846
0 0.09375 0.04326923076923077 0.07572115384615384 0.08653846153846154
0 0.06490384615384616 0.7139423076923077 0.08653846153846154 0.078125
0 0.8990384615384616 0.21033653846153846 0.0829326923076923 0.06850961538461539
0 0.2536057692307692 0.030048076923076924 0.07091346153846154 0.06009615384615385
0 0.8040865384615384 0.7259615384615384 0.055288461538461536 0.06490384615384616
0 0.8882211538461539 0.71875 0.0625 0.07451923076923077
0 0.828125 0.10336538461538461 0.078125 0.078125
0 0.6201923076923077 0.5925480769230769 0.08173076923076923 0.07091346153846154
0 0.5084134615384616 0.8100961538461539 0.07572115384615384 0.06490384615384616
0 0.7451923076923077 0.04326923076923077 0.0829326923076923 0.08173076923076923
0 0.06490384615384616 0.4987980769230769 0.08413461538461539 0.06490384615384616
0 0.8521634615384616 0.3858173076923077 0.08052884615384616 0.05889423076923077
0 0.8100961538461539 0.21514423076923078 0.051682692307692304 0.057692307692307696
0 0.4375 0.9663461538461539 0.06490384615384616 0.046875
0 0.4098557692307692 0.021634615384615384 0.08173076923076923 0.04326923076923077
0 0.9579326923076923 0.34134615384615385 0.06009615384615385 0.08774038461538461
0 0.36177884615384615 0.15625 0.06129807692307692 0.08052884615384616
0 0.5396634615384616 0.734375 0.07451923076923077 0.07692307692307693
0 0.359375 0.96875 0.09014423076923077 0.055288461538461536
0 0.7620192307692307 0.1778846153846154 0.06490384615384616 0.08052884615384616
0 0.875 0.5324519230769231 0.10697115384615384 0.109375
0 0.6694711538461539 0.3485576923076923 0.078125 0.12379807692307693
0 0.5432692307692307 0.5432692307692307 0.07211538461538461 0.0673076923076923
0 0.18509615384615385 0.4074519230769231 0.054086538461538464 0.08052884615384616
0 0.3112980769230769 0.7415865384615384 0.08173076923076923 0.0625
0 0.33052884615384615 0.6658653846153846 0.04567307692307692 0.04927884615384615
0 0.40865384615384615 0.11538461538461539 0.04927884615384615 0.0673076923076923
0 0.8413461538461539 0.6418269230769231 0.07572115384615384 0.0673076923076923
0 0.6310096153846154 0.17908653846153846 0.07451923076923077 0.10096153846153846
0 0.038461538461538464 0.4182692307692308 0.07692307692307693 0.09134615384615384
0 0.06129807692307692 0.3389423076923077 0.07211538461538461 0.056490384615384616
0 0.08413461538461539 0.9651442307692307 0.0829326923076923 0.06850961538461539
0 0.13701923076923078 0.9471153846153846 0.04447115384615385 0.07091346153846154
0 0.65625 0.7632211538461539 0.0733173076923077 0.06610576923076923
0 0.9651442307692307 0.9663461538461539 0.06490384615384616 0.0625
0 0.20432692307692307 0.9591346153846154 0.06009615384615385 0.08052884615384616
0 0.5697115384615384 0.11658653846153846 0.07211538461538461 0.05889423076923077
0 0.9050480769230769 0.05048076923076923 0.052884615384615384 0.052884615384615384
0 0.46274038461538464 0.8882211538461539 0.06490384615384616 0.06850961538461539
0 0.546875 0.2764423076923077 0.05889423076923077 0.0733173076923077
0 0.6153846153846154 0.8401442307692307 0.08052884615384616 0.08052884615384616
0 0.18509615384615385 0.3629807692307692 0.046875 0.04447115384615385
0 0.08052884615384616 0.2439903846153846 0.06971153846153846 0.07932692307692307
0 0.45072115384615385 0.12980769230769232 0.08413461538461539 0.09254807692307693
0 0.5817307692307693 0.038461538461538464 0.1141826923076923 0.07692307692307693
0 0.6586538461538461 0.42427884615384615 0.056490384615384616 0.055288461538461536
0 0.8882211538461539 0.2860576923076923 0.0625 0.07572115384615384
0 0.2644230769230769 0.6670673076923077 0.09495192307692307 0.07211538461538461
0 0.8954326923076923 0.7992788461538461 0.09134615384615384 0.06610576923076923
0 0.44471153846153844 0.21153846153846154 0.06490384615384616 0.06009615384615385
0 0.46875 0.5721153846153846 0.08533653846153846 0.08653846153846154
0 0.3786057692307692 0.3557692307692308 0.06009615384615385 0.04927884615384615
0 0.9735576923076923 0.9254807692307693 0.04927884615384615 0.07091346153846154
0 0.10576923076923077 0.8100961538461539 0.08052884615384616 0.09615384615384616