0 0.6959134615384616 0.203125 0.10096153846153846 0.0673076923076923
0 0.3786057692307692 0.2980769230769231 0.08653846153846154 0.06850961538461539
0 0.7860576923076923 0.8353365384615384 0.08052884615384616 0.06009615384615385
0 0.7752403846153846 0.9399038461538461 0.05889423076923077 0.055288461538461536
0 0.5144230769230769 0.7403846153846154 0.07091346153846154 0.07091346153846154
0 0.9555288461538461 0.9399038461538461 0.06009615384615385 0.055288461538461536
0 0.9194711538461539 0.4579326923076923 0.15384615384615385 0.0985576923076923
0 0.5889423076923077 0.9747596153846154 0.06490384615384616 0.046875
0 0.5228365384615384 0.6754807692307693 0.052884615384615384 0.057692307692307696
0 0.4326923076923077 0.9266826923076923 0.11177884615384616 0.09975961538461539
0 0.7824519230769231 0.9747596153846154 0.0673076923076923 0.04807692307692308
0 0.8341346153846154 0.33533653846153844 0.07572115384615384 0.08052884615384616
0 0.9134615384615384 0.2512019230769231 0.08653846153846154 0.0829326923076923
0 0.36778846153846156 0.19230769230769232 0.08052884615384616 0.10817307692307693
0 0.4519230769230769 0.8413461538461539 0.08052884615384616 0.06490384615384616
0 0.4254807692307692 0.49759615384615385 0.07692307692307693 0.0733173076923077
0 0.5024038461538461 0.32572115384615385 0.07451923076923077 0.06490384615384616
0 0.7788461538461539 0.7043269230769231 0.08653846153846154 0.09134615384615384