0 0.9699519230769231 0.9110576923076923 0.057692307692307696 0.06370192307692307
0 0.27283653846153844 0.8245192307692307 0.04447115384615385 0.040865384615384616
0 0.6442307692307693 0.8641826923076923 0.05889423076923077 0.05048076923076923
0 0.734375 0.7271634615384616 0.06129807692307692 0.06129807692307692
0 0.375 0.7800480769230769 0.051682692307692304 0.0829326923076923
0 0.9519230769230769 0.4326923076923077 0.056490384615384616 0.057692307692307696
0 0.42908653846153844 0.9278846153846154 0.06850961538461539 0.06009615384615385
0 0.15144230769230768 0.2644230769230769 0.07091346153846154 0.05889423076923077
0 0.734375 0.9831730769230769 0.06971153846153846 0.03125
0 0.12740384615384615 0.41346153846153844 0.05889423076923077 0.055288461538461536
0 0.32572115384615385 0.051682692307692304 0.038461538461538464 0.03365384615384615
0 0.9375 0.8076923076923077 0.042067307692307696 0.04927884615384615
0 0.6370192307692307 0.6358173076923077 0.12860576923076922 0.11177884615384616
0 0.2091346153846154 0.7776442307692307 0.027644230769230768 0.03125
0 0.4074519230769231 0.20552884615384615 0.054086538461538464 0.06009615384615385
0 0.421875 0.28966346153846156 0.06009615384615385 0.046875
0 0.052884615384615384 0.0673076923076923 0.06490384615384616 0.06610576923076923
0 0.24759615384615385 0.6838942307692307 0.04927884615384615 0.06009615384615385
0 0.7740384615384616 0.7632211538461539 0.03485576923076923 0.03365384615384615
0 0.5240384615384616 0.84375 0.036057692307692304 0.04326923076923077
0 0.8521634615384616 0.41346153846153844 0.037259615384615384 0.028846153846153848
0 0.8413461538461539 0.23076923076923078 0.04927884615384615 0.07572115384615384
0 0.027644230769230768 0.6778846153846154 0.055288461538461536 0.04807692307692308
0 0.3173076923076923 0.8028846153846154 0.06129807692307692 0.03485576923076923
0 0.3581730769230769 0.14543269230769232 0.028846153846153848 0.04567307692307692
0 0.2692307692307692 0.7115384615384616 0.03485576923076923 0.04447115384615385
0 0.7211538461538461 0.7211538461538461 0.04447115384615385 0.046875
0 0.12980769230769232 0.3449519230769231 0.037259615384615384 0.039663461538461536
0 0.37740384615384615 0.9375 0.03365384615384615 0.036057692307692304
0 0.4567307692307692 0.17307692307692307 0.04447115384615385 0.09134615384615384
0 0.6947115384615384 0.7632211538461539 0.05048076923076923 0.06009615384615385
0 0.22355769230769232 0.27283653846153844 0.07932692307692307 0.0889423076923077
0 0.8918269230769231 0.7836538461538461 0.07572115384615384 0.07451923076923077
0 0.5264423076923077 0.20432692307692307 0.054086538461538464 0.08413461538461539
0 0.7283653846153846 0.8257211538461539 0.055288461538461536 0.06129807692307692
0 0.33774038461538464 0.71875 0.038461538461538464 0.07211538461538461
0 0.15504807692307693 0.171875 0.027644230769230768 0.07091346153846154
0 0.13701923076923078 0.03485576923076923 0.0625 0.06971153846153846
0 0.6610576923076923 0.8918269230769231 0.05048076923076923 0.040865384615384616
0 0.6213942307692307 0.7620192307692307 0.057692307692307696 0.07211538461538461
0 0.6766826923076923 0.7211538461538461 0.04447115384615385 0.05048076923076923
0 0.5 0.24278846153846154 0.03365384615384615 0.04927884615384615
0 0.53125 0.7992788461538461 0.03365384615384615 0.03365384615384615
0 0.9711538461538461 0.24759615384615385 0.037259615384615384 0.055288461538461536
0 0.02283653846153846 0.22235576923076922 0.038461538461538464 0.054086538461538464
0 0.41346153846153844 0.3557692307692308 0.03365384615384615 0.028846153846153848
0 0.9038461538461539 0.8389423076923077 0.04326923076923077 0.054086538461538464
0 0.23918269230769232 0.32572115384615385 0.039663461538461536 0.051682692307692304
0 0.2668269230769231 0.28365384615384615 0.038461538461538464 0.05048076923076923
0 0.7584134615384616 0.9134615384615384 0.039663461538461536 0.07091346153846154
0 0.5817307692307693 0.8197115384615384 0.08052884615384616 0.04326923076923077