0 0.7151442307692307 0.7944711538461539 0.08653846153846154 0.056490384615384616
0 0.1502403846153846 0.3016826923076923 0.057692307692307696 0.07091346153846154
0 0.19230769230769232 0.8341346153846154 0.08533653846153846 0.06850961538461539
0 0.31971153846153844 0.8713942307692307 0.04447115384615385 0.05048076923076923
0 0.05048076923076923 0.37740384615384615 0.10096153846153846 0.1346153846153846
0 0.5901442307692307 0.4266826923076923 0.0829326923076923 0.052884615384615384
0 0.08653846153846154 0.09134615384615384 0.07932692307692307 0.04807692307692308
0 0.06490384615384616 0.14423076923076922 0.07692307692307693 0.04807692307692308
0 0.17427884615384615 0.5625 0.08173076923076923 0.04567307692307692
0 0.7043269230769231 0.5600961538461539 0.0673076923076923 0.09735576923076923
0 0.6634615384615384 0.4543269230769231 0.1141826923076923 0.06971153846153846
0 0.1346153846153846 0.9615384615384616 0.07091346153846154 0.0673076923076923
0 0.3317307692307692 0.8461538461538461 0.04326923076923077 0.055288461538461536
0 0.16105769230769232 0.3798076923076923 0.06850961538461539 0.056490384615384616
0 0.6646634615384616 0.6778846153846154 0.08052884615384616 0.039663461538461536
0 0.037259615384615384 0.025240384615384616 0.04927884615384615 0.03365384615384615
0 0.7019230769230769 0.9579326923076923 0.06009615384615385 0.08173076923076923
0 0.6959134615384616 0.12740384615384615 0.09375 0.07572115384615384
0 0.8557692307692307 0.5528846153846154 0.10697115384615384 0.0673076923076923
0 0.9230769230769231 0.3088942307692308 0.051682692307692304 0.08173076923076923
0 0.10576923076923077 0.7475961538461539 0.06129807692307692 0.09615384615384616
0 0.18629807692307693 0.9254807692307693 0.07211538461538461 0.0829326923076923
0 0.040865384615384616 0.7391826923076923 0.08173076923076923 0.10096153846153846
0 0.078125 0.9603365384615384 0.10817307692307693 0.078125
0 0.3269230769230769 0.056490384615384616 0.0673076923076923 0.046875
0 0.038461538461538464 0.21875 0.07572115384615384 0.06490384615384616
0 0.7079326923076923 0.8449519230769231 0.07692307692307693 0.056490384615384616
0 0.09375 0.47836538461538464 0.08533653846153846 0.09134615384615384
0 0.2776442307692308 0.8485576923076923 0.055288461538461536 0.06370192307692307
0 0.7259615384615384 0.2980769230769231 0.06009615384615385 0.08774038461538461
0 0.9302884615384616 0.3918269230769231 0.056490384615384616 0.04447115384615385
0 0.7091346153846154 0.28125 0.08774038461538461 0.055288461538461536
0 0.6069711538461539 0.8028846153846154 0.10336538461538461 0.20432692307692307