0 0.1658653846153846 0.08413461538461539 0.06490384615384616 0.0673076923076923
0 0.10336538461538461 0.24519230769230768 0.056490384615384616 0.06009615384615385
0 0.18269230769230768 0.3137019230769231 0.04927884615384615 0.046875
0 0.21634615384615385 0.18509615384615385 0.11057692307692307 0.06971153846153846
0 0.43990384615384615 0.14903846153846154 0.10697115384615384 0.05889423076923077
0 0.41466346153846156 0.3016826923076923 0.04447115384615385 0.11057692307692307
0 0.25721153846153844 0.46875 0.0625 0.06971153846153846
0 0.5805288461538461 0.25 0.0673076923076923 0.06610576923076923
0 0.4375 0.4579326923076923 0.04447115384615385 0.057692307692307696
0 0.7512019230769231 0.03365384615384615 0.036057692307692304 0.040865384615384616
0 0.8617788461538461 0.040865384615384616 0.055288461538461536 0.04326923076923077
0 0.9266826923076923 0.20192307692307693 0.08653846153846154 0.046875
0 0.7920673076923077 0.24278846153846154 0.09134615384615384 0.07211538461538461
0 0.6766826923076923 0.24519230769230768 0.038461538461538464 0.027644230769230768
0 0.7055288461538461 0.5 0.03245192307692308 0.036057692307692304
0 0.7560096153846154 0.5228365384615384 0.04447115384615385 0.036057692307692304
0 0.7391826923076923 0.6959134615384616 0.06610576923076923 0.09735576923076923
0 0.6875 0.7355769230769231 0.06009615384615385 0.05048076923076923
0 0.7764423076923077 0.765625 0.08653846153846154 0.038461538461538464
0 0.6225961538461539 0.6081730769230769 0.056490384615384616 0.04927884615384615
0 0.6069711538461539 0.6742788461538461 0.10697115384615384 0.07451923076923077
0 0.6045673076923077 0.7175480769230769 0.07451923076923077 0.054086538461538464
0 0.6526442307692307 0.6911057692307693 0.03125 0.04567307692307692
0 0.421875 0.8173076923076923 0.11778846153846154 0.08052884615384616
0 0.3858173076923077 0.765625 0.04326923076923077 0.046875
0 0.4735576923076923 0.65625 0.06129807692307692 0.040865384615384616
0 0.4951923076923077 0.6177884615384616 0.06129807692307692 0.05889423076923077
0 0.48197115384615385 0.4963942307692308 0.05048076923076923 0.1466346153846154
0 0.38100961538461536 0.6286057692307693 0.04447115384615385 0.08653846153846154
0 0.2548076923076923 0.6923076923076923 0.042067307692307696 0.07211538461538461
0 0.2608173076923077 0.5228365384615384 0.039663461538461536 0.038461538461538464
0 0.2776442307692308 0.578125 0.055288461538461536 0.06490384615384616
0 0.28966346153846156 0.7103365384615384 0.055288461538461536 0.1658653846153846
0 0.08653846153846154 0.5817307692307693 0.04326923076923077 0.09495192307692307
0 0.0673076923076923 0.671875 0.07451923076923077 0.08533653846153846
0 0.055288461538461536 0.7944711538461539 0.04567307692307692 0.11538461538461539
0 0.15144230769230768 0.6766826923076923 0.11298076923076923 0.06971153846153846
0 0.08173076923076923 0.7439903846153846 0.10216346153846154 0.0625
0 0.3954326923076923 0.8882211538461539 0.09495192307692307 0.06009615384615385
0 0.4699519230769231 0.9663461538461539 0.07211538461538461 0.06490384615384616
0 0.7644230769230769 0.9170673076923077 0.09975961538461539 0.11899038461538461
0 0.5661057692307693 0.9879807692307693 0.0625 0.021634615384615384
0 0.7668269230769231 0.984375 0.04807692307692308 0.028846153846153848
0 0.9663461538461539 0.9879807692307693 0.06490384615384616 0.02283653846153846
0 0.9879807692307693 0.24158653846153846 0.021634615384615384 0.046875