0 0.5985576923076923 0.027644230769230768 0.06129807692307692 0.037259615384615384
0 0.5288461538461539 0.6225961538461539 0.056490384615384616 0.09615384615384616
0 0.042067307692307696 0.9098557692307693 0.037259615384615384 0.05889423076923077
0 0.375 0.9555288461538461 0.07932692307692307 0.078125
0 0.17067307692307693 0.9495192307692307 0.06009615384615385 0.0625
0 0.6875 0.5396634615384616 0.11658653846153846 0.11057692307692307
0 0.484375 0.9783653846153846 0.030048076923076924 0.040865384615384616
0 0.45072115384615385 0.07451923076923077 0.06610576923076923 0.13942307692307693
0 0.7367788461538461 0.1466346153846154 0.046875 0.08653846153846154
0 0.037259615384615384 0.12139423076923077 0.07451923076923077 0.13221153846153846
0 0.96875 0.5012019230769231 0.04927884615384615 0.0625
0 0.7680288461538461 0.14783653846153846 0.028846153846153848 0.09014423076923077
0 0.19591346153846154 0.421875 0.06850961538461539 0.10817307692307693
0 0.7331730769230769 0.4483173076923077 0.05048076923076923 0.0829326923076923
0 0.4795673076923077 0.040865384615384616 0.030048076923076924 0.08173076923076923
0 0.0889423076923077 0.38100961538461536 0.08653846153846154 0.11177884615384616
0 0.6862980769230769 0.39663461538461536 0.05889423076923077 0.10576923076923077
0 0.49759615384615385 0.890625 0.07451923076923077 0.046875
0 0.6802884615384616 0.7295673076923077 0.06490384615384616 0.14903846153846154
0 0.10697115384615384 0.17307692307692307 0.05048076923076923 0.04927884615384615
0 0.6814903846153846 0.578125 0.056490384615384616 0.06610576923076923
0 0.6262019230769231 0.5925480769230769 0.1310096153846154 0.07211538461538461
0 0.6057692307692307 0.6490384615384616 0.040865384615384616 0.046875
0 0.7115384615384616 0.27884615384615385 0.11177884615384616 0.0733173076923077
0 0.42908653846153844 0.9266826923076923 0.06850961538461539 0.038461538461538464
0 0.03485576923076923 0.5901442307692307 0.06971153846153846 0.06971153846153846
0 0.4831730769230769 0.5336538461538461 0.05889423076923077 0.038461538461538464
0 0.07091346153846154 0.4423076923076923 0.037259615384615384 0.08052884615384616
0 0.5336538461538461 0.5877403846153846 0.028846153846153848 0.04927884615384615
0 0.9615384615384616 0.5384615384615384 0.037259615384615384 0.06971153846153846
0 0.7836538461538461 0.8774038461538461 0.08413461538461539 0.04567307692307692
0 0.7223557692307693 0.49759615384615385 0.04447115384615385 0.055288461538461536
0 0.2704326923076923 0.8774038461538461 0.057692307692307696 0.056490384615384616
0 0.5084134615384616 0.24278846153846154 0.057692307692307696 0.10697115384615384
0 0.8040865384615384 0.8521634615384616 0.10336538461538461 0.11057692307692307
0 0.8305288461538461 0.9471153846153846 0.06129807692307692 0.10096153846153846
0 0.21754807692307693 0.4951923076923077 0.055288461538461536 0.0733173076923077
0 0.3605769230769231 0.07692307692307693 0.03365384615384615 0.14182692307692307
0 0.5949519230769231 0.09495192307692307 0.09975961538461539 0.15384615384615385
0 0.8149038461538461 0.7884615384615384 0.03485576923076923 0.14302884615384615
0 0.30288461538461536 0.3161057692307692 0.046875 0.06009615384615385
0 0.8930288461538461 0.15384615384615385 0.06610576923076923 0.056490384615384616
0 0.36778846153846156 0.6298076923076923 0.04447115384615385 0.030048076923076924
0 0.3954326923076923 0.5661057692307693 0.027644230769230768 0.09495192307692307
0 0.109375 0.125 0.08052884615384616 0.08052884615384616
0 0.6862980769230769 0.21634615384615385 0.055288461538461536 0.08052884615384616
0 0.5336538461538461 0.04326923076923077 0.051682692307692304 0.08653846153846154
0 0.3581730769230769 0.8329326923076923 0.07211538461538461 0.14423076923076922
0 0.8004807692307693 0.19110576923076922 0.056490384615384616 0.08774038461538461
0 0.7391826923076923 0.08052884615384616 0.06490384615384616 0.10216346153846154
0 0.19831730769230768 0.25600961538461536 0.036057692307692304 0.0889423076923077
0 0.265625 0.5132211538461539 0.040865384615384616 0.125
0 0.4423076923076923 0.6189903846153846 0.07091346153846154 0.042067307692307696
0 0.0625 0.2247596153846154 0.057692307692307696 0.037259615384615384
0 0.3088942307692308 0.9567307692307693 0.03365384615384615 0.03245192307692308
0 0.2776442307692308 0.028846153846153848 0.07692307692307693 0.055288461538461536
0 0.5564903846153846 0.5661057692307693 0.046875 0.057692307692307696
0 0.765625 0.5745192307692307 0.0985576923076923 0.10336538461538461
0 0.9423076923076923 0.25 0.03365384615384615 0.0829326923076923