0 0.16466346153846154 0.43028846153846156 0.1201923076923077 0.08052884615384616
0 0.05048076923076923 0.23918269230769232 0.10096153846153846 0.06971153846153846
0 0.9146634615384616 0.7115384615384616 0.13822115384615385 0.10697115384615384
0 0.15504807692307693 0.4855769230769231 0.12980769230769232 0.07692307692307693
0 0.026442307692307692 0.640625 0.051682692307692304 0.10817307692307693
0 0.8185096153846154 0.39903846153846156 0.09254807692307693 0.08413461538461539
0 0.04447115384615385 0.1201923076923077 0.08774038461538461 0.09254807692307693
0 0.8461538461538461 0.7620192307692307 0.125 0.09495192307692307
0 0.28365384615384615 0.6826923076923077 0.12259615384615384 0.06971153846153846
0 0.3016826923076923 0.36899038461538464 0.09735576923076923 0.08173076923076923
0 0.12980769230769232 0.23557692307692307 0.07091346153846154 0.06971153846153846
0 0.3112980769230769 0.28966346153846156 0.12139423076923077 0.051682692307692304
0 0.2127403846153846 0.5889423076923077 0.10697115384615384 0.11177884615384616
0 0.328125 0.06610576923076923 0.10216346153846154 0.07451923076923077
0 0.9675480769230769 0.9411057692307693 0.0625 0.0829326923076923
0 0.051682692307692304 0.5673076923076923 0.10216346153846154 0.12259615384615384
0 0.046875 0.44591346153846156 0.08533653846153846 0.08052884615384616
0 0.20552884615384615 0.15745192307692307 0.11778846153846154 0.06009615384615385
0 0.12740384615384615 0.055288461538461536 0.07211538461538461 0.056490384615384616
0 0.7932692307692307 0.6274038461538461 0.125 0.14302884615384615
0 0.35216346153846156 0.2764423076923077 0.14903846153846154 0.10697115384615384
0 0.2091346153846154 0.06971153846153846 0.10216346153846154 0.08052884615384616
0 0.02403846153846154 0.8774038461538461 0.04807692307692308 0.09254807692307693
0 0.055288461538461536 0.03485576923076923 0.10697115384615384 0.0673076923076923
0 0.9074519230769231 0.5829326923076923 0.1346153846153846 0.12740384615384615
0 0.0673076923076923 0.8762019230769231 0.0625 0.08052884615384616