0 0.4567307692307692 0.5673076923076923 0.10216346153846154 0.1201923076923077
0 0.6370192307692307 0.055288461538461536 0.12139423076923077 0.10697115384615384
0 0.8894230769230769 0.4326923076923077 0.13221153846153846 0.09254807692307693
0 0.2644230769230769 0.46033653846153844 0.09615384615384616 0.1045673076923077
0 0.8605769230769231 0.06610576923076923 0.09615384615384616 0.12740384615384615
0 0.6322115384615384 0.7139423076923077 0.09495192307692307 0.12740384615384615
0 0.27163461538461536 0.042067307692307696 0.13581730769230768 0.08052884615384616
0 0.6875 0.5012019230769231 0.14543269230769232 0.1622596153846154
0 0.8509615384615384 0.59375 0.13822115384615385 0.14302884615384615
0 0.921875 0.07932692307692307 0.07211538461538461 0.11899038461538461
0 0.7608173076923077 0.8461538461538461 0.15144230769230768 0.12379807692307693
0 0.8365384615384616 0.3076923076923077 0.09615384615384616 0.15504807692307693
0 0.30408653846153844 0.3173076923076923 0.109375 0.15985576923076922
0 0.0673076923076923 0.9471153846153846 0.13341346153846154 0.1045673076923077
0 0.5324519230769231 0.7463942307692307 0.06370192307692307 0.0673076923076923
0 0.6850961538461539 0.32091346153846156 0.14302884615384615 0.13822115384615385
0 0.9038461538461539 0.9399038461538461 0.12379807692307693 0.11899038461538461
0 0.7199519230769231 0.9627403846153846 0.10096153846153846 0.07211538461538461
0 0.19951923076923078 0.13341346153846154 0.11538461538461539 0.20793269230769232