0 0.9411057692307693 0.5492788461538461 0.09735576923076923 0.15865384615384615
0 0.5901442307692307 0.43509615384615385 0.12379807692307693 0.12259615384615384
0 0.3269230769230769 0.8942307692307693 0.109375 0.11899038461538461
0 0.5048076923076923 0.6286057692307693 0.16947115384615385 0.15745192307692307
0 0.7391826923076923 0.9098557692307693 0.21153846153846154 0.08774038461538461
0 0.671875 0.296875 0.16947115384615385 0.13822115384615385
0 0.9471153846153846 0.8100961538461539 0.1045673076923077 0.11658653846153846
0 0.6189903846153846 0.04567307692307692 0.125 0.08774038461538461
0 0.32572115384615385 0.49038461538461536 0.10096153846153846 0.14783653846153846
0 0.3798076923076923 0.48197115384615385 0.07451923076923077 0.12740384615384615
0 0.3918269230769231 0.04326923076923077 0.11538461538461539 0.08653846153846154
0 0.9639423076923077 0.3798076923076923 0.055288461538461536 0.14302884615384615
0 0.3870192307692308 0.1935096153846154 0.109375 0.20072115384615385
0 0.47596153846153844 0.9002403846153846 0.14903846153846154 0.09495192307692307