0 0.7920673076923077 0.6009615384615384 0.09014423076923077 0.10697115384615384
0 0.5480769230769231 0.8461538461538461 0.09615384615384616 0.11778846153846154
0 0.37740384615384615 0.9795673076923077 0.11778846153846154 0.037259615384615384
0 0.7788461538461539 0.8497596153846154 0.06370192307692307 0.22596153846153846
0 0.5276442307692307 0.7295673076923077 0.09495192307692307 0.13942307692307693
0 0.9086538461538461 0.43509615384615385 0.078125 0.09615384615384616
0 0.9783653846153846 0.5853365384615384 0.042067307692307696 0.08653846153846154
0 0.9411057692307693 0.027644230769230768 0.11298076923076923 0.055288461538461536
0 0.6502403846153846 0.5612980769230769 0.055288461538461536 0.05048076923076923
0 0.7007211538461539 0.703125 0.07572115384615384 0.08774038461538461
0 0.6862980769230769 0.9242788461538461 0.09735576923076923 0.14903846153846154
0 0.6574519230769231 0.2848557692307692 0.10576923076923077 0.12139423076923077
0 0.9615384615384616 0.16947115384615385 0.07572115384615384 0.06370192307692307
0 0.9338942307692307 0.9543269230769231 0.06610576923076923 0.0889423076923077
0 0.9375 0.2620192307692308 0.0889423076923077 0.11538461538461539
0 0.4014423076923077 0.9002403846153846 0.07932692307692307 0.09254807692307693
0 0.9206730769230769 0.5600961538461539 0.054086538461538464 0.08653846153846154
0 0.5673076923076923 0.028846153846153848 0.054086538461538464 0.057692307692307696
0 0.35216346153846156 0.9038461538461539 0.0673076923076923 0.13221153846153846
0 0.5865384615384616 0.47115384615384615 0.08413461538461539 0.10336538461538461
0 0.4098557692307692 0.6778846153846154 0.09495192307692307 0.09254807692307693
0 0.8233173076923077 0.027644230769230768 0.11057692307692307 0.055288461538461536
0 0.40865384615384615 0.3401442307692308 0.07932692307692307 0.0985576923076923
0 0.8882211538461539 0.6478365384615384 0.06971153846153846 0.19831730769230768
0 0.7884615384615384 0.15504807692307693 0.10096153846153846 0.08653846153846154
0 0.4375 0.8100961538461539 0.0985576923076923 0.13822115384615385
0 0.6009615384615384 0.9158653846153846 0.07211538461538461 0.1658653846153846
0 0.7127403846153846 0.4639423076923077 0.06490384615384616 0.055288461538461536
0 0.4639423076923077 0.11298076923076923 0.06009615384615385 0.19831730769230768
0 0.33774038461538464 0.5492788461538461 0.055288461538461536 0.05048076923076923