0 0.37259615384615385 0.6682692307692307 0.08774038461538461 0.06490384615384616
0 0.9495192307692307 0.7524038461538461 0.0985576923076923 0.09975961538461539
0 0.9423076923076923 0.08774038461538461 0.11298076923076923 0.057692307692307696
0 0.7800480769230769 0.6502403846153846 0.06009615384615385 0.12139423076923077
0 0.5300480769230769 0.7944711538461539 0.06971153846153846 0.13942307692307693
0 0.28725961538461536 0.0889423076923077 0.13942307692307693 0.07572115384615384
0 0.4182692307692308 0.8810096153846154 0.08653846153846154 0.12860576923076922
0 0.03365384615384615 0.5805288461538461 0.06610576923076923 0.12379807692307693
0 0.8413461538461539 0.4639423076923077 0.0625 0.06009615384615385
0 0.17067307692307693 0.054086538461538464 0.07451923076923077 0.06490384615384616
0 0.02283653846153846 0.7331730769230769 0.04567307692307692 0.06490384615384616
0 0.09495192307692307 0.18509615384615385 0.12259615384615384 0.12980769230769232
0 0.06490384615384616 0.43149038461538464 0.10336538461538461 0.09134615384615384
0 0.38100961538461536 0.9675480769230769 0.08653846153846154 0.0625
0 0.17908653846153846 0.3641826923076923 0.1971153846153846 0.08052884615384616
0 0.19831730769230768 0.6550480769230769 0.055288461538461536 0.08413461538461539
0 0.6814903846153846 0.8149038461538461 0.11177884615384616 0.12139423076923077
0 0.8125 0.8221153846153846 0.14182692307692307 0.11899038461538461
0 0.7067307692307693 0.10576923076923077 0.07451923076923077 0.16105769230769232
0 0.8990384615384616 0.6959134615384616 0.055288461538461536 0.09134615384615384
0 0.20552884615384615 0.17067307692307693 0.109375 0.06490384615384616
0 0.26802884615384615 0.890625 0.12740384615384615 0.15865384615384615
0 0.5324519230769231 0.16466346153846154 0.12620192307692307 0.06850961538461539
0 0.43990384615384615 0.7596153846153846 0.06610576923076923 0.11778846153846154
0 0.4495192307692308 0.0985576923076923 0.08774038461538461 0.04927884615384615
0 0.7019230769230769 0.5396634615384616 0.11538461538461539 0.052884615384615384
0 0.08533653846153846 0.030048076923076924 0.06490384615384616 0.06009615384615385
0 0.84375 0.17067307692307693 0.0673076923076923 0.04927884615384615
0 0.05048076923076923 0.24158653846153846 0.06009615384615385 0.08774038461538461
0 0.6802884615384616 0.3088942307692308 0.10697115384615384 0.07091346153846154
0 0.1971153846153846 0.5552884615384616 0.07451923076923077 0.05889423076923077
0 0.8329326923076923 0.5649038461538461 0.12379807692307693 0.08653846153846154
0 0.7259615384615384 0.6574519230769231 0.07451923076923077 0.109375
0 0.38221153846153844 0.4735576923076923 0.08052884615384616 0.12740384615384615
0 0.734375 0.921875 0.08653846153846154 0.10697115384615384
0 0.29086538461538464 0.6899038461538461 0.06490384615384616 0.06490384615384616
0 0.6394230769230769 0.4026442307692308 0.140625 0.1045673076923077
0 0.49759615384615385 0.49759615384615385 0.09014423076923077 0.06971153846153846
0 0.32572115384615385 0.8557692307692307 0.05889423076923077 0.12379807692307693
0 0.6009615384615384 0.2403846153846154 0.11538461538461539 0.06009615384615385
0 0.6622596153846154 0.1658653846153846 0.06009615384615385 0.06370192307692307
0 0.6466346153846154 0.7055288461538461 0.10096153846153846 0.06971153846153846
0 0.5649038461538461 0.0985576923076923 0.08052884615384616 0.06971153846153846
0 0.8617788461538461 0.24759615384615385 0.056490384615384616 0.06370192307692307
0 0.3076923076923077 0.26802884615384615 0.0733173076923077 0.09615384615384616
0 0.07091346153846154 0.9447115384615384 0.09975961538461539 0.109375