0 0.7860576923076923 0.19591346153846154 0.04326923076923077 0.06129807692307692
0 0.31009615384615385 0.6141826923076923 0.0829326923076923 0.028846153846153848
0 0.6814903846153846 0.5240384615384616 0.07692307692307693 0.028846153846153848
0 0.9819711538461539 0.09134615384615384 0.03365384615384615 0.052884615384615384
0 0.8257211538461539 0.4699519230769231 0.07451923076923077 0.06490384615384616
0 0.10096153846153846 0.3112980769230769 0.03365384615384615 0.04927884615384615
0 0.29927884615384615 0.33653846153846156 0.06971153846153846 0.036057692307692304
0 0.4182692307692308 0.03125 0.06490384615384616 0.05048076923076923
0 0.9711538461538461 0.6262019230769231 0.056490384615384616 0.09615384615384616
0 0.5841346153846154 0.16346153846153846 0.09134615384615384 0.028846153846153848
0 0.38822115384615385 0.3629807692307692 0.09615384615384616 0.08774038461538461
0 0.23798076923076922 0.9579326923076923 0.056490384615384616 0.03485576923076923
0 0.9423076923076923 0.9110576923076923 0.04326923076923077 0.030048076923076924
0 0.3088942307692308 0.5324519230769231 0.07692307692307693 0.03485576923076923
0 0.5516826923076923 0.9507211538461539 0.06009615384615385 0.040865384615384616
0 0.9254807692307693 0.7235576923076923 0.0625 0.02403846153846154
0 0.8125 0.9543269230769231 0.0829326923076923 0.040865384615384616
0 0.5805288461538461 0.38100961538461536 0.04447115384615385 0.056490384615384616
0 0.03485576923076923 0.2548076923076923 0.06971153846153846 0.03365384615384615
0 0.19831730769230768 0.6394230769230769 0.05048076923076923 0.028846153846153848
0 0.4206730769230769 0.5264423076923077 0.04927884615384615 0.03245192307692308
0 0.5829326923076923 0.21634615384615385 0.042067307692307696 0.027644230769230768
0 0.7788461538461539 0.5168269230769231 0.04447115384615385 0.037259615384615384
0 0.5709134615384616 0.015625 0.05889423076923077 0.030048076923076924
0 0.8329326923076923 0.21394230769230768 0.039663461538461536 0.04807692307692308
0 0.06971153846153846 0.040865384615384616 0.10697115384615384 0.06490384615384616
0 0.7560096153846154 0.6610576923076923 0.07211538461538461 0.04927884615384615
0 0.5973557692307693 0.7980769230769231 0.07211538461538461 0.039663461538461536
0 0.4735576923076923 0.65625 0.12740384615384615 0.06850961538461539
0 0.3137019230769231 0.4098557692307692 0.15384615384615385 0.06610576923076923
0 0.3786057692307692 0.22235576923076922 0.0733173076923077 0.042067307692307696
0 0.8004807692307693 0.9639423076923077 0.039663461538461536 0.054086538461538464
0 0.9723557692307693 0.8629807692307693 0.054086538461538464 0.036057692307692304
0 0.18990384615384615 0.4266826923076923 0.06610576923076923 0.03365384615384615
0 0.7451923076923077 0.04807692307692308 0.06610576923076923 0.02403846153846154
0 0.3713942307692308 0.6502403846153846 0.10817307692307693 0.08653846153846154
0 0.4831730769230769 0.921875 0.05048076923076923 0.06971153846153846
0 0.03125 0.4326923076923077 0.0625 0.08052884615384616
0 0.6670673076923077 0.0673076923076923 0.11778846153846154 0.04326923076923077
0 0.19110576923076922 0.2091346153846154 0.09495192307692307 0.05048076923076923
0 0.6694711538461539 0.36899038461538464 0.08052884615384616 0.03365384615384615
0 0.15625 0.055288461538461536 0.052884615384615384 0.037259615384615384
0 0.3137019230769231 0.5757211538461539 0.0829326923076923 0.04326923076923077
0 0.11057692307692307 0.9483173076923077 0.07572115384615384 0.025240384615384616
0 0.1201923076923077 0.7980769230769231 0.06850961538461539 0.03245192307692308
0 0.45072115384615385 0.49399038461538464 0.08052884615384616 0.06009615384615385
0 0.14783653846153846 0.8822115384615384 0.051682692307692304 0.025240384615384616
0 0.4579326923076923 0.0829326923076923 0.12980769230769232 0.038461538461538464
0 0.8185096153846154 0.7235576923076923 0.04927884615384615 0.11057692307692307
0 0.9170673076923077 0.5408653846153846 0.16346153846153846 0.04326923076923077
0 0.5276442307692307 0.5300480769230769 0.08774038461538461 0.046875
0 0.2620192307692308 0.29447115384615385 0.046875 0.05048076923076923
0 0.5697115384615384 0.41947115384615385 0.11658653846153846 0.13942307692307693
0 0.6538461538461539 0.890625 0.06850961538461539 0.039663461538461536
0 0.6394230769230769 0.5552884615384616 0.08653846153846154 0.027644230769230768
0 0.9831730769230769 0.765625 0.03245192307692308 0.06129807692307692
0 0.5180288461538461 0.2956730769230769 0.05889423076923077 0.038461538461538464
0 0.1502403846153846 0.4543269230769231 0.09495192307692307 0.10336538461538461
0 0.5288461538461539 0.11057692307692307 0.06971153846153846 0.016826923076923076
0 0.46033653846153844 0.13942307692307693 0.07932692307692307 0.02283653846153846
0 0.8713942307692307 0.2283653846153846 0.06129807692307692 0.09254807692307693
0 0.16105769230769232 0.5961538461538461 0.06610576923076923 0.03365384615384615
0 0.859375 0.8762019230769231 0.09735576923076923 0.04927884615384615
0 0.8737980769230769 0.6682692307692307 0.051682692307692304 0.09134615384615384
0 0.7932692307692307 0.9290865384615384 0.057692307692307696 0.026442307692307692
0 0.7439903846153846 0.8954326923076923 0.04927884615384615 0.038461538461538464