0 0.9747596153846154 0.17427884615384615 0.04927884615384615 0.04807692307692308
0 0.8497596153846154 0.21153846153846154 0.0625 0.07211538461538461
0 0.7103365384615384 0.2512019230769231 0.039663461538461536 0.04567307692307692
0 0.6466346153846154 0.2668269230769231 0.04567307692307692 0.052884615384615384
0 0.5973557692307693 0.25240384615384615 0.04807692307692308 0.05889423076923077
0 0.8954326923076923 0.31009615384615385 0.03365384615384615 0.040865384615384616
0 0.9723557692307693 0.4074519230769231 0.052884615384615384 0.03125
0 0.9134615384615384 0.41225961538461536 0.0625 0.038461538461538464
0 0.8569711538461539 0.4014423076923077 0.06490384615384616 0.04447115384615385
0 0.9711538461538461 0.9747596153846154 0.05048076923076923 0.04807692307692308
0 0.9891826923076923 0.8581730769230769 0.019230769230769232 0.037259615384615384
0 0.9399038461538461 0.9387019230769231 0.05889423076923077 0.036057692307692304
0 0.859375 0.9771634615384616 0.06009615384615385 0.04326923076923077
0 0.7668269230769231 0.9915865384615384 0.052884615384615384 0.015625
0 0.5108173076923077 0.9879807692307693 0.03245192307692308 0.02283653846153846
0 0.4362980769230769 0.859375 0.04447115384615385 0.04567307692307692
0 0.203125 0.9711538461538461 0.04567307692307692 0.038461538461538464
0 0.038461538461538464 0.4723557692307692 0.051682692307692304 0.04927884615384615
0 0.2860576923076923 0.40384615384615385 0.04447115384615385 0.04567307692307692
0 0.04567307692307692 0.38221153846153844 0.057692307692307696 0.051682692307692304
0 0.1658653846153846 0.40024038461538464 0.040865384615384616 0.04326923076923077
0 0.13701923076923078 0.3629807692307692 0.052884615384615384 0.037259615384615384
0 0.3137019230769231 0.32211538461538464 0.04927884615384615 0.040865384615384616
0 0.34134615384615385 0.28966346153846156 0.046875 0.039663461538461536
0 0.29447115384615385 0.2824519230769231 0.046875 0.046875
0 0.7175480769230769 0.4375 0.04567307692307692 0.042067307692307696
0 0.7055288461538461 0.4735576923076923 0.04567307692307692 0.039663461538461536
0 0.7139423076923077 0.5144230769230769 0.04807692307692308 0.04447115384615385
0 0.5372596153846154 0.3701923076923077 0.04807692307692308 0.055288461538461536
0 0.3629807692307692 0.39783653846153844 0.03365384615384615 0.03365384615384615
0 0.9411057692307693 0.3016826923076923 0.038461538461538464 0.04447115384615385