0 0.6069711538461539 0.2920673076923077 0.040865384615384616 0.09254807692307693
0 0.35336538461538464 0.027644230769230768 0.054086538461538464 0.03245192307692308
0 0.019230769230769232 0.35096153846153844 0.038461538461538464 0.04807692307692308
0 0.24278846153846154 0.7776442307692307 0.07211538461538461 0.052884615384615384
0 0.7247596153846154 0.03125 0.028846153846153848 0.0625
0 0.9627403846153846 0.17307692307692307 0.0733173076923077 0.07572115384615384
0 0.056490384615384616 0.2247596153846154 0.055288461538461536 0.037259615384615384
0 0.057692307692307696 0.6947115384615384 0.06971153846153846 0.08173076923076923
0 0.29927884615384615 0.7512019230769231 0.056490384615384616 0.07692307692307693
0 0.5132211538461539 0.25841346153846156 0.037259615384615384 0.08533653846153846
0 0.036057692307692304 0.15264423076923078 0.06129807692307692 0.0673076923076923
0 0.6358173076923077 0.9735576923076923 0.04447115384615385 0.051682692307692304
0 0.9771634615384616 0.46033653846153844 0.04326923076923077 0.06971153846153846
0 0.8677884615384616 0.08533653846153846 0.06490384615384616 0.07451923076923077
0 0.6730769230769231 0.4951923076923077 0.03125 0.054086538461538464
0 0.4170673076923077 0.25 0.04927884615384615 0.042067307692307696
0 0.1622596153846154 0.8545673076923077 0.04927884615384615 0.030048076923076924
0 0.18629807692307693 0.6706730769230769 0.05889423076923077 0.07692307692307693
0 0.8822115384615384 0.8125 0.03485576923076923 0.0889423076923077
0 0.14423076923076922 0.09014423076923077 0.04447115384615385 0.039663461538461536
0 0.203125 0.8149038461538461 0.07572115384615384 0.0673076923076923
0 0.12740384615384615 0.9194711538461539 0.038461538461538464 0.03245192307692308
0 0.3942307692307692 0.8677884615384616 0.046875 0.0625
0 0.71875 0.5420673076923077 0.04927884615384615 0.08173076923076923
0 0.3737980769230769 0.6153846153846154 0.05048076923076923 0.08413461538461539
0 0.16105769230769232 0.19110576923076922 0.05048076923076923 0.037259615384615384
0 0.4362980769230769 0.7163461538461539 0.06490384615384616 0.057692307692307696
0 0.44711538461538464 0.7740384615384616 0.04927884615384615 0.03125
0 0.8966346153846154 0.6802884615384616 0.055288461538461536 0.04807692307692308
0 0.5853365384615384 0.5024038461538461 0.036057692307692304 0.06610576923076923
0 0.8028846153846154 0.021634615384615384 0.057692307692307696 0.04326923076923077
0 0.671875 0.9591346153846154 0.06370192307692307 0.052884615384615384
0 0.7415865384615384 0.453125 0.028846153846153848 0.08533653846153846
0 0.37259615384615385 0.9651442307692307 0.05048076923076923 0.028846153846153848
0 0.8293269230769231 0.5132211538461539 0.057692307692307696 0.056490384615384616
0 0.8725961538461539 0.6322115384615384 0.051682692307692304 0.07211538461538461
0 0.016826923076923076 0.6754807692307693 0.03365384615384615 0.06610576923076923
0 0.6983173076923077 0.9459134615384616 0.054086538461538464 0.10697115384615384
0 0.21634615384615385 0.7199519230769231 0.08173076923076923 0.037259615384615384
0 0.10216346153846154 0.3233173076923077 0.0625 0.0829326923076923
0 0.7391826923076923 0.7824519230769231 0.07451923076923077 0.06971153846153846
0 0.35697115384615385 0.6670673076923077 0.06009615384615385 0.0625
0 0.9110576923076923 0.9447115384615384 0.06971153846153846 0.042067307692307696
0 0.7788461538461539 0.6742788461538461 0.052884615384615384 0.0985576923076923
0 0.19831730769230768 0.21514423076923078 0.04807692307692308 0.07932692307692307
0 0.47596153846153844 0.22596153846153846 0.03365384615384615 0.03365384615384615
0 0.6706730769230769 0.18269230769230768 0.052884615384615384 0.04927884615384615
0 0.1875 0.3798076923076923 0.07091346153846154 0.09615384615384616
0 0.7608173076923077 0.49759615384615385 0.06490384615384616 0.06610576923076923
0 0.78125 0.9783653846153846 0.042067307692307696 0.042067307692307696
0 0.6490384615384616 0.40384615384615385 0.046875 0.08774038461538461
0 0.1201923076923077 0.5492788461538461 0.0889423076923077 0.04927884615384615
0 0.9807692307692307 0.8786057692307693 0.036057692307692304 0.04567307692307692
0 0.7920673076923077 0.8245192307692307 0.030048076923076924 0.03125
0 0.9543269230769231 0.9855769230769231 0.06610576923076923 0.027644230769230768
0 0.38100961538461536 0.24759615384615385 0.06009615384615385 0.06850961538461539
0 0.20793269230769232 0.6286057692307693 0.04927884615384615 0.08052884615384616
0 0.05889423076923077 0.03125 0.07572115384615384 0.042067307692307696
0 0.3125 0.5793269230769231 0.055288461538461536 0.0673076923076923
0 0.9783653846153846 0.12139423076923077 0.039663461538461536 0.08052884615384616
0 0.8365384615384616 0.025240384615384616 0.03125 0.04567307692307692
0 0.29927884615384615 0.47716346153846156 0.0625 0.054086538461538464
0 0.7980769230769231 0.5853365384615384 0.06971153846153846 0.06490384615384616
0 0.2860576923076923 0.8461538461538461 0.04326923076923077 0.04927884615384615
0 0.24519230769230768 0.08533653846153846 0.051682692307692304 0.0889423076923077
0 0.36658653846153844 0.07692307692307693 0.06009615384615385 0.05048076923076923
0 0.46634615384615385 0.8461538461538461 0.051682692307692304 0.05048076923076923
0 0.703125 0.6610576923076923 0.07211538461538461 0.1045673076923077
0 0.2932692307692308 0.22115384615384615 0.07211538461538461 0.09975961538461539
0 0.17908653846153846 0.5288461538461539 0.06490384615384616 0.04807692307692308
0 0.6959134615384616 0.8677884615384616 0.055288461538461536 0.11298076923076923
0 0.921875 0.3233173076923077 0.04807692307692308 0.07572115384615384
0 0.7620192307692307 0.3112980769230769 0.0829326923076923 0.030048076923076924
0 0.9795673076923077 0.6826923076923077 0.038461538461538464 0.042067307692307696
0 0.5841346153846154 0.44350961538461536 0.0625 0.04447115384615385
0 0.9435096153846154 0.08533653846153846 0.08173076923076923 0.12379807692307693
0 0.5552884615384616 0.040865384615384616 0.042067307692307696 0.0673076923076923
0 0.5865384615384616 0.8641826923076923 0.08413461538461539 0.08533653846153846
0 0.7043269230769231 0.24519230769230768 0.04447115384615385 0.07932692307692307
0 0.07572115384615384 0.12379807692307693 0.055288461538461536 0.09134615384615384
0 0.6706730769230769 0.3425480769230769 0.04807692307692308 0.0829326923076923
0 0.9435096153846154 0.6310096153846154 0.06009615384615385 0.03365384615384615
0 0.5612980769230769 0.2620192307692308 0.040865384615384616 0.037259615384615384
0 0.9723557692307693 0.014423076923076924 0.038461538461538464 0.028846153846153848
0 0.7307692307692307 0.15384615384615385 0.06610576923076923 0.10096153846153846
0 0.7920673076923077 0.3485576923076923 0.04927884615384615 0.08413461538461539
0 0.9567307692307693 0.7451923076923077 0.07451923076923077 0.08533653846153846
0 0.7451923076923077 0.84375 0.03125 0.037259615384615384
0 0.24519230769230768 0.265625 0.055288461538461536 0.07692307692307693