0 0.21153846153846154 0.37259615384615385 0.09735576923076923 0.08653846153846154
0 0.546875 0.7055288461538461 0.1141826923076923 0.09615384615384616
0 0.8473557692307693 0.6923076923076923 0.12259615384615384 0.08052884615384616
0 0.4026442307692308 0.42788461538461536 0.06971153846153846 0.08653846153846154
0 0.4675480769230769 0.33653846153846156 0.09615384615384616 0.1814903846153846
0 0.3954326923076923 0.22355769230769232 0.20793269230769232 0.26322115384615385
0 0.38822115384615385 0.038461538461538464 0.11177884615384616 0.07451923076923077
0 0.08052884615384616 0.6490384615384616 0.0625 0.06009615384615385
0 0.7127403846153846 0.06610576923076923 0.14903846153846154 0.12980769230769232
0 0.953125 0.6646634615384616 0.0889423076923077 0.09014423076923077
0 0.3798076923076923 0.3605769230769231 0.12259615384615384 0.11057692307692307
0 0.5396634615384616 0.6430288461538461 0.24278846153846154 0.10817307692307693
0 0.7764423076923077 0.5877403846153846 0.0829326923076923 0.06971153846153846
0 0.390625 0.14302884615384615 0.08774038461538461 0.12259615384615384