0 0.6754807692307693 0.03125 0.055288461538461536 0.03365384615384615
0 0.7740384615384616 0.051682692307692304 0.05889423076923077 0.07932692307692307
0 0.859375 0.038461538461538464 0.06490384615384616 0.07572115384615384
0 0.9711538461538461 0.10817307692307693 0.056490384615384616 0.09254807692307693
0 0.7475961538461539 0.109375 0.06850961538461539 0.04927884615384615
0 0.7235576923076923 0.1201923076923077 0.03365384615384615 0.06850961538461539
0 0.7704326923076923 0.24759615384615385 0.038461538461538464 0.10817307692307693
0 0.8257211538461539 0.2620192307692308 0.0625 0.03365384615384615
0 0.5096153846153846 0.2824519230769231 0.025240384615384616 0.052884615384615384
0 0.34615384615384615 0.23197115384615385 0.04447115384615385 0.03365384615384615
0 0.31971153846153844 0.27403846153846156 0.04927884615384615 0.028846153846153848
0 0.9326923076923077 0.6646634615384616 0.03125 0.06009615384615385
0 0.7295673076923077 0.7536057692307693 0.08173076923076923 0.078125
0 0.35096153846153844 0.8858173076923077 0.040865384615384616 0.07692307692307693
0 0.25 0.9735576923076923 0.10817307692307693 0.051682692307692304
0 0.0985576923076923 0.9855769230769231 0.07932692307692307 0.027644230769230768
0 0.04807692307692308 0.6286057692307693 0.09615384615384616 0.038461538461538464
0 0.08774038461538461 0.5733173076923077 0.08173076923076923 0.04807692307692308
0 0.15865384615384615 0.5721153846153846 0.04807692307692308 0.028846153846153848
0 0.3004807692307692 0.5048076923076923 0.04447115384615385 0.04927884615384615
0 0.15384615384615385 0.3786057692307692 0.21995192307692307 0.04807692307692308
0 0.05048076923076923 0.28125 0.10096153846153846 0.14302884615384615
0 0.7247596153846154 0.27403846153846156 0.06009615384615385 0.020432692307692308
0 0.7259615384615384 0.16826923076923078 0.10336538461538461 0.06971153846153846
0 0.7283653846153846 0.027644230769230768 0.03245192307692308 0.038461538461538464