0 0.7355769230769231 0.6189903846153846 0.125 0.038461538461538464
0 0.12259615384615384 0.7007211538461539 0.13221153846153846 0.028846153846153848
0 0.32572115384615385 0.71875 0.14423076923076922 0.04567307692307692
0 0.30408653846153844 0.9579326923076923 0.16706730769230768 0.06129807692307692
0 0.13581730769230768 0.7512019230769231 0.14302884615384615 0.07692307692307693
0 0.7692307692307693 0.8918269230769231 0.10817307692307693 0.046875
0 0.04447115384615385 0.3269230769230769 0.08653846153846154 0.028846153846153848
0 0.13701923076923078 0.2512019230769231 0.0985576923076923 0.03365384615384615
0 0.15745192307692307 0.9579326923076923 0.125 0.028846153846153848
0 0.9783653846153846 0.5841346153846154 0.042067307692307696 0.06009615384615385
0 0.042067307692307696 0.2548076923076923 0.08413461538461539 0.06971153846153846
0 0.21153846153846154 0.057692307692307696 0.10576923076923077 0.09495192307692307
0 0.12379807692307693 0.4699519230769231 0.18509615384615385 0.08653846153846154
0 0.046875 0.8401442307692307 0.09375 0.038461538461538464
0 0.9014423076923077 0.5228365384615384 0.15384615384615385 0.056490384615384616
0 0.5817307692307693 0.8401442307692307 0.11538461538461539 0.042067307692307696
0 0.2620192307692308 0.20793269230769232 0.09975961538461539 0.046875
0 0.0889423076923077 0.30528846153846156 0.16105769230769232 0.04927884615384615
0 0.7079326923076923 0.5180288461538461 0.08052884615384616 0.038461538461538464
0 0.5637019230769231 0.49278846153846156 0.10096153846153846 0.06370192307692307
0 0.9122596153846154 0.5721153846153846 0.12980769230769232 0.038461538461538464
0 0.08533653846153846 0.140625 0.125 0.051682692307692304
0 0.6514423076923077 0.44350961538461536 0.12980769230769232 0.051682692307692304
0 0.3557692307692308 0.4639423076923077 0.09495192307692307 0.054086538461538464
0 0.8858173076923077 0.13822115384615385 0.13822115384615385 0.06610576923076923
0 0.453125 0.1814903846153846 0.14903846153846154 0.03485576923076923
0 0.48677884615384615 0.9254807692307693 0.09254807692307693 0.038461538461538464
0 0.09014423076923077 0.17668269230769232 0.17067307692307693 0.07932692307692307
0 0.28966346153846156 0.7896634615384616 0.1622596153846154 0.046875
0 0.0673076923076923 0.40024038461538464 0.11778846153846154 0.04927884615384615
0 0.6646634615384616 0.125 0.09495192307692307 0.04567307692307692
0 0.65625 0.5913461538461539 0.08052884615384616 0.054086538461538464
0 0.46634615384615385 0.5444711538461539 0.14302884615384615 0.06370192307692307
0 0.5516826923076923 0.859375 0.12740384615384615 0.03365384615384615
0 0.7391826923076923 0.8389423076923077 0.06610576923076923 0.04567307692307692
0 0.6947115384615384 0.9170673076923077 0.1310096153846154 0.04927884615384615
0 0.375 0.5 0.14182692307692307 0.042067307692307696
0 0.4110576923076923 0.8605769230769231 0.14182692307692307 0.03365384615384615
0 0.3605769230769231 0.6706730769230769 0.13341346153846154 0.028846153846153848
0 0.14543269230769232 0.8317307692307693 0.0985576923076923 0.030048076923076924
0 0.8149038461538461 0.7728365384615384 0.08653846153846154 0.05889423076923077
0 0.5985576923076923 0.28125 0.11778846153846154 0.05048076923076923
0 0.8689903846153846 0.9014423076923077 0.1141826923076923 0.028846153846153848
0 0.8774038461538461 0.4891826923076923 0.18629807692307693 0.07932692307692307
0 0.9567307692307693 0.21153846153846154 0.06971153846153846 0.028846153846153848
0 0.47115384615384615 0.18509615384615385 0.08533653846153846 0.07211538461538461
0 0.6670673076923077 0.18990384615384615 0.10697115384615384 0.055288461538461536
0 0.5204326923076923 0.9170673076923077 0.10096153846153846 0.051682692307692304
0 0.10096153846153846 0.22355769230769232 0.16947115384615385 0.042067307692307696
0 0.9194711538461539 0.8569711538461539 0.09375 0.04447115384615385
0 0.7764423076923077 0.5516826923076923 0.06971153846153846 0.057692307692307696
0 0.0889423076923077 0.9771634615384616 0.12379807692307693 0.030048076923076924
0 0.5132211538461539 0.32572115384615385 0.07451923076923077 0.036057692307692304
0 0.796875 0.859375 0.08052884615384616 0.036057692307692304
0 0.2704326923076923 0.5612980769230769 0.13822115384615385 0.06129807692307692
0 0.8533653846153846 0.08413461538461539 0.12860576923076922 0.07692307692307693
0 0.23677884615384615 0.90625 0.12860576923076922 0.038461538461538464
0 0.2764423076923077 0.6394230769230769 0.10216346153846154 0.028846153846153848
0 0.07692307692307693 0.9242788461538461 0.12620192307692307 0.038461538461538464
0 0.4254807692307692 0.8209134615384616 0.1201923076923077 0.055288461538461536
0 0.052884615384615384 0.9891826923076923 0.09615384615384616 0.019230769230769232
0 0.39663461538461536 0.8858173076923077 0.14903846153846154 0.04447115384615385
0 0.16706730769230768 0.6310096153846154 0.11057692307692307 0.038461538461538464
0 0.890625 0.8737980769230769 0.15144230769230768 0.03365384615384615
0 0.6947115384615384 0.10336538461538461 0.11778846153846154 0.057692307692307696
0 0.328125 0.140625 0.18269230769230768 0.06850961538461539
0 0.055288461538461536 0.8774038461538461 0.10697115384615384 0.036057692307692304
0 0.8641826923076923 0.5240384615384616 0.12259615384615384 0.028846153846153848
0 0.5805288461538461 0.1814903846153846 0.11538461538461539 0.06009615384615385
0 0.8978365384615384 0.25240384615384615 0.0625 0.03125
0 0.0625 0.6394230769230769 0.12379807692307693 0.10576923076923077
0 0.12259615384615384 0.7463942307692307 0.15745192307692307 0.18509615384615385