0 0.13221153846153846 0.31009615384615385 0.04326923076923077 0.07451923076923077
0 0.14543269230769232 0.028846153846153848 0.07572115384615384 0.056490384615384616
0 0.14423076923076922 0.4206730769230769 0.038461538461538464 0.038461538461538464
0 0.18509615384615385 0.6814903846153846 0.06009615384615385 0.05048076923076923
0 0.6862980769230769 0.23317307692307693 0.037259615384615384 0.018028846153846152
0 0.0985576923076923 0.8076923076923077 0.07692307692307693 0.07091346153846154
0 0.4807692307692308 0.21754807692307693 0.042067307692307696 0.06850961538461539
0 0.5612980769230769 0.5144230769230769 0.08173076923076923 0.04807692307692308
0 0.8786057692307693 0.5865384615384616 0.04447115384615385 0.09375
0 0.47475961538461536 0.8954326923076923 0.04447115384615385 0.07572115384615384
0 0.07451923076923077 0.13581730769230768 0.08653846153846154 0.13701923076923078
0 0.040865384615384616 0.7920673076923077 0.051682692307692304 0.04567307692307692
0 0.5444711538461539 0.35697115384615385 0.0625 0.055288461538461536
0 0.6141826923076923 0.8149038461538461 0.08052884615384616 0.1141826923076923
0 0.7391826923076923 0.9759615384615384 0.09495192307692307 0.04447115384615385
0 0.6262019230769231 0.9242788461538461 0.030048076923076924 0.03245192307692308
0 0.5661057692307693 0.46875 0.08413461538461539 0.037259615384615384
0 0.6490384615384616 0.5288461538461539 0.06610576923076923 0.03365384615384615
0 0.02283653846153846 0.9399038461538461 0.04447115384615385 0.056490384615384616
0 0.7944711538461539 0.06971153846153846 0.04447115384615385 0.040865384615384616
0 0.6814903846153846 0.8545673076923077 0.039663461538461536 0.06009615384615385
0 0.5348557692307693 0.44350961538461536 0.0625 0.039663461538461536
0 0.6382211538461539 0.6634615384615384 0.057692307692307696 0.056490384615384616
0 0.5348557692307693 0.9651442307692307 0.08413461538461539 0.04567307692307692
0 0.8822115384615384 0.0625 0.06610576923076923 0.055288461538461536
0 0.5949519230769231 0.17427884615384615 0.07211538461538461 0.09735576923076923
0 0.25240384615384615 0.12980769230769232 0.04567307692307692 0.054086538461538464
0 0.46875 0.3317307692307692 0.04567307692307692 0.04567307692307692
0 0.6923076923076923 0.328125 0.036057692307692304 0.0673076923076923
0 0.46274038461538464 0.6538461538461539 0.054086538461538464 0.055288461538461536
0 0.6189903846153846 0.3329326923076923 0.06009615384615385 0.07572115384615384
0 0.02403846153846154 0.8858173076923077 0.046875 0.04447115384615385
0 0.5649038461538461 0.12379807692307693 0.052884615384615384 0.03365384615384615
0 0.5889423076923077 0.06490384615384616 0.04447115384615385 0.037259615384615384
0 0.5733173076923077 0.8882211538461539 0.055288461538461536 0.055288461538461536
0 0.09735576923076923 0.38822115384615385 0.06009615384615385 0.04447115384615385
0 0.6826923076923077 0.41947115384615385 0.04447115384615385 0.04927884615384615
0 0.5036057692307693 0.1310096153846154 0.04447115384615385 0.052884615384615384
0 0.6935096153846154 0.7127403846153846 0.04447115384615385 0.078125
0 0.4182692307692308 0.6935096153846154 0.0733173076923077 0.055288461538461536
0 0.37740384615384615 0.9230769230769231 0.09375 0.0733173076923077
0 0.6262019230769231 0.0985576923076923 0.040865384615384616 0.028846153846153848
0 0.3545673076923077 0.7632211538461539 0.11899038461538461 0.06370192307692307
0 0.5456730769230769 0.23317307692307693 0.051682692307692304 0.04447115384615385
0 0.43028846153846156 0.037259615384615384 0.06490384615384616 0.040865384615384616