0 0.39783653846153844 0.9771634615384616 0.04447115384615385 0.04326923076923077
0 0.5228365384615384 0.9627403846153846 0.08653846153846154 0.0733173076923077
0 0.7319711538461539 0.9699519230769231 0.05889423076923077 0.05889423076923077
0 0.7512019230769231 0.8473557692307693 0.11778846153846154 0.11778846153846154
0 0.34134615384615385 0.8209134615384616 0.07211538461538461 0.07692307692307693
0 0.5492788461538461 0.7235576923076923 0.039663461538461536 0.06490384615384616
0 0.4639423076923077 0.7139423076923077 0.06610576923076923 0.04927884615384615
0 0.3485576923076923 0.7620192307692307 0.038461538461538464 0.04447115384615385
0 0.3161057692307692 0.65625 0.08173076923076923 0.09134615384615384
0 0.38100961538461536 0.6995192307692307 0.0625 0.08052884615384616
0 0.1045673076923077 0.6586538461538461 0.07932692307692307 0.06610576923076923
0 0.1658653846153846 0.6658653846153846 0.06490384615384616 0.07211538461538461
0 0.1502403846153846 0.5492788461538461 0.040865384615384616 0.046875
0 0.39903846153846156 0.6225961538461539 0.037259615384615384 0.052884615384615384
0 0.4483173076923077 0.6430288461538461 0.06610576923076923 0.08052884615384616
0 0.32211538461538464 0.546875 0.07091346153846154 0.08173076923076923
0 0.3641826923076923 0.5997596153846154 0.06009615384615385 0.078125
0 0.43990384615384615 0.4831730769230769 0.1045673076923077 0.11778846153846154
0 0.8076923076923077 0.5973557692307693 0.09495192307692307 0.07451923076923077
0 0.6670673076923077 0.5492788461538461 0.046875 0.05048076923076923
0 0.7536057692307693 0.5324519230769231 0.07572115384615384 0.07451923076923077
0 0.4266826923076923 0.35336538461538464 0.06490384615384616 0.08413461538461539
0 0.4423076923076923 0.2776442307692308 0.036057692307692304 0.052884615384615384
0 0.6947115384615384 0.4483173076923077 0.055288461538461536 0.07572115384615384
0 0.7536057692307693 0.4110576923076923 0.039663461538461536 0.03365384615384615
0 0.8016826923076923 0.45552884615384615 0.0889423076923077 0.06971153846153846
0 0.6322115384615384 0.359375 0.04927884615384615 0.08653846153846154
0 0.5805288461538461 0.33774038461538464 0.09134615384615384 0.08413461538461539
0 0.6634615384615384 0.2860576923076923 0.056490384615384616 0.06009615384615385
0 0.7451923076923077 0.28125 0.07451923076923077 0.07692307692307693
0 0.5396634615384616 0.2247596153846154 0.08533653846153846 0.0829326923076923
0 0.6826923076923077 0.140625 0.06490384615384616 0.09735576923076923
0 0.8677884615384616 0.07091346153846154 0.06009615384615385 0.06370192307692307
0 0.6189903846153846 0.09014423076923077 0.07451923076923077 0.1201923076923077
0 0.6298076923076923 0.03125 0.06370192307692307 0.06129807692307692
0 0.9663461538461539 0.90625 0.05048076923076923 0.04807692307692308
0 0.8629807692307693 0.02403846153846154 0.038461538461538464 0.04447115384615385
0 0.020432692307692308 0.28725961538461536 0.039663461538461536 0.051682692307692304
0 0.59375 0.39783653846153844 0.04567307692307692 0.06370192307692307
0 0.44711538461538464 0.4206730769230769 0.036057692307692304 0.03245192307692308
0 0.8305288461538461 0.828125 0.06009615384615385 0.06009615384615385
0 0.3894230769230769 0.75 0.04447115384615385 0.03365384615384615
0 0.7067307692307693 0.9290865384615384 0.0673076923076923 0.054086538461538464
0 0.59375 0.43028846153846156 0.04567307692307692 0.10096153846153846
0 0.5588942307692307 0.42788461538461536 0.04927884615384615 0.08052884615384616
0 0.7608173076923077 0.009615384615384616 0.038461538461538464 0.019230769230769232
0 0.8413461538461539 0.039663461538461536 0.028846153846153848 0.02403846153846154
0 0.31971153846153844 0.007211538461538462 0.036057692307692304 0.013221153846153846
0 0.328125 0.057692307692307696 0.057692307692307696 0.04326923076923077
0 0.6237980769230769 0.16947115384615385 0.05889423076923077 0.06850961538461539
0 0.6057692307692307 0.21394230769230768 0.04567307692307692 0.042067307692307696