0 0.19831730769230768 0.6742788461538461 0.06971153846153846 0.04447115384615385
0 0.7355769230769231 0.8882211538461539 0.07572115384615384 0.09134615384615384
0 0.040865384615384616 0.5324519230769231 0.08052884615384616 0.09014423076923077
0 0.2536057692307692 0.3173076923076923 0.06129807692307692 0.07932692307692307
0 0.3233173076923077 0.14302884615384615 0.04927884615384615 0.0829326923076923
0 0.6177884615384616 0.22956730769230768 0.06850961538461539 0.09014423076923077
0 0.31009615384615385 0.21634615384615385 0.04927884615384615 0.10697115384615384
0 0.8100961538461539 0.6286057692307693 0.08052884615384616 0.12139423076923077
0 0.6742788461538461 0.609375 0.07211538461538461 0.0889423076923077
0 0.5192307692307693 0.6538461538461539 0.08413461538461539 0.0829326923076923
0 0.26322115384615385 0.7980769230769231 0.08052884615384616 0.040865384615384616
0 0.3485576923076923 0.9807692307692307 0.07091346153846154 0.036057692307692304
0 0.14783653846153846 0.36177884615384615 0.10576923076923077 0.140625
0 0.08533653846153846 0.75 0.14302884615384615 0.07572115384615384
0 0.28125 0.7548076923076923 0.04927884615384615 0.04447115384615385
0 0.3245192307692308 0.08653846153846154 0.07091346153846154 0.09495192307692307
0 0.5264423076923077 0.0625 0.06009615384615385 0.12379807692307693
0 0.44711538461538464 0.8413461538461539 0.10697115384615384 0.078125
0 0.078125 0.4855769230769231 0.07572115384615384 0.09375
0 0.9663461538461539 0.8545673076923077 0.06490384615384616 0.0889423076923077
0 0.6430288461538461 0.19591346153846154 0.06370192307692307 0.08052884615384616
0 0.8317307692307693 0.3004807692307692 0.04447115384615385 0.08173076923076923
0 0.38341346153846156 0.3485576923076923 0.07091346153846154 0.04447115384615385
0 0.390625 0.6682692307692307 0.13221153846153846 0.07692307692307693
0 0.53125 0.7908653846153846 0.15625 0.10336538461538461
0 0.28725961538461536 0.390625 0.07091346153846154 0.10216346153846154
0 0.41346153846153844 0.20673076923076922 0.08413461538461539 0.06971153846153846
0 0.27163461538461536 0.6490384615384616 0.06490384615384616 0.051682692307692304
0 0.7716346153846154 0.6923076923076923 0.0985576923076923 0.06490384615384616
0 0.3641826923076923 0.27884615384615385 0.0733173076923077 0.08413461538461539
0 0.2247596153846154 0.5036057692307693 0.1201923076923077 0.06490384615384616
0 0.8846153846153846 0.05889423076923077 0.1141826923076923 0.11778846153846154
0 0.27884615384615385 0.578125 0.07572115384615384 0.06971153846153846
0 0.75 0.5697115384615384 0.06009615384615385 0.08052884615384616
0 0.3293269230769231 0.7043269230769231 0.11778846153846154 0.05048076923076923
0 0.046875 0.35697115384615385 0.06971153846153846 0.12259615384615384
0 0.24879807692307693 0.1141826923076923 0.06850961538461539 0.1045673076923077
0 0.22956730769230768 0.038461538461538464 0.08653846153846154 0.07692307692307693
0 0.19471153846153846 0.7560096153846154 0.07572115384615384 0.055288461538461536
0 0.7007211538461539 0.7367788461538461 0.12860576923076922 0.0733173076923077
0 0.7992788461538461 0.04807692307692308 0.10336538461538461 0.09615384615384616
0 0.06971153846153846 0.05048076923076923 0.0889423076923077 0.10096153846153846
0 0.44711538461538464 0.06129807692307692 0.08653846153846154 0.12259615384615384
0 0.2920673076923077 0.8677884615384616 0.12980769230769232 0.06009615384615385
0 0.3485576923076923 0.59375 0.08052884615384616 0.0733173076923077
0 0.37259615384615385 0.7596153846153846 0.15384615384615385 0.057692307692307696
0 0.07091346153846154 0.6490384615384616 0.10096153846153846 0.07451923076923077
0 0.8701923076923077 0.17427884615384615 0.08173076923076923 0.1310096153846154
0 0.609375 0.609375 0.07451923076923077 0.08653846153846154
0 0.04326923076923077 0.18629807692307693 0.08653846153846154 0.08533653846153846
0 0.9663461538461539 0.31490384615384615 0.06610576923076923 0.08653846153846154
0 0.6502403846153846 0.16466346153846154 0.1346153846153846 0.14903846153846154
0 0.7475961538461539 0.15745192307692307 0.07091346153846154 0.1346153846153846
0 0.9663461538461539 0.24759615384615385 0.06610576923076923 0.10216346153846154