0 0.9639423076923077 0.9447115384615384 0.06009615384615385 0.04447115384615385
0 0.03365384615384615 0.30649038461538464 0.06610576923076923 0.04927884615384615
0 0.3329326923076923 0.19110576923076922 0.10096153846153846 0.11658653846153846
0 0.35096153846153844 0.765625 0.04447115384615385 0.09134615384615384
0 0.3629807692307692 0.8762019230769231 0.07451923076923077 0.04807692307692308
0 0.039663461538461536 0.21754807692307693 0.07932692307692307 0.0985576923076923
0 0.4855769230769231 0.8365384615384616 0.039663461538461536 0.06490384615384616
0 0.7391826923076923 0.3389423076923077 0.038461538461538464 0.06971153846153846
0 0.13581730769230768 0.4519230769230769 0.04927884615384615 0.0625
0 0.8930288461538461 0.5048076923076923 0.038461538461538464 0.10096153846153846
0 0.8629807692307693 0.6899038461538461 0.05048076923076923 0.056490384615384616
0 0.10096153846153846 0.4230769230769231 0.04447115384615385 0.051682692307692304
0 0.14543269230769232 0.7487980769230769 0.078125 0.04567307692307692
0 0.24519230769230768 0.27283653846153844 0.04447115384615385 0.0673076923076923
0 0.796875 0.027644230769230768 0.038461538461538464 0.055288461538461536
0 0.6875 0.030048076923076924 0.030048076923076924 0.057692307692307696
0 0.11057692307692307 0.8557692307692307 0.06009615384615385 0.08173076923076923
0 0.7836538461538461 0.6694711538461539 0.038461538461538464 0.0673076923076923
0 0.7319711538461539 0.9050480769230769 0.04326923076923077 0.10096153846153846
0 0.35216346153846156 0.8137019230769231 0.04927884615384615 0.09134615384615384
0 0.6298076923076923 0.3125 0.03365384615384615 0.046875
0 0.29447115384615385 0.9375 0.056490384615384616 0.027644230769230768
0 0.5757211538461539 0.18269230769230768 0.039663461538461536 0.10697115384615384
0 0.5528846153846154 0.5348557692307693 0.051682692307692304 0.09495192307692307
0 0.5060096153846154 0.02283653846153846 0.078125 0.04447115384615385
0 0.9783653846153846 0.026442307692307692 0.036057692307692304 0.052884615384615384
0 0.16947115384615385 0.026442307692307692 0.05889423076923077 0.052884615384615384
0 0.030048076923076924 0.5444711538461539 0.06009615384615385 0.109375
0 0.8497596153846154 0.10576923076923077 0.040865384615384616 0.04927884615384615
0 0.6033653846153846 0.7283653846153846 0.036057692307692304 0.0625
0 0.35697115384615385 0.0985576923076923 0.05889423076923077 0.040865384615384616
0 0.484375 0.24879807692307693 0.140625 0.09495192307692307
0 0.8629807692307693 0.9771634615384616 0.04447115384615385 0.04447115384615385
0 0.02403846153846154 0.1310096153846154 0.04807692307692308 0.04927884615384615
0 0.7956730769230769 0.07211538461538461 0.06129807692307692 0.037259615384615384
0 0.6670673076923077 0.890625 0.038461538461538464 0.06971153846153846
0 0.7079326923076923 0.7524038461538461 0.06370192307692307 0.042067307692307696
0 0.13581730769230768 0.2824519230769231 0.038461538461538464 0.0733173076923077
0 0.17067307692307693 0.31490384615384615 0.055288461538461536 0.078125
0 0.2980769230769231 0.9122596153846154 0.07692307692307693 0.03365384615384615
0 0.05889423076923077 0.6538461538461539 0.0733173076923077 0.03365384615384615
0 0.8173076923076923 0.3076923076923077 0.036057692307692304 0.0733173076923077
0 0.7391826923076923 0.4098557692307692 0.0673076923076923 0.036057692307692304
0 0.05048076923076923 0.6995192307692307 0.052884615384615384 0.055288461538461536
0 0.6959134615384616 0.7319711538461539 0.025240384615384616 0.07211538461538461
0 0.6442307692307693 0.5012019230769231 0.08052884615384616 0.11778846153846154
0 0.28966346153846156 0.31850961538461536 0.06009615384615385 0.03365384615384615
0 0.3076923076923077 0.08173076923076923 0.028846153846153848 0.0673076923076923
0 0.40625 0.2512019230769231 0.03125 0.06129807692307692
0 0.0673076923076923 0.8689903846153846 0.08653846153846154 0.054086538461538464
0 0.3701923076923077 0.40625 0.06009615384615385 0.04927884615384615