0 0.2704326923076923 0.5649038461538461 0.2980769230769231 0.18028846153846154
0 0.5048076923076923 0.13581730769230768 0.10096153846153846 0.26802884615384615
0 0.5252403846153846 0.9447115384615384 0.1310096153846154 0.109375
0 0.6069711538461539 0.1201923076923077 0.10576923076923077 0.13341346153846154
0 0.8269230769230769 0.22716346153846154 0.2644230769230769 0.11538461538461539
0 0.6442307692307693 0.9555288461538461 0.0889423076923077 0.08653846153846154
0 0.7235576923076923 0.9350961538461539 0.08413461538461539 0.06009615384615385
0 0.4362980769230769 0.5384615384615384 0.08052884615384616 0.06490384615384616
0 0.9338942307692307 0.5588942307692307 0.1310096153846154 0.11538461538461539
0 0.8930288461538461 0.5048076923076923 0.21153846153846154 0.1310096153846154
0 0.953125 0.6923076923076923 0.09254807692307693 0.14783653846153846
0 0.6370192307692307 0.12259615384615384 0.19591346153846154 0.24519230769230768
0 0.12259615384615384 0.8545673076923077 0.2403846153846154 0.06971153846153846
0 0.24879807692307693 0.8882211538461539 0.12139423076923077 0.0733173076923077
0 0.5697115384615384 0.6947115384615384 0.18509615384615385 0.21634615384615385
0 0.8581730769230769 0.3894230769230769 0.15264423076923078 0.08533653846153846
0 0.056490384615384616 0.6971153846153846 0.10216346153846154 0.23076923076923078
0 0.9675480769230769 0.8822115384615384 0.06009615384615385 0.15144230769230768
0 0.3762019230769231 0.140625 0.11538461538461539 0.0673076923076923
0 0.6538461538461539 0.7884615384615384 0.06610576923076923 0.23677884615384615
0 0.1502403846153846 0.46274038461538464 0.28365384615384615 0.20072115384615385
0 0.7536057692307693 0.390625 0.22716346153846154 0.1875
0 0.18509615384615385 0.6153846153846154 0.12740384615384615 0.08052884615384616
0 0.5600961538461539 0.8641826923076923 0.11538461538461539 0.16466346153846154