0 0.3245192307692308 0.8461538461538461 0.052884615384615384 0.04447115384615385
0 0.03125 0.5625 0.06009615384615385 0.04807692307692308
0 0.9110576923076923 0.6838942307692307 0.08173076923076923 0.06009615384615385
0 0.6418269230769231 0.2776442307692308 0.07932692307692307 0.039663461538461536
0 0.5997596153846154 0.46153846153846156 0.039663461538461536 0.04567307692307692
0 0.29447115384615385 0.5961538461538461 0.038461538461538464 0.051682692307692304
0 0.4014423076923077 0.4807692307692308 0.04567307692307692 0.038461538461538464
0 0.43990384615384615 0.19471153846153846 0.05048076923076923 0.055288461538461536
0 0.7920673076923077 0.734375 0.06009615384615385 0.06370192307692307
0 0.14302884615384615 0.8810096153846154 0.11298076923076923 0.15745192307692307
0 0.7199519230769231 0.38822115384615385 0.0673076923076923 0.06129807692307692
0 0.7944711538461539 0.13701923076923078 0.04927884615384615 0.0673076923076923
0 0.42908653846153844 0.13822115384615385 0.06490384615384616 0.04927884615384615
0 0.6069711538461539 0.16105769230769232 0.055288461538461536 0.04447115384615385
0 0.5264423076923077 0.23677884615384615 0.10697115384615384 0.054086538461538464
0 0.5697115384615384 0.7247596153846154 0.046875 0.04927884615384615
0 0.953125 0.12620192307692307 0.08052884615384616 0.0625
0 0.36778846153846156 0.65625 0.08173076923076923 0.042067307692307696
0 0.25240384615384615 0.3004807692307692 0.04807692307692308 0.051682692307692304
0 0.17307692307692307 0.7524038461538461 0.04807692307692308 0.03365384615384615
0 0.02403846153846154 0.3137019230769231 0.046875 0.04326923076923077
0 0.578125 0.030048076923076924 0.0889423076923077 0.06009615384615385
0 0.34615384615384615 0.021634615384615384 0.016826923076923076 0.028846153846153848
0 0.16105769230769232 0.5600961538461539 0.04447115384615385 0.052884615384615384
0 0.8305288461538461 0.5913461538461539 0.054086538461538464 0.05048076923076923
0 0.5576923076923077 0.8894230769230769 0.0625 0.05889423076923077
0 0.6887019230769231 0.41947115384615385 0.04927884615384615 0.05048076923076923
0 0.6165865384615384 0.5420673076923077 0.06610576923076923 0.08052884615384616
0 0.36538461538461536 0.7475961538461539 0.07211538461538461 0.07451923076923077
0 0.9735576923076923 0.7836538461538461 0.05048076923076923 0.06490384615384616
0 0.7848557692307693 0.30528846153846156 0.04807692307692308 0.04447115384615385
0 0.34615384615384615 0.39783653846153844 0.042067307692307696 0.042067307692307696
0 0.7800480769230769 0.8257211538461539 0.078125 0.06490384615384616
0 0.7596153846153846 0.6538461538461539 0.056490384615384616 0.026442307692307692
0 0.38341346153846156 0.5108173076923077 0.04447115384615385 0.030048076923076924
0 0.7716346153846154 0.038461538461538464 0.04326923076923077 0.07572115384615384
0 0.26322115384615385 0.8521634615384616 0.10817307692307693 0.11298076923076923
0 0.6911057692307693 0.3485576923076923 0.056490384615384616 0.04447115384615385
0 0.59375 0.6274038461538461 0.057692307692307696 0.03365384615384615
0 0.41346153846153844 0.4074519230769231 0.028846153846153848 0.036057692307692304
0 0.44471153846153844 0.34615384615384615 0.06850961538461539 0.0625
0 0.6153846153846154 0.703125 0.06971153846153846 0.06490384615384616
0 0.8137019230769231 0.02403846153846154 0.038461538461538464 0.04807692307692308
0 0.2512019230769231 0.4891826923076923 0.07572115384615384 0.05048076923076923