0 0.9735576923076923 0.2620192307692308 0.051682692307692304 0.06490384615384616
0 0.014423076923076924 0.7512019230769231 0.028846153846153848 0.036057692307692304
0 0.08774038461538461 0.9651442307692307 0.10096153846153846 0.06850961538461539
0 0.6923076923076923 0.45072115384615385 0.17668269230769232 0.10216346153846154
0 0.9711538461538461 0.7956730769230769 0.056490384615384616 0.09495192307692307
0 0.6322115384615384 0.1346153846153846 0.05048076923076923 0.07572115384615384
0 0.640625 0.515625 0.11778846153846154 0.08653846153846154
0 0.640625 0.052884615384615384 0.04927884615384615 0.10576923076923077
0 0.59375 0.7019230769230769 0.055288461538461536 0.04927884615384615
0 0.8653846153846154 0.12620192307692307 0.12740384615384615 0.1778846153846154
0 0.8894230769230769 0.40384615384615385 0.056490384615384616 0.12139423076923077
0 0.34975961538461536 0.44350961538461536 0.16466346153846154 0.06370192307692307
0 0.7007211538461539 0.9567307692307693 0.12259615384615384 0.08533653846153846
0 0.5685096153846154 0.8112980769230769 0.06370192307692307 0.09134615384615384
0 0.5252403846153846 0.0673076923076923 0.04927884615384615 0.10096153846153846
0 0.6033653846153846 0.3557692307692308 0.056490384615384616 0.09735576923076923
0 0.9447115384615384 0.9519230769230769 0.078125 0.09375
0 0.5817307692307693 0.11298076923076923 0.09254807692307693 0.11778846153846154
0 0.04447115384615385 0.6550480769230769 0.0889423076923077 0.10336538461538461
0 0.3894230769230769 0.7992788461538461 0.13822115384615385 0.05889423076923077
0 0.828125 0.46153846153846156 0.04927884615384615 0.04447115384615385
0 0.8305288461538461 0.4014423076923077 0.06009615384615385 0.07932692307692307
0 0.014423076923076924 0.7139423076923077 0.028846153846153848 0.04807692307692308
0 0.6514423076923077 0.18629807692307693 0.0889423076923077 0.14423076923076922
0 0.6875 0.8870192307692307 0.055288461538461536 0.05889423076923077
0 0.46153846153846156 0.009615384615384616 0.038461538461538464 0.018028846153846152
0 0.41586538461538464 0.45552884615384615 0.11538461538461539 0.06009615384615385
0 0.9603365384615384 0.23677884615384615 0.04567307692307692 0.0673076923076923
0 0.9795673076923077 0.6706730769230769 0.038461538461538464 0.04567307692307692
0 0.019230769230769232 0.234375 0.038461538461538464 0.04927884615384615
0 0.9170673076923077 0.24639423076923078 0.042067307692307696 0.06610576923076923
0 0.4387019230769231 0.14182692307692307 0.05048076923076923 0.15745192307692307
0 0.021634615384615384 0.7692307692307693 0.038461538461538464 0.028846153846153848
0 0.7632211538461539 0.9158653846153846 0.1310096153846154 0.09134615384615384
0 0.5913461538461539 0.1814903846153846 0.03245192307692308 0.037259615384615384
0 0.027644230769230768 0.48677884615384615 0.055288461538461536 0.037259615384615384
0 0.5288461538461539 0.5120192307692307 0.1466346153846154 0.09134615384615384
0 0.9639423076923077 0.13221153846153846 0.06971153846153846 0.046875
0 0.09615384615384616 0.7740384615384616 0.04326923076923077 0.028846153846153848
0 0.5649038461538461 0.04447115384615385 0.03125 0.052884615384615384
0 0.5396634615384616 0.7740384615384616 0.055288461538461536 0.09615384615384616
0 0.3317307692307692 0.5805288461538461 0.20432692307692307 0.07211538461538461
0 0.4723557692307692 0.140625 0.03365384615384615 0.10096153846153846
0 0.4495192307692308 0.23557692307692307 0.03485576923076923 0.07692307692307693
0 0.875 0.24278846153846154 0.056490384615384616 0.04807692307692308
0 0.3473557692307692 0.1814903846153846 0.11298076923076923 0.0733173076923077
0 0.8425480769230769 0.5673076923076923 0.039663461538461536 0.04927884615384615
0 0.5396634615384616 0.2920673076923077 0.12259615384615384 0.07932692307692307
0 0.6694711538461539 0.22235576923076922 0.040865384615384616 0.09615384615384616
0 0.5072115384615384 0.8269230769230769 0.06490384615384616 0.052884615384615384
0 0.9891826923076923 0.4639423076923077 0.020432692307692308 0.08413461538461539
0 0.7788461538461539 0.34975961538461536 0.0625 0.04927884615384615
0 0.5661057692307693 0.9819711538461539 0.05048076923076923 0.03365384615384615
0 0.9038461538461539 0.515625 0.04927884615384615 0.07091346153846154
0 0.4699519230769231 0.8701923076923077 0.06009615384615385 0.055288461538461536
0 0.8293269230769231 0.6694711538461539 0.11778846153846154 0.08052884615384616
0 0.020432692307692308 0.8076923076923077 0.039663461538461536 0.04567307692307692
0 0.9711538461538461 0.6129807692307693 0.055288461538461536 0.09495192307692307
0 0.5841346153846154 0.0625 0.02403846153846154 0.06009615384615385
0 0.4951923076923077 0.038461538461538464 0.057692307692307696 0.07692307692307693
0 0.03365384615384615 0.5348557692307693 0.05048076923076923 0.06009615384615385
0 0.9314903846153846 0.13822115384615385 0.06610576923076923 0.09134615384615384
0 0.6694711538461539 0.4831730769230769 0.06490384615384616 0.028846153846153848
0 0.3233173076923077 0.021634615384615384 0.05048076923076923 0.04326923076923077
0 0.9134615384615384 0.6382211538461539 0.04447115384615385 0.04927884615384615
0 0.4326923076923077 0.03125 0.04807692307692308 0.038461538461538464
0 0.8389423076923077 0.013221153846153846 0.02403846153846154 0.026442307692307692
0 0.6598557692307693 0.8521634615384616 0.04326923076923077 0.038461538461538464
0 0.021634615384615384 0.3293269230769231 0.04326923076923077 0.08653846153846154
0 0.4266826923076923 0.5192307692307693 0.13221153846153846 0.052884615384615384
0 0.5721153846153846 0.6478365384615384 0.04447115384615385 0.04927884615384615
0 0.5829326923076923 0.24759615384615385 0.06971153846153846 0.07211538461538461