0 0.671875 0.14182692307692307 0.09254807692307693 0.07572115384615384
0 0.6009615384615384 0.054086538461538464 0.13822115384615385 0.08653846153846154
0 0.90625 0.5264423076923077 0.109375 0.07091346153846154
0 0.7163461538461539 0.6754807692307693 0.13581730769230768 0.16105769230769232
0 0.49759615384615385 0.8533653846153846 0.11778846153846154 0.08173076923076923
0 0.054086538461538464 0.41947115384615385 0.10576923076923077 0.0889423076923077
0 0.9483173076923077 0.8737980769230769 0.10096153846153846 0.14182692307692307
0 0.9519230769230769 0.2764423076923077 0.08653846153846154 0.11899038461538461
0 0.3918269230769231 0.8653846153846154 0.08173076923076923 0.08653846153846154
0 0.7716346153846154 0.19110576923076922 0.10096153846153846 0.10096153846153846
0 0.38341346153846156 0.34975961538461536 0.0889423076923077 0.11658653846153846
0 0.14302884615384615 0.3858173076923077 0.12139423076923077 0.07692307692307693
0 0.9651442307692307 0.46274038461538464 0.0673076923076923 0.15865384615384615
0 0.04326923076923077 0.07572115384615384 0.08653846153846154 0.1502403846153846
0 0.9699519230769231 0.96875 0.057692307692307696 0.06009615384615385
0 0.35096153846153844 0.040865384615384616 0.125 0.08173076923076923
0 0.4026442307692308 0.6514423076923077 0.0829326923076923 0.14903846153846154
0 0.6502403846153846 0.890625 0.09375 0.1045673076923077
0 0.23557692307692307 0.3293269230769231 0.11658653846153846 0.07692307692307693
0 0.24158653846153846 0.16706730769230768 0.11298076923076923 0.09495192307692307
0 0.8701923076923077 0.45552884615384615 0.09134615384615384 0.09615384615384616
0 0.43990384615384615 0.9639423076923077 0.09134615384615384 0.07091346153846154
0 0.19471153846153846 0.04567307692307692 0.09014423076923077 0.08052884615384616
0 0.5360576923076923 0.96875 0.09615384615384616 0.06009615384615385
0 0.5661057692307693 0.9038461538461539 0.07692307692307693 0.0829326923076923
0 0.5504807692307693 0.2548076923076923 0.078125 0.10697115384615384
0 0.9771634615384616 0.6009615384615384 0.04326923076923077 0.09134615384615384
0 0.038461538461538464 0.3629807692307692 0.07692307692307693 0.13341346153846154
0 0.5853365384615384 0.5528846153846154 0.11899038461538461 0.14423076923076922
0 0.4963942307692308 0.140625 0.09014423076923077 0.109375
0 0.34615384615384615 0.75 0.07091346153846154 0.12379807692307693
0 0.7163461538461539 0.2644230769230769 0.09134615384615384 0.12139423076923077
0 0.4567307692307692 0.7692307692307693 0.08413461538461539 0.10216346153846154
0 0.057692307692307696 0.9807692307692307 0.08413461538461539 0.037259615384615384
0 0.15625 0.2764423076923077 0.15504807692307693 0.07451923076923077