0 0.9314903846153846 0.055288461538461536 0.11538461538461539 0.04447115384615385
0 0.8161057692307693 0.6274038461538461 0.055288461538461536 0.018028846153846152
0 0.6201923076923077 0.28125 0.04807692307692308 0.04447115384615385
0 0.6706730769230769 0.8798076923076923 0.12139423076923077 0.042067307692307696
0 0.9555288461538461 0.8617788461538461 0.08774038461538461 0.038461538461538464
0 0.5913461538461539 0.6201923076923077 0.1466346153846154 0.036057692307692304
0 0.9326923076923077 0.6430288461538461 0.10697115384615384 0.039663461538461536
0 0.6237980769230769 0.9831730769230769 0.09254807692307693 0.02403846153846154
0 0.7115384615384616 0.03365384615384615 0.07692307692307693 0.06009615384615385
0 0.33533653846153844 0.9831730769230769 0.08653846153846154 0.028846153846153848
0 0.6862980769230769 0.29927884615384615 0.10697115384615384 0.038461538461538464
0 0.4519230769230769 0.7824519230769231 0.07572115384615384 0.06009615384615385
0 0.11538461538461539 0.18269230769230768 0.0889423076923077 0.030048076923076924
0 0.11298076923076923 0.09014423076923077 0.06129807692307692 0.021634615384615384
0 0.06971153846153846 0.1141826923076923 0.11778846153846154 0.042067307692307696
0 0.75 0.8557692307692307 0.13221153846153846 0.028846153846153848
0 0.17668269230769232 0.2704326923076923 0.06490384615384616 0.08052884615384616
0 0.4987980769230769 0.5168269230769231 0.1201923076923077 0.04567307692307692
0 0.44471153846153844 0.35697115384615385 0.055288461538461536 0.04326923076923077
0 0.38221153846153844 0.41225961538461536 0.08173076923076923 0.046875
0 0.9879807692307693 0.78125 0.02283653846153846 0.09975961538461539
0 0.030048076923076924 0.6454326923076923 0.057692307692307696 0.04567307692307692
0 0.7896634615384616 0.39663461538461536 0.13221153846153846 0.03125
0 0.018028846153846152 0.390625 0.03485576923076923 0.036057692307692304
0 0.08653846153846154 0.23918269230769232 0.10576923076923077 0.04447115384615385
0 0.8978365384615384 0.6213942307692307 0.17427884615384615 0.07091346153846154
0 0.5997596153846154 0.9170673076923077 0.14783653846153846 0.037259615384615384
0 0.5733173076923077 0.8701923076923077 0.09134615384615384 0.06009615384615385
0 0.17427884615384615 0.7379807692307693 0.06490384615384616 0.02283653846153846
0 0.8930288461538461 0.9423076923076923 0.09014423076923077 0.028846153846153848
0 0.8461538461538461 0.90625 0.11177884615384616 0.036057692307692304
0 0.5204326923076923 0.5709134615384616 0.09254807692307693 0.038461538461538464
0 0.7247596153846154 0.5805288461538461 0.11298076923076923 0.040865384615384616
0 0.030048076923076924 0.23317307692307693 0.056490384615384616 0.042067307692307696
0 0.15625 0.8713942307692307 0.0985576923076923 0.038461538461538464
0 0.3954326923076923 0.8485576923076923 0.09615384615384616 0.03245192307692308
0 0.16105769230769232 0.030048076923076924 0.06610576923076923 0.036057692307692304
0 0.6490384615384616 0.9110576923076923 0.06850961538461539 0.028846153846153848
0 0.3088942307692308 0.23798076923076922 0.09495192307692307 0.03485576923076923
0 0.7283653846153846 0.7283653846153846 0.08653846153846154 0.06490384615384616
0 0.38822115384615385 0.9783653846153846 0.08413461538461539 0.038461538461538464
0 0.7139423076923077 0.23918269230769232 0.10697115384615384 0.04927884615384615
0 0.27403846153846156 0.5697115384615384 0.1141826923076923 0.028846153846153848
0 0.3545673076923077 0.6382211538461539 0.06971153846153846 0.03365384615384615
0 0.5120192307692307 0.36778846153846156 0.1045673076923077 0.04447115384615385
0 0.2512019230769231 0.8701923076923077 0.12379807692307693 0.06490384615384616
0 0.078125 0.3894230769230769 0.10096153846153846 0.08653846153846154
0 0.34375 0.8653846153846154 0.07932692307692307 0.055288461538461536
0 0.8257211538461539 0.5048076923076923 0.08653846153846154 0.06610576923076923
0 0.43990384615384615 0.6838942307692307 0.0733173076923077 0.02403846153846154
0 0.16105769230769232 0.6033653846153846 0.055288461538461536 0.021634615384615384
0 0.3137019230769231 0.026442307692307692 0.06129807692307692 0.051682692307692304
0 0.6875 0.9507211538461539 0.07932692307692307 0.03125
0 0.9350961538461539 0.9266826923076923 0.05889423076923077 0.03365384615384615
0 0.7019230769230769 0.7884615384615384 0.09615384615384616 0.09375
0 0.5949519230769231 0.6478365384615384 0.12259615384615384 0.027644230769230768
0 0.8461538461538461 0.578125 0.04927884615384615 0.028846153846153848
0 0.9338942307692307 0.4098557692307692 0.12980769230769232 0.03365384615384615
0 0.40384615384615385 0.12620192307692307 0.10336538461538461 0.04447115384615385
0 0.33413461538461536 0.19110576923076922 0.11177884615384616 0.046875
0 0.21754807692307693 0.1971153846153846 0.09134615384615384 0.07692307692307693
0 0.4411057692307692 0.9699519230769231 0.10576923076923077 0.057692307692307696
0 0.3605769230769231 0.7139423076923077 0.10697115384615384 0.039663461538461536
0 0.27884615384615385 0.9350961538461539 0.12620192307692307 0.038461538461538464
0 0.09014423076923077 0.32572115384615385 0.109375 0.09495192307692307
0 0.7391826923076923 0.07932692307692307 0.06971153846153846 0.04567307692307692
0 0.9134615384615384 0.42788461538461536 0.07091346153846154 0.02283653846153846
0 0.140625 0.7163461538461539 0.109375 0.02403846153846154
0 0.625 0.5793269230769231 0.04927884615384615 0.03245192307692308