0 0.7019230769230769 0.040865384615384616 0.23076923076923078 0.08173076923076923
0 0.9795673076923077 0.08413461538461539 0.039663461538461536 0.14182692307692307
0 0.9122596153846154 0.07692307692307693 0.10576923076923077 0.1310096153846154
0 0.8737980769230769 0.18028846153846154 0.16947115384615385 0.12740384615384615
0 0.7788461538461539 0.18028846153846154 0.06610576923076923 0.078125
0 0.8149038461538461 0.2608173076923077 0.13221153846153846 0.09615384615384616
0 0.5973557692307693 0.22596153846153846 0.06610576923076923 0.09375
0 0.6490384615384616 0.30408653846153844 0.06009615384615385 0.09975961538461539
0 0.9891826923076923 0.609375 0.018028846153846152 0.04927884615384615
0 0.8209134615384616 0.7067307692307693 0.12259615384615384 0.08173076923076923
0 0.6802884615384616 0.7103365384615384 0.109375 0.08774038461538461
0 0.9026442307692307 0.9038461538461539 0.140625 0.11177884615384616
0 0.9699519230769231 0.9459134615384616 0.057692307692307696 0.10697115384615384
0 0.9074519230769231 0.984375 0.06971153846153846 0.028846153846153848
0 0.7175480769230769 0.8413461538461539 0.08774038461538461 0.10576923076923077
0 0.6117788461538461 0.8449519230769231 0.078125 0.09615384615384616
0 0.5733173076923077 0.9314903846153846 0.07211538461538461 0.09375
0 0.6129807692307693 0.9567307692307693 0.09375 0.08173076923076923
0 0.4110576923076923 0.9026442307692307 0.14302884615384615 0.19230769230769232
0 0.16947115384615385 0.8653846153846154 0.1346153846153846 0.14423076923076922
0 0.08774038461538461 0.8413461538461539 0.109375 0.08052884615384616
0 0.06370192307692307 0.9471153846153846 0.09134615384615384 0.09735576923076923
0 0.35096153846153844 0.7115384615384616 0.06850961538461539 0.078125
0 0.3076923076923077 0.7572115384615384 0.1658653846153846 0.09735576923076923
0 0.32091346153846156 0.027644230769230768 0.11899038461538461 0.055288461538461536
0 0.296875 0.0625 0.08653846153846154 0.06610576923076923
0 0.2980769230769231 0.38221153846153844 0.11177884615384616 0.23076923076923078
0 0.078125 0.25 0.055288461538461536 0.0625
0 0.054086538461538464 0.3076923076923077 0.04927884615384615 0.06009615384615385
0 0.8918269230769231 0.8149038461538461 0.2127403846153846 0.08774038461538461
0 0.9086538461538461 0.7644230769230769 0.11778846153846154 0.07211538461538461
0 0.9819711538461539 0.9459134615384616 0.03365384615384615 0.10697115384615384
0 0.28846153846153844 0.24639423076923078 0.09134615384615384 0.08653846153846154
0 0.3173076923076923 0.25721153846153844 0.07572115384615384 0.06610576923076923