0 0.984375 0.5132211538461539 0.030048076923076924 0.052884615384615384
0 0.4362980769230769 0.8185096153846154 0.055288461538461536 0.04447115384615385
0 0.6730769230769231 0.19230769230769232 0.052884615384615384 0.0673076923076923
0 0.36538461538461536 0.5444711538461539 0.10096153846153846 0.0673076923076923
0 0.19951923076923078 0.6766826923076923 0.06971153846153846 0.027644230769230768
0 0.3605769230769231 0.6766826923076923 0.08774038461538461 0.04927884615384615
0 0.8846153846153846 0.11298076923076923 0.052884615384615384 0.0889423076923077
0 0.9399038461538461 0.8557692307692307 0.06009615384615385 0.05048076923076923
0 0.31490384615384615 0.328125 0.055288461538461536 0.040865384615384616
0 0.6225961538461539 0.3389423076923077 0.051682692307692304 0.0625
0 0.1201923076923077 0.21875 0.06490384615384616 0.06971153846153846
0 0.7439903846153846 0.22115384615384615 0.052884615384615384 0.06009615384615385
0 0.2644230769230769 0.8882211538461539 0.04447115384615385 0.046875
0 0.5913461538461539 0.16105769230769232 0.04927884615384615 0.054086538461538464
0 0.35216346153846156 0.8185096153846154 0.046875 0.042067307692307696
0 0.29086538461538464 0.9579326923076923 0.06850961538461539 0.07572115384615384
0 0.8978365384615384 0.8966346153846154 0.03125 0.05048076923076923
0 0.43509615384615385 0.7860576923076923 0.04326923076923077 0.052884615384615384
0 0.9699519230769231 0.28846153846153844 0.055288461538461536 0.054086538461538464
0 0.5384615384615384 0.6394230769230769 0.04927884615384615 0.027644230769230768
0 0.8485576923076923 0.546875 0.06490384615384616 0.1045673076923077
0 0.16706730769230768 0.8677884615384616 0.07572115384615384 0.038461538461538464
0 0.7524038461538461 0.30528846153846156 0.03365384615384615 0.04807692307692308
0 0.0733173076923077 0.4543269230769231 0.06971153846153846 0.10817307692307693
0 0.8894230769230769 0.20793269230769232 0.040865384615384616 0.07692307692307693
0 0.8990384615384616 0.9387019230769231 0.05048076923076923 0.039663461538461536
0 0.3161057692307692 0.5084134615384616 0.07572115384615384 0.05048076923076923
0 0.7379807692307693 0.5072115384615384 0.04807692307692308 0.08653846153846154
0 0.2704326923076923 0.7091346153846154 0.03365384615384615 0.04326923076923077
0 0.07211538461538461 0.8028846153846154 0.036057692307692304 0.055288461538461536
0 0.4266826923076923 0.59375 0.04447115384615385 0.08653846153846154
0 0.19831730769230768 0.9290865384615384 0.036057692307692304 0.06610576923076923
0 0.8389423076923077 0.17307692307692307 0.046875 0.08774038461538461
0 0.7163461538461539 0.8918269230769231 0.06490384615384616 0.07451923076923077
0 0.1622596153846154 0.06129807692307692 0.07932692307692307 0.040865384615384616
0 0.026442307692307692 0.4026442307692308 0.052884615384615384 0.06490384615384616
0 0.7548076923076923 0.09254807692307693 0.056490384615384616 0.09615384615384616
0 0.3737980769230769 0.5180288461538461 0.028846153846153848 0.055288461538461536
0 0.21754807692307693 0.8978365384615384 0.040865384615384616 0.0625
0 0.609375 0.9399038461538461 0.0733173076923077 0.08653846153846154
0 0.5336538461538461 0.9399038461538461 0.042067307692307696 0.04567307692307692
0 0.12139423076923077 0.16947115384615385 0.06610576923076923 0.08052884615384616
0 0.9242788461538461 0.8762019230769231 0.038461538461538464 0.04447115384615385
0 0.039663461538461536 0.17908653846153846 0.06370192307692307 0.09014423076923077
0 0.052884615384615384 0.9675480769230769 0.08653846153846154 0.03125
0 0.45913461538461536 0.9350961538461539 0.04567307692307692 0.08052884615384616
0 0.6598557692307693 0.055288461538461536 0.04447115384615385 0.03125
0 0.4795673076923077 0.8305288461538461 0.036057692307692304 0.06850961538461539
0 0.515625 0.8052884615384616 0.030048076923076924 0.06850961538461539
0 0.5516826923076923 0.1971153846153846 0.05048076923076923 0.028846153846153848
0 0.5336538461538461 0.3076923076923077 0.046875 0.03245192307692308
0 0.5324519230769231 0.41225961538461536 0.055288461538461536 0.09975961538461539
0 0.7992788461538461 0.8846153846153846 0.04927884615384615 0.039663461538461536
0 0.6574519230769231 0.21875 0.038461538461538464 0.078125
0 0.125 0.6105769230769231 0.0733173076923077 0.07211538461538461
0 0.9447115384615384 0.7620192307692307 0.054086538461538464 0.078125
0 0.7728365384615384 0.21875 0.040865384615384616 0.06490384615384616
0 0.9675480769230769 0.2283653846153846 0.0625 0.08052884615384616
0 0.23918269230769232 0.4411057692307692 0.07572115384615384 0.08533653846153846
0 0.34375 0.96875 0.0673076923076923 0.030048076923076924
0 0.9483173076923077 0.030048076923076924 0.03365384615384615 0.06009615384615385