0 0.9471153846153846 0.4879807692307692 0.1045673076923077 0.12259615384615384
0 0.8701923076923077 0.7524038461538461 0.11057692307692307 0.07572115384615384
0 0.7992788461538461 0.056490384615384616 0.15384615384615385 0.11298076923076923
0 0.4795673076923077 0.7512019230769231 0.04927884615384615 0.04447115384615385
0 0.9603365384615384 0.6742788461538461 0.078125 0.10697115384615384
0 0.4639423076923077 0.8016826923076923 0.051682692307692304 0.04927884615384615
0 0.9375 0.9314903846153846 0.12379807692307693 0.06009615384615385
0 0.7776442307692307 0.6141826923076923 0.10576923076923077 0.12259615384615384
0 0.9086538461538461 0.5985576923076923 0.09134615384615384 0.10216346153846154
0 0.7884615384615384 0.796875 0.06370192307692307 0.11057692307692307
0 0.8197115384615384 0.9711538461538461 0.09735576923076923 0.055288461538461536
0 0.6947115384615384 0.9675480769230769 0.1778846153846154 0.0625
0 0.5733173076923077 0.49278846153846156 0.06490384615384616 0.056490384615384616
0 0.6694711538461539 0.057692307692307696 0.0733173076923077 0.10817307692307693
0 0.765625 0.13822115384615385 0.10096153846153846 0.054086538461538464
0 0.8497596153846154 0.8149038461538461 0.10817307692307693 0.06009615384615385
0 0.9567307692307693 0.5288461538461539 0.08413461538461539 0.06490384615384616
0 0.38221153846153844 0.7115384615384616 0.055288461538461536 0.04326923076923077
0 0.6526442307692307 0.49038461538461536 0.057692307692307696 0.11778846153846154
0 0.9711538461538461 0.040865384615384616 0.055288461538461536 0.08052884615384616
0 0.9350961538461539 0.32091346153846156 0.12740384615384615 0.09975961538461539