0 0.5709134615384616 0.11778846153846154 0.09375 0.10096153846153846
0 0.8894230769230769 0.5324519230769231 0.21875 0.06610576923076923
0 0.6021634615384616 0.7427884615384616 0.12379807692307693 0.09615384615384616
0 0.038461538461538464 0.484375 0.07692307692307693 0.12980769230769232
0 0.9567307692307693 0.0829326923076923 0.08533653846153846 0.0829326923076923
0 0.20552884615384615 0.5228365384615384 0.0673076923076923 0.12740384615384615
0 0.13822115384615385 0.38341346153846156 0.11177884615384616 0.08653846153846154
0 0.05889423076923077 0.71875 0.09254807692307693 0.09254807692307693
0 0.3954326923076923 0.9591346153846154 0.0985576923076923 0.07932692307692307
0 0.03245192307692308 0.27403846153846156 0.06490384615384616 0.08173076923076923
0 0.14543269230769232 0.18269230769230768 0.15625 0.0985576923076923
0 0.0733173076923077 0.13822115384615385 0.09254807692307693 0.08653846153846154
0 0.8810096153846154 0.12740384615384615 0.11177884615384616 0.07572115384615384
0 0.7211538461538461 0.25721153846153844 0.06971153846153846 0.109375
0 0.8173076923076923 0.4014423076923077 0.0829326923076923 0.06971153846153846
0 0.5961538461538461 0.9819711538461539 0.1201923076923077 0.03365384615384615
0 0.15625 0.9182692307692307 0.1045673076923077 0.09735576923076923
0 0.6526442307692307 0.33052884615384615 0.1141826923076923 0.08173076923076923
0 0.9399038461538461 0.17908653846153846 0.11899038461538461 0.08774038461538461
0 0.7367788461538461 0.90625 0.10336538461538461 0.17548076923076922
0 0.9302884615384616 0.5528846153846154 0.0829326923076923 0.11778846153846154
0 0.38221153846153844 0.23918269230769232 0.07572115384615384 0.09615384615384616
0 0.028846153846153848 0.5877403846153846 0.056490384615384616 0.10336538461538461
0 0.9615384615384616 0.3016826923076923 0.07572115384615384 0.11778846153846154
0 0.5829326923076923 0.8485576923076923 0.1141826923076923 0.14302884615384615
0 0.6730769230769231 0.8870192307692307 0.16346153846153846 0.14302884615384615
0 0.3557692307692308 0.3112980769230769 0.1201923076923077 0.09134615384615384
0 0.11298076923076923 0.3233173076923077 0.08052884615384616 0.14783653846153846
0 0.29086538461538464 0.765625 0.08653846153846154 0.12620192307692307
0 0.6802884615384616 0.5444711538461539 0.09134615384615384 0.10216346153846154