0 0.06850961538461539 0.2608173076923077 0.03485576923076923 0.07211538461538461
0 0.5829326923076923 0.08052884615384616 0.051682692307692304 0.037259615384615384
0 0.14302884615384615 0.5168269230769231 0.037259615384615384 0.028846153846153848
0 0.1201923076923077 0.06490384615384616 0.020432692307692308 0.038461538461538464
0 0.8473557692307693 0.8100961538461539 0.04447115384615385 0.042067307692307696
0 0.0829326923076923 0.36177884615384615 0.04567307692307692 0.03365384615384615
0 0.5204326923076923 0.14423076923076922 0.04927884615384615 0.038461538461538464
0 0.21875 0.20432692307692307 0.04447115384615385 0.10576923076923077
0 0.3317307692307692 0.5685096153846154 0.11778846153846154 0.0733173076923077
0 0.9675480769230769 0.2848557692307692 0.06370192307692307 0.039663461538461536
0 0.07692307692307693 0.27524038461538464 0.08052884615384616 0.02403846153846154
0 0.01201923076923077 0.31971153846153844 0.02403846153846154 0.02403846153846154
0 0.5204326923076923 0.7487980769230769 0.06129807692307692 0.06490384615384616
0 0.9627403846153846 0.4423076923076923 0.04807692307692308 0.03125
0 0.47115384615384615 0.9867788461538461 0.08173076923076923 0.025240384615384616
0 0.5048076923076923 0.36778846153846156 0.039663461538461536 0.09975961538461539
0 0.040865384615384616 0.34615384615384615 0.08173076923076923 0.04807692307692308
0 0.6514423076923077 0.006009615384615385 0.018028846153846152 0.01201923076923077
0 0.14543269230769232 0.3858173076923077 0.03365384615384615 0.055288461538461536
0 0.9002403846153846 0.6334134615384616 0.08413461538461539 0.08413461538461539
0 0.016826923076923076 0.875 0.03365384615384615 0.030048076923076924
0 0.36658653846153844 0.5360576923076923 0.06009615384615385 0.036057692307692304
0 0.15384615384615385 0.9579326923076923 0.04567307692307692 0.08173076923076923
0 0.859375 0.38822115384615385 0.03365384615384615 0.06490384615384616
0 0.12259615384615384 0.3870192307692308 0.02403846153846154 0.04567307692307692
0 0.8762019230769231 0.3713942307692308 0.04326923076923077 0.0673076923076923
0 0.1622596153846154 0.109375 0.026442307692307692 0.07572115384615384
0 0.02403846153846154 0.8004807692307693 0.046875 0.028846153846153848
0 0.018028846153846152 0.7800480769230769 0.03485576923076923 0.021634615384615384
0 0.8533653846153846 0.3545673076923077 0.06129807692307692 0.03365384615384615
0 0.2692307692307692 0.06850961538461539 0.03245192307692308 0.054086538461538464
0 0.4879807692307692 0.9098557692307693 0.05048076923076923 0.037259615384615384
0 0.59375 0.04567307692307692 0.040865384615384616 0.05889423076923077
0 0.9639423076923077 0.7944711538461539 0.07091346153846154 0.05048076923076923
0 0.9783653846153846 0.9867788461538461 0.040865384615384616 0.02403846153846154
0 0.8569711538461539 0.5540865384615384 0.036057692307692304 0.09615384615384616
0 0.5685096153846154 0.7079326923076923 0.04567307692307692 0.04567307692307692
0 0.6310096153846154 0.35216346153846156 0.10096153846153846 0.09014423076923077
0 0.4639423076923077 0.96875 0.038461538461538464 0.026442307692307692
0 0.046875 0.7932692307692307 0.04927884615384615 0.10697115384615384
0 0.13221153846153846 0.4699519230769231 0.03245192307692308 0.019230769230769232
0 0.010817307692307692 0.30288461538461536 0.021634615384615384 0.028846153846153848
0 0.5168269230769231 0.5588942307692307 0.042067307692307696 0.051682692307692304
0 0.055288461538461536 0.8485576923076923 0.08052884615384616 0.05048076923076923
0 0.9567307692307693 0.7608173076923077 0.08533653846153846 0.09375
0 0.37259615384615385 0.28365384615384615 0.039663461538461536 0.03245192307692308
0 0.21153846153846154 0.15384615384615385 0.05889423076923077 0.10096153846153846
0 0.046875 0.8918269230769231 0.09134615384615384 0.027644230769230768
0 0.19471153846153846 0.9555288461538461 0.037259615384615384 0.03485576923076923
0 0.09615384615384616 0.9927884615384616 0.0673076923076923 0.013221153846153846
0 0.8461538461538461 0.9423076923076923 0.03365384615384615 0.03245192307692308
0 0.171875 0.009615384615384616 0.018028846153846152 0.019230769230769232
0 0.35096153846153844 0.06370192307692307 0.1201923076923077 0.12740384615384615
0 0.9242788461538461 0.21875 0.03365384615384615 0.04807692307692308
0 0.48197115384615385 0.43028846153846156 0.04326923076923077 0.051682692307692304
0 0.3449519230769231 0.8233173076923077 0.125 0.09134615384615384
0 0.34975961538461536 0.7115384615384616 0.07091346153846154 0.04447115384615385
0 0.09615384615384616 0.6033653846153846 0.10216346153846154 0.04927884615384615
0 0.7944711538461539 0.4170673076923077 0.030048076923076924 0.06370192307692307
0 0.027644230769230768 0.25600961538461536 0.055288461538461536 0.036057692307692304
0 0.019230769230769232 0.9254807692307693 0.038461538461538464 0.02403846153846154
0 0.37259615384615385 0.7307692307692307 0.09975961538461539 0.039663461538461536
0 0.9086538461538461 0.5336538461538461 0.040865384615384616 0.14302884615384615
0 0.14543269230769232 0.04927884615384615 0.039663461538461536 0.08173076923076923
0 0.5012019230769231 0.31971153846153844 0.028846153846153848 0.06009615384615385
0 0.14903846153846154 0.009615384615384616 0.020432692307692308 0.018028846153846152
0 0.49278846153846156 0.6622596153846154 0.04567307692307692 0.037259615384615384
0 0.8341346153846154 0.009615384615384616 0.02403846153846154 0.018028846153846152
0 0.13701923076923078 0.5 0.055288461538461536 0.037259615384615384
0 0.3233173076923077 0.3125 0.03365384615384615 0.020432692307692308
0 0.9326923076923077 0.3581730769230769 0.1141826923076923 0.0985576923076923
0 0.9242788461538461 0.06971153846153846 0.12620192307692307 0.055288461538461536
0 0.36778846153846156 0.1814903846153846 0.10576923076923077 0.09735576923076923
0 0.28966346153846156 0.19831730769230768 0.10336538461538461 0.14543269230769232
0 0.6201923076923077 0.4483173076923077 0.11658653846153846 0.08653846153846154
0 0.5600961538461539 0.7355769230769231 0.08413461538461539 0.055288461538461536
0 0.9519230769230769 0.9867788461538461 0.04326923076923077 0.025240384615384616
0 0.9891826923076923 0.75 0.018028846153846152 0.06370192307692307
0 0.12379807692307693 0.7932692307692307 0.06009615384615385 0.10336538461538461
0 0.021634615384615384 0.3786057692307692 0.04326923076923077 0.04567307692307692
0 0.18028846153846154 0.8401442307692307 0.046875 0.04567307692307692
0 0.5264423076923077 0.9302884615384616 0.06610576923076923 0.06129807692307692
0 0.9579326923076923 0.6875 0.0829326923076923 0.04447115384615385
0 0.5120192307692307 0.042067307692307696 0.0673076923076923 0.0829326923076923
0 0.5288461538461539 0.09134615384615384 0.03485576923076923 0.03245192307692308
0 0.9711538461538461 0.7115384615384616 0.055288461538461536 0.03365384615384615
0 0.5745192307692307 0.6646634615384616 0.038461538461538464 0.056490384615384616
0 0.8389423076923077 0.23798076923076922 0.028846153846153848 0.055288461538461536
0 0.5925480769230769 0.5432692307692307 0.037259615384615384 0.040865384615384616
0 0.13822115384615385 0.203125 0.06009615384615385 0.11177884615384616
0 0.7944711538461539 0.4338942307692308 0.078125 0.04326923076923077
0 0.40625 0.7524038461538461 0.06370192307692307 0.038461538461538464
0 0.1971153846153846 0.7043269230769231 0.04326923076923077 0.030048076923076924
0 0.3786057692307692 0.9855769230769231 0.04927884615384615 0.026442307692307692
0 0.06370192307692307 0.5288461538461539 0.0889423076923077 0.08653846153846154
0 0.953125 0.42908653846153844 0.08413461538461539 0.039663461538461536
0 0.10576923076923077 0.7920673076923077 0.055288461538461536 0.1045673076923077
0 0.9711538461538461 0.3918269230769231 0.056490384615384616 0.040865384615384616
0 0.9447115384615384 0.19951923076923078 0.03365384615384615 0.07091346153846154
0 0.984375 0.4831730769230769 0.028846153846153848 0.06009615384615385
0 0.020432692307692308 0.734375 0.039663461538461536 0.03245192307692308
0 0.015625 0.5829326923076923 0.028846153846153848 0.025240384615384616
0 0.5564903846153846 0.2860576923076923 0.0829326923076923 0.04326923076923077
0 0.9387019230769231 0.7548076923076923 0.04447115384615385 0.06129807692307692
0 0.06610576923076923 0.625 0.038461538461538464 0.06610576923076923
0 0.4807692307692308 0.9651442307692307 0.04807692307692308 0.03125
0 0.052884615384615384 0.3088942307692308 0.07932692307692307 0.04567307692307692
0 0.5108173076923077 0.4266826923076923 0.02283653846153846 0.03485576923076923
0 0.19951923076923078 0.47115384615384615 0.039663461538461536 0.030048076923076924
0 0.35216346153846156 0.055288461538461536 0.1045673076923077 0.09615384615384616
0 0.7055288461538461 0.39903846153846156 0.056490384615384616 0.028846153846153848
0 0.3269230769230769 0.7824519230769231 0.13581730769230768 0.056490384615384616
0 0.6394230769230769 0.7764423076923077 0.05889423076923077 0.038461538461538464
0 0.016826923076923076 0.8257211538461539 0.03365384615384615 0.03125
0 0.46153846153846156 0.734375 0.036057692307692304 0.03245192307692308
0 0.5805288461538461 0.890625 0.06370192307692307 0.05048076923076923
0 0.546875 0.8605769230769231 0.078125 0.055288461538461536
0 0.040865384615384616 0.7139423076923077 0.08173076923076923 0.028846153846153848
0 0.04447115384615385 0.11778846153846154 0.06850961538461539 0.15384615384615385
0 0.9098557692307693 0.33413461538461536 0.055288461538461536 0.03245192307692308
0 0.08052884615384616 0.7175480769230769 0.025240384615384616 0.052884615384615384
0 0.026442307692307692 0.5661057692307693 0.040865384615384616 0.028846153846153848
0 0.5264423076923077 0.25841346153846156 0.04567307692307692 0.051682692307692304
0 0.6370192307692307 0.036057692307692304 0.027644230769230768 0.07091346153846154
0 0.4423076923076923 0.6370192307692307 0.028846153846153848 0.07692307692307693
0 0.44711538461538464 0.44711538461538464 0.046875 0.11778846153846154
0 0.5324519230769231 0.04807692307692308 0.039663461538461536 0.09615384615384616
0 0.15865384615384615 0.19831730769230768 0.06009615384615385 0.08653846153846154
0 0.9543269230769231 0.36538461538461536 0.08653846153846154 0.09495192307692307
0 0.37740384615384615 0.8894230769230769 0.028846153846153848 0.11298076923076923
0 0.18990384615384615 0.9230769230769231 0.02403846153846154 0.08413461538461539
0 0.9819711538461539 0.44471153846153844 0.03365384615384615 0.03245192307692308
0 0.39663461538461536 0.5 0.09735576923076923 0.054086538461538464