0 0.9014423076923077 0.11778846153846154 0.1045673076923077 0.109375
0 0.12980769230769232 0.15384615384615385 0.08653846153846154 0.12139423076923077
0 0.7548076923076923 0.8473557692307693 0.0889423076923077 0.08052884615384616
0 0.4831730769230769 0.5048076923076923 0.08173076923076923 0.08533653846153846
0 0.09615384615384616 0.36778846153846156 0.10576923076923077 0.14302884615384615
0 0.028846153846153848 0.6490384615384616 0.056490384615384616 0.12259615384615384
0 0.6418269230769231 0.5673076923076923 0.10576923076923077 0.09254807692307693
0 0.13221153846153846 0.9423076923076923 0.06009615384615385 0.11298076923076923
0 0.7355769230769231 0.7475961538461539 0.07091346153846154 0.055288461538461536
0 0.4987980769230769 0.9495192307692307 0.09615384615384616 0.0985576923076923
0 0.4879807692307692 0.18028846153846154 0.11538461538461539 0.10336538461538461
0 0.18509615384615385 0.6105769230769231 0.10697115384615384 0.08533653846153846
0 0.9675480769230769 0.42427884615384615 0.06370192307692307 0.13341346153846154
0 0.5096153846153846 0.040865384615384616 0.057692307692307696 0.0673076923076923
0 0.9663461538461539 0.5540865384615384 0.06490384615384616 0.08173076923076923
0 0.3713942307692308 0.42908653846153844 0.07572115384615384 0.0829326923076923
0 0.31009615384615385 0.4182692307692308 0.07572115384615384 0.08653846153846154
0 0.625 0.41225961538461536 0.12980769230769232 0.12860576923076922
0 0.8112980769230769 0.9591346153846154 0.07451923076923077 0.08052884615384616
0 0.234375 0.9651442307692307 0.10697115384615384 0.0673076923076923
0 0.9711538461538461 0.953125 0.056490384615384616 0.07572115384615384
0 0.019230769230769232 0.37259615384615385 0.038461538461538464 0.07692307692307693
0 0.7379807692307693 0.5793269230769231 0.11177884615384616 0.14783653846153846
0 0.4963942307692308 0.7223557692307693 0.10216346153846154 0.09975961538461539
0 0.265625 0.7944711538461539 0.0673076923076923 0.08774038461538461
0 0.08774038461538461 0.7512019230769231 0.08774038461538461 0.08052884615384616
0 0.8521634615384616 0.5024038461538461 0.125 0.11778846153846154
0 0.33413461538461536 0.27283653846153844 0.08533653846153846 0.08533653846153846
0 0.75 0.4362980769230769 0.0829326923076923 0.12259615384615384
0 0.3545673076923077 0.6730769230769231 0.09254807692307693 0.10216346153846154