0 0.9170673076923077 0.32091346153846156 0.0673076923076923 0.04927884615384615
0 0.15504807692307693 0.7295673076923077 0.15264423076923078 0.06009615384615385
0 0.7367788461538461 0.5576923076923077 0.08413461538461539 0.056490384615384616
0 0.27403846153846156 0.22956730769230768 0.11177884615384616 0.09134615384615384
0 0.33533653846153844 0.3173076923076923 0.14903846153846154 0.04326923076923077
0 0.7079326923076923 0.31971153846153844 0.07932692307692307 0.08173076923076923
0 0.5048076923076923 0.19591346153846154 0.08052884615384616 0.038461538461538464
0 0.09254807692307693 0.6430288461538461 0.1466346153846154 0.057692307692307696
0 0.15384615384615385 0.06610576923076923 0.10697115384615384 0.036057692307692304
0 0.06610576923076923 0.5132211538461539 0.10096153846153846 0.040865384615384616
0 0.06009615384615385 0.20673076923076922 0.10817307692307693 0.040865384615384616
0 0.8269230769230769 0.9795673076923077 0.1045673076923077 0.039663461538461536
0 0.22355769230769232 0.9483173076923077 0.057692307692307696 0.04567307692307692
0 0.8449519230769231 0.9314903846153846 0.12259615384615384 0.038461538461538464
0 0.042067307692307696 0.13581730769230768 0.08413461538461539 0.04326923076923077
0 0.5372596153846154 0.7379807692307693 0.06490384615384616 0.04447115384615385
0 0.7283653846153846 0.2091346153846154 0.09615384615384616 0.04567307692307692
0 0.7295673076923077 0.40625 0.1201923076923077 0.039663461538461536
0 0.3954326923076923 0.53125 0.13701923076923078 0.10216346153846154
0 0.9675480769230769 0.05048076923076923 0.06009615384615385 0.03365384615384615
0 0.3269230769230769 0.21634615384615385 0.09495192307692307 0.08052884615384616
0 0.5540865384615384 0.4855769230769231 0.09014423076923077 0.15865384615384615
0 0.5036057692307693 0.9723557692307693 0.15144230769230768 0.030048076923076924
0 0.038461538461538464 0.04567307692307692 0.07451923076923077 0.038461538461538464
0 0.5865384615384616 0.5649038461538461 0.057692307692307696 0.046875
0 0.8882211538461539 0.7788461538461539 0.09134615384615384 0.038461538461538464
0 0.38100961538461536 0.19831730769230768 0.10336538461538461 0.11177884615384616
0 0.38100961538461536 0.3329326923076923 0.056490384615384616 0.036057692307692304
0 0.6971153846153846 0.27283653846153844 0.07572115384615384 0.040865384615384616
0 0.6670673076923077 0.6225961538461539 0.1141826923076923 0.04927884615384615
0 0.7115384615384616 0.8930288461538461 0.03125 0.11899038461538461
0 0.13341346153846154 0.20072115384615385 0.1201923076923077 0.08653846153846154
0 0.3798076923076923 0.7451923076923077 0.1201923076923077 0.06009615384615385
0 0.234375 0.7079326923076923 0.054086538461538464 0.039663461538461536
0 0.28365384615384615 0.4074519230769231 0.13341346153846154 0.05048076923076923
0 0.7283653846153846 0.109375 0.04447115384615385 0.028846153846153848
0 0.7920673076923077 0.6274038461538461 0.12379807692307693 0.0625
0 0.5288461538461539 0.6899038461538461 0.14302884615384615 0.05889423076923077
0 0.9471153846153846 0.453125 0.06009615384615385 0.051682692307692304
0 0.5853365384615384 0.23076923076923078 0.06009615384615385 0.07572115384615384
0 0.96875 0.23918269230769232 0.06009615384615385 0.057692307692307696
0 0.3786057692307692 0.36778846153846156 0.06009615384615385 0.038461538461538464
0 0.31490384615384615 0.9110576923076923 0.11778846153846154 0.028846153846153848
0 0.13581730769230768 0.14543269230769232 0.11658653846153846 0.06971153846153846
0 0.078125 0.8858173076923077 0.15144230769230768 0.06490384615384616
0 0.6538461538461539 0.71875 0.06490384615384616 0.10697115384615384
0 0.3737980769230769 0.16105769230769232 0.08653846153846154 0.0625
0 0.7007211538461539 0.09495192307692307 0.06490384615384616 0.030048076923076924
0 0.40625 0.015625 0.07932692307692307 0.03125
0 0.41225961538461536 0.4230769230769231 0.19471153846153846 0.0985576923076923
0 0.6262019230769231 0.11658653846153846 0.13822115384615385 0.055288461538461536
0 0.2956730769230769 0.06971153846153846 0.06971153846153846 0.03245192307692308
0 0.9266826923076923 0.5721153846153846 0.0625 0.08173076923076923
0 0.1658653846153846 0.019230769230769232 0.07692307692307693 0.038461538461538464
0 0.29447115384615385 0.9495192307692307 0.09735576923076923 0.03125
0 0.03245192307692308 0.9579326923076923 0.06490384615384616 0.04447115384615385
0 0.9314903846153846 0.9254807692307693 0.13581730769230768 0.1310096153846154
0 0.8605769230769231 0.13221153846153846 0.10697115384615384 0.04927884615384615
0 0.5372596153846154 0.8028846153846154 0.10576923076923077 0.0625
0 0.6899038461538461 0.15865384615384615 0.09375 0.057692307692307696
0 0.06370192307692307 0.3016826923076923 0.10697115384615384 0.02403846153846154
0 0.19951923076923078 0.5649038461538461 0.10697115384615384 0.038461538461538464
0 0.5324519230769231 0.5276442307692307 0.040865384615384616 0.09375
0 0.5949519230769231 0.3016826923076923 0.0829326923076923 0.09975961538461539
0 0.5877403846153846 0.8605769230769231 0.18028846153846154 0.09134615384615384
0 0.4891826923076923 0.5288461538461539 0.030048076923076924 0.055288461538461536