0 0.36778846153846156 0.04567307692307692 0.1201923076923077 0.09134615384615384
0 0.546875 0.12860576923076922 0.29447115384615385 0.12259615384615384
0 0.7980769230769231 0.296875 0.09254807692307693 0.1502403846153846
0 0.3329326923076923 0.8918269230769231 0.13581730769230768 0.20552884615384615
0 0.8798076923076923 0.203125 0.13221153846153846 0.2644230769230769
0 0.2956730769230769 0.078125 0.0889423076923077 0.15384615384615385
0 0.41947115384615385 0.04567307692307692 0.06009615384615385 0.046875
0 0.7475961538461539 0.5588942307692307 0.16947115384615385 0.09735576923076923
0 0.27403846153846156 0.578125 0.06129807692307692 0.06370192307692307
0 0.9074519230769231 0.014423076923076924 0.1502403846153846 0.028846153846153848
0 0.8485576923076923 0.0829326923076923 0.07572115384615384 0.12740384615384615
0 0.21875 0.9134615384615384 0.1201923076923077 0.125
0 0.7644230769230769 0.7439903846153846 0.12259615384615384 0.06610576923076923
0 0.1201923076923077 0.9326923076923077 0.12740384615384615 0.11177884615384616
0 0.12860576923076922 0.41947115384615385 0.11177884615384616 0.08052884615384616
0 0.39302884615384615 0.27403846153846156 0.3125 0.13822115384615385
0 0.18269230769230768 0.42788461538461536 0.09254807692307693 0.3233173076923077
0 0.0829326923076923 0.6274038461538461 0.04807692307692308 0.055288461538461536