0 0.8377403846153846 0.39663461538461536 0.13942307692307693 0.14182692307692307
0 0.3473557692307692 0.7319711538461539 0.109375 0.08413461538461539
0 0.47475961538461536 0.7740384615384616 0.13701923076923078 0.09134615384615384
0 0.4795673076923077 0.8858173076923077 0.18389423076923078 0.2247596153846154
0 0.02403846153846154 0.5925480769230769 0.04447115384615385 0.09735576923076923
0 0.45552884615384615 0.6526442307692307 0.125 0.14783653846153846
0 0.96875 0.6021634615384616 0.06009615384615385 0.140625
0 0.9411057692307693 0.47836538461538464 0.10697115384615384 0.09615384615384616
0 0.05889423076923077 0.18990384615384615 0.11778846153846154 0.15865384615384615
0 0.6225961538461539 0.7283653846153846 0.125 0.11658653846153846
0 0.28365384615384615 0.8882211538461539 0.16947115384615385 0.09615384615384616
0 0.6418269230769231 0.38221153846153844 0.13701923076923078 0.14423076923076922
0 0.7367788461538461 0.6442307692307693 0.125 0.09375
0 0.7463942307692307 0.7415865384615384 0.12740384615384615 0.08173076923076923
0 0.9098557692307693 0.6105769230769231 0.08413461538461539 0.11778846153846154
0 0.4375 0.46153846153846156 0.203125 0.10817307692307693
0 0.953125 0.04447115384615385 0.09254807692307693 0.0889423076923077
0 0.2692307692307692 0.2439903846153846 0.14903846153846154 0.08173076923076923