0 0.6418269230769231 0.8052884615384616 0.20072115384615385 0.08653846153846154
0 0.47115384615384615 0.6658653846153846 0.13221153846153846 0.1622596153846154
0 0.13221153846153846 0.6947115384615384 0.26322115384615385 0.1466346153846154
0 0.7632211538461539 0.75 0.3245192307692308 0.3858173076923077
0 0.23076923076923078 0.36778846153846156 0.26802884615384615 0.09014423076923077
0 0.9471153846153846 0.7415865384615384 0.1045673076923077 0.13822115384615385
0 0.19471153846153846 0.30408653846153844 0.1502403846153846 0.10576923076923077
0 0.015625 0.8365384615384616 0.028846153846153848 0.3233173076923077
0 0.6899038461538461 0.6153846153846154 0.12259615384615384 0.09495192307692307
0 0.5036057692307693 0.34134615384615385 0.09254807692307693 0.10576923076923077
0 0.056490384615384616 0.4723557692307692 0.10216346153846154 0.21995192307692307
0 0.6694711538461539 0.8629807692307693 0.24639423076923078 0.27283653846153844
0 0.9182692307692307 0.20192307692307693 0.09254807692307693 0.1502403846153846
0 0.10216346153846154 0.578125 0.20072115384615385 0.11778846153846154
0 0.24879807692307693 0.42788461538461536 0.2824519230769231 0.08653846153846154
0 0.9735576923076923 0.6610576923076923 0.051682692307692304 0.11899038461538461
0 0.4266826923076923 0.8954326923076923 0.24278846153846154 0.20673076923076922
0 0.7427884615384616 0.13942307692307693 0.31009615384615385 0.25961538461538464
0 0.4879807692307692 0.17548076923076922 0.17067307692307693 0.23677884615384615
0 0.16105769230769232 0.9038461538461539 0.0829326923076923 0.15865384615384615
0 0.6105769230769231 0.09134615384615384 0.08653846153846154 0.140625
0 0.8786057692307693 0.5432692307692307 0.23798076923076922 0.2091346153846154
0 0.051682692307692304 0.31850961538461536 0.10216346153846154 0.09254807692307693
0 0.24278846153846154 0.1346153846153846 0.1346153846153846 0.2644230769230769