0 0.5360576923076923 0.6899038461538461 0.13581730769230768 0.08653846153846154
0 0.25841346153846156 0.9555288461538461 0.0985576923076923 0.08653846153846154
0 0.6454326923076923 0.10697115384615384 0.07091346153846154 0.04927884615384615
0 0.6610576923076923 0.7283653846153846 0.09495192307692307 0.03485576923076923
0 0.28846153846153844 0.5829326923076923 0.07211538461538461 0.0673076923076923
0 0.10096153846153846 0.6117788461538461 0.06009615384615385 0.05889423076923077
0 0.46033653846153844 0.31850961538461536 0.07211538461538461 0.08052884615384616
0 0.5036057692307693 0.5144230769230769 0.0733173076923077 0.056490384615384616
0 0.578125 0.6057692307692307 0.06971153846153846 0.055288461538461536
0 0.17908653846153846 0.11177884615384616 0.09134615384615384 0.07451923076923077
0 0.0625 0.41346153846153844 0.06490384615384616 0.10697115384615384
0 0.6995192307692307 0.265625 0.09615384615384616 0.10817307692307693
0 0.8161057692307693 0.0625 0.0829326923076923 0.06610576923076923
0 0.9783653846153846 0.06490384615384616 0.042067307692307696 0.046875
0 0.9759615384615384 0.5889423076923077 0.04447115384615385 0.0625
0 0.7043269230769231 0.5180288461538461 0.06490384615384616 0.046875
0 0.5697115384615384 0.9026442307692307 0.07091346153846154 0.13942307692307693
0 0.30288461538461536 0.7211538461538461 0.12259615384615384 0.07572115384615384
0 0.5048076923076923 0.16105769230769232 0.08052884615384616 0.06009615384615385
0 0.5925480769230769 0.08653846153846154 0.054086538461538464 0.054086538461538464
0 0.3088942307692308 0.5336538461538461 0.06971153846153846 0.078125
0 0.8882211538461539 0.05889423076923077 0.08413461538461539 0.06009615384615385
0 0.5456730769230769 0.31490384615384615 0.10096153846153846 0.0889423076923077
0 0.7007211538461539 0.9314903846153846 0.1310096153846154 0.13341346153846154
0 0.921875 0.8966346153846154 0.07211538461538461 0.10576923076923077
0 0.8413461538461539 0.49759615384615385 0.11778846153846154 0.06490384615384616
0 0.47596153846153844 0.9266826923076923 0.05889423076923077 0.10576923076923077
0 0.9495192307692307 0.018028846153846152 0.07932692307692307 0.036057692307692304
0 0.020432692307692308 0.11778846153846154 0.040865384615384616 0.06850961538461539
0 0.6802884615384616 0.38221153846153844 0.07451923076923077 0.10817307692307693
0 0.734375 0.6586538461538461 0.09495192307692307 0.07211538461538461
0 0.20192307692307693 0.35216346153846156 0.051682692307692304 0.08052884615384616
0 0.7091346153846154 0.09134615384615384 0.09134615384615384 0.046875
0 0.08052884615384616 0.7007211538461539 0.07572115384615384 0.0733173076923077
0 0.09375 0.8461538461538461 0.0625 0.037259615384615384