0 0.4795673076923077 0.8293269230769231 0.21153846153846154 0.08653846153846154
0 0.5384615384615384 0.17548076923076922 0.07091346153846154 0.046875
0 0.6550480769230769 0.04326923076923077 0.06490384615384616 0.08653846153846154
0 0.06009615384615385 0.9795673076923077 0.0625 0.039663461538461536
0 0.8737980769230769 0.4375 0.07692307692307693 0.06009615384615385
0 0.1778846153846154 0.046875 0.10216346153846154 0.06129807692307692
0 0.9495192307692307 0.48197115384615385 0.09975961538461539 0.07451923076923077
0 0.9302884615384616 0.7487980769230769 0.13221153846153846 0.10817307692307693
0 0.8052884615384616 0.4362980769230769 0.0625 0.1201923076923077
0 0.4795673076923077 0.9435096153846154 0.15504807692307693 0.11177884615384616
0 0.20072115384615385 0.22596153846153846 0.11899038461538461 0.10697115384615384
0 0.5877403846153846 0.040865384615384616 0.06971153846153846 0.08173076923076923
0 0.44471153846153844 0.1466346153846154 0.1310096153846154 0.10216346153846154
0 0.15264423076923078 0.875 0.11658653846153846 0.06490384615384616
0 0.7163461538461539 0.9819711538461539 0.06971153846153846 0.03365384615384615
0 0.9483173076923077 0.0673076923076923 0.08533653846153846 0.057692307692307696
0 0.7199519230769231 0.5072115384615384 0.08533653846153846 0.1141826923076923
0 0.8377403846153846 0.9519230769230769 0.08653846153846154 0.09375
0 0.8052884615384616 0.6189903846153846 0.14903846153846154 0.08653846153846154
0 0.14302884615384615 0.9591346153846154 0.11298076923076923 0.08052884615384616
0 0.7391826923076923 0.8137019230769231 0.14783653846153846 0.09014423076923077
0 0.14543269230769232 0.5625 0.057692307692307696 0.10096153846153846
0 0.7860576923076923 0.04927884615384615 0.1201923076923077 0.08413461538461539
0 0.3798076923076923 0.6502403846153846 0.11778846153846154 0.055288461538461536
0 0.17067307692307693 0.13942307692307693 0.056490384615384616 0.05048076923076923
0 0.9387019230769231 0.028846153846153848 0.09495192307692307 0.057692307692307696
0 0.2548076923076923 0.47836538461538464 0.203125 0.21153846153846154
0 0.5516826923076923 0.3293269230769231 0.10096153846153846 0.08413461538461539
0 0.5 0.4266826923076923 0.14783653846153846 0.06610576923076923
0 0.43509615384615385 0.5288461538461539 0.22115384615384615 0.11298076923076923
0 0.9050480769230769 0.6310096153846154 0.07211538461538461 0.06850961538461539
0 0.13221153846153846 0.0625 0.06490384615384616 0.10096153846153846
0 0.15144230769230768 0.3173076923076923 0.10096153846153846 0.0829326923076923
0 0.9483173076923077 0.9591346153846154 0.10096153846153846 0.078125
0 0.7620192307692307 0.25240384615384615 0.22716346153846154 0.08653846153846154