0 0.9627403846153846 0.8257211538461539 0.07211538461538461 0.0733173076923077
0 0.9278846153846154 0.640625 0.08774038461538461 0.0985576923076923
0 0.5144230769230769 0.8689903846153846 0.140625 0.10096153846153846
0 0.875 0.546875 0.13822115384615385 0.07091346153846154
0 0.12980769230769232 0.578125 0.07451923076923077 0.10096153846153846
0 0.030048076923076924 0.53125 0.06009615384615385 0.07692307692307693
0 0.21033653846153846 0.07091346153846154 0.15625 0.09375
0 0.6274038461538461 0.6454326923076923 0.15384615384615385 0.09134615384615384
0 0.030048076923076924 0.29447115384615385 0.06009615384615385 0.09254807692307693
0 0.8004807692307693 0.6766826923076923 0.15384615384615385 0.10096153846153846
0 0.7475961538461539 0.5228365384615384 0.15745192307692307 0.09134615384615384
0 0.7632211538461539 0.9615384615384616 0.11538461538461539 0.07451923076923077
0 0.1778846153846154 0.48197115384615385 0.140625 0.12259615384615384
0 0.8942307692307693 0.19831730769230768 0.08653846153846154 0.15264423076923078
0 0.9699519230769231 0.038461538461538464 0.055288461538461536 0.07692307692307693
0 0.10336538461538461 0.390625 0.10216346153846154 0.09615384615384616
0 0.0733173076923077 0.8858173076923077 0.0733173076923077 0.16466346153846154
0 0.6694711538461539 0.16947115384615385 0.21634615384615385 0.13581730769230768
0 0.5709134615384616 0.9639423076923077 0.05889423076923077 0.06009615384615385
0 0.09615384615384616 0.9242788461538461 0.15625 0.109375
0 0.3016826923076923 0.45072115384615385 0.09615384615384616 0.07091346153846154
0 0.5588942307692307 0.13581730769230768 0.07692307692307693 0.15865384615384615
0 0.9555288461538461 0.7632211538461539 0.08653846153846154 0.078125
0 0.5793269230769231 0.22716346153846154 0.0733173076923077 0.13822115384615385