0 0.10697115384615384 0.13822115384615385 0.078125 0.04447115384615385
0 0.234375 0.042067307692307696 0.15745192307692307 0.0829326923076923
0 0.5324519230769231 0.030048076923076924 0.13221153846153846 0.06009615384615385
0 0.41346153846153844 0.03245192307692308 0.0625 0.06490384615384616
0 0.27524038461538464 0.14903846153846154 0.10336538461538461 0.19110576923076922
0 0.5240384615384616 0.15625 0.12860576923076922 0.04447115384615385
0 0.8737980769230769 0.0673076923076923 0.052884615384615384 0.078125
0 0.9314903846153846 0.09375 0.1346153846153846 0.1622596153846154
0 0.5661057692307693 0.21514423076923078 0.1875 0.09975961538461539
0 0.7295673076923077 0.17427884615384615 0.1346153846153846 0.21634615384615385
0 0.9555288461538461 0.2548076923076923 0.040865384615384616 0.06850961538461539
0 0.33653846153846156 0.34375 0.037259615384615384 0.07451923076923077
0 0.44471153846153844 0.49038461538461536 0.15264423076923078 0.07932692307692307
0 0.1502403846153846 0.328125 0.04807692307692308 0.14543269230769232
0 0.16826923076923078 0.20673076923076922 0.21995192307692307 0.09975961538461539
0 0.054086538461538464 0.0829326923076923 0.09615384615384616 0.14302884615384615
0 0.08653846153846154 0.054086538461538464 0.17307692307692307 0.10697115384615384
0 0.8401442307692307 0.020432692307692308 0.038461538461538464 0.040865384615384616
0 0.9026442307692307 0.17908653846153846 0.19230769230769232 0.13822115384615385
0 0.7271634615384616 0.0733173076923077 0.14903846153846154 0.14543269230769232
0 0.7524038461538461 0.4026442307692308 0.13221153846153846 0.2091346153846154
0 0.7247596153846154 0.31850961538461536 0.09134615384615384 0.07932692307692307
0 0.5492788461538461 0.5456730769230769 0.06009615384615385 0.08774038461538461
0 0.9266826923076923 0.578125 0.14543269230769232 0.06850961538461539
0 0.9891826923076923 0.42427884615384615 0.020432692307692308 0.20673076923076922
0 0.9471153846153846 0.453125 0.07091346153846154 0.0673076923076923
0 0.9230769230769231 0.4951923076923077 0.11057692307692307 0.15384615384615385
0 0.8052884615384616 0.6790865384615384 0.12259615384615384 0.040865384615384616
0 0.8413461538461539 0.8100961538461539 0.23677884615384615 0.078125
0 0.24278846153846154 0.7896634615384616 0.12740384615384615 0.16947115384615385
0 0.2764423076923077 0.765625 0.19230769230769232 0.15384615384615385
0 0.3942307692307692 0.9254807692307693 0.09134615384615384 0.14783653846153846
0 0.3894230769230769 0.9375 0.13822115384615385 0.12259615384615384
0 0.07451923076923077 0.9591346153846154 0.11778846153846154 0.055288461538461536
0 0.09254807692307693 0.7992788461538461 0.18509615384615385 0.13221153846153846
0 0.8918269230769231 0.9338942307692307 0.17427884615384615 0.06009615384615385
0 0.7427884615384616 0.8557692307692307 0.0985576923076923 0.07451923076923077
0 0.7235576923076923 0.9158653846153846 0.17427884615384615 0.16706730769230768
0 0.6947115384615384 0.9146634615384616 0.22235576923076922 0.04807692307692308
0 0.9362980769230769 0.9338942307692307 0.12620192307692307 0.12980769230769232
0 0.052884615384615384 0.6298076923076923 0.10576923076923077 0.11538461538461539
0 0.3112980769230769 0.5396634615384616 0.08774038461538461 0.20552884615384615
0 0.08533653846153846 0.49278846153846156 0.1466346153846154 0.23197115384615385
0 0.40024038461538464 0.671875 0.04326923076923077 0.036057692307692304
0 0.640625 0.578125 0.11538461538461539 0.13701923076923078
0 0.5432692307692307 0.6670673076923077 0.24639423076923078 0.0673076923076923
0 0.484375 0.7079326923076923 0.036057692307692304 0.02403846153846154
0 0.5240384615384616 0.6478365384615384 0.08653846153846154 0.2439903846153846
0 0.6694711538461539 0.7403846153846154 0.056490384615384616 0.125
0 0.6838942307692307 0.7079326923076923 0.07091346153846154 0.13341346153846154
0 0.7211538461538461 0.65625 0.06490384615384616 0.17548076923076922
0 0.7632211538461539 0.7620192307692307 0.025240384615384616 0.028846153846153848
0 0.984375 0.9375 0.028846153846153848 0.03245192307692308
0 0.109375 0.013221153846153846 0.06971153846153846 0.025240384615384616
0 0.09375 0.9771634615384616 0.08653846153846154 0.04447115384615385