0 0.3545673076923077 0.9603365384615384 0.0673076923076923 0.06370192307692307
0 0.5300480769230769 0.5384615384615384 0.06490384615384616 0.04927884615384615
0 0.5384615384615384 0.6021634615384616 0.06971153846153846 0.06370192307692307
0 0.07572115384615384 0.6526442307692307 0.109375 0.07572115384615384
0 0.2608173076923077 0.9038461538461539 0.08653846153846154 0.08413461538461539
0 0.41586538461538464 0.8581730769230769 0.15504807692307693 0.0673076923076923
0 0.5564903846153846 0.039663461538461536 0.06971153846153846 0.055288461538461536
0 0.18509615384615385 0.5192307692307693 0.0673076923076923 0.08413461538461539
0 0.9615384615384616 0.3954326923076923 0.055288461538461536 0.07572115384615384
0 0.2247596153846154 0.7992788461538461 0.051682692307692304 0.09375
0 0.4483173076923077 0.036057692307692304 0.07932692307692307 0.051682692307692304
0 0.8954326923076923 0.32572115384615385 0.10096153846153846 0.06009615384615385
0 0.8137019230769231 0.2860576923076923 0.11899038461538461 0.054086538461538464
0 0.47596153846153844 0.4266826923076923 0.07572115384615384 0.06490384615384616
0 0.8125 0.6814903846153846 0.07932692307692307 0.09014423076923077
0 0.3641826923076923 0.46274038461538464 0.11658653846153846 0.05889423076923077
0 0.5396634615384616 0.14543269230769232 0.0733173076923077 0.055288461538461536
0 0.0625 0.9651442307692307 0.06971153846153846 0.0673076923076923
0 0.8521634615384616 0.140625 0.08173076923076923 0.04807692307692308
0 0.15745192307692307 0.7932692307692307 0.040865384615384616 0.04927884615384615
0 0.7079326923076923 0.984375 0.09254807692307693 0.030048076923076924
0 0.9615384615384616 0.6081730769230769 0.07572115384615384 0.08653846153846154
0 0.19110576923076922 0.7319711538461539 0.057692307692307696 0.08533653846153846
0 0.9795673076923077 0.8545673076923077 0.038461538461538464 0.04447115384615385
0 0.6875 0.12740384615384615 0.06971153846153846 0.06610576923076923
0 0.9735576923076923 0.5024038461538461 0.05048076923076923 0.06490384615384616
0 0.25721153846153844 0.49399038461538464 0.07451923076923077 0.11177884615384616
0 0.46634615384615385 0.7788461538461539 0.09134615384615384 0.08653846153846154
0 0.7872596153846154 0.35697115384615385 0.06009615384615385 0.0625
0 0.9795673076923077 0.30408653846153844 0.038461538461538464 0.055288461538461536
0 0.35216346153846156 0.6382211538461539 0.06971153846153846 0.06490384615384616
0 0.078125 0.41346153846153844 0.11177884615384616 0.06971153846153846
0 0.34615384615384615 0.5721153846153846 0.07211538461538461 0.056490384615384616
0 0.46634615384615385 0.671875 0.09014423076923077 0.06971153846153846
0 0.3329326923076923 0.75 0.10096153846153846 0.07451923076923077
0 0.40384615384615385 0.921875 0.06129807692307692 0.06370192307692307
0 0.6081730769230769 0.15384615384615385 0.08052884615384616 0.06610576923076923
0 0.6622596153846154 0.07572115384615384 0.07211538461538461 0.06971153846153846
0 0.027644230769230768 0.05889423076923077 0.055288461538461536 0.11778846153846154
0 0.6009615384615384 0.9795673076923077 0.08173076923076923 0.038461538461538464
0 0.8377403846153846 0.4699519230769231 0.12259615384615384 0.09375
0 0.9471153846153846 0.15144230769230768 0.1045673076923077 0.06009615384615385
0 0.027644230769230768 0.5721153846153846 0.055288461538461536 0.078125
0 0.8305288461538461 0.9759615384615384 0.1502403846153846 0.04447115384615385
0 0.1875 0.984375 0.09254807692307693 0.030048076923076924
0 0.7524038461538461 0.8774038461538461 0.07451923076923077 0.10697115384615384
0 0.6141826923076923 0.8930288461538461 0.05889423076923077 0.06490384615384616
0 0.1201923076923077 0.7271634615384616 0.040865384615384616 0.057692307692307696
0 0.19831730769230768 0.6923076923076923 0.09254807692307693 0.055288461538461536
0 0.4110576923076923 0.2247596153846154 0.09375 0.14302884615384615
0 0.6586538461538461 0.2608173076923077 0.09615384615384616 0.0889423076923077
0 0.9387019230769231 0.08774038461538461 0.12139423076923077 0.05048076923076923
0 0.5276442307692307 0.9795673076923077 0.055288461538461536 0.039663461538461536
0 0.6069711538461539 0.7692307692307693 0.07572115384615384 0.06610576923076923
0 0.9459134615384616 0.6959134615384616 0.10576923076923077 0.07211538461538461
0 0.07572115384615384 0.8040865384615384 0.055288461538461536 0.06971153846153846
0 0.06009615384615385 0.47716346153846156 0.11778846153846154 0.06971153846153846
0 0.5288461538461539 0.4543269230769231 0.08533653846153846 0.057692307692307696
0 0.7295673076923077 0.43028846153846156 0.08533653846153846 0.052884615384615384
0 0.026442307692307692 0.3173076923076923 0.052884615384615384 0.12259615384615384