0 0.43990384615384615 0.4579326923076923 0.125 0.06370192307692307
0 0.5204326923076923 0.31490384615384615 0.09134615384615384 0.027644230769230768
0 0.31009615384615385 0.34375 0.042067307692307696 0.03485576923076923
0 0.28725961538461536 0.3317307692307692 0.04927884615384615 0.07091346153846154
0 0.4567307692307692 0.5336538461538461 0.06971153846153846 0.054086538461538464
0 0.5108173076923077 0.5745192307692307 0.06009615384615385 0.03365384615384615
0 0.38221153846153844 0.6646634615384616 0.10336538461538461 0.07572115384615384
0 0.22115384615384615 0.46274038461538464 0.052884615384615384 0.06490384615384616
0 0.24278846153846154 0.6009615384615384 0.028846153846153848 0.08413461538461539
0 0.06370192307692307 0.02283653846153846 0.040865384615384616 0.04567307692307692
0 0.016826923076923076 0.06129807692307692 0.03125 0.03365384615384615
0 0.038461538461538464 0.26802884615384615 0.06370192307692307 0.06129807692307692
0 0.11778846153846154 0.3112980769230769 0.06009615384615385 0.026442307692307692
0 0.34134615384615385 0.17908653846153846 0.030048076923076924 0.06009615384615385
0 0.21153846153846154 0.3425480769230769 0.06490384615384616 0.054086538461538464
0 0.46274038461538464 0.39302884615384615 0.10576923076923077 0.09134615384615384
0 0.5889423076923077 0.2692307692307692 0.09375 0.030048076923076924
0 0.7091346153846154 0.171875 0.10817307692307693 0.04447115384615385
0 0.3870192307692308 0.7764423076923077 0.09134615384615384 0.046875
0 0.3161057692307692 0.7800480769230769 0.025240384615384616 0.04447115384615385
0 0.12379807692307693 0.765625 0.03365384615384615 0.06490384615384616
0 0.11899038461538461 0.7007211538461539 0.04927884615384615 0.04447115384615385
0 0.036057692307692304 0.6899038461538461 0.04567307692307692 0.055288461538461536
0 0.39783653846153844 0.9170673076923077 0.042067307692307696 0.04927884615384615
0 0.5480769230769231 0.9807692307692307 0.055288461538461536 0.036057692307692304
0 0.23317307692307693 0.9891826923076923 0.036057692307692304 0.019230769230769232
0 0.37740384615384615 0.24759615384615385 0.051682692307692304 0.026442307692307692
0 0.5625 0.45072115384615385 0.06129807692307692 0.03245192307692308
0 0.07211538461538461 0.7127403846153846 0.04326923076923077 0.039663461538461536
0 0.5480769230769231 0.38221153846153844 0.057692307692307696 0.021634615384615384
0 0.3762019230769231 0.03245192307692308 0.04447115384615385 0.04447115384615385
0 0.28725961538461536 0.06971153846153846 0.06850961538461539 0.06490384615384616
0 0.13221153846153846 0.027644230769230768 0.03485576923076923 0.03365384615384615
0 0.5384615384615384 0.5516826923076923 0.056490384615384616 0.03365384615384615
0 0.22355769230769232 0.28125 0.08052884615384616 0.042067307692307696
0 0.45552884615384615 0.8293269230769231 0.046875 0.040865384615384616
0 0.5168269230769231 0.8209134615384616 0.05048076923076923 0.040865384615384616