0 0.5625 0.17307692307692307 0.054086538461538464 0.027644230769230768
0 0.6189903846153846 0.21634615384615385 0.020432692307692308 0.028846153846153848
0 0.42427884615384615 0.2512019230769231 0.05048076923076923 0.037259615384615384
0 0.6634615384615384 0.2824519230769231 0.046875 0.036057692307692304
0 0.042067307692307696 0.16706730769230768 0.052884615384615384 0.03245192307692308
0 0.12379807692307693 0.15745192307692307 0.025240384615384616 0.036057692307692304
0 0.13701923076923078 0.1971153846153846 0.025240384615384616 0.025240384615384616
0 0.2980769230769231 0.19471153846153846 0.04326923076923077 0.038461538461538464
0 0.28725961538461536 0.17067307692307693 0.07572115384615384 0.03485576923076923
0 0.5889423076923077 0.14903846153846154 0.028846153846153848 0.036057692307692304
0 0.5252403846153846 0.2644230769230769 0.03365384615384615 0.025240384615384616
0 0.5649038461538461 0.2439903846153846 0.018028846153846152 0.036057692307692304
0 0.22355769230769232 0.27403846153846156 0.04567307692307692 0.03365384615384615
0 0.16466346153846154 0.23918269230769232 0.04447115384615385 0.027644230769230768
0 0.04927884615384615 0.31009615384615385 0.019230769230769232 0.06370192307692307
0 0.14903846153846154 0.34134615384615385 0.040865384615384616 0.04447115384615385
0 0.8786057692307693 0.09615384615384616 0.03125 0.052884615384615384
0 0.8545673076923077 0.16947115384615385 0.03125 0.03365384615384615
0 0.6670673076923077 0.2283653846153846 0.018028846153846152 0.04447115384615385
0 0.8665865384615384 0.3076923076923077 0.046875 0.02403846153846154
0 0.9182692307692307 0.5721153846153846 0.03365384615384615 0.03245192307692308
0 0.9903846153846154 0.6634615384615384 0.018028846153846152 0.03365384615384615
0 0.5552884615384616 0.7836538461538461 0.04326923076923077 0.07572115384615384
0 0.6322115384615384 0.6887019230769231 0.04927884615384615 0.054086538461538464
0 0.6754807692307693 0.8125 0.03125 0.10096153846153846
0 0.5288461538461539 0.9579326923076923 0.03365384615384615 0.03365384615384615
0 0.051682692307692304 0.5841346153846154 0.04567307692307692 0.028846153846153848
0 0.4182692307692308 0.47596153846153844 0.040865384615384616 0.025240384615384616
0 0.38100961538461536 0.6814903846153846 0.0625 0.054086538461538464
0 0.16105769230769232 0.6670673076923077 0.04927884615384615 0.051682692307692304
0 0.25721153846153844 0.5913461538461539 0.03485576923076923 0.039663461538461536
0 0.29086538461538464 0.609375 0.05048076923076923 0.040865384615384616
0 0.15504807692307693 0.6045673076923077 0.03245192307692308 0.02403846153846154
0 0.06129807692307692 0.6634615384615384 0.039663461538461536 0.052884615384615384
0 0.0829326923076923 0.6923076923076923 0.057692307692307696 0.10216346153846154
0 0.21394230769230768 0.703125 0.051682692307692304 0.054086538461538464
0 0.19951923076923078 0.6742788461538461 0.055288461538461536 0.04326923076923077
0 0.057692307692307696 0.2403846153846154 0.040865384615384616 0.030048076923076924
0 0.051682692307692304 0.1971153846153846 0.0625 0.028846153846153848
0 0.37740384615384615 0.042067307692307696 0.08052884615384616 0.028846153846153848
0 0.8653846153846154 0.2860576923076923 0.040865384615384616 0.016826923076923076
0 0.484375 0.5480769230769231 0.0673076923076923 0.028846153846153848
0 0.5961538461538461 0.6334134615384616 0.013221153846153846 0.046875
0 0.6346153846153846 0.5600961538461539 0.06370192307692307 0.0673076923076923
0 0.2091346153846154 0.6045673076923077 0.03125 0.028846153846153848
0 0.609375 0.06009615384615385 0.054086538461538464 0.025240384615384616