0 0.6862980769230769 0.3161057692307692 0.2283653846153846 0.07091346153846154
0 0.3016826923076923 0.5913461538461539 0.14302884615384615 0.13341346153846154
0 0.37740384615384615 0.12259615384615384 0.09735576923076923 0.06971153846153846
0 0.8413461538461539 0.47115384615384615 0.125 0.15985576923076922
0 0.21033653846153846 0.1658653846153846 0.06490384615384616 0.06971153846153846
0 0.8762019230769231 0.36177884615384615 0.11538461538461539 0.08774038461538461
0 0.5865384615384616 0.9387019230769231 0.16826923076923078 0.12139423076923077
0 0.7860576923076923 0.21033653846153846 0.07692307692307693 0.08052884615384616
0 0.3918269230769231 0.3293269230769231 0.06370192307692307 0.078125
0 0.4423076923076923 0.028846153846153848 0.15745192307692307 0.057692307692307696
0 0.9627403846153846 0.026442307692307692 0.07211538461538461 0.052884615384615384
0 0.8569711538461539 0.9326923076923077 0.10096153846153846 0.12980769230769232
0 0.9134615384615384 0.6983173076923077 0.09014423076923077 0.07572115384615384
0 0.3581730769230769 0.23197115384615385 0.08653846153846154 0.07091346153846154
0 0.9747596153846154 0.45913461538461536 0.04927884615384615 0.07572115384615384
0 0.10216346153846154 0.8329326923076923 0.08533653846153846 0.15384615384615385
0 0.22716346153846154 0.08774038461538461 0.15384615384615385 0.06370192307692307
0 0.9435096153846154 0.125 0.09375 0.07572115384615384
0 0.1141826923076923 0.28725961538461536 0.07211538461538461 0.10216346153846154
0 0.7331730769230769 0.9350961538461539 0.12860576923076922 0.12740384615384615
0 0.34134615384615385 0.06129807692307692 0.06971153846153846 0.057692307692307696
0 0.1971153846153846 0.6646634615384616 0.11177884615384616 0.08533653846153846
0 0.9362980769230769 0.5576923076923077 0.0673076923076923 0.038461538461538464
0 0.9266826923076923 0.9134615384615384 0.09495192307692307 0.13822115384615385
0 0.6165865384615384 0.22956730769230768 0.27283653846153844 0.11778846153846154
0 0.47115384615384615 0.4014423076923077 0.08774038461538461 0.07692307692307693
0 0.5432692307692307 0.765625 0.11778846153846154 0.10817307692307693
0 0.140625 0.04567307692307692 0.17307692307692307 0.09134615384615384
0 0.609375 0.027644230769230768 0.0673076923076923 0.055288461538461536
0 0.4675480769230769 0.6610576923076923 0.24639423076923078 0.15625
0 0.5324519230769231 0.28966346153846156 0.10096153846153846 0.08052884615384616
0 0.9290865384615384 0.8125 0.13942307692307693 0.10096153846153846
0 0.6045673076923077 0.46634615384615385 0.15865384615384615 0.11899038461538461
0 0.08173076923076923 0.16947115384615385 0.06009615384615385 0.0829326923076923
0 0.41466346153846156 0.9338942307692307 0.12740384615384615 0.11658653846153846
0 0.8353365384615384 0.16706730769230768 0.12740384615384615 0.1346153846153846
0 0.23918269230769232 0.7608173076923077 0.171875 0.15865384615384615
0 0.7151442307692307 0.026442307692307692 0.1466346153846154 0.052884615384615384
0 0.27884615384615385 0.4110576923076923 0.09975961538461539 0.06490384615384616
0 0.5829326923076923 0.26322115384615385 0.09254807692307693 0.06610576923076923
0 0.16706730769230768 0.8870192307692307 0.05048076923076923 0.16346153846153846
0 0.17307692307692307 0.9759615384615384 0.06971153846153846 0.04447115384615385
0 0.09134615384615384 0.6478365384615384 0.08774038461538461 0.17307692307692307
0 0.96875 0.5180288461538461 0.06009615384615385 0.06610576923076923
0 0.6502403846153846 0.7247596153846154 0.07692307692307693 0.09975961538461539
0 0.140625 0.12980769230769232 0.06850961538461539 0.06009615384615385
0 0.7019230769230769 0.6875 0.06490384615384616 0.12980769230769232
0 0.6802884615384616 0.8365384615384616 0.09134615384615384 0.10817307692307693
0 0.2668269230769231 0.8185096153846154 0.046875 0.06850961538461539