0 0.12620192307692307 0.08774038461538461 0.0889423076923077 0.09615384615384616
0 0.5913461538461539 0.43028846153846156 0.07572115384615384 0.12620192307692307
0 0.6766826923076923 0.9110576923076923 0.09495192307692307 0.08774038461538461
0 0.7536057692307693 0.5 0.12259615384615384 0.16947115384615385
0 0.49158653846153844 0.09615384615384616 0.10576923076923077 0.08052884615384616
0 0.35096153846153844 0.09254807692307693 0.055288461538461536 0.07692307692307693
0 0.5216346153846154 0.35216346153846156 0.07451923076923077 0.12139423076923077
0 0.8834134615384616 0.828125 0.09975961538461539 0.15144230769230768
0 0.2704326923076923 0.9338942307692307 0.13581730769230768 0.1310096153846154
0 0.30528846153846156 0.41586538461538464 0.09254807692307693 0.078125
0 0.3016826923076923 0.8149038461538461 0.08653846153846154 0.09254807692307693
0 0.10096153846153846 0.5733173076923077 0.06610576923076923 0.06009615384615385
0 0.515625 0.6983173076923077 0.0985576923076923 0.11177884615384616
0 0.3293269230769231 0.6490384615384616 0.08653846153846154 0.125
0 0.984375 0.5793269230769231 0.030048076923076924 0.09375
0 0.2403846153846154 0.2668269230769231 0.07091346153846154 0.10096153846153846
0 0.5925480769230769 0.8942307692307693 0.09014423076923077 0.11778846153846154
0 0.4579326923076923 0.9122596153846154 0.11658653846153846 0.17307692307692307
0 0.8774038461538461 0.15985576923076922 0.125 0.12139423076923077
0 0.7680288461538461 0.0733173076923077 0.11778846153846154 0.14543269230769232
0 0.4855769230769231 0.15865384615384615 0.10096153846153846 0.09375
0 0.21153846153846154 0.6502403846153846 0.0889423076923077 0.10576923076923077