0 0.9338942307692307 0.08774038461538461 0.1310096153846154 0.11177884615384616
0 0.5576923076923077 0.08774038461538461 0.06370192307692307 0.052884615384615384
0 0.6478365384615384 0.057692307692307696 0.06490384615384616 0.1141826923076923
0 0.4170673076923077 0.06971153846153846 0.07572115384615384 0.07572115384615384
0 0.48197115384615385 0.18990384615384615 0.046875 0.09014423076923077
0 0.46274038461538464 0.2536057692307692 0.09615384615384616 0.046875
0 0.7463942307692307 0.27884615384615385 0.039663461538461536 0.038461538461538464
0 0.8173076923076923 0.265625 0.042067307692307696 0.04567307692307692
0 0.8774038461538461 0.2548076923076923 0.0829326923076923 0.056490384615384616
0 0.9399038461538461 0.25600961538461536 0.05889423076923077 0.0673076923076923
0 0.9170673076923077 0.40024038461538464 0.09615384615384616 0.09975961538461539
0 0.5769230769230769 0.421875 0.055288461538461536 0.042067307692307696
0 0.5480769230769231 0.28846153846153844 0.06971153846153846 0.09134615384615384
0 0.5 0.3293269230769231 0.07091346153846154 0.04447115384615385
0 0.8725961538461539 0.7548076923076923 0.040865384615384616 0.06610576923076923
0 0.8449519230769231 0.8918269230769231 0.10817307692307693 0.06971153846153846
0 0.5096153846153846 0.9326923076923077 0.08653846153846154 0.04807692307692308
0 0.9735576923076923 0.8305288461538461 0.05048076923076923 0.08774038461538461
0 0.7572115384615384 0.8605769230769231 0.03485576923076923 0.03365384615384615
0 0.9663461538461539 0.9675480769230769 0.0625 0.06009615384615385
0 0.6394230769230769 0.9459134615384616 0.07572115384615384 0.1045673076923077
0 0.28125 0.9567307692307693 0.04567307692307692 0.040865384615384616
0 0.04567307692307692 0.8485576923076923 0.04927884615384615 0.0673076923076923
0 0.1658653846153846 0.8413461538461539 0.10216346153846154 0.0889423076923077
0 0.11298076923076923 0.9110576923076923 0.051682692307692304 0.04927884615384615
0 0.13221153846153846 0.9591346153846154 0.06971153846153846 0.07692307692307693
0 0.234375 0.7139423076923077 0.04927884615384615 0.051682692307692304
0 0.22355769230769232 0.9603365384615384 0.06009615384615385 0.04927884615384615
0 0.38100961538461536 0.3954326923076923 0.06009615384615385 0.04807692307692308
0 0.23317307692307693 0.4567307692307692 0.10096153846153846 0.0673076923076923
0 0.16466346153846154 0.5036057692307693 0.0985576923076923 0.1045673076923077
0 0.04567307692307692 0.1310096153846154 0.08052884615384616 0.056490384615384616
0 0.14423076923076922 0.22596153846153846 0.08533653846153846 0.08533653846153846
0 0.2692307692307692 0.2548076923076923 0.10817307692307693 0.1045673076923077
0 0.27283653846153844 0.171875 0.04567307692307692 0.0733173076923077
0 0.3245192307692308 0.04807692307692308 0.09134615384615384 0.09615384615384616
0 0.13822115384615385 0.009615384615384616 0.046875 0.018028846153846152
0 0.27884615384615385 0.4326923076923077 0.04567307692307692 0.036057692307692304
0 0.47596153846153844 0.4050480769230769 0.04326923076923077 0.038461538461538464
0 0.06009615384615385 0.1971153846153846 0.04326923076923077 0.040865384615384616
0 0.21394230769230768 0.2644230769230769 0.039663461538461536 0.055288461538461536