0 0.20793269230769232 0.6875 0.07091346153846154 0.0889423076923077
0 0.0829326923076923 0.8858173076923077 0.09495192307692307 0.09134615384615384
0 0.8882211538461539 0.20793269230769232 0.078125 0.09615384615384616
0 0.5444711538461539 0.9170673076923077 0.09735576923076923 0.06971153846153846
0 0.3737980769230769 0.6394230769230769 0.12740384615384615 0.08533653846153846
0 0.4699519230769231 0.6213942307692307 0.04927884615384615 0.08173076923076923
0 0.44711538461538464 0.5144230769230769 0.09975961538461539 0.17548076923076922
0 0.13701923076923078 0.0733173076923077 0.09615384615384616 0.11057692307692307
0 0.41586538461538464 0.19110576923076922 0.13942307692307693 0.19951923076923078
0 0.5973557692307693 0.02403846153846154 0.12379807692307693 0.046875
0 0.8701923076923077 0.5492788461538461 0.09254807692307693 0.12139423076923077
0 0.25721153846153844 0.056490384615384616 0.13942307692307693 0.11298076923076923
0 0.27884615384615385 0.42788461538461536 0.07932692307692307 0.08413461538461539
0 0.8161057692307693 0.8173076923076923 0.11899038461538461 0.07692307692307693
0 0.6754807692307693 0.15865384615384615 0.06009615384615385 0.21394230769230768
0 0.65625 0.17548076923076922 0.11899038461538461 0.11778846153846154
0 0.37740384615384615 0.20552884615384615 0.10817307692307693 0.0985576923076923
0 0.09375 0.7451923076923077 0.10096153846153846 0.11778846153846154