0 0.8449519230769231 0.6610576923076923 0.04927884615384615 0.057692307692307696
0 0.71875 0.6141826923076923 0.051682692307692304 0.10576923076923077
0 0.9014423076923077 0.4254807692307692 0.08653846153846154 0.054086538461538464
0 0.9663461538461539 0.3798076923076923 0.06610576923076923 0.16466346153846154
0 0.9423076923076923 0.17067307692307693 0.055288461538461536 0.09975961538461539
0 0.2091346153846154 0.75 0.046875 0.037259615384615384
0 0.8569711538461539 0.8545673076923077 0.06009615384615385 0.046875
0 0.8149038461538461 0.21394230769230768 0.06610576923076923 0.046875
0 0.625 0.3485576923076923 0.036057692307692304 0.05889423076923077
0 0.04326923076923077 0.625 0.08653846153846154 0.06009615384615385
0 0.6875 0.234375 0.0625 0.051682692307692304
0 0.7319711538461539 0.9182692307692307 0.056490384615384616 0.07692307692307693
0 0.9807692307692307 0.19471153846153846 0.036057692307692304 0.0625
0 0.2091346153846154 0.8209134615384616 0.06129807692307692 0.0673076923076923
0 0.6995192307692307 0.8473557692307693 0.04326923076923077 0.038461538461538464
0 0.6262019230769231 0.8725961538461539 0.056490384615384616 0.04807692307692308
0 0.8197115384615384 0.3942307692307692 0.07211538461538461 0.051682692307692304
0 0.8762019230769231 0.6009615384615384 0.0625 0.06009615384615385
0 0.23918269230769232 0.203125 0.06610576923076923 0.08173076923076923
0 0.7451923076923077 0.9771634615384616 0.07091346153846154 0.04447115384615385
0 0.390625 0.3245192307692308 0.0829326923076923 0.06129807692307692
0 0.042067307692307696 0.28846153846153844 0.03245192307692308 0.05889423076923077
0 0.5168269230769231 0.3641826923076923 0.040865384615384616 0.037259615384615384
0 0.8076923076923077 0.9459134615384616 0.07572115384615384 0.055288461538461536
0 0.8930288461538461 0.2644230769230769 0.04447115384615385 0.125
0 0.9807692307692307 0.9278846153846154 0.037259615384615384 0.07091346153846154
0 0.7788461538461539 0.4735576923076923 0.052884615384615384 0.04927884615384615
0 0.6322115384615384 0.22235576923076922 0.05048076923076923 0.06850961538461539
0 0.8137019230769231 0.984375 0.07572115384615384 0.028846153846153848
0 0.59375 0.3641826923076923 0.0625 0.0625
0 0.8846153846153846 0.7728365384615384 0.051682692307692304 0.054086538461538464
0 0.5516826923076923 0.4651442307692308 0.06971153846153846 0.07692307692307693
0 0.030048076923076924 0.7668269230769231 0.05889423076923077 0.06971153846153846
0 0.8990384615384616 0.37259615384615385 0.1502403846153846 0.04326923076923077
0 0.29086538461538464 0.3161057692307692 0.04927884615384615 0.06009615384615385
0 0.21875 0.40865384615384615 0.07572115384615384 0.06009615384615385
0 0.6995192307692307 0.018028846153846152 0.04927884615384615 0.03485576923076923
0 0.625 0.30528846153846156 0.0829326923076923 0.07572115384615384
0 0.3485576923076923 0.3389423076923077 0.06971153846153846 0.09254807692307693
0 0.41466346153846156 0.21394230769230768 0.07211538461538461 0.07692307692307693
0 0.17307692307692307 0.2704326923076923 0.07692307692307693 0.07091346153846154
0 0.5925480769230769 0.8774038461538461 0.04807692307692308 0.038461538461538464
0 0.5709134615384616 0.171875 0.09615384615384616 0.07091346153846154
0 0.16947115384615385 0.40625 0.052884615384615384 0.055288461538461536
0 0.7055288461538461 0.40625 0.055288461538461536 0.051682692307692304
0 0.6742788461538461 0.8978365384615384 0.0733173076923077 0.06971153846153846
0 0.21995192307692307 0.09254807692307693 0.11658653846153846 0.046875
0 0.8617788461538461 0.9326923076923077 0.056490384615384616 0.04447115384615385
0 0.8016826923076923 0.84375 0.028846153846153848 0.026442307692307692
0 0.7283653846153846 0.8713942307692307 0.04326923076923077 0.054086538461538464
0 0.34134615384615385 0.6802884615384616 0.052884615384615384 0.11778846153846154
0 0.6033653846153846 0.028846153846153848 0.051682692307692304 0.03125
0 0.22716346153846154 0.10576923076923077 0.04807692307692308 0.05889423076923077
0 0.02283653846153846 0.8209134615384616 0.04567307692307692 0.04567307692307692
0 0.15985576923076922 0.6814903846153846 0.0673076923076923 0.078125
0 0.7776442307692307 0.8677884615384616 0.037259615384615384 0.04807692307692308
0 0.3317307692307692 0.28125 0.05048076923076923 0.04927884615384615
0 0.6959134615384616 0.8052884615384616 0.06850961538461539 0.04447115384615385
0 0.9326923076923077 0.3076923076923077 0.055288461538461536 0.06129807692307692
0 0.9555288461538461 0.7548076923076923 0.057692307692307696 0.06971153846153846
0 0.8341346153846154 0.30528846153846156 0.07211538461538461 0.09375
0 0.8040865384615384 0.34375 0.055288461538461536 0.0733173076923077
0 0.7572115384615384 0.7764423076923077 0.04807692307692308 0.0625
0 0.019230769230769232 0.15865384615384615 0.038461538461538464 0.0673076923076923
0 0.7884615384615384 0.037259615384615384 0.09014423076923077 0.0733173076923077
0 0.1778846153846154 0.3004807692307692 0.057692307692307696 0.0625
0 0.5817307692307693 0.21875 0.06971153846153846 0.06490384615384616
0 0.7271634615384616 0.04447115384615385 0.06009615384615385 0.055288461538461536
0 0.9326923076923077 0.9819711538461539 0.06129807692307692 0.03485576923076923
0 0.8052884615384616 0.15745192307692307 0.06009615384615385 0.08173076923076923
0 0.9423076923076923 0.43509615384615385 0.040865384615384616 0.06129807692307692
0 0.5757211538461539 0.7415865384615384 0.046875 0.057692307692307696
0 0.375 0.14543269230769232 0.06009615384615385 0.10216346153846154
0 0.3245192307692308 0.17067307692307693 0.06370192307692307 0.09735576923076923
0 0.2860576923076923 0.39903846153846156 0.05889423076923077 0.052884615384615384
0 0.1971153846153846 0.35216346153846156 0.038461538461538464 0.04927884615384615
0 0.609375 0.15264423076923078 0.05889423076923077 0.07572115384615384