0 0.34375 0.9302884615384616 0.07572115384615384 0.109375
0 0.04447115384615385 0.6634615384615384 0.08413461538461539 0.08653846153846154
0 0.3581730769230769 0.8365384615384616 0.07572115384615384 0.055288461538461536
0 0.43990384615384615 0.6286057692307693 0.07572115384615384 0.06129807692307692
0 0.3016826923076923 0.2932692307692308 0.08052884615384616 0.06971153846153846
0 0.15865384615384615 0.7680288461538461 0.07451923076923077 0.08052884615384616
0 0.040865384615384616 0.19230769230769232 0.08173076923076923 0.10576923076923077
0 0.8052884615384616 0.5492788461538461 0.06971153846153846 0.10336538461538461
0 0.45072115384615385 0.2439903846153846 0.12740384615384615 0.08653846153846154
0 0.203125 0.18629807692307693 0.078125 0.07211538461538461
0 0.19831730769230768 0.9110576923076923 0.04927884615384615 0.051682692307692304
0 0.109375 0.4579326923076923 0.10096153846153846 0.055288461538461536
0 0.43990384615384615 0.5504807692307693 0.06971153846153846 0.0673076923076923
0 0.09615384615384616 0.546875 0.052884615384615384 0.06129807692307692
0 0.29086538461538464 0.5973557692307693 0.05889423076923077 0.04807692307692308
0 0.6274038461538461 0.8990384615384616 0.09615384615384616 0.20072115384615385
0 0.4411057692307692 0.45072115384615385 0.08413461538461539 0.06490384615384616
0 0.5961538461538461 0.4014423076923077 0.0829326923076923 0.0985576923076923
0 0.703125 0.6201923076923077 0.08653846153846154 0.09254807692307693
0 0.7560096153846154 0.8161057692307693 0.06370192307692307 0.07211538461538461
0 0.1141826923076923 0.3389423076923077 0.07572115384615384 0.06971153846153846
0 0.8269230769230769 0.7307692307692307 0.06129807692307692 0.04567307692307692
0 0.5961538461538461 0.7692307692307693 0.11778846153846154 0.1141826923076923
0 0.23076923076923078 0.48677884615384615 0.09615384615384616 0.08413461538461539
0 0.0733173076923077 0.7836538461538461 0.054086538461538464 0.06490384615384616
0 0.28365384615384615 0.8317307692307693 0.039663461538461536 0.06490384615384616
0 0.140625 0.5144230769230769 0.08533653846153846 0.06971153846153846
0 0.039663461538461536 0.03365384615384615 0.07932692307692307 0.0673076923076923
0 0.3713942307692308 0.609375 0.0985576923076923 0.109375
0 0.9399038461538461 0.7716346153846154 0.06009615384615385 0.06370192307692307
0 0.07692307692307693 0.27884615384615385 0.06129807692307692 0.037259615384615384
0 0.6081730769230769 0.5276442307692307 0.06490384615384616 0.07091346153846154
0 0.17427884615384615 0.6069711538461539 0.09615384615384616 0.11778846153846154
0 0.31490384615384615 0.5456730769230769 0.09254807692307693 0.11658653846153846
0 0.19591346153846154 0.3425480769230769 0.08413461538461539 0.06971153846153846
0 0.35336538461538464 0.39783653846153844 0.0829326923076923 0.057692307692307696
0 0.41586538461538464 0.7331730769230769 0.078125 0.11658653846153846
0 0.5841346153846154 0.21514423076923078 0.0673076923076923 0.08052884615384616
0 0.7223557692307693 0.030048076923076924 0.09014423076923077 0.06009615384615385
0 0.8882211538461539 0.8413461538461539 0.07211538461538461 0.06009615384615385