0 0.28125 0.20552884615384615 0.054086538461538464 0.055288461538461536
0 0.4987980769230769 0.39663461538461536 0.057692307692307696 0.04447115384615385
0 0.4423076923076923 0.4519230769230769 0.038461538461538464 0.04807692307692308
0 0.5072115384615384 0.42788461538461536 0.06490384615384616 0.038461538461538464
0 0.65625 0.4326923076923077 0.0625 0.0733173076923077
0 0.8353365384615384 0.27163461538461536 0.06850961538461539 0.04447115384615385
0 0.84375 0.5336538461538461 0.03245192307692308 0.04927884615384615
0 0.9206730769230769 0.5612980769230769 0.036057692307692304 0.04567307692307692
0 0.8798076923076923 0.5180288461538461 0.038461538461538464 0.052884615384615384
0 0.5733173076923077 0.5925480769230769 0.06850961538461539 0.06971153846153846
0 0.4543269230769231 0.6826923076923077 0.04326923076923077 0.08653846153846154
0 0.5673076923076923 0.8112980769230769 0.04326923076923077 0.12139423076923077
0 0.5997596153846154 0.7524038461538461 0.040865384615384616 0.08413461538461539
0 0.3269230769230769 0.7427884615384616 0.04807692307692308 0.11177884615384616
0 0.37259615384615385 0.8100961538461539 0.056490384615384616 0.1658653846153846
0 0.2956730769230769 0.6262019230769231 0.027644230769230768 0.036057692307692304
0 0.6610576923076923 0.8545673076923077 0.039663461538461536 0.15985576923076922
0 0.7403846153846154 0.9134615384615384 0.0889423076923077 0.16947115384615385
0 0.5745192307692307 0.9591346153846154 0.057692307692307696 0.08052884615384616
0 0.4831730769230769 0.9122596153846154 0.09495192307692307 0.15865384615384615
0 0.19471153846153846 0.9519230769230769 0.04326923076923077 0.09254807692307693
0 0.8329326923076923 0.7860576923076923 0.030048076923076924 0.0985576923076923
0 0.8822115384615384 0.8173076923076923 0.06490384615384616 0.08653846153846154
0 0.9014423076923077 0.9158653846153846 0.06610576923076923 0.1141826923076923
0 0.171875 0.5817307692307693 0.04807692307692308 0.057692307692307696
0 0.020432692307692308 0.8197115384615384 0.039663461538461536 0.11177884615384616
0 0.016826923076923076 0.9471153846153846 0.03365384615384615 0.06850961538461539
0 0.33533653846153844 0.8449519230769231 0.037259615384615384 0.10096153846153846
0 0.2608173076923077 0.15504807692307693 0.04927884615384615 0.036057692307692304
0 0.2283653846153846 0.984375 0.03125 0.028846153846153848