0 0.8197115384615384 0.6754807692307693 0.20432692307692307 0.14302884615384615
0 0.49759615384615385 0.8173076923076923 0.19951923076923078 0.09615384615384616
0 0.11177884615384616 0.20793269230769232 0.12259615384615384 0.11298076923076923
0 0.6826923076923077 0.5552884615384616 0.17427884615384615 0.06610576923076923
0 0.48677884615384615 0.4567307692307692 0.09735576923076923 0.13822115384615385
0 0.6430288461538461 0.34615384615384615 0.1346153846153846 0.039663461538461536
0 0.45913461538461536 0.6826923076923077 0.28846153846153844 0.1622596153846154
0 0.04567307692307692 0.03365384615384615 0.06490384615384616 0.06610576923076923
0 0.890625 0.13341346153846154 0.11057692307692307 0.08413461538461539
0 0.9471153846153846 0.890625 0.08052884615384616 0.11658653846153846
0 0.12980769230769232 0.13341346153846154 0.1045673076923077 0.09735576923076923
0 0.31850961538461536 0.96875 0.18990384615384615 0.06129807692307692
0 0.13942307692307693 0.9038461538461539 0.14783653846153846 0.06850961538461539
0 0.6670673076923077 0.2704326923076923 0.052884615384615384 0.1346153846153846
0 0.5673076923076923 0.703125 0.04567307692307692 0.04567307692307692
0 0.39663461538461536 0.7067307692307693 0.08052884615384616 0.05048076923076923
0 0.22716346153846154 0.09975961538461539 0.10697115384615384 0.16947115384615385
0 0.23798076923076922 0.921875 0.19951923076923078 0.0829326923076923
0 0.13221153846153846 0.7524038461538461 0.2644230769230769 0.19591346153846154
0 0.9098557692307693 0.5108173076923077 0.12139423076923077 0.16105769230769232
0 0.7055288461538461 0.19951923076923078 0.13701923076923078 0.11057692307692307
0 0.4567307692307692 0.13822115384615385 0.054086538461538464 0.0673076923076923
0 0.5889423076923077 0.4795673076923077 0.038461538461538464 0.040865384615384616
0 0.90625 0.4639423076923077 0.18509615384615385 0.24519230769230768
0 0.48677884615384615 0.26802884615384615 0.046875 0.09375
0 0.39663461538461536 0.17668269230769232 0.0673076923076923 0.17307692307692307
0 0.31009615384615385 0.7860576923076923 0.17307692307692307 0.1141826923076923
0 0.8040865384615384 0.23918269230769232 0.12740384615384615 0.16346153846153846
0 0.5709134615384616 0.2776442307692308 0.028846153846153848 0.04927884615384615
0 0.09134615384615384 0.9627403846153846 0.18269230769230768 0.06009615384615385
0 0.6790865384615384 0.9795673076923077 0.055288461538461536 0.038461538461538464