0 0.31490384615384615 0.04447115384615385 0.055288461538461536 0.08052884615384616
0 0.027644230769230768 0.96875 0.028846153846153848 0.02283653846153846
0 0.6610576923076923 0.16947115384615385 0.04807692307692308 0.08774038461538461
0 0.7680288461538461 0.10336538461538461 0.07572115384615384 0.08653846153846154
0 0.5480769230769231 0.09134615384615384 0.04807692307692308 0.08173076923076923
0 0.734375 0.9735576923076923 0.02403846153846154 0.02283653846153846
0 0.7704326923076923 0.22596153846153846 0.06490384615384616 0.06009615384615385
0 0.22596153846153846 0.9807692307692307 0.028846153846153848 0.025240384615384616
0 0.671875 0.3389423076923077 0.06490384615384616 0.05889423076923077
0 0.10096153846153846 0.3016826923076923 0.038461538461538464 0.055288461538461536
0 0.41947115384615385 0.13942307692307693 0.038461538461538464 0.06129807692307692
0 0.9867788461538461 0.4230769230769231 0.025240384615384616 0.036057692307692304
0 0.13221153846153846 0.09735576923076923 0.039663461538461536 0.09615384615384616
0 0.4170673076923077 0.9879807692307693 0.04807692307692308 0.021634615384615384
0 0.6622596153846154 0.2980769230769231 0.052884615384615384 0.057692307692307696
0 0.53125 0.9663461538461539 0.038461538461538464 0.025240384615384616
0 0.21514423076923078 0.37740384615384615 0.039663461538461536 0.03365384615384615
0 0.8954326923076923 0.3485576923076923 0.07572115384615384 0.04447115384615385
0 0.43990384615384615 0.24519230769230768 0.055288461538461536 0.04927884615384615
0 0.5745192307692307 0.4074519230769231 0.038461538461538464 0.036057692307692304
0 0.27884615384615385 0.24278846153846154 0.037259615384615384 0.052884615384615384
0 0.7716346153846154 0.2704326923076923 0.0829326923076923 0.04567307692307692
0 0.33653846153846156 0.18028846153846154 0.04326923076923077 0.06009615384615385
0 0.8389423076923077 0.9723557692307693 0.038461538461538464 0.016826923076923076
0 0.078125 0.9423076923076923 0.03245192307692308 0.03245192307692308
0 0.15865384615384615 0.9507211538461539 0.027644230769230768 0.02403846153846154
0 0.5384615384615384 0.24278846153846154 0.036057692307692304 0.046875
0 0.4831730769230769 0.35697115384615385 0.038461538461538464 0.037259615384615384
0 0.3269230769230769 0.9423076923076923 0.025240384615384616 0.028846153846153848
0 0.17307692307692307 0.1935096153846154 0.036057692307692304 0.051682692307692304
0 0.84375 0.09735576923076923 0.037259615384615384 0.06009615384615385
0 0.890625 0.96875 0.04927884615384615 0.025240384615384616
0 0.984375 0.25240384615384615 0.030048076923076924 0.038461538461538464
0 0.17668269230769232 0.9122596153846154 0.03245192307692308 0.039663461538461536
0 0.36778846153846156 0.15625 0.03125 0.07091346153846154
0 0.9819711538461539 0.9723557692307693 0.03365384615384615 0.02403846153846154
0 0.33653846153846156 0.33653846153846156 0.057692307692307696 0.051682692307692304
0 0.9146634615384616 0.26322115384615385 0.07572115384615384 0.04326923076923077
0 0.9290865384615384 0.109375 0.055288461538461536 0.06370192307692307
0 0.8425480769230769 0.027644230769230768 0.06490384615384616 0.055288461538461536