0 0.078125 0.9495192307692307 0.09495192307692307 0.057692307692307696
0 0.5673076923076923 0.16105769230769232 0.07572115384615384 0.0673076923076923
0 0.22115384615384615 0.05048076923076923 0.14783653846153846 0.06850961538461539
0 0.07572115384615384 0.515625 0.0829326923076923 0.0625
0 0.11538461538461539 0.6875 0.06610576923076923 0.028846153846153848
0 0.5516826923076923 0.47836538461538464 0.12980769230769232 0.07692307692307693
0 0.028846153846153848 0.5649038461538461 0.052884615384615384 0.06971153846153846
0 0.20192307692307693 0.9254807692307693 0.07091346153846154 0.04927884615384615
0 0.6466346153846154 0.0985576923076923 0.1201923076923077 0.09254807692307693
0 0.8557692307692307 0.23918269230769232 0.057692307692307696 0.046875
0 0.051682692307692304 0.04807692307692308 0.09975961538461539 0.0673076923076923
0 0.47836538461538464 0.5913461538461539 0.09735576923076923 0.08052884615384616
0 0.0985576923076923 0.08653846153846154 0.10697115384615384 0.06971153846153846
0 0.515625 0.6153846153846154 0.08052884615384616 0.06009615384615385
0 0.4495192307692308 0.8389423076923077 0.06971153846153846 0.1045673076923077
0 0.12740384615384615 0.7560096153846154 0.13221153846153846 0.08653846153846154
0 0.7415865384615384 0.5661057692307693 0.04447115384615385 0.06370192307692307
0 0.453125 0.5132211538461539 0.08774038461538461 0.0829326923076923
0 0.5300480769230769 0.8377403846153846 0.078125 0.0625
0 0.7115384615384616 0.16105769230769232 0.055288461538461536 0.052884615384615384
0 0.6322115384615384 0.29086538461538464 0.052884615384615384 0.04807692307692308
0 0.7091346153846154 0.051682692307692304 0.06490384615384616 0.028846153846153848
0 0.515625 0.9122596153846154 0.0625 0.05048076923076923
0 0.5925480769230769 0.31971153846153844 0.07091346153846154 0.06009615384615385
0 0.41225961538461536 0.8918269230769231 0.08653846153846154 0.11177884615384616
0 0.5 0.28846153846153844 0.15745192307692307 0.0673076923076923
0 0.7836538461538461 0.40384615384615385 0.08173076923076923 0.09735576923076923
0 0.5829326923076923 0.3786057692307692 0.06610576923076923 0.06490384615384616
0 0.14182692307692307 0.6610576923076923 0.1045673076923077 0.046875
0 0.6778846153846154 0.5576923076923077 0.07932692307692307 0.052884615384615384
0 0.016826923076923076 0.7319711538461539 0.03125 0.04447115384615385
0 0.7019230769230769 0.390625 0.06971153846153846 0.08173076923076923
0 0.6310096153846154 0.9242788461538461 0.07091346153846154 0.09134615384615384
0 0.6129807692307693 0.5528846153846154 0.04807692307692308 0.06009615384615385
0 0.7355769230769231 0.4675480769230769 0.04807692307692308 0.06009615384615385
0 0.5180288461538461 0.9795673076923077 0.054086538461538464 0.038461538461538464
0 0.5300480769230769 0.07932692307692307 0.08653846153846154 0.06490384615384616
0 0.05048076923076923 0.7992788461538461 0.09735576923076923 0.06009615384615385
0 0.025240384615384616 0.8822115384615384 0.05048076923076923 0.052884615384615384