0 0.7776442307692307 0.39903846153846156 0.09134615384615384 0.056490384615384616
0 0.49399038461538464 0.7043269230769231 0.06009615384615385 0.025240384615384616
0 0.11778846153846154 0.38221153846153844 0.08533653846153846 0.028846153846153848
0 0.4891826923076923 0.43028846153846156 0.0625 0.026442307692307692
0 0.054086538461538464 0.9831730769230769 0.10817307692307693 0.028846153846153848
0 0.15384615384615385 0.7427884615384616 0.0889423076923077 0.04807692307692308
0 0.5564903846153846 0.40384615384615385 0.06610576923076923 0.03245192307692308
0 0.6466346153846154 0.32211538461538464 0.06610576923076923 0.08173076923076923
0 0.5576923076923077 0.6514423076923077 0.039663461538461536 0.042067307692307696
0 0.8653846153846154 0.8882211538461539 0.06009615384615385 0.08774038461538461
0 0.8762019230769231 0.027644230769230768 0.0733173076923077 0.03485576923076923
0 0.28125 0.875 0.09975961538461539 0.06370192307692307
0 0.44591346153846156 0.9338942307692307 0.051682692307692304 0.04447115384615385
0 0.28966346153846156 0.2247596153846154 0.1310096153846154 0.055288461538461536
0 0.2439903846153846 0.2692307692307692 0.06850961538461539 0.04447115384615385
0 0.5552884615384616 0.3076923076923077 0.078125 0.04326923076923077
0 0.9591346153846154 0.11778846153846154 0.038461538461538464 0.057692307692307696
0 0.6382211538461539 0.8353365384615384 0.042067307692307696 0.03365384615384615
0 0.016826923076923076 0.33653846153846156 0.03365384615384615 0.06490384615384616
0 0.9110576923076923 0.6538461538461539 0.10697115384615384 0.06490384615384616
0 0.7596153846153846 0.2776442307692308 0.05889423076923077 0.08653846153846154
0 0.02403846153846154 0.40625 0.04807692307692308 0.07572115384615384
0 0.8449519230769231 0.1778846153846154 0.052884615384615384 0.05889423076923077
0 0.09375 0.4519230769230769 0.0889423076923077 0.06370192307692307
0 0.04807692307692308 0.3137019230769231 0.09615384615384616 0.052884615384615384
0 0.23317307692307693 0.3317307692307692 0.06009615384615385 0.026442307692307692
0 0.7920673076923077 0.6514423076923077 0.030048076923076924 0.07692307692307693
0 0.5012019230769231 0.6418269230769231 0.04447115384615385 0.025240384615384616
0 0.4639423076923077 0.4050480769230769 0.04326923076923077 0.04807692307692308
0 0.6875 0.8317307692307693 0.051682692307692304 0.04927884615384615
0 0.5637019230769231 0.7211538461538461 0.06850961538461539 0.037259615384615384
0 0.23918269230769232 0.5901442307692307 0.11057692307692307 0.04567307692307692
0 0.9675480769230769 0.8858173076923077 0.056490384615384616 0.038461538461538464
0 0.9519230769230769 0.65625 0.04927884615384615 0.078125
0 0.6526442307692307 0.28125 0.06009615384615385 0.052884615384615384
0 0.39783653846153844 0.8365384615384616 0.056490384615384616 0.052884615384615384
0 0.5661057692307693 0.6899038461538461 0.08052884615384616 0.052884615384615384
0 0.09014423076923077 0.6899038461538461 0.04807692307692308 0.037259615384615384
0 0.18389423076923078 0.2512019230769231 0.08653846153846154 0.056490384615384616
0 0.8125 0.5180288461538461 0.030048076923076924 0.06009615384615385
0 0.4014423076923077 0.1875 0.06850961538461539 0.08653846153846154
0 0.49038461538461536 0.23317307692307693 0.08173076923076923 0.038461538461538464
0 0.1466346153846154 0.2548076923076923 0.057692307692307696 0.040865384615384616
0 0.20072115384615385 0.31490384615384615 0.078125 0.03485576923076923
0 0.43028846153846156 0.9723557692307693 0.07572115384615384 0.039663461538461536
0 0.5625 0.3762019230769231 0.08173076923076923 0.03365384615384615
0 0.8088942307692307 0.9170673076923077 0.07451923076923077 0.10096153846153846
0 0.6766826923076923 0.625 0.04567307692307692 0.036057692307692304
0 0.2956730769230769 0.7115384615384616 0.05048076923076923 0.018028846153846152
0 0.4987980769230769 0.8473557692307693 0.0625 0.057692307692307696
0 0.7932692307692307 0.17668269230769232 0.0889423076923077 0.057692307692307696
0 0.46153846153846156 0.1814903846153846 0.12259615384615384 0.07692307692307693
0 0.09615384615384616 0.27884615384615385 0.08413461538461539 0.042067307692307696
0 0.6514423076923077 0.8449519230769231 0.04447115384615385 0.027644230769230768
0 0.43509615384615385 0.8774038461538461 0.09014423076923077 0.04447115384615385
0 0.13221153846153846 0.31850961538461536 0.10576923076923077 0.04447115384615385
0 0.2536057692307692 0.9170673076923077 0.08774038461538461 0.030048076923076924
0 0.9747596153846154 0.44471153846153844 0.04927884615384615 0.05889423076923077
0 0.32572115384615385 0.8533653846153846 0.05889423076923077 0.038461538461538464
0 0.6514423076923077 0.016826923076923076 0.10096153846153846 0.03365384615384615
0 0.4543269230769231 0.48677884615384615 0.09495192307692307 0.04447115384615385
0 0.04807692307692308 0.9447115384615384 0.09615384615384616 0.052884615384615384
0 0.08173076923076923 0.6081730769230769 0.05889423076923077 0.04447115384615385
0 0.7512019230769231 0.9074519230769231 0.06971153846153846 0.08774038461538461