0 0.7824519230769231 0.9471153846153846 0.09615384615384616 0.10336538461538461
0 0.8918269230769231 0.9603365384615384 0.07211538461538461 0.07692307692307693
0 0.7560096153846154 0.5757211538461539 0.08052884615384616 0.11778846153846154
0 0.9447115384615384 0.4375 0.057692307692307696 0.125
0 0.8353365384615384 0.49038461538461536 0.10817307692307693 0.038461538461538464
0 0.9038461538461539 0.6045673076923077 0.06850961538461539 0.1045673076923077
0 0.6814903846153846 0.11778846153846154 0.06850961538461539 0.09014423076923077
0 0.5793269230769231 0.13701923076923078 0.07091346153846154 0.11177884615384616
0 0.5540865384615384 0.22355769230769232 0.051682692307692304 0.1201923076923077
0 0.7391826923076923 0.25 0.07572115384615384 0.11899038461538461
0 0.6358173076923077 0.36778846153846156 0.052884615384615384 0.05048076923076923
0 0.703125 0.33413461538461536 0.09495192307692307 0.04927884615384615
0 0.8521634615384616 0.18028846153846154 0.06129807692307692 0.055288461538461536
0 0.40865384615384615 0.26802884615384615 0.057692307692307696 0.054086538461538464
0 0.2692307692307692 0.3137019230769231 0.054086538461538464 0.08653846153846154
0 0.28966346153846156 0.3870192307692308 0.07932692307692307 0.052884615384615384
0 0.10817307692307693 0.2512019230769231 0.15144230769230768 0.15745192307692307
0 0.45552884615384615 0.0733173076923077 0.05048076923076923 0.051682692307692304
0 0.21634615384615385 0.03245192307692308 0.09495192307692307 0.052884615384615384
0 0.59375 0.8485576923076923 0.057692307692307696 0.07091346153846154
0 0.5180288461538461 0.9182692307692307 0.04447115384615385 0.10336538461538461
0 0.3269230769230769 0.6850961538461539 0.06129807692307692 0.0985576923076923
0 0.40865384615384615 0.5661057692307693 0.06370192307692307 0.14302884615384615
0 0.40865384615384615 0.48197115384615385 0.07091346153846154 0.07692307692307693
0 0.2403846153846154 0.8401442307692307 0.09735576923076923 0.06850961538461539
0 0.10697115384615384 0.8449519230769231 0.06850961538461539 0.06490384615384616
0 0.2692307692307692 0.7536057692307693 0.039663461538461536 0.05048076923076923
0 0.7608173076923077 0.8774038461538461 0.04447115384615385 0.05048076923076923
0 0.9194711538461539 0.47716346153846156 0.052884615384615384 0.1045673076923077
0 0.5360576923076923 0.7848557692307693 0.06009615384615385 0.06490384615384616
0 0.15625 0.10096153846153846 0.09375 0.09134615384615384
0 0.09375 0.1658653846153846 0.12139423076923077 0.171875
0 0.14543269230769232 0.38461538461538464 0.09134615384615384 0.07572115384615384
0 0.31490384615384615 0.7487980769230769 0.06610576923076923 0.054086538461538464
0 0.20793269230769232 0.7896634615384616 0.038461538461538464 0.03365384615384615
0 0.8149038461538461 0.6189903846153846 0.056490384615384616 0.09735576923076923
0 0.9495192307692307 0.35336538461538464 0.06610576923076923 0.057692307692307696
0 0.9663461538461539 0.8293269230769231 0.040865384615384616 0.03245192307692308
0 0.8509615384615384 0.7980769230769231 0.021634615384615384 0.025240384615384616
0 0.28966346153846156 0.5060096153846154 0.037259615384615384 0.03245192307692308
0 0.3076923076923077 0.28966346153846156 0.04326923076923077 0.08413461538461539
0 0.4254807692307692 0.30288461538461536 0.038461538461538464 0.039663461538461536
0 0.6814903846153846 0.20552884615384615 0.04927884615384615 0.055288461538461536
0 0.7944711538461539 0.03365384615384615 0.10576923076923077 0.016826923076923076
0 0.9603365384615384 0.5420673076923077 0.054086538461538464 0.06129807692307692