0 0.20432692307692307 0.8076923076923077 0.0733173076923077 0.055288461538461536
0 0.5204326923076923 0.052884615384615384 0.0985576923076923 0.09735576923076923
0 0.359375 0.04567307692307692 0.14543269230769232 0.0889423076923077
0 0.10697115384615384 0.32091346153846156 0.15865384615384615 0.07211538461538461
0 0.7584134615384616 0.6237980769230769 0.14302884615384615 0.12980769230769232
0 0.1814903846153846 0.4699519230769231 0.10216346153846154 0.09975961538461539
0 0.140625 0.04927884615384615 0.0889423076923077 0.078125
0 0.8894230769230769 0.2704326923076923 0.15144230769230768 0.20072115384615385
0 0.3918269230769231 0.7427884615384616 0.10096153846153846 0.09134615384615384
0 0.22596153846153846 0.171875 0.06971153846153846 0.09134615384615384
0 0.5132211538461539 0.38461538461538464 0.1201923076923077 0.0985576923076923
0 0.03125 0.10336538461538461 0.0625 0.08052884615384616
0 0.9675480769230769 0.36778846153846156 0.06370192307692307 0.13581730769230768
0 0.421875 0.2548076923076923 0.10096153846153846 0.14903846153846154
0 0.23076923076923078 0.90625 0.08413461538461539 0.06490384615384616
0 0.3161057692307692 0.0985576923076923 0.09014423076923077 0.07451923076923077
0 0.8629807692307693 0.8317307692307693 0.06971153846153846 0.04927884615384615
0 0.6274038461538461 0.5913461538461539 0.11177884615384616 0.09134615384615384
0 0.43028846153846156 0.6358173076923077 0.09975961538461539 0.13221153846153846
0 0.9627403846153846 0.7932692307692307 0.07211538461538461 0.10216346153846154
0 0.08413461538461539 0.8137019230769231 0.16826923076923078 0.10216346153846154
0 0.8822115384615384 0.1875 0.09134615384615384 0.16346153846153846
0 0.5360576923076923 0.3004807692307692 0.14182692307692307 0.12379807692307693
0 0.35697115384615385 0.6298076923076923 0.0829326923076923 0.09615384615384616
0 0.5925480769230769 0.4423076923076923 0.08052884615384616 0.15504807692307693
0 0.31850961538461536 0.7992788461538461 0.09134615384615384 0.07572115384615384
0 0.484375 0.08413461538461539 0.08533653846153846 0.15985576923076922
0 0.2956730769230769 0.6322115384615384 0.07572115384615384 0.08653846153846154