0 0.5865384615384616 0.1622596153846154 0.09495192307692307 0.08653846153846154
0 0.8725961538461539 0.3545673076923077 0.08653846153846154 0.06610576923076923
0 0.0733173076923077 0.6923076923076923 0.07211538461538461 0.057692307692307696
0 0.59375 0.9651442307692307 0.0829326923076923 0.06850961538461539
0 0.4026442307692308 0.6165865384615384 0.09254807692307693 0.0889423076923077
0 0.1502403846153846 0.6189903846153846 0.03485576923076923 0.04447115384615385
0 0.09735576923076923 0.8052884615384616 0.06971153846153846 0.08173076923076923
0 0.8197115384615384 0.5132211538461539 0.07451923076923077 0.08052884615384616
0 0.7067307692307693 0.25240384615384615 0.06490384615384616 0.08653846153846154
0 0.7584134615384616 0.3389423076923077 0.06971153846153846 0.057692307692307696
0 0.53125 0.8557692307692307 0.055288461538461536 0.05889423076923077
0 0.4735576923076923 0.8858173076923077 0.05889423076923077 0.06610576923076923
0 0.7451923076923077 0.11057692307692307 0.078125 0.06009615384615385
0 0.8774038461538461 0.8521634615384616 0.07451923076923077 0.06971153846153846
0 0.10336538461538461 0.9254807692307693 0.07211538461538461 0.07211538461538461
0 0.06009615384615385 0.29927884615384615 0.11899038461538461 0.10096153846153846
0 0.26322115384615385 0.7451923076923077 0.09014423076923077 0.06370192307692307
0 0.9735576923076923 0.6538461538461539 0.05048076923076923 0.055288461538461536
0 0.15144230769230768 0.5661057692307693 0.07572115384615384 0.11298076923076923
0 0.03125 0.7800480769230769 0.0625 0.06129807692307692
0 0.3076923076923077 0.4831730769230769 0.036057692307692304 0.03485576923076923
0 0.7403846153846154 0.055288461538461536 0.07091346153846154 0.06009615384615385
0 0.31490384615384615 0.7740384615384616 0.06971153846153846 0.0625
0 0.33052884615384615 0.24278846153846154 0.046875 0.04447115384615385
0 0.41947115384615385 0.9615384615384616 0.057692307692307696 0.07572115384615384
0 0.2091346153846154 0.8137019230769231 0.07932692307692307 0.038461538461538464
0 0.3173076923076923 0.32091346153846156 0.07211538461538461 0.10096153846153846
0 0.5012019230769231 0.9362980769230769 0.05048076923076923 0.056490384615384616
0 0.23918269230769232 0.8665865384615384 0.08533653846153846 0.06971153846153846
0 0.49399038461538464 0.21514423076923078 0.05889423076923077 0.06850961538461539
0 0.6682692307692307 0.3581730769230769 0.05048076923076923 0.07091346153846154
0 0.23557692307692307 0.38822115384615385 0.05048076923076923 0.05048076923076923
0 0.0673076923076923 0.04567307692307692 0.06129807692307692 0.06009615384615385
0 0.44350961538461536 0.265625 0.05048076923076923 0.04447115384615385
0 0.6394230769230769 0.4411057692307692 0.036057692307692304 0.040865384615384616
0 0.7283653846153846 0.4579326923076923 0.040865384615384616 0.08052884615384616
0 0.9867788461538461 0.296875 0.02403846153846154 0.052884615384615384
0 0.8257211538461539 0.2692307692307692 0.10096153846153846 0.078125
0 0.421875 0.7331730769230769 0.06490384615384616 0.06850961538461539
0 0.9182692307692307 0.765625 0.10697115384615384 0.07091346153846154
0 0.42427884615384615 0.31850961538461536 0.08413461538461539 0.10697115384615384
0 0.3942307692307692 0.8786057692307693 0.06009615384615385 0.06490384615384616
0 0.21153846153846154 0.22115384615384615 0.07211538461538461 0.09615384615384616
0 0.515625 0.296875 0.06009615384615385 0.06971153846153846
0 0.6983173076923077 0.90625 0.0889423076923077 0.06971153846153846
0 0.9230769230769231 0.9675480769230769 0.078125 0.0625
0 0.9134615384615384 0.65625 0.08653846153846154 0.0889423076923077
0 0.5697115384615384 0.37259615384615385 0.06610576923076923 0.10697115384615384
0 0.27884615384615385 0.40384615384615385 0.06490384615384616 0.0625
0 0.171875 0.7788461538461539 0.06850961538461539 0.052884615384615384
0 0.18269230769230768 0.31009615384615385 0.06009615384615385 0.057692307692307696
0 0.6646634615384616 0.4951923076923077 0.13341346153846154 0.08653846153846154
0 0.6610576923076923 0.025240384615384616 0.05889423076923077 0.04447115384615385
0 0.5612980769230769 0.02403846153846154 0.0829326923076923 0.04807692307692308