0 0.41346153846153844 0.4170673076923077 0.07572115384615384 0.06490384615384616
0 0.8413461538461539 0.3557692307692308 0.07211538461538461 0.0985576923076923
0 0.3125 0.17908653846153846 0.0625 0.040865384615384616
0 0.020432692307692308 0.4495192307692308 0.038461538461538464 0.08774038461538461
0 0.9411057692307693 0.9230769230769231 0.0985576923076923 0.04447115384615385
0 0.96875 0.4074519230769231 0.057692307692307696 0.11298076923076923
0 0.3545673076923077 0.6826923076923077 0.05889423076923077 0.03245192307692308
0 0.4326923076923077 0.45072115384615385 0.04447115384615385 0.08052884615384616
0 0.734375 0.5564903846153846 0.08052884615384616 0.0829326923076923
0 0.08774038461538461 0.47716346153846156 0.0673076923076923 0.09735576923076923
0 0.6766826923076923 0.421875 0.06370192307692307 0.09134615384615384
0 0.35336538461538464 0.7608173076923077 0.09014423076923077 0.038461538461538464
0 0.9302884615384616 0.5504807692307693 0.11778846153846154 0.09134615384615384
0 0.5384615384615384 0.203125 0.12139423076923077 0.054086538461538464
0 0.47836538461538464 0.7055288461538461 0.0985576923076923 0.07572115384615384
0 0.6742788461538461 0.15384615384615385 0.055288461538461536 0.04807692307692308
0 0.7199519230769231 0.3713942307692308 0.07091346153846154 0.0829326923076923
0 0.18028846153846154 0.5673076923076923 0.07211538461538461 0.0673076923076923
0 0.7163461538461539 0.09375 0.08413461538461539 0.11057692307692307
0 0.1875 0.0733173076923077 0.0889423076923077 0.06971153846153846
0 0.1346153846153846 0.027644230769230768 0.054086538461538464 0.055288461538461536
0 0.5997596153846154 0.6153846153846154 0.038461538461538464 0.06610576923076923
0 0.7019230769230769 0.4855769230769231 0.052884615384615384 0.06009615384615385
0 0.7992788461538461 0.038461538461538464 0.08173076923076923 0.07572115384615384
0 0.5360576923076923 0.10216346153846154 0.04447115384615385 0.06129807692307692
0 0.6177884615384616 0.7752403846153846 0.055288461538461536 0.0733173076923077
0 0.5997596153846154 0.4230769230769231 0.052884615384615384 0.0829326923076923
0 0.12259615384615384 0.45552884615384615 0.09375 0.12860576923076922
0 0.43149038461538464 0.16947115384615385 0.04326923076923077 0.038461538461538464
0 0.3954326923076923 0.08052884615384616 0.04447115384615385 0.09375
0 0.7127403846153846 0.020432692307692308 0.038461538461538464 0.040865384615384616
0 0.18389423076923078 0.21995192307692307 0.07451923076923077 0.042067307692307696
0 0.11298076923076923 0.7379807692307693 0.0673076923076923 0.027644230769230768
0 0.6598557692307693 0.9050480769230769 0.056490384615384616 0.038461538461538464
0 0.4855769230769231 0.10697115384615384 0.04447115384615385 0.07211538461538461
0 0.9242788461538461 0.08413461538461539 0.07572115384615384 0.07932692307692307
0 0.18389423076923078 0.8137019230769231 0.03365384615384615 0.06370192307692307
0 0.07572115384615384 0.8233173076923077 0.06490384615384616 0.0889423076923077
0 0.7512019230769231 0.6201923076923077 0.08173076923076923 0.054086538461538464
0 0.17307692307692307 0.03245192307692308 0.0889423076923077 0.052884615384615384
0 0.5588942307692307 0.2704326923076923 0.04447115384615385 0.03365384615384615
0 0.08052884615384616 0.25961538461538464 0.026442307692307692 0.054086538461538464
0 0.36778846153846156 0.9350961538461539 0.06971153846153846 0.04447115384615385
0 0.9783653846153846 0.6045673076923077 0.042067307692307696 0.0733173076923077
0 0.3233173076923077 0.4495192307692308 0.08052884615384616 0.12740384615384615
0 0.25600961538461536 0.12259615384615384 0.04927884615384615 0.07211538461538461
0 0.3485576923076923 0.4014423076923077 0.08533653846153846 0.06129807692307692