0 0.15625 0.04567307692307692 0.14302884615384615 0.039663461538461536
0 0.32572115384615385 0.06850961538461539 0.1346153846153846 0.06009615384615385
0 0.5048076923076923 0.019230769230769232 0.0673076923076923 0.036057692307692304
0 0.5216346153846154 0.14302884615384615 0.07572115384615384 0.04927884615384615
0 0.4723557692307692 0.1778846153846154 0.0985576923076923 0.037259615384615384
0 0.4098557692307692 0.20072115384615385 0.15865384615384615 0.051682692307692304
0 0.18990384615384615 0.13581730769230768 0.0889423076923077 0.039663461538461536
0 0.18990384615384615 0.17908653846153846 0.13221153846153846 0.06490384615384616
0 0.29447115384615385 0.20793269230769232 0.09615384615384616 0.04927884615384615
0 0.03245192307692308 0.42908653846153844 0.06490384615384616 0.0889423076923077
0 0.25240384615384615 0.3762019230769231 0.05048076923076923 0.04927884615384615
0 0.3629807692307692 0.36778846153846156 0.078125 0.055288461538461536
0 0.3425480769230769 0.4699519230769231 0.0733173076923077 0.1310096153846154
0 0.1466346153846154 0.5300480769230769 0.11538461538461539 0.13942307692307693
0 0.23918269230769232 0.6478365384615384 0.16466346153846154 0.08653846153846154
0 0.28725961538461536 0.7223557692307693 0.08052884615384616 0.08413461538461539
0 0.3629807692307692 0.9375 0.10096153846153846 0.07932692307692307
0 0.37740384615384615 0.9014423076923077 0.08052884615384616 0.0673076923076923
0 0.5048076923076923 0.8305288461538461 0.07572115384615384 0.08052884615384616
0 0.4951923076923077 0.7680288461538461 0.10216346153846154 0.06490384615384616
0 0.6574519230769231 0.8509615384615384 0.057692307692307696 0.12139423076923077
0 0.6382211538461539 0.7764423076923077 0.06610576923076923 0.11177884615384616
0 0.7548076923076923 0.7680288461538461 0.04807692307692308 0.04447115384615385
0 0.5588942307692307 0.6706730769230769 0.055288461538461536 0.054086538461538464
0 0.7524038461538461 0.9507211538461539 0.11778846153846154 0.09615384615384616
0 0.6646634615384616 0.6442307692307693 0.055288461538461536 0.07451923076923077
0 0.8689903846153846 0.5997596153846154 0.055288461538461536 0.06490384615384616
0 0.4543269230769231 0.49399038461538464 0.06009615384615385 0.03365384615384615
0 0.4651442307692308 0.4338942307692308 0.042067307692307696 0.055288461538461536
0 0.5985576923076923 0.4375 0.06971153846153846 0.06370192307692307
0 0.7139423076923077 0.36658653846153844 0.04567307692307692 0.039663461538461536
0 0.9362980769230769 0.29447115384615385 0.12620192307692307 0.057692307692307696
0 0.7319711538461539 0.7295673076923077 0.04927884615384615 0.04326923076923077
0 0.6237980769230769 0.2776442307692308 0.03125 0.028846153846153848
0 0.5973557692307693 0.009615384615384616 0.040865384615384616 0.019230769230769232
0 0.18269230769230768 0.010817307692307692 0.17067307692307693 0.021634615384615384
0 0.016826923076923076 0.5096153846153846 0.03365384615384615 0.03365384615384615
0 0.6995192307692307 0.6358173076923077 0.040865384615384616 0.06009615384615385
0 0.23197115384615385 0.038461538461538464 0.078125 0.03365384615384615
0 0.02403846153846154 0.016826923076923076 0.04807692307692308 0.027644230769230768
0 0.4579326923076923 0.13581730769230768 0.11177884615384616 0.06850961538461539
0 0.47475961538461536 0.7644230769230769 0.10096153846153846 0.06971153846153846